5 0.3859375 0.9647887323943662 0.3828125 0.9671361502347418 0.3796875 0.9835680751173709 0.3796875 0.9976525821596244 0.3859375 0.9976525821596244 0.3875 0.9953051643192489 0.3875 0.9835680751173709 0.3921875 0.9765258215962441 0.3921875 0.9694835680751174 0.396875 0.9507042253521126 0.4 0.9483568075117371 0.4046875 0.931924882629108 0.4078125 0.9295774647887324 0.4078125 0.92018779342723 0.3984375 0.92018779342723 0.3953125 0.9248826291079812 0.39375 0.9366197183098591 0.390625 0.9389671361502347 0.390625 0.9413145539906104 0.3859375 0.9577464788732394 0.3859375 0.9647887323943662
5 0.73125 0.57981220657277 0.7421875 0.596244131455399 0.746875 0.5985915492957746 0.75 0.6126760563380281 0.7578125 0.6220657276995305 0.7578125 0.6267605633802817 0.7625 0.6314553990610329 0.765625 0.6431924882629108 0.76875 0.6455399061032864 0.771875 0.676056338028169 0.7765625 0.6807511737089202 0.78125 0.6948356807511737 0.7859375 0.6995305164319249 0.7921875 0.6995305164319249 0.79375 0.6924882629107981 0.790625 0.6854460093896714 0.790625 0.6784037558685446 0.7859375 0.6737089201877934 0.7828125 0.6455399061032864 0.771875 0.6314553990610329 0.76875 0.6197183098591549 0.7640625 0.6150234741784038 0.7640625 0.6103286384976526 0.759375 0.6032863849765259 0.759375 0.5985915492957746 0.7484375 0.5845070422535211 0.7453125 0.5751173708920188 0.7390625 0.5704225352112676 0.7359375 0.5633802816901409 0.7328125 0.5633802816901409 0.7328125 0.5657276995305164 0.7296875 0.5727699530516432 0.73125 0.57981220657277
5 0.2453125 0.6549295774647887 0.2453125 0.6596244131455399 0.240625 0.6643192488262911 0.2375 0.676056338028169 0.234375 0.6784037558685446 0.234375 0.687793427230047 0.2515625 0.6901408450704225 0.259375 0.6854460093896714 0.2640625 0.6737089201877934 0.2671875 0.6713615023474179 0.271875 0.647887323943662 0.271875 0.6220657276995305 0.265625 0.6220657276995305 0.265625 0.6244131455399061 0.25 0.6455399061032864 0.2453125 0.6549295774647887
5 0.1875 0.2887323943661972 0.1875 0.3004694835680751 0.190625 0.3028169014084507 0.1953125 0.3591549295774648 0.1984375 0.3615023474178404 0.1984375 0.37089201877934275 0.2 0.3732394366197183 0.203125 0.41784037558685444 0.20625 0.42018779342723006 0.20625 0.4272300469483568 0.209375 0.4272300469483568 0.2125 0.42488262910798125 0.2125 0.41784037558685444 0.209375 0.4154929577464789 0.20625 0.36384976525821594 0.2046875 0.3615023474178404 0.2046875 0.352112676056338 0.2015625 0.34976525821596244 0.196875 0.3004694835680751 0.19375 0.2981220657276995 0.1921875 0.2699530516431925 0.1875 0.2676056338028169 0.1875 0.2699530516431925 0.1859375 0.2863849765258216 0.1875 0.2887323943661972
5 0.640625 0.2981220657276995 0.6625 0.3028169014084507 0.6640625 0.3075117370892019 0.6859375 0.3075117370892019 0.6890625 0.3004694835680751 0.678125 0.2981220657276995 0.6765625 0.2934272300469484 0.6703125 0.2934272300469484 0.6640625 0.2887323943661972 0.6578125 0.2746478873239437 0.6546875 0.27230046948356806 0.6515625 0.2535211267605634 0.64375 0.24178403755868544 0.6390625 0.24178403755868544 0.6390625 0.24413145539906103 0.6390625 0.2887323943661972 0.640625 0.2981220657276995
5 0.325 0.3685446009389671 0.3203125 0.3732394366197183 0.3203125 0.3779342723004695 0.315625 0.3873239436619718 0.315625 0.392018779342723 0.309375 0.39906103286384975 0.3078125 0.4084507042253521 0.3046875 0.4107981220657277 0.303125 0.42488262910798125 0.3 0.4295774647887324 0.3 0.43661971830985913 0.2953125 0.44366197183098594 0.29375 0.4624413145539906 0.296875 0.4788732394366197 0.3015625 0.4835680751173709 0.303125 0.4460093896713615 0.30625 0.44366197183098594 0.3109375 0.42018779342723006 0.321875 0.40375586854460094 0.3234375 0.39436619718309857 0.33125 0.38028169014084506 0.33125 0.3755868544600939 0.3375 0.3685446009389671 0.3390625 0.3568075117370892 0.3375 0.352112676056338 0.334375 0.352112676056338 0.334375 0.3544600938967136 0.325 0.36384976525821594 0.325 0.3685446009389671
1 0.4046875 0.6971830985915493 0.4 0.7018779342723005 0.390625 0.704225352112676 0.3890625 0.7089201877934272 0.3796875 0.715962441314554 0.3796875 0.7206572769953051 0.359375 0.7511737089201878 0.35625 0.7605633802816901 0.3546875 0.7816901408450704 0.3515625 0.784037558685446 0.3515625 0.7934272300469484 0.35 0.795774647887324 0.35 0.8474178403755869 0.3515625 0.8544600938967136 0.3546875 0.8568075117370892 0.35625 0.8849765258215962 0.3625 0.892018779342723 0.3671875 0.9061032863849765 0.375 0.9131455399061033 0.38125 0.9131455399061033 0.3828125 0.9178403755868545 0.39375 0.9178403755868545 0.396875 0.9225352112676056 0.396875 0.931924882629108 0.39375 0.9366197183098591 0.39375 0.9436619718309859 0.3890625 0.9507042253521126 0.3859375 0.9694835680751174 0.3828125 0.971830985915493 0.38125 0.9953051643192489 0.3859375 0.9929577464788732 0.3859375 0.9835680751173709 0.3890625 0.9765258215962441 0.3890625 0.9694835680751174 0.3921875 0.9671361502347418 0.396875 0.9436619718309859 0.4 0.9413145539906104 0.4046875 0.9272300469483568 0.409375 0.9225352112676056 0.4203125 0.9225352112676056 0.421875 0.9248826291079812 0.428125 0.9248826291079812 0.4296875 0.9295774647887324 0.4390625 0.9295774647887324 0.4453125 0.9366197183098591 0.4484375 0.9366197183098591 0.45 0.9413145539906104 0.459375 0.9413145539906104 0.4609375 0.9366197183098591 0.4640625 0.9366197183098591 0.4671875 0.9295774647887324 0.4671875 0.9225352112676056 0.4703125 0.92018779342723 0.4703125 0.9154929577464789 0.465625 0.9131455399061033 0.4625 0.92018779342723 0.45625 0.92018779342723 0.4546875 0.9107981220657277 0.4640625 0.8967136150234741 0.4640625 0.892018779342723 0.471875 0.8826291079812206 0.475 0.8661971830985915 0.478125 0.863849765258216 0.4828125 0.8474178403755869 0.4828125 0.8215962441314554 0.4796875 0.8075117370892019 0.4703125 0.7887323943661971 0.4703125 0.784037558685446 0.4671875 0.7816901408450704 0.4671875 0.755868544600939 0.4703125 0.7535211267605634 0.4703125 0.7394366197183099 0.471875 0.7370892018779343 0.4703125 0.715962441314554 0.4671875 0.7136150234741784 0.4640625 0.704225352112676 0.4484375 0.6971830985915493 0.446875 0.6924882629107981 0.428125 0.6924882629107981 0.428125 0.6948356807511737 0.4265625 0.6971830985915493 0.4046875 0.6971830985915493
1 0.659375 0.4953051643192488 0.65625 0.49765258215962443 0.65625 0.5187793427230047 0.6546875 0.5211267605633803 0.6328125 0.5211267605633803 0.63125 0.5234741784037559 0.621875 0.5234741784037559 0.609375 0.528169014084507 0.60625 0.5352112676056338 0.6015625 0.5375586854460094 0.596875 0.5469483568075117 0.59375 0.5469483568075117 0.5828125 0.5633802816901409 0.58125 0.5704225352112676 0.5765625 0.5751173708920188 0.5734375 0.5845070422535211 0.5671875 0.5938967136150235 0.565625 0.6032863849765259 0.5609375 0.6103286384976526 0.5578125 0.6267605633802817 0.5546875 0.6291079812206573 0.5546875 0.6525821596244131 0.5578125 0.6549295774647887 0.5578125 0.6596244131455399 0.5671875 0.6737089201877934 0.5765625 0.6784037558685446 0.578125 0.6830985915492958 0.5890625 0.6924882629107981 0.59375 0.7089201877934272 0.5921875 0.7417840375586855 0.5984375 0.7535211267605634 0.6 0.7488262910798122 0.61875 0.7464788732394366 0.6234375 0.7417840375586855 0.628125 0.7417840375586855 0.6296875 0.7370892018779343 0.64375 0.7323943661971831 0.6484375 0.7253521126760564 0.6609375 0.7183098591549296 0.665625 0.7183098591549296 0.6671875 0.7136150234741784 0.6765625 0.7089201877934272 0.6796875 0.7018779342723005 0.6890625 0.6971830985915493 0.690625 0.6901408450704225 0.7 0.676056338028169 0.7015625 0.6572769953051644 0.7046875 0.6549295774647887 0.7046875 0.6314553990610329 0.7015625 0.6291079812206573 0.7015625 0.6173708920187794 0.7046875 0.6150234741784038 0.7046875 0.607981220657277 0.7125 0.6009389671361502 0.7140625 0.596244131455399 0.7171875 0.596244131455399 0.71875 0.6009389671361502 0.740625 0.607981220657277 0.7421875 0.6126760563380281 0.7546875 0.6150234741784038 0.7578125 0.6197183098591549 0.7578125 0.6244131455399061 0.7625 0.6291079812206573 0.7640625 0.6384976525821596 0.76875 0.6431924882629108 0.7703125 0.6666666666666666 0.7734375 0.6784037558685446 0.78125 0.6901408450704225 0.78125 0.6948356807511737 0.7875 0.6995305164319249 0.7921875 0.6971830985915493 0.790625 0.6807511737089202 0.7875 0.6784037558685446 0.784375 0.6666666666666666 0.7828125 0.6502347417840375 0.771875 0.636150234741784 0.76875 0.6220657276995305 0.7640625 0.6173708920187794 0.7515625 0.5868544600938967 0.7375 0.568075117370892 0.7359375 0.5586854460093896 0.73125 0.5563380281690141 0.7296875 0.5516431924882629 0.7171875 0.5492957746478874 0.7140625 0.5446009389671361 0.7140625 0.5234741784037559 0.7125 0.5211267605633803 0.703125 0.5211267605633803 0.696875 0.528169014084507 0.6875 0.528169014084507 0.6859375 0.5258215962441315 0.6859375 0.5164319248826291 0.6890625 0.5117370892018779 0.6859375 0.5093896713615024 0.6859375 0.5 0.6828125 0.4953051643192488 0.6828125 0.48826291079812206 0.678125 0.4835680751173709 0.678125 0.4788732394366197 0.6703125 0.4647887323943662 0.66875 0.4647887323943662 0.6640625 0.4671361502347418 0.659375 0.4953051643192488
1 0.346875 0.49061032863849763 0.3421875 0.49061032863849763 0.321875 0.5211267605633803 0.309375 0.528169014084507 0.3078125 0.5375586854460094 0.303125 0.5446009389671361 0.3 0.5657276995305164 0.296875 0.568075117370892 0.2921875 0.5845070422535211 0.2890625 0.5868544600938967 0.2890625 0.6150234741784038 0.2921875 0.6173708920187794 0.2921875 0.636150234741784 0.2953125 0.6549295774647887 0.303125 0.6690140845070423 0.303125 0.6737089201877934 0.3125 0.687793427230047 0.31875 0.6901408450704225 0.3203125 0.6948356807511737 0.328125 0.6995305164319249 0.3390625 0.7018779342723005 0.340625 0.7065727699530516 0.3734375 0.7089201877934272 0.375 0.7065727699530516 0.38125 0.7065727699530516 0.3828125 0.7018779342723005 0.3859375 0.7018779342723005 0.3890625 0.6971830985915493 0.396875 0.6948356807511737 0.396875 0.6901408450704225 0.4 0.687793427230047 0.4 0.676056338028169 0.4046875 0.6549295774647887 0.409375 0.6502347417840375 0.4109375 0.6431924882629108 0.4109375 0.6314553990610329 0.428125 0.6056338028169014 0.4359375 0.6009389671361502 0.4375 0.596244131455399 0.440625 0.596244131455399 0.44375 0.5915492957746479 0.44375 0.5845070422535211 0.4421875 0.5821596244131455 0.440625 0.5610328638497653 0.4359375 0.5539906103286385 0.4328125 0.5352112676056338 0.428125 0.5305164319248826 0.428125 0.5258215962441315 0.421875 0.5211267605633803 0.4171875 0.5117370892018779 0.4140625 0.5117370892018779 0.4109375 0.5046948356807511 0.403125 0.5 0.365625 0.5 0.3640625 0.49765258215962443 0.3625 0.49765258215962443 0.35 0.49765258215962443 0.346875 0.49061032863849763
1 0.4890625 0.34507042253521125 0.4765625 0.34507042253521125 0.475 0.3474178403755869 0.4578125 0.34976525821596244 0.4515625 0.3591549295774648 0.4484375 0.3685446009389671 0.4453125 0.3685446009389671 0.4421875 0.38028169014084506 0.4421875 0.38967136150234744 0.4296875 0.4061032863849765 0.4265625 0.44366197183098594 0.4203125 0.45539906103286387 0.41875 0.47183098591549294 0.421875 0.49061032863849763 0.425 0.49295774647887325 0.4296875 0.5117370892018779 0.4328125 0.5140845070422535 0.4328125 0.5211267605633803 0.4375 0.5352112676056338 0.4421875 0.539906103286385 0.4421875 0.5469483568075117 0.4453125 0.5539906103286385 0.45625 0.5704225352112676 0.4578125 0.5774647887323944 0.465625 0.5868544600938967 0.46875 0.596244131455399 0.471875 0.5985915492957746 0.471875 0.6032863849765259 0.475 0.607981220657277 0.478125 0.607981220657277 0.4796875 0.6126760563380281 0.4859375 0.6056338028169014 0.4828125 0.6009389671361502 0.4828125 0.5821596244131455 0.4890625 0.5774647887323944 0.5 0.596244131455399 0.503125 0.596244131455399 0.5046875 0.6009389671361502 0.5109375 0.6032863849765259 0.5140625 0.607981220657277 0.5140625 0.6126760563380281 0.5203125 0.6220657276995305 0.5203125 0.6267605633802817 0.5265625 0.636150234741784 0.5375 0.6431924882629108 0.5421875 0.6431924882629108 0.5484375 0.636150234741784 0.553125 0.6150234741784038 0.55625 0.6126760563380281 0.5609375 0.5938967136150235 0.571875 0.5774647887323944 0.571875 0.5727699530516432 0.5765625 0.5633802816901409 0.590625 0.5446009389671361 0.5921875 0.5234741784037559 0.5890625 0.5187793427230047 0.5875 0.5093896713615024 0.584375 0.5070422535211268 0.58125 0.49061032863849763 0.5765625 0.4835680751173709 0.5734375 0.47183098591549294 0.5734375 0.45539906103286387 0.56875 0.44835680751173707 0.56875 0.431924882629108 0.5640625 0.4084507042253521 0.559375 0.40375586854460094 0.559375 0.39906103286384975 0.5484375 0.3826291079812207 0.5390625 0.38028169014084506 0.5375 0.3755868544600939 0.53125 0.3755868544600939 0.525 0.37089201877934275 0.5046875 0.3685446009389671 0.503125 0.36384976525821594 0.4984375 0.36384976525821594 0.496875 0.3615023474178404 0.5 0.3568075117370892 0.5046875 0.3544600938967136 0.5046875 0.3333333333333333 0.503125 0.3286384976525822 0.4984375 0.3286384976525822 0.4984375 0.33098591549295775 0.490625 0.3380281690140845 0.4890625 0.34507042253521125
1 0.471875 0.6572769953051644 0.471875 0.6830985915492958 0.4734375 0.6854460093896714 0.4734375 0.6971830985915493 0.4765625 0.7065727699530516 0.4796875 0.7089201877934272 0.4796875 0.7300469483568075 0.4734375 0.7394366197183099 0.471875 0.7652582159624414 0.46875 0.7676056338028169 0.46875 0.7723004694835681 0.471875 0.7746478873239436 0.471875 0.7816901408450704 0.475 0.7863849765258216 0.475 0.7910798122065728 0.4796875 0.795774647887324 0.484375 0.8192488262910798 0.490625 0.8286384976525821 0.496875 0.8286384976525821 0.5 0.8356807511737089 0.5203125 0.8427230046948356 0.521875 0.8474178403755869 0.54375 0.8544600938967136 0.5515625 0.8544600938967136 0.553125 0.8591549295774648 0.5546875 0.8544600938967136 0.5640625 0.8544600938967136 0.575 0.8474178403755869 0.5875 0.8286384976525821 0.5875 0.8075117370892019 0.584375 0.8051643192488263 0.584375 0.7746478873239436 0.5875 0.7723004694835681 0.5875 0.7629107981220657 0.5890625 0.7605633802816901 0.590625 0.704225352112676 0.5796875 0.6854460093896714 0.5765625 0.6854460093896714 0.575 0.6807511737089202 0.5625 0.676056338028169 0.55 0.6572769953051644 0.534375 0.6572769953051644 0.5171875 0.6502347417840375 0.515625 0.6502347417840375 0.4796875 0.6525821596244131 0.471875 0.6572769953051644
1 0.134375 0.5563380281690141 0.1203125 0.5633802816901409 0.11875 0.568075117370892 0.115625 0.568075117370892 0.1125 0.5727699530516432 0.1046875 0.5751173708920188 0.103125 0.57981220657277 0.0890625 0.57981220657277 0.09375 0.5938967136150235 0.09375 0.6009389671361502 0.090625 0.607981220657277 0.0890625 0.6244131455399061 0.0828125 0.6338028169014085 0.08125 0.6525821596244131 0.078125 0.6549295774647887 0.0765625 0.687793427230047 0.075 0.6901408450704225 0.0765625 0.7370892018779343 0.0734375 0.7488262910798122 0.0703125 0.7511737089201878 0.0703125 0.7699530516431925 0.0828125 0.7887323943661971 0.1125 0.795774647887324 0.1140625 0.8004694835680751 0.1203125 0.8004694835680751 0.121875 0.8028169014084507 0.1578125 0.8004694835680751 0.159375 0.795774647887324 0.16875 0.7910798122065728 0.171875 0.784037558685446 0.175 0.784037558685446 0.1796875 0.7769953051643192 0.1828125 0.7769953051643192 0.1828125 0.7723004694835681 0.1890625 0.7652582159624414 0.19375 0.7535211267605634 0.19375 0.7488262910798122 0.196875 0.7464788732394366 0.196875 0.7394366197183099 0.2078125 0.7183098591549296 0.209375 0.7089201877934272 0.2125 0.7065727699530516 0.2171875 0.6948356807511737 0.2171875 0.6901408450704225 0.2234375 0.6830985915492958 0.221875 0.6197183098591549 0.2140625 0.6056338028169014 0.2125 0.5938967136150235 0.209375 0.5915492957746479 0.209375 0.5868544600938967 0.2046875 0.57981220657277 0.2015625 0.57981220657277 0.2 0.5751173708920188 0.1921875 0.5727699530516432 0.1890625 0.568075117370892 0.1890625 0.5633802816901409 0.1828125 0.5563380281690141 0.1796875 0.5563380281690141 0.1765625 0.5610328638497653 0.171875 0.5610328638497653 0.165625 0.5492957746478874 0.1515625 0.5446009389671361 0.15 0.5469483568075117 0.1390625 0.5492957746478874 0.134375 0.5563380281690141
1 0.190625 0.2981220657276995 0.1953125 0.3544600938967136 0.1984375 0.3568075117370892 0.1984375 0.3685446009389671 0.2015625 0.3826291079812207 0.2015625 0.4014084507042254 0.1953125 0.40375586854460094 0.1953125 0.4154929577464789 0.1984375 0.42018779342723006 0.1953125 0.4225352112676056 0.1953125 0.4295774647887324 0.1921875 0.43427230046948356 0.190625 0.44366197183098594 0.1859375 0.4460093896713615 0.1828125 0.45305164319248825 0.1765625 0.45539906103286387 0.1734375 0.4624413145539906 0.1703125 0.4624413145539906 0.1625 0.47417840375586856 0.1640625 0.4765258215962441 0.1625 0.4788732394366197 0.1625 0.4953051643192488 0.159375 0.5070422535211268 0.1546875 0.5117370892018779 0.1578125 0.5117370892018779 0.1609375 0.5164319248826291 0.159375 0.5352112676056338 0.1625 0.5422535211267606 0.165625 0.5422535211267606 0.171875 0.5539906103286385 0.1765625 0.5539906103286385 0.178125 0.5492957746478874 0.184375 0.5492957746478874 0.1875 0.5586854460093896 0.19375 0.568075117370892 0.2046875 0.5727699530516432 0.2140625 0.5868544600938967 0.215625 0.6032863849765259 0.221875 0.6103286384976526 0.225 0.6220657276995305 0.2265625 0.6619718309859155 0.2359375 0.6643192488262911 0.2484375 0.647887323943662 0.2515625 0.647887323943662 0.2546875 0.6408450704225352 0.2625 0.6431924882629108 0.2640625 0.647887323943662 0.2703125 0.647887323943662 0.271875 0.6431924882629108 0.278125 0.6408450704225352 0.278125 0.6314553990610329 0.2828125 0.6267605633802817 0.2828125 0.5868544600938967 0.290625 0.57981220657277 0.29375 0.5610328638497653 0.2984375 0.5539906103286385 0.3 0.5375586854460094 0.303125 0.5305164319248826 0.303125 0.5140845070422535 0.2984375 0.49061032863849763 0.2953125 0.48826291079812206 0.290625 0.4694835680751174 0.2828125 0.460093896713615 0.2828125 0.45539906103286387 0.2765625 0.44835680751173707 0.2765625 0.44366197183098594 0.2703125 0.4413145539906103 0.26875 0.43427230046948356 0.265625 0.43427230046948356 0.25625 0.42488262910798125 0.2515625 0.3967136150234742 0.246875 0.392018779342723 0.2453125 0.4084507042253521 0.2421875 0.4107981220657277 0.2421875 0.4154929577464789 0.2390625 0.42018779342723006 0.2328125 0.4225352112676056 0.2171875 0.42018779342723006 0.209375 0.4084507042253521 0.2046875 0.3591549295774648 0.2015625 0.3568075117370892 0.2015625 0.3474178403755869 0.2 0.34507042253521125 0.196875 0.3051643192488263 0.19375 0.3028169014084507 0.190625 0.2699530516431925 0.1875 0.2699530516431925 0.1875 0.27230046948356806 0.1875 0.29577464788732394 0.190625 0.2981220657276995
1 0.640625 0.29577464788732394 0.6390625 0.2981220657276995 0.6328125 0.2981220657276995 0.63125 0.2934272300469484 0.6140625 0.29107981220657275 0.6125 0.2934272300469484 0.60625 0.2934272300469484 0.6046875 0.2981220657276995 0.6015625 0.2981220657276995 0.5921875 0.31220657276995306 0.5890625 0.323943661971831 0.5859375 0.32629107981220656 0.5859375 0.3333333333333333 0.58125 0.3474178403755869 0.5765625 0.352112676056338 0.5734375 0.3779342723004695 0.5703125 0.38028169014084506 0.5671875 0.3967136150234742 0.5671875 0.4061032863849765 0.5703125 0.41784037558685444 0.5734375 0.42018779342723006 0.578125 0.4507042253521127 0.58125 0.45305164319248825 0.58125 0.4624413145539906 0.584375 0.4694835680751174 0.5859375 0.4859154929577465 0.5890625 0.48826291079812206 0.59375 0.5 0.596875 0.5 0.6 0.5046948356807511 0.6015625 0.5117370892018779 0.60625 0.5140845070422535 0.6078125 0.5187793427230047 0.6234375 0.5187793427230047 0.625 0.5140845070422535 0.6421875 0.5140845070422535 0.65 0.5070422535211268 0.6546875 0.4953051643192488 0.6546875 0.4859154929577465 0.6578125 0.4835680751173709 0.659375 0.4694835680751174 0.66875 0.45539906103286387 0.6765625 0.4647887323943662 0.6765625 0.47417840375586856 0.6828125 0.4812206572769953 0.6875 0.4953051643192488 0.690625 0.49765258215962443 0.6921875 0.5140845070422535 0.70625 0.5070422535211268 0.709375 0.49295774647887325 0.715625 0.4835680751173709 0.7171875 0.4671361502347418 0.7203125 0.4647887323943662 0.721875 0.45539906103286387 0.721875 0.4460093896713615 0.7296875 0.42488262910798125 0.7296875 0.4154929577464789 0.7328125 0.4061032863849765 0.7359375 0.40375586854460094 0.7359375 0.3755868544600939 0.7328125 0.3732394366197183 0.7296875 0.352112676056338 0.725 0.3474178403755869 0.7203125 0.33568075117370894 0.715625 0.3333333333333333 0.7140625 0.3286384976525822 0.6984375 0.3215962441314554 0.696875 0.31690140845070425 0.6875 0.3145539906103286 0.684375 0.30985915492957744 0.6859375 0.3028169014084507 0.684375 0.3004694835680751 0.671875 0.2981220657276995 0.6703125 0.2934272300469484 0.6640625 0.29107981220657275 0.659375 0.284037558685446 0.6578125 0.27699530516431925 0.653125 0.27230046948356806 0.65 0.2535211267605634 0.64375 0.24413145539906103 0.640625 0.24413145539906103 0.640625 0.24647887323943662 0.6390625 0.2863849765258216 0.640625 0.29577464788732394
1 0.4875 0.6032863849765259 0.4875 0.6126760563380281 0.4796875 0.6197183098591549 0.4734375 0.6197183098591549 0.471875 0.6103286384976526 0.4640625 0.5985915492957746 0.459375 0.596244131455399 0.44375 0.596244131455399 0.4390625 0.6032863849765259 0.4296875 0.607981220657277 0.425 0.6173708920187794 0.421875 0.6173708920187794 0.4140625 0.6291079812206573 0.4140625 0.647887323943662 0.409375 0.6572769953051644 0.409375 0.6619718309859155 0.4046875 0.6690140845070423 0.4046875 0.6901408450704225 0.434375 0.6901408450704225 0.4359375 0.687793427230047 0.4421875 0.687793427230047 0.44375 0.6901408450704225 0.45 0.6901408450704225 0.4515625 0.6948356807511737 0.471875 0.7018779342723005 0.4703125 0.6619718309859155 0.4734375 0.6525821596244131 0.4953125 0.6502347417840375 0.496875 0.647887323943662 0.5203125 0.647887323943662 0.521875 0.6502347417840375 0.525 0.647887323943662 0.525 0.6431924882629108 0.521875 0.6408450704225352 0.5203125 0.6314553990610329 0.5171875 0.6267605633802817 0.5171875 0.6220657276995305 0.5109375 0.6126760563380281 0.5109375 0.607981220657277 0.5 0.6032863849765259 0.490625 0.5892018779342723 0.4890625 0.5821596244131455 0.484375 0.5845070422535211 0.484375 0.5868544600938967 0.484375 0.6009389671361502 0.4875 0.6032863849765259
1 0.478125 0.6220657276995305 0.471875 0.6197183098591549 0.4703125 0.6103286384976526 0.4625 0.5985915492957746 0.453125 0.5985915492957746 0.4515625 0.596244131455399 0.4421875 0.5985915492957746 0.43125 0.6150234741784038 0.421875 0.6197183098591549 0.4171875 0.6314553990610329 0.4171875 0.6384976525821596 0.4140625 0.6408450704225352 0.4140625 0.6525821596244131 0.409375 0.6643192488262911 0.409375 0.6737089201877934 0.40625 0.676056338028169 0.40625 0.687793427230047 0.409375 0.6901408450704225 0.4421875 0.687793427230047 0.44375 0.6901408450704225 0.45 0.6901408450704225 0.4515625 0.6948356807511737 0.45625 0.6948356807511737 0.4640625 0.7018779342723005 0.4671875 0.7018779342723005 0.46875 0.7065727699530516 0.4734375 0.7089201877934272 0.475 0.7347417840375586 0.471875 0.7464788732394366 0.471875 0.7605633802816901 0.46875 0.7629107981220657 0.46875 0.7769953051643192 0.471875 0.7793427230046949 0.4734375 0.7887323943661971 0.4796875 0.795774647887324 0.4828125 0.8145539906103286 0.4875 0.8215962441314554 0.4875 0.8262910798122066 0.496875 0.8286384976525821 0.5 0.8356807511737089 0.5046875 0.8380281690140845 0.5203125 0.8427230046948356 0.521875 0.8474178403755869 0.54375 0.8544600938967136 0.5671875 0.852112676056338 0.5703125 0.8474178403755869 0.5734375 0.8474178403755869 0.575 0.8427230046948356 0.58125 0.8403755868544601 0.584375 0.8356807511737089 0.584375 0.8286384976525821 0.5875 0.8262910798122066 0.5875 0.8098591549295775 0.584375 0.8075117370892019 0.584375 0.7723004694835681 0.5875 0.7699530516431925 0.5890625 0.7605633802816901 0.590625 0.7089201877934272 0.5875 0.6971830985915493 0.58125 0.687793427230047 0.575 0.6854460093896714 0.5734375 0.6807511737089202 0.56875 0.6807511737089202 0.565625 0.676056338028169 0.5625 0.676056338028169 0.5578125 0.6643192488262911 0.5515625 0.6619718309859155 0.55 0.6572769953051644 0.5296875 0.6549295774647887 0.521875 0.6431924882629108 0.5203125 0.6338028169014085 0.5140625 0.6244131455399061 0.5140625 0.6197183098591549 0.509375 0.607981220657277 0.5 0.6032863849765259 0.4953125 0.5938967136150235 0.4875 0.5915492957746479 0.4875 0.5938967136150235 0.4890625 0.6126760563380281 0.478125 0.6220657276995305
1 0.278125 0.23943661971830985 0.2796875 0.24413145539906103 0.271875 0.25586854460093894 0.275 0.25586854460093894 0.2796875 0.26291079812206575 0.284375 0.26291079812206575 0.2859375 0.27230046948356806 0.2703125 0.2934272300469484 0.2703125 0.2981220657276995 0.2640625 0.3051643192488263 0.2609375 0.3192488262910798 0.25625 0.32629107981220656 0.2546875 0.3427230046948357 0.25625 0.34507042253521125 0.25625 0.3685446009389671 0.2609375 0.3755868544600939 0.265625 0.39436619718309857 0.2703125 0.39906103286384975 0.2734375 0.42488262910798125 0.2765625 0.4272300469483568 0.2765625 0.43661971830985913 0.2828125 0.43896713615023475 0.2875 0.4460093896713615 0.2953125 0.4647887323943662 0.3 0.4694835680751174 0.303125 0.4859154929577465 0.31875 0.5093896713615024 0.3234375 0.5093896713615024 0.328125 0.5 0.3375 0.4953051643192488 0.3421875 0.4859154929577465 0.346875 0.4859154929577465 0.35 0.49061032863849763 0.3890625 0.49061032863849763 0.39375 0.4835680751173709 0.396875 0.4694835680751174 0.41875 0.43896713615023475 0.4203125 0.42018779342723006 0.4234375 0.41784037558685444 0.425 0.4084507042253521 0.4234375 0.3732394366197183 0.4265625 0.3685446009389671 0.4328125 0.3685446009389671 0.4359375 0.352112676056338 0.43125 0.3427230046948357 0.43125 0.3380281690140845 0.4078125 0.3028169014084507 0.4046875 0.3028169014084507 0.3953125 0.2887323943661972 0.39375 0.27699530516431925 0.4 0.27230046948356806 0.4 0.2652582159624413 0.390625 0.26291079812206575 0.3890625 0.25821596244131456 0.378125 0.2511737089201878 0.371875 0.24178403755868544 0.3703125 0.2323943661971831 0.3625 0.2300469483568075 0.353125 0.2347417840375587 0.33125 0.2347417840375587 0.3234375 0.22769953051643194 0.321875 0.22300469483568075 0.3171875 0.22065727699530516 0.296875 0.21830985915492956 0.29375 0.22065727699530516 0.29375 0.2323943661971831 0.2921875 0.2347417840375587 0.2890625 0.2347417840375587 0.2875 0.23943661971830985 0.28125 0.23943661971830985 0.275 0.22300469483568075 0.271875 0.22065727699530516 0.271875 0.22300469483568075 0.271875 0.23708920187793428 0.278125 0.23943661971830985
1 0.5078125 0.1596244131455399 0.5046875 0.15258215962441316 0.5 0.15258215962441316 0.5 0.1807511737089202 0.496875 0.18544600938967137 0.4984375 0.20422535211267606 0.4953125 0.20892018779342722 0.4921875 0.20892018779342722 0.4875 0.21830985915492956 0.484375 0.21830985915492956 0.478125 0.2300469483568075 0.465625 0.2347417840375587 0.4640625 0.23943661971830985 0.4515625 0.24413145539906103 0.4453125 0.2511737089201878 0.44375 0.26291079812206575 0.440625 0.2699530516431925 0.440625 0.284037558685446 0.4375 0.2863849765258216 0.4375 0.2981220657276995 0.440625 0.3004694835680751 0.4421875 0.33568075117370894 0.4453125 0.3427230046948357 0.4546875 0.34507042253521125 0.45625 0.3427230046948357 0.4640625 0.3427230046948357 0.465625 0.3380281690140845 0.4859375 0.3380281690140845 0.496875 0.3215962441314554 0.5046875 0.3215962441314554 0.5109375 0.3286384976525822 0.5125 0.33568075117370894 0.5109375 0.3427230046948357 0.5078125 0.34507042253521125 0.50625 0.3615023474178404 0.5109375 0.3615023474178404 0.5125 0.36619718309859156 0.521875 0.36619718309859156 0.5421875 0.3732394366197183 0.54375 0.3779342723004695 0.55625 0.3779342723004695 0.5609375 0.36619718309859156 0.5609375 0.3615023474178404 0.565625 0.3568075117370892 0.56875 0.3403755868544601 0.571875 0.3380281690140845 0.5734375 0.3004694835680751 0.571875 0.29107981220657275 0.5671875 0.284037558685446 0.5671875 0.25586854460093894 0.5640625 0.2511737089201878 0.5640625 0.24647887323943662 0.5578125 0.23708920187793428 0.55625 0.21830985915492956 0.553125 0.215962441314554 0.55 0.20422535211267606 0.5515625 0.19718309859154928 0.55625 0.19483568075117372 0.55625 0.19248826291079812 0.553125 0.19248826291079812 0.55 0.18544600938967137 0.546875 0.18544600938967137 0.54375 0.1807511737089202 0.54375 0.176056338028169 0.5390625 0.17370892018779344 0.534375 0.16666666666666666 0.534375 0.1619718309859155 0.5296875 0.15492957746478872 0.5265625 0.14084507042253522 0.5265625 0.1431924882629108 0.5109375 0.1596244131455399 0.5078125 0.1596244131455399
1 0.2390625 0.6854460093896714 0.2234375 0.6924882629107981 0.221875 0.6995305164319249 0.2171875 0.704225352112676 0.2140625 0.7183098591549296 0.209375 0.7230046948356808 0.20625 0.7347417840375586 0.203125 0.7370892018779343 0.2 0.7535211267605634 0.1953125 0.7582159624413145 0.190625 0.7723004694835681 0.190625 0.7816901408450704 0.1875 0.784037558685446 0.1875 0.8028169014084507 0.190625 0.8051643192488263 0.19375 0.8380281690140845 0.1984375 0.8450704225352113 0.2015625 0.8615023474178404 0.2078125 0.8685446009389671 0.2078125 0.8732394366197183 0.2171875 0.8873239436619719 0.2234375 0.8896713615023474 0.2265625 0.8967136150234741 0.2390625 0.9014084507042254 0.2421875 0.9084507042253521 0.2515625 0.9131455399061033 0.25625 0.92018779342723 0.2703125 0.9248826291079812 0.30625 0.9248826291079812 0.3234375 0.9178403755868545 0.3265625 0.9107981220657277 0.3328125 0.9084507042253521 0.3484375 0.8849765258215962 0.346875 0.8450704225352113 0.3453125 0.8427230046948356 0.3453125 0.8286384976525821 0.3421875 0.8262910798122066 0.3421875 0.8028169014084507 0.340625 0.8004694835680751 0.3375 0.7582159624413145 0.334375 0.755868544600939 0.33125 0.7370892018779343 0.3140625 0.7112676056338029 0.3109375 0.7112676056338029 0.3078125 0.704225352112676 0.2953125 0.6971830985915493 0.29375 0.6924882629107981 0.278125 0.6924882629107981 0.26875 0.687793427230047 0.2671875 0.687793427230047 0.2453125 0.687793427230047 0.2390625 0.6854460093896714