2 0.26875 0.4442013129102845 0.265625 0.4551422319474836 0.26875 0.45951859956236324 0.2765625 0.4617067833698031 0.278125 0.4660831509846827 0.284375 0.4682713347921225 0.2953125 0.47921225382932164 0.3015625 0.47702407002188185 0.3046875 0.4726477024070022 0.309375 0.4551422319474836 0.3015625 0.4442013129102845 0.2828125 0.43326039387308535 0.28125 0.43544857768052514 0.275 0.43544857768052514 0.26875 0.4442013129102845
2 0.6328125 0.08533916849015317 0.621875 0.09409190371991247 0.6015625 0.12253829321663019 0.5984375 0.12253829321663019 0.584375 0.1422319474835886 0.58125 0.15317286652078774 0.578125 0.18161925601750548 0.5828125 0.19037199124726478 0.5953125 0.1838074398249453 0.6109375 0.1838074398249453 0.6234375 0.19474835886214442 0.6484375 0.19912472647702406 0.6546875 0.20568927789934355 0.659375 0.1925601750547046 0.6609375 0.17286652078774617 0.659375 0.17067833698030635 0.6578125 0.1400437636761488 0.6515625 0.11597374179431072 0.65 0.11597374179431072 0.640625 0.08533916849015317 0.6328125 0.08533916849015317
2 0.396875 0.8074398249452954 0.39375 0.8205689277899344 0.39375 0.8665207877461707 0.396875 0.8796498905908097 0.4046875 0.8949671772428884 0.4140625 0.8949671772428884 0.415625 0.8905908096280087 0.4265625 0.888402625820569 0.4296875 0.9080962800875274 0.44375 0.9474835886214442 0.45 0.9584245076586433 0.4546875 0.9606126914660832 0.4578125 0.9671772428884027 0.4640625 0.9715536105032823 0.48125 0.9671772428884027 0.484375 0.9606126914660832 0.49375 0.9540481400437637 0.5 0.9452954048140044 0.503125 0.9452954048140044 0.5140625 0.9299781181619255 0.5234375 0.8971553610503282 0.5265625 0.8949671772428884 0.53125 0.8730853391684902 0.53125 0.862144420131291 0.5359375 0.8577680525164114 0.534375 0.8446389496717724 0.5375 0.8402625820568927 0.5375 0.8336980306345733 0.5359375 0.8315098468271335 0.5359375 0.8096280087527352 0.53125 0.8008752735229759 0.528125 0.7855579868708972 0.515625 0.774617067833698 0.5 0.7833698030634574 0.49375 0.7921225382932167 0.4796875 0.7943107221006565 0.471875 0.7899343544857768 0.4671875 0.7811816192560175 0.45625 0.774617067833698 0.43125 0.7724288840262582 0.4296875 0.774617067833698 0.415625 0.774617067833698 0.4140625 0.7768052516411379 0.4046875 0.7702407002188184 0.4 0.7724288840262582 0.4 0.774617067833698 0.396875 0.7899343544857768 0.396875 0.8074398249452954
2 0.728125 0 0.728125 0.002188183807439825 0.7296875 0.015317286652078774 0.7359375 0.024070021881838075 0.740625 0.024070021881838075 0.7453125 0.030634573304157548 0.7515625 0.030634573304157548 0.7578125 0.045951859956236324 0.778125 0.045951859956236324 0.7859375 0.037199124726477024 0.7875 0.030634573304157548 0.7921875 0.024070021881838075 0.8015625 0.015317286652078774 0.8046875 0.006564551422319475 0.8046875 0 0.728125 0
2 0.6390625 0.31072210065645517 0.64375 0.3282275711159737 0.64375 0.3479212253829322 0.65 0.3588621444201313 0.665625 0.36542669584245074 0.68125 0.3676148796498906 0.6890625 0.38074398249452956 0.6921875 0.38949671772428884 0.6921875 0.39606126914660833 0.6953125 0.3982494529540481 0.7015625 0.3938730853391685 0.7265625 0.3588621444201313 0.728125 0.3479212253829322 0.7125 0.3479212253829322 0.709375 0.3413566739606127 0.7203125 0.3282275711159737 0.7234375 0.3172866520787746 0.7375 0.29978118161925604 0.7375 0.29540481400437635 0.746875 0.2713347921225383 0.746875 0.26258205689277897 0.7453125 0.2603938730853392 0.7375 0.2603938730853392 0.728125 0.2647702407002188 0.7203125 0.2647702407002188 0.68125 0.2844638949671772 0.68125 0.28665207877461707 0.6390625 0.3041575492341357 0.6390625 0.31072210065645517
2 0.7140625 0.4048140043763676 0.70625 0.40700218818380746 0.703125 0.4113785557986871 0.709375 0.4288840262582057 0.7234375 0.4485776805251641 0.725 0.4551422319474836 0.728125 0.4573304157549234 0.728125 0.4617067833698031 0.725 0.4638949671772429 0.7203125 0.47921225382932164 0.71875 0.49452954048140046 0.7203125 0.49671772428884026 0.7140625 0.5207877461706784 0.7140625 0.5273522975929978 0.721875 0.5317286652078774 0.746875 0.5317286652078774 0.7484375 0.5295404814004376 0.75625 0.5295404814004376 0.7796875 0.5142231947483589 0.790625 0.5010940919037199 0.7953125 0.49015317286652077 0.8015625 0.48577680525164113 0.809375 0.4682713347921225 0.809375 0.4638949671772429 0.8171875 0.45076586433260396 0.8140625 0.44638949671772427 0.809375 0.44638949671772427 0.7859375 0.4310722100656455 0.784375 0.42669584245076586 0.778125 0.4223194748358862 0.771875 0.4223194748358862 0.7546875 0.4135667396061269 0.753125 0.4135667396061269 0.734375 0.4048140043763676 0.7140625 0.4048140043763676
2 0.271875 0.3479212253829322 0.265625 0.35667396061269147 0.2578125 0.3544857768052516 0.25625 0.35667396061269147 0.221875 0.35667396061269147 0.2203125 0.3610503282275711 0.2125 0.36323851203501095 0.2125 0.36980306345733044 0.21875 0.38074398249452956 0.225 0.38949671772428884 0.228125 0.38949671772428884 0.23125 0.39606126914660833 0.2640625 0.4179431072210066 0.271875 0.4288840262582057 0.28125 0.4310722100656455 0.2890625 0.437636761487965 0.2921875 0.437636761487965 0.30625 0.45076586433260396 0.3109375 0.4485776805251641 0.31875 0.43326039387308535 0.3265625 0.4288840262582057 0.328125 0.424507658643326 0.34375 0.4223194748358862 0.3453125 0.4201312910284464 0.3609375 0.4201312910284464 0.3625 0.41575492341356673 0.35625 0.40043763676148797 0.35625 0.3741794310722101 0.3609375 0.3522975929978118 0.3609375 0.33916849015317285 0.359375 0.33698030634573306 0.346875 0.3347921225382932 0.33125 0.3479212253829322 0.3125 0.3479212253829322 0.2953125 0.3413566739606127 0.2859375 0.3347921225382932 0.271875 0.3347921225382932 0.271875 0.33698030634573306 0.2703125 0.34573304157549234 0.271875 0.3479212253829322
2 0.525 0.7680525164113785 0.51875 0.7789934354485777 0.525 0.7855579868708972 0.525 0.7899343544857768 0.528125 0.7921225382932167 0.5328125 0.8052516411378556 0.534375 0.8358862144420132 0.5328125 0.8424507658643327 0.5390625 0.8555798687089715 0.5390625 0.8599562363238512 0.54375 0.8643326039387309 0.553125 0.8643326039387309 0.55625 0.8577680525164114 0.55625 0.8424507658643327 0.5578125 0.8402625820568927 0.55625 0.8336980306345733 0.5578125 0.8183807439824945 0.55625 0.8161925601750547 0.55625 0.8008752735229759 0.5515625 0.7789934354485777 0.54375 0.7724288840262582 0.5421875 0.7724288840262582 0.5296875 0.7658643326039387 0.525 0.7680525164113785
2 0.553125 0 0.553125 0.002188183807439825 0.5421875 0.006564551422319475 0.5453125 0.01312910284463895 0.54375 0.028446389496717725 0.5484375 0.03938730853391685 0.5484375 0.05908096280087528 0.546875 0.06345733041575492 0.553125 0.0700218818380744 0.5515625 0.07658643326039387 0.5421875 0.08096280087527352 0.540625 0.087527352297593 0.540625 0.10940919037199125 0.54375 0.12035010940919037 0.5546875 0.12035010940919037 0.5609375 0.11159737417943107 0.5671875 0.10065645514223195 0.5640625 0.0787746170678337 0.5703125 0.07221006564551423 0.578125 0.0787746170678337 0.5859375 0.0787746170678337 0.5890625 0.08315098468271334 0.5859375 0.08971553610503283 0.578125 0.08533916849015317 0.578125 0.09190371991247265 0.575 0.09409190371991247 0.5734375 0.10065645514223195 0.571875 0.11159737417943107 0.5734375 0.11816192560175055 0.5703125 0.12253829321663019 0.571875 0.12472647702407003 0.578125 0.12472647702407003 0.5890625 0.11597374179431072 0.590625 0.12035010940919037 0.5953125 0.1137855579868709 0.5984375 0.1137855579868709 0.6015625 0.10284463894967177 0.609375 0.09409190371991247 0.6171875 0.09190371991247265 0.6203125 0.087527352297593 0.634375 0.0787746170678337 0.6421875 0.0787746170678337 0.65 0.1050328227571116 0.65 0.11159737417943107 0.653125 0.1137855579868709 0.653125 0.11816192560175055 0.6578125 0.12472647702407003 0.6578125 0.13129102844638948 0.6625 0.13785557986870897 0.6640625 0.1838074398249453 0.6625 0.19037199124726478 0.6640625 0.19912472647702406 0.66875 0.20568927789934355 0.6796875 0.20568927789934355 0.68125 0.20350109409190373 0.6984375 0.20350109409190373 0.70625 0.19693654266958424 0.70625 0.15973741794310722 0.7109375 0.14660831509846828 0.7109375 0.12035010940919037 0.703125 0.10722100656455143 0.7015625 0.0962800875273523 0.703125 0.09190371991247265 0.709375 0.08533916849015317 0.7171875 0.08315098468271334 0.7203125 0.0787746170678337 0.7203125 0.0700218818380744 0.7234375 0.061269146608315096 0.7328125 0.05470459518599562 0.7390625 0.05470459518599562 0.74375 0.05908096280087528 0.7515625 0.05908096280087528 0.753125 0.061269146608315096 0.7640625 0.061269146608315096 0.771875 0.05689277899343545 0.778125 0.045951859956236324 0.7859375 0.03938730853391685 0.7859375 0.0350109409190372 0.796875 0.019693654266958426 0.7984375 0.01312910284463895 0.8015625 0.010940919037199124 0.803125 0 0.725 0 0.7234375 0.00437636761487965 0.7203125 0.00437636761487965 0.71875 0 0.6703125 0 0.66875 0.00437636761487965 0.6640625 0.00437636761487965 0.6625 0 0.61875 0 0.6171875 0.00437636761487965 0.59375 0.00437636761487965 0.5921875 0 0.553125 0
2 0.3125 0.15536105032822758 0.3078125 0.16630196936542668 0.284375 0.1575492341356674 0.259375 0.1575492341356674 0.253125 0.15973741794310722 0.253125 0.16630196936542668 0.2578125 0.1772428884026258 0.2640625 0.20568927789934355 0.2640625 0.21444201312910285 0.275 0.24945295404814005 0.275 0.25601750547045954 0.2796875 0.2603938730853392 0.2859375 0.2778993435448578 0.284375 0.28665207877461707 0.2796875 0.2910284463894967 0.2828125 0.3085339168490153 0.2921875 0.33260393873085337 0.290625 0.3347921225382932 0.271875 0.3347921225382932 0.2703125 0.33698030634573306 0.2703125 0.3522975929978118 0.265625 0.35667396061269147 0.253125 0.3544857768052516 0.2515625 0.35667396061269147 0.2234375 0.35667396061269147 0.221875 0.3610503282275711 0.2140625 0.36323851203501095 0.2125 0.36980306345733044 0.2296875 0.3938730853391685 0.2625 0.41575492341356673 0.271875 0.424507658643326 0.2734375 0.4288840262582057 0.296875 0.43982494529540483 0.30625 0.45076586433260396 0.3109375 0.4485776805251641 0.3140625 0.43982494529540483 0.3203125 0.4310722100656455 0.3265625 0.4288840262582057 0.328125 0.424507658643326 0.34375 0.4201312910284464 0.3609375 0.4201312910284464 0.3625 0.4179431072210066 0.3625 0.4135667396061269 0.35625 0.3982494529540481 0.35625 0.37636761487964987 0.3609375 0.3544857768052516 0.359375 0.3304157549234136 0.3625 0.3282275711159737 0.3671875 0.31072210065645517 0.3671875 0.29321663019693656 0.365625 0.2910284463894967 0.3640625 0.26695842450765866 0.3734375 0.24726477024070023 0.3765625 0.24726477024070023 0.384375 0.23851203501094093 0.3953125 0.23413566739606126 0.4 0.2275711159737418 0.403125 0.2275711159737418 0.40625 0.21663019693654267 0.4015625 0.20568927789934355 0.4015625 0.19912472647702406 0.3984375 0.19693654266958424 0.390625 0.1772428884026258 0.3859375 0.17067833698030635 0.3796875 0.16411378555798686 0.375 0.16411378555798686 0.36875 0.17067833698030635 0.334375 0.12253829321663019 0.3140625 0.10940919037199125 0.3140625 0.11159737417943107 0.3109375 0.12035010940919037 0.3125 0.15536105032822758
2 0.634375 0.7133479212253829 0.6265625 0.7242888402625821 0.6140625 0.7308533916849015 0.6109375 0.7352297592997812 0.6109375 0.7439824945295405 0.6140625 0.7483588621444202 0.6140625 0.7549234135667396 0.621875 0.774617067833698 0.621875 0.7789934354485777 0.628125 0.7855579868708972 0.6296875 0.7921225382932167 0.628125 0.8161925601750547 0.6296875 0.8227571115973742 0.659375 0.8533916849015317 0.6625 0.8599562363238512 0.66875 0.8599562363238512 0.68125 0.8665207877461707 0.6921875 0.8665207877461707 0.696875 0.8599562363238512 0.6984375 0.8446389496717724 0.7015625 0.8424507658643327 0.703125 0.811816192560175 0.7015625 0.8008752735229759 0.6984375 0.7986870897155361 0.696875 0.7811816192560175 0.690625 0.7549234135667396 0.678125 0.7308533916849015 0.6765625 0.7221006564551422 0.6734375 0.7199124726477024 0.671875 0.7111597374179431 0.6671875 0.7045951859956237 0.665625 0.7045951859956237 0.640625 0.7089715536105032 0.634375 0.7133479212253829
2 0.2484375 0.16192560175054704 0.25 0.16849015317286653 0.2546875 0.17286652078774617 0.259375 0.18818380743982493 0.2640625 0.20787746170678337 0.2640625 0.21663019693654267 0.2671875 0.22319474835886213 0.2671875 0.23194748358862144 0.2734375 0.2538293216630197 0.2796875 0.26258205689277897 0.2796875 0.26695842450765866 0.2859375 0.2800875273522976 0.28125 0.30196936542669583 0.2890625 0.32603938730853393 0.3 0.33698030634573306 0.3203125 0.33698030634573306 0.321875 0.3347921225382932 0.3390625 0.3347921225382932 0.3484375 0.3282275711159737 0.359375 0.3282275711159737 0.3609375 0.32603938730853393 0.3609375 0.3150984682713348 0.3640625 0.31291028446389496 0.3609375 0.3041575492341357 0.3515625 0.29321663019693656 0.353125 0.2910284463894967 0.35 0.2910284463894967 0.3359375 0.26695842450765866 0.3328125 0.2647702407002188 0.334375 0.24726477024070023 0.3390625 0.24288840262582057 0.340625 0.23413566739606126 0.334375 0.23194748358862144 0.33125 0.22319474835886213 0.33125 0.212253829321663 0.328125 0.20568927789934355 0.3234375 0.2013129102844639 0.30625 0.16630196936542668 0.2875 0.1575492341356674 0.2859375 0.1575492341356674 0.253125 0.1575492341356674 0.2484375 0.16192560175054704
2 0.3703125 0.7614879649890591 0.3640625 0.7724288840262582 0.3609375 0.7833698030634574 0.359375 0.8074398249452954 0.3578125 0.8096280087527352 0.3578125 0.8468271334792122 0.3609375 0.8687089715536105 0.3671875 0.8796498905908097 0.3828125 0.888402625820569 0.390625 0.8862144420131292 0.3921875 0.8796498905908097 0.390625 0.8533916849015317 0.3921875 0.8512035010940919 0.3921875 0.8358862144420132 0.390625 0.8315098468271335 0.3921875 0.8293216630196937 0.3953125 0.7855579868708972 0.3984375 0.7789934354485777 0.3984375 0.7702407002188184 0.4015625 0.7680525164113785 0.4015625 0.7592997811816192 0.3984375 0.7571115973741794 0.3953125 0.7483588621444202 0.3890625 0.7483588621444202 0.3890625 0.75054704595186 0.378125 0.7592997811816192 0.3703125 0.7614879649890591
2 0.3765625 0.6542669584245077 0.3625 0.6608315098468271 0.33125 0.6608315098468271 0.3234375 0.6695842450765864 0.3203125 0.6892778993435449 0.30625 0.7264770240700219 0.3078125 0.7461706783369803 0.30625 0.7549234135667396 0.309375 0.7658643326039387 0.321875 0.7680525164113785 0.3296875 0.7658643326039387 0.3484375 0.75054704595186 0.3515625 0.75054704595186 0.35625 0.7439824945295405 0.3609375 0.7439824945295405 0.3671875 0.7549234135667396 0.3765625 0.7549234135667396 0.3875 0.7439824945295405 0.3953125 0.7417943107221007 0.3921875 0.7133479212253829 0.384375 0.6849015317286652 0.384375 0.6673960612691466 0.39375 0.6455142231947484 0.3921875 0.6455142231947484 0.3875 0.6455142231947484 0.3765625 0.6542669584245077
2 0.2171875 0.4682713347921225 0.1953125 0.47702407002188185 0.1828125 0.48577680525164113 0.1734375 0.49671772428884026 0.171875 0.5032822757111597 0.1734375 0.5076586433260394 0.1828125 0.5185995623632386 0.19375 0.5251641137855579 0.1953125 0.5295404814004376 0.1765625 0.5470459518599562 0.1703125 0.5492341356673961 0.1546875 0.5667396061269147 0.153125 0.5754923413566739 0.1484375 0.5798687089715536 0.134375 0.612691466083151 0.1328125 0.6345733041575492 0.1421875 0.6477024070021882 0.15 0.6542669584245077 0.165625 0.6630196936542669 0.1703125 0.6630196936542669 0.175 0.6673960612691466 0.1953125 0.6739606126914661 0.209375 0.6739606126914661 0.2109375 0.6761487964989059 0.2328125 0.6739606126914661 0.2359375 0.6805251641137856 0.228125 0.6958424507658644 0.228125 0.7045951859956237 0.2375 0.7089715536105032 0.2640625 0.7067833698030634 0.2796875 0.7024070021881839 0.296875 0.6936542669584245 0.30625 0.6849015317286652 0.3125 0.6827133479212254 0.321875 0.6652078774617067 0.328125 0.6586433260393874 0.3125 0.6455142231947484 0.3109375 0.6411378555798687 0.3 0.6367614879649891 0.2921875 0.6301969365426696 0.2765625 0.6083150984682714 0.278125 0.5601750547045952 0.26875 0.5382932166301969 0.2671875 0.5185995623632386 0.26875 0.5120350109409191 0.275 0.5032822757111597 0.28125 0.5010940919037199 0.2828125 0.49671772428884026 0.290625 0.49015317286652077 0.2921875 0.4814004376367615 0.2875 0.474835886214442 0.278125 0.4682713347921225 0.2734375 0.4682713347921225 0.271875 0.4638949671772429 0.2671875 0.4617067833698031 0.2296875 0.4638949671772429 0.2296875 0.4660831509846827 0.228125 0.4682713347921225 0.2171875 0.4682713347921225
2 0.3109375 0.15973741794310722 0.3078125 0.16411378555798686 0.2875 0.1575492341356674 0.253125 0.1575492341356674 0.25 0.15973741794310722 0.25 0.16630196936542668 0.2546875 0.17067833698030635 0.2578125 0.18161925601750548 0.2640625 0.20787746170678337 0.2640625 0.21663019693654267 0.2671875 0.22319474835886213 0.2671875 0.22975929978118162 0.2703125 0.2363238512035011 0.2734375 0.2538293216630197 0.2796875 0.26258205689277897 0.2859375 0.2800875273522976 0.2859375 0.28665207877461707 0.2828125 0.2910284463894967 0.28125 0.29978118161925604 0.2890625 0.32603938730853393 0.2953125 0.3347921225382932 0.303125 0.33916849015317285 0.3296875 0.3413566739606127 0.353125 0.3282275711159737 0.3609375 0.3304157549234136 0.3625 0.3282275711159737 0.3671875 0.31291028446389496 0.3671875 0.29321663019693656 0.365625 0.2910284463894967 0.3640625 0.26695842450765866 0.3671875 0.25820568927789933 0.3734375 0.24726477024070023 0.3765625 0.24726477024070023 0.38125 0.24070021881838075 0.4015625 0.22975929978118162 0.40625 0.2210065645514223 0.40625 0.21663019693654267 0.4015625 0.20568927789934355 0.4015625 0.19693654266958424 0.396875 0.1925601750547046 0.390625 0.17943107221006566 0.390625 0.175054704595186 0.38125 0.16630196936542668 0.36875 0.17067833698030635 0.3546875 0.1487964989059081 0.3484375 0.14442013129102846 0.3453125 0.13566739606126915 0.3375 0.12472647702407003 0.3203125 0.1137855579868709 0.3171875 0.10940919037199125 0.315625 0.10940919037199125 0.3109375 0.11597374179431072 0.3109375 0.15973741794310722
2 0.5328125 0.0962800875273523 0.5375 0.0787746170678337 0.5390625 0.05470459518599562 0.540625 0.0525164113785558 0.5390625 0.0437636761487965 0.5359375 0.045951859956236324 0.534375 0.05470459518599562 0.5234375 0.0700218818380744 0.51875 0.08096280087527352 0.5078125 0.12035010940919037 0.4953125 0.1422319474835886 0.484375 0.18161925601750548 0.478125 0.19474835886214442 0.475 0.19693654266958424 0.4734375 0.2013129102844639 0.4734375 0.2188183807439825 0.48125 0.22975929978118162 0.490625 0.23413566739606126 0.5125 0.21444201312910285 0.5125 0.2100656455142232 0.5203125 0.2013129102844639 0.5234375 0.19912472647702406 0.5359375 0.19912472647702406 0.5375 0.19693654266958424 0.5375 0.1838074398249453 0.540625 0.17067833698030635 0.540625 0.13785557986870897 0.5359375 0.12472647702407003 0.534375 0.12691466083150985 0.5328125 0.12472647702407003 0.5328125 0.0962800875273523
2 0.315625 0 0.315625 0.002188183807439825 0.3171875 0.01312910284463895 0.325 0.024070021881838075 0.328125 0.024070021881838075 0.3390625 0.03282275711159737 0.340625 0.037199124726477024 0.34375 0.037199124726477024 0.346875 0.04157549234135667 0.35 0.05689277899343545 0.3609375 0.06564551422319474 0.371875 0.06345733041575492 0.378125 0.06564551422319474 0.3859375 0.07658643326039387 0.390625 0.10722100656455143 0.4 0.11159737417943107 0.4046875 0.10940919037199125 0.4078125 0.11816192560175055 0.4140625 0.12691466083150985 0.4265625 0.13566739606126915 0.43125 0.14442013129102846 0.4390625 0.1487964989059081 0.4421875 0.15536105032822758 0.4453125 0.15536105032822758 0.45 0.1487964989059081 0.45625 0.14660831509846828 0.4671875 0.14660831509846828 0.4703125 0.1400437636761488 0.48125 0.1400437636761488 0.4875 0.1487964989059081 0.4953125 0.12472647702407003 0.4984375 0.12035010940919037 0.5015625 0.12035010940919037 0.5109375 0.08533916849015317 0.521875 0.06564551422319474 0.5234375 0.05908096280087528 0.5296875 0.0525164113785558 0.53125 0.04157549234135667 0.5359375 0.030634573304157548 0.5359375 0.019693654266958426 0.53125 0 0.475 0 0.4734375 0.00437636761487965 0.46875 0.00437636761487965 0.4671875 0 0.4078125 0 0.40625 0.00437636761487965 0.3953125 0.00437636761487965 0.39375 0 0.315625 0
2 0.6375 0.7111597374179431 0.6171875 0.7308533916849015 0.609375 0.7308533916849015 0.6078125 0.7330415754923414 0.5953125 0.7286652078774617 0.578125 0.7177242888402626 0.5734375 0.7177242888402626 0.571875 0.7133479212253829 0.55625 0.7067833698030634 0.553125 0.7111597374179431 0.553125 0.7155361050328227 0.55 0.7177242888402626 0.5453125 0.7439824945295405 0.55 0.7592997811816192 0.553125 0.7614879649890591 0.55625 0.7724288840262582 0.565625 0.787746170678337 0.5875 0.811816192560175 0.596875 0.8183807439824945 0.6015625 0.8183807439824945 0.603125 0.8227571115973742 0.609375 0.824945295404814 0.615625 0.824945295404814 0.621875 0.8161925601750547 0.6265625 0.8161925601750547 0.6296875 0.8227571115973742 0.640625 0.8315098468271335 0.6640625 0.8599562363238512 0.6765625 0.862144420131291 0.6828125 0.8665207877461707 0.6890625 0.8665207877461707 0.6953125 0.862144420131291 0.6984375 0.849015317286652 0.6984375 0.838074398249453 0.7015625 0.8358862144420132 0.7015625 0.8052516411378556 0.6984375 0.8030634573304157 0.6984375 0.7921225382932167 0.6890625 0.7527352297592997 0.684375 0.7439824945295405 0.684375 0.7396061269146609 0.678125 0.7308533916849015 0.6765625 0.7221006564551422 0.6734375 0.7199124726477024 0.671875 0.7067833698030634 0.66875 0.7024070021881839 0.6625 0.700218818380744 0.6640625 0.6958424507658644 0.6625 0.6936542669584245 0.6609375 0.6958424507658644 0.653125 0.7067833698030634 0.6375 0.7111597374179431
2 0.6828125 0.3544857768052516 0.6703125 0.3544857768052516 0.65625 0.3479212253829322 0.646875 0.350109409190372 0.646875 0.3544857768052516 0.65 0.3588621444201313 0.6578125 0.36323851203501095 0.6796875 0.3676148796498906 0.6890625 0.38293216630196936 0.6921875 0.3982494529540481 0.6953125 0.40043763676148797 0.7046875 0.3938730853391685 0.7046875 0.38949671772428884 0.728125 0.3588621444201313 0.7296875 0.3479212253829322 0.728125 0.34573304157549234 0.7265625 0.3479212253829322 0.696875 0.3479212253829322 0.6828125 0.3544857768052516
2 0.134375 0 0.134375 0.002188183807439825 0.1328125 0.00437636761487965 0.109375 0.006564551422319475 0.1078125 0.0175054704595186 0.103125 0.024070021881838075 0.0859375 0.03282275711159737 0.08125 0.04157549234135667 0.071875 0.05032822757111598 0.0671875 0.07658643326039387 0.05 0.09846827133479212 0.05 0.10940919037199125 0.053125 0.11159737417943107 0.053125 0.11816192560175055 0.05625 0.12691466083150985 0.0671875 0.1422319474835886 0.071875 0.15317286652078774 0.071875 0.15973741794310722 0.0640625 0.175054704595186 0.0640625 0.18161925601750548 0.05625 0.19912472647702406 0.0546875 0.21444201312910285 0.05625 0.2188183807439825 0.0640625 0.22319474835886213 0.0734375 0.23413566739606126 0.090625 0.24070021881838075 0.1 0.25601750547045954 0.11875 0.26695842450765866 0.1234375 0.2735229759299781 0.1234375 0.2778993435448578 0.115625 0.29321663019693656 0.115625 0.30196936542669583 0.1125 0.31291028446389496 0.115625 0.3282275711159737 0.1203125 0.3347921225382932 0.1390625 0.3435448577680525 0.1515625 0.3435448577680525 0.1625 0.3544857768052516 0.2140625 0.3544857768052516 0.221875 0.350109409190372 0.2546875 0.350109409190372 0.259375 0.3479212253829322 0.2625 0.34573304157549234 0.2640625 0.33260393873085337 0.26875 0.32603938730853393 0.271875 0.32603938730853393 0.2734375 0.3150984682713348 0.2765625 0.31291028446389496 0.2734375 0.31072210065645517 0.26875 0.29978118161925604 0.265625 0.2910284463894967 0.265625 0.2844638949671772 0.2765625 0.27571115973741794 0.2765625 0.26914660831509846 0.271875 0.2647702407002188 0.2671875 0.2538293216630197 0.265625 0.24070021881838075 0.2578125 0.22319474835886213 0.25625 0.19912472647702406 0.253125 0.19474835886214442 0.2515625 0.18161925601750548 0.2484375 0.17943107221006566 0.24375 0.16849015317286653 0.24375 0.15973741794310722 0.25 0.15317286652078774 0.25625 0.15098468271334792 0.271875 0.15317286652078774 0.2734375 0.15098468271334792 0.28125 0.15098468271334792 0.2875 0.15536105032822758 0.296875 0.15536105032822758 0.3 0.15973741794310722 0.3046875 0.15973741794310722 0.30625 0.1487964989059081 0.3046875 0.14660831509846828 0.3046875 0.13347921225382933 0.2984375 0.12472647702407003 0.30625 0.1137855579868709 0.3078125 0.1050328227571116 0.3109375 0.10065645514223195 0.31875 0.10284463894967177 0.3203125 0.10722100656455143 0.3328125 0.1137855579868709 0.34375 0.12472647702407003 0.365625 0.15536105032822758 0.3703125 0.15536105032822758 0.3734375 0.15098468271334792 0.3796875 0.15098468271334792 0.4 0.1772428884026258 0.4 0.1838074398249453 0.403125 0.18599562363238512 0.4109375 0.20350109409190373 0.4171875 0.20787746170678337 0.4203125 0.20568927789934355 0.4375 0.20568927789934355 0.4484375 0.2100656455142232 0.45 0.21444201312910285 0.4609375 0.21444201312910285 0.4734375 0.18818380743982493 0.478125 0.1838074398249453 0.48125 0.17286652078774617 0.48125 0.16411378555798686 0.490625 0.14442013129102846 0.49375 0.12691466083150985 0.503125 0.11597374179431072 0.503125 0.10940919037199125 0.509375 0.09190371991247265 0.509375 0.08533916849015317 0.515625 0.07658643326039387 0.5234375 0.05908096280087528 0.528125 0.05470459518599562 0.53125 0.04157549234135667 0.5375 0.028446389496717725 0.5375 0.02188183807439825 0.540625 0.0175054704595186 0.54375 0.02188183807439825 0.5421875 0.0262582056892779 0.5484375 0.0350109409190372 0.55 0.04157549234135667 0.5484375 0.05032822757111598 0.553125 0.05689277899343545 0.55 0.05908096280087528 0.5484375 0.07221006564551423 0.5421875 0.0787746170678337 0.5390625 0.09190371991247265 0.54375 0.11816192560175055 0.546875 0.12253829321663019 0.546875 0.12910284463894967 0.55 0.13347921225382933 0.5625 0.13347921225382933 0.5640625 0.13566739606126915 0.5609375 0.1400437636761488 0.5671875 0.1487964989059081 0.5703125 0.1487964989059081 0.5765625 0.14442013129102846 0.5921875 0.12035010940919037 0.60625 0.10722100656455143 0.60625 0.10065645514223195 0.6140625 0.09190371991247265 0.6171875 0.09190371991247265 0.621875 0.08533916849015317 0.6265625 0.08533916849015317 0.6328125 0.0787746170678337 0.6390625 0.0787746170678337 0.64375 0.07439824945295405 0.6453125 0.08315098468271334 0.64375 0.087527352297593 0.65 0.10284463894967177 0.65 0.1137855579868709 0.653125 0.11597374179431072 0.65625 0.12910284463894967 0.665625 0.1400437636761488 0.6640625 0.1487964989059081 0.665625 0.15317286652078774 0.6625 0.16411378555798686 0.6671875 0.17067833698030635 0.6671875 0.2013129102844639 0.671875 0.20568927789934355 0.6859375 0.19912472647702406 0.696875 0.19912472647702406 0.703125 0.19037199124726478 0.7046875 0.17067833698030635 0.703125 0.15973741794310722 0.7078125 0.1487964989059081 0.709375 0.13347921225382933 0.7046875 0.11816192560175055 0.6984375 0.11597374179431072 0.6953125 0.10940919037199125 0.696875 0.09190371991247265 0.7015625 0.087527352297593 0.7015625 0.08315098468271334 0.696875 0.0787746170678337 0.696875 0.05470459518599562 0.6953125 0.05032822757111598 0.696875 0.0437636761487965 0.7046875 0.03282275711159737 0.709375 0.03282275711159737 0.7109375 0.037199124726477024 0.715625 0.037199124726477024 0.71875 0.024070021881838075 0.7296875 0.0262582056892779 0.73125 0.024070021881838075 0.7328125 0.028446389496717725 0.73125 0.030634573304157548 0.725 0.03282275711159737 0.728125 0.037199124726477024 0.73125 0.037199124726477024 0.734375 0.030634573304157548 0.7375 0.0350109409190372 0.740625 0.0437636761487965 0.7375 0.05032822757111598 0.7390625 0.05032822757111598 0.7421875 0.05689277899343545 0.7453125 0.05689277899343545 0.746875 0.045951859956236324 0.7453125 0.04157549234135667 0.75625 0.03282275711159737 0.7609375 0.0437636761487965 0.7578125 0.04814004376367615 0.7609375 0.05032822757111598 0.7578125 0.05470459518599562 0.7546875 0.0525164113785558 0.7546875 0.05689277899343545 0.765625 0.05689277899343545 0.7734375 0.045951859956236324 0.7796875 0.0437636761487965 0.7890625 0.0262582056892779 0.79375 0.02188183807439825 0.7984375 0.0087527352297593 0.7984375 0 0.7953125 0 0.79375 0.00437636761487965 0.7859375 0.006564551422319475 0.778125 0.00437636761487965 0.7765625 0 0.740625 0 0.7375 0.006564551422319475 0.7328125 0 0.728125 0.006564551422319475 0.7171875 0.006564551422319475 0.7140625 0 0.671875 0 0.6703125 0.00437636761487965 0.6609375 0.00437636761487965 0.659375 0 0.6234375 0 0.6203125 0.006564551422319475 0.59375 0.006564551422319475 0.5890625 0 0.5546875 0 0.553125 0.00437636761487965 0.5421875 0.006564551422319475 0.5390625 0.015317286652078774 0.5359375 0.015317286652078774 0.534375 0.006564551422319475 0.5296875 0 0.48125 0 0.4796875 0.00437636761487965 0.4703125 0.006564551422319475 0.465625 0.00437636761487965 0.4640625 0 0.446875 0 0.4421875 0.0087527352297593 0.4359375 0 0.434375 0.00437636761487965 0.43125 0.00437636761487965 0.4296875 0 0.4140625 0 0.4125 0.00437636761487965 0.3984375 0.006564551422319475 0.390625 0.00437636761487965 0.3890625 0 0.3171875 0 0.3140625 0.006564551422319475 0.303125 0.0087527352297593 0.3015625 0.006564551422319475 0.271875 0.00437636761487965 0.2703125 0 0.21875 0 0.2171875 0.00437636761487965 0.2046875 0.00437636761487965 0.203125 0 0.134375 0
2 0.1359375 0 0.1359375 0.002188183807439825 0.128125 0.006564551422319475 0.1171875 0.00437636761487965 0.109375 0.006564551422319475 0.1078125 0.0175054704595186 0.103125 0.024070021881838075 0.0828125 0.0350109409190372 0.0703125 0.0525164113785558 0.06875 0.07221006564551423 0.05 0.0962800875273523 0.0484375 0.10722100656455143 0.05 0.1137855579868709 0.053125 0.11597374179431072 0.0546875 0.12472647702407003 0.0671875 0.1422319474835886 0.071875 0.15317286652078774 0.0671875 0.17067833698030635 0.0625 0.1772428884026258 0.0625 0.18161925601750548 0.053125 0.20568927789934355 0.053125 0.21444201312910285 0.059375 0.22319474835886213 0.071875 0.23413566739606126 0.0765625 0.23413566739606126 0.0890625 0.24070021881838075 0.0984375 0.25601750547045954 0.1015625 0.25601750547045954 0.1046875 0.2603938730853392 0.121875 0.2713347921225383 0.1234375 0.2778993435448578 0.115625 0.29321663019693656 0.1125 0.31072210065645517 0.1125 0.32166301969365424 0.11875 0.3347921225382932 0.1359375 0.3435448577680525 0.153125 0.34573304157549234 0.1609375 0.3544857768052516 0.2140625 0.3544857768052516 0.221875 0.350109409190372 0.2578125 0.350109409190372 0.2640625 0.3435448577680525 0.265625 0.3304157549234136 0.2765625 0.32166301969365424 0.2765625 0.31072210065645517 0.2734375 0.3085339168490153 0.271875 0.29978118161925604 0.2671875 0.2910284463894967 0.2671875 0.2844638949671772 0.2765625 0.2778993435448578 0.278125 0.2735229759299781 0.2734375 0.26695842450765866 0.265625 0.24288840262582057 0.265625 0.2363238512035011 0.259375 0.22319474835886213 0.2578125 0.19912472647702406 0.2515625 0.1772428884026258 0.2453125 0.16849015317286653 0.2453125 0.15973741794310722 0.25 0.15317286652078774 0.2578125 0.15098468271334792 0.28125 0.15098468271334792 0.2890625 0.15536105032822758 0.3046875 0.1575492341356674 0.3078125 0.15098468271334792 0.3046875 0.14442013129102846 0.30625 0.13566739606126915 0.3015625 0.12691466083150985 0.3015625 0.12253829321663019 0.3078125 0.1137855579868709 0.3109375 0.10065645514223195 0.3203125 0.10284463894967177 0.321875 0.10722100656455143 0.334375 0.1137855579868709 0.3515625 0.13347921225382933 0.3578125 0.1422319474835886 0.359375 0.1487964989059081 0.3640625 0.15317286652078774 0.3703125 0.15536105032822758 0.375 0.15098468271334792 0.3796875 0.15098468271334792 0.39375 0.17286652078774617 0.4 0.1772428884026258 0.4 0.18161925601750548 0.4046875 0.18599562363238512 0.4078125 0.19693654266958424 0.4125 0.20350109409190373 0.4375 0.20568927789934355 0.4453125 0.2100656455142232 0.4515625 0.2100656455142232 0.453125 0.21444201312910285 0.4578125 0.21444201312910285 0.459375 0.2100656455142232 0.4625 0.2100656455142232 0.4734375 0.18818380743982493 0.478125 0.1838074398249453 0.48125 0.17286652078774617 0.48125 0.16192560175054704 0.4875 0.1487964989059081 0.4875 0.1400437636761488 0.4671875 0.1422319474835886 0.4625 0.1487964989059081 0.45 0.15098468271334792 0.446875 0.1575492341356674 0.440625 0.1575492341356674 0.4390625 0.15317286652078774 0.43125 0.15098468271334792 0.4265625 0.1422319474835886 0.4234375 0.1422319474835886 0.4171875 0.13347921225382933 0.40625 0.12472647702407003 0.403125 0.12035010940919037 0.4046875 0.11597374179431072 0.403125 0.11159737417943107 0.4 0.11159737417943107 0.403125 0.1137855579868709 0.3984375 0.11816192560175055 0.3890625 0.1137855579868709 0.384375 0.10722100656455143 0.384375 0.08315098468271334 0.3796875 0.07658643326039387 0.36875 0.07439824945295405 0.3671875 0.0700218818380744 0.3609375 0.0700218818380744 0.35625 0.06564551422319474 0.3484375 0.06345733041575492 0.340625 0.04814004376367615 0.33125 0.04157549234135667 0.328125 0.0350109409190372 0.321875 0.0350109409190372 0.3109375 0.028446389496717725 0.3015625 0.01312910284463895 0.2921875 0.006564551422319475 0.26875 0.00437636761487965 0.2671875 0 0.2203125 0 0.21875 0.00437636761487965 0.203125 0.00437636761487965 0.2015625 0 0.1359375 0
2 0.3703125 0.17286652078774617 0.3703125 0.20787746170678337 0.3734375 0.2275711159737418 0.371875 0.22975929978118162 0.371875 0.24288840262582057 0.3734375 0.24507658643326038 0.38125 0.24507658643326038 0.4046875 0.2275711159737418 0.4078125 0.21663019693654267 0.403125 0.20568927789934355 0.4015625 0.1925601750547046 0.3984375 0.19037199124726478 0.39375 0.1772428884026258 0.378125 0.1575492341356674 0.3765625 0.1575492341356674 0.3734375 0.15973741794310722 0.3703125 0.17286652078774617
2 0.39375 0.8161925601750547 0.39375 0.8687089715536105 0.3984375 0.8862144420131292 0.4046875 0.8949671772428884 0.4171875 0.8949671772428884 0.41875 0.8905908096280087 0.4265625 0.8862144420131292 0.4328125 0.8774617067833698 0.4421875 0.8708971553610503 0.446875 0.8446389496717724 0.4453125 0.8424507658643327 0.446875 0.8402625820568927 0.446875 0.8205689277899344 0.4484375 0.8161925601750547 0.453125 0.8096280087527352 0.465625 0.8074398249452954 0.46875 0.8008752735229759 0.4734375 0.8008752735229759 0.478125 0.7964989059080962 0.4703125 0.7855579868708972 0.45625 0.774617067833698 0.425 0.7724288840262582 0.4234375 0.774617067833698 0.4109375 0.774617067833698 0.4046875 0.7680525164113785 0.403125 0.7702407002188184 0.4 0.7724288840262582 0.39375 0.8161925601750547
2 0.7 0.0350109409190372 0.696875 0.0437636761487965 0.6953125 0.06345733041575492 0.6984375 0.08315098468271334 0.70625 0.08971553610503283 0.7140625 0.08971553610503283 0.71875 0.08533916849015317 0.7234375 0.06783369803063458 0.7375 0.05032822757111598 0.7359375 0.030634573304157548 0.73125 0.024070021881838075 0.7296875 0.024070021881838075 0.7125 0.024070021881838075 0.7 0.0350109409190372
2 0.640625 0.087527352297593 0.634375 0.08533916849015317 0.6296875 0.087527352297593 0.615625 0.10065645514223195 0.60625 0.11597374179431072 0.6 0.12035010940919037 0.584375 0.1400437636761488 0.584375 0.14442013129102846 0.578125 0.15536105032822758 0.5625 0.1772428884026258 0.5546875 0.19693654266958424 0.5578125 0.21444201312910285 0.5625 0.21444201312910285 0.5640625 0.2100656455142232 0.5796875 0.2100656455142232 0.58125 0.20787746170678337 0.5890625 0.2100656455142232 0.590625 0.21444201312910285 0.59375 0.21444201312910285 0.6015625 0.2210065645514223 0.61875 0.25164113785557984 0.6296875 0.2603938730853392 0.6328125 0.2735229759299781 0.6328125 0.2910284463894967 0.634375 0.29540481400437635 0.640625 0.2975929978118162 0.659375 0.28665207877461707 0.66875 0.24726477024070023 0.6734375 0.23851203501094093 0.671875 0.22975929978118162 0.6671875 0.22319474835886213 0.6625 0.22319474835886213 0.6578125 0.21663019693654267 0.659375 0.20787746170678337 0.659375 0.15317286652078774 0.65625 0.13129102844638948 0.6515625 0.11816192560175055 0.65 0.11816192560175055 0.6453125 0.10722100656455143 0.640625 0.087527352297593
2 0.671875 0.6608315098468271 0.6625 0.6783369803063457 0.6609375 0.6914660831509847 0.6578125 0.6980306345733042 0.6515625 0.7067833698030634 0.646875 0.7089715536105032 0.6609375 0.7089715536105032 0.6671875 0.7045951859956237 0.6734375 0.7133479212253829 0.675 0.7242888402625821 0.678125 0.7264770240700219 0.6796875 0.7330415754923414 0.6890625 0.7461706783369803 0.7078125 0.7571115973741794 0.721875 0.7571115973741794 0.7234375 0.7549234135667396 0.7234375 0.7417943107221007 0.7171875 0.7221006564551422 0.7140625 0.7177242888402626 0.7140625 0.7133479212253829 0.7015625 0.6914660831509847 0.690625 0.6805251641137856 0.6875 0.6695842450765864 0.6796875 0.6586433260393874 0.678125 0.6586433260393874 0.675 0.6564551422319475 0.671875 0.6608315098468271
2 0.553125 0.7155361050328227 0.55 0.7177242888402626 0.5453125 0.7330415754923414 0.5453125 0.7461706783369803 0.55 0.7571115973741794 0.55 0.7614879649890591 0.553125 0.7636761487964989 0.5609375 0.7811816192560175 0.5703125 0.7943107221006565 0.5875 0.811816192560175 0.5953125 0.8183807439824945 0.5984375 0.8183807439824945 0.6 0.8227571115973742 0.6140625 0.824945295404814 0.6171875 0.8227571115973742 0.6234375 0.8096280087527352 0.6234375 0.7899343544857768 0.6046875 0.7352297592997812 0.5921875 0.7242888402625821 0.584375 0.7221006564551422 0.5796875 0.7177242888402626 0.575 0.7177242888402626 0.5734375 0.7133479212253829 0.5578125 0.7067833698030634 0.55625 0.7067833698030634 0.553125 0.7089715536105032 0.553125 0.7155361050328227
2 0.3171875 0 0.3171875 0.002188183807439825 0.315625 0.006564551422319475 0.3171875 0.010940919037199124 0.325 0.02188183807439825 0.328125 0.02188183807439825 0.334375 0.030634573304157548 0.3390625 0.03282275711159737 0.340625 0.037199124726477024 0.3453125 0.037199124726477024 0.35 0.0525164113785558 0.3546875 0.05470459518599562 0.3609375 0.06345733041575492 0.3765625 0.06345733041575492 0.3796875 0.06564551422319474 0.390625 0.08096280087527352 0.3890625 0.08533916849015317 0.390625 0.087527352297593 0.390625 0.09846827133479212 0.3953125 0.10284463894967177 0.3953125 0.10722100656455143 0.40625 0.10722100656455143 0.4109375 0.11816192560175055 0.421875 0.13129102844638948 0.428125 0.13347921225382933 0.4328125 0.1400437636761488 0.4390625 0.1400437636761488 0.4453125 0.1487964989059081 0.4578125 0.14442013129102846 0.459375 0.1400437636761488 0.4671875 0.1400437636761488 0.4703125 0.13566739606126915 0.4859375 0.1400437636761488 0.4875 0.14442013129102846 0.4921875 0.13566739606126915 0.490625 0.13129102844638948 0.49375 0.12472647702407003 0.5015625 0.12035010940919037 0.503125 0.10940919037199125 0.5078125 0.09846827133479212 0.509375 0.08533916849015317 0.51875 0.07221006564551423 0.521875 0.061269146608315096 0.528125 0.05470459518599562 0.534375 0.0350109409190372 0.5390625 0.030634573304157548 0.5453125 0.0350109409190372 0.546875 0.05689277899343545 0.5375 0.0962800875273523 0.5375 0.10284463894967177 0.5453125 0.12691466083150985 0.546875 0.15536105032822758 0.559375 0.16411378555798686 0.5640625 0.16411378555798686 0.5765625 0.1487964989059081 0.5796875 0.14442013129102846 0.5796875 0.1400437636761488 0.59375 0.12035010940919037 0.6 0.1137855579868709 0.603125 0.1137855579868709 0.60625 0.10940919037199125 0.60625 0.1050328227571116 0.6171875 0.09190371991247265 0.6203125 0.09190371991247265 0.63125 0.08096280087527352 0.6421875 0.0787746170678337 0.65 0.1050328227571116 0.65 0.11159737417943107 0.653125 0.1137855579868709 0.653125 0.12035010940919037 0.6625 0.13785557986870897 0.6640625 0.15317286652078774 0.6625 0.15536105032822758 0.6625 0.16630196936542668 0.665625 0.175054704595186 0.6671875 0.2013129102844639 0.671875 0.20568927789934355 0.678125 0.20568927789934355 0.6859375 0.2013129102844639 0.703125 0.19912472647702406 0.70625 0.19037199124726478 0.7046875 0.18818380743982493 0.70625 0.17067833698030635 0.7046875 0.16192560175054704 0.7109375 0.1400437636761488 0.7109375 0.12035010940919037 0.703125 0.10940919037199125 0.6984375 0.10722100656455143 0.696875 0.10065645514223195 0.6984375 0.0962800875273523 0.7046875 0.087527352297593 0.715625 0.08315098468271334 0.7203125 0.07658643326039387 0.7203125 0.0700218818380744 0.7234375 0.06345733041575492 0.728125 0.061269146608315096 0.7296875 0.05689277899343545 0.7375 0.05470459518599562 0.74375 0.05908096280087528 0.759375 0.061269146608315096 0.771875 0.05689277899343545 0.7734375 0.05032822757111598 0.7859375 0.037199124726477024 0.7890625 0.028446389496717725 0.7984375 0.015317286652078774 0.7984375 0.010940919037199124 0.8015625 0.0087527352297593 0.803125 0 0.740625 0 0.7375 0.00437636761487965 0.7359375 0 0.725 0 0.7234375 0.00437636761487965 0.71875 0.00437636761487965 0.7171875 0 0.66875 0 0.665625 0.00437636761487965 0.6640625 0 0.615625 0 0.6140625 0.00437636761487965 0.59375 0.00437636761487965 0.5921875 0 0.5453125 0 0.54375 0.00437636761487965 0.5328125 0.00437636761487965 0.53125 0 0.478125 0 0.4765625 0.00437636761487965 0.4671875 0.00437636761487965 0.465625 0 0.44375 0 0.4421875 0.00437636761487965 0.440625 0 0.409375 0 0.4046875 0.006564551422319475 0.4 0.006564551422319475 0.39375 0.00437636761487965 0.3921875 0 0.3171875 0
2 0.3109375 0.16192560175054704 0.315625 0.1772428884026258 0.315625 0.1838074398249453 0.3234375 0.2013129102844639 0.3234375 0.20568927789934355 0.328125 0.2100656455142232 0.328125 0.21663019693654267 0.33125 0.22319474835886213 0.3328125 0.23413566739606126 0.3328125 0.24288840262582057 0.3296875 0.24726477024070023 0.328125 0.25820568927789933 0.325 0.2603938730853392 0.325 0.2647702407002188 0.33125 0.2713347921225383 0.334375 0.2713347921225383 0.3421875 0.28227571115973743 0.3421875 0.28665207877461707 0.346875 0.2975929978118162 0.3546875 0.3063457330415755 0.35625 0.3150984682713348 0.365625 0.3172866520787746 0.3640625 0.2647702407002188 0.3734375 0.24726477024070023 0.36875 0.17286652078774617 0.3609375 0.1575492341356674 0.353125 0.14660831509846828 0.3484375 0.14442013129102846 0.3484375 0.1400437636761488 0.3375 0.12472647702407003 0.3203125 0.1137855579868709 0.3171875 0.10940919037199125 0.315625 0.10940919037199125 0.3109375 0.11597374179431072 0.3109375 0.16192560175054704
2 0.5546875 0 0.5546875 0.002188183807439825 0.5578125 0.015317286652078774 0.565625 0.0262582056892779 0.5640625 0.028446389496717725 0.56875 0.0350109409190372 0.5703125 0.0437636761487965 0.578125 0.05470459518599562 0.58125 0.07221006564551423 0.5890625 0.07439824945295405 0.59375 0.0787746170678337 0.603125 0.0787746170678337 0.6109375 0.087527352297593 0.6203125 0.087527352297593 0.63125 0.0787746170678337 0.6390625 0.0787746170678337 0.64375 0.07439824945295405 0.65 0.09409190371991247 0.65 0.10722100656455143 0.6578125 0.11816192560175055 0.6625 0.1137855579868709 0.6640625 0.1050328227571116 0.684375 0.07439824945295405 0.684375 0.05689277899343545 0.6875 0.05032822757111598 0.7 0.03282275711159737 0.7046875 0.030634573304157548 0.7109375 0.02188183807439825 0.71875 0.006564551422319475 0.715625 0 0.6703125 0 0.66875 0.00437636761487965 0.6640625 0.00437636761487965 0.6625 0 0.61875 0 0.6140625 0.006564551422319475 0.603125 0.006564551422319475 0.6015625 0.00437636761487965 0.5921875 0.00437636761487965 0.590625 0 0.5546875 0
2 0.621875 0.09409190371991247 0.60625 0.11597374179431072 0.6 0.12035010940919037 0.584375 0.1400437636761488 0.584375 0.14442013129102846 0.5796875 0.15317286652078774 0.5625 0.1772428884026258 0.5578125 0.1925601750547046 0.5578125 0.20350109409190373 0.56875 0.20568927789934355 0.5703125 0.20350109409190373 0.5734375 0.20787746170678337 0.584375 0.20787746170678337 0.5890625 0.2100656455142232 0.590625 0.21444201312910285 0.6015625 0.2188183807439825 0.6125 0.24070021881838075 0.625 0.25601750547045954 0.6296875 0.25601750547045954 0.63125 0.24945295404814005 0.6390625 0.24070021881838075 0.640625 0.23413566739606126 0.646875 0.23194748358862144 0.65625 0.22319474835886213 0.65625 0.212253829321663 0.659375 0.19912472647702406 0.6578125 0.1400437636761488 0.6515625 0.11816192560175055 0.6484375 0.11597374179431072 0.640625 0.08971553610503283 0.6375 0.08533916849015317 0.6359375 0.087527352297593 0.6296875 0.087527352297593 0.621875 0.09409190371991247
2 0.6875 0.28227571115973743 0.6796875 0.2844638949671772 0.678125 0.2888402625820569 0.671875 0.2888402625820569 0.653125 0.29978118161925604 0.646875 0.29978118161925604 0.6390625 0.3063457330415755 0.646875 0.34573304157549234 0.65625 0.34573304157549234 0.659375 0.350109409190372 0.6671875 0.350109409190372 0.66875 0.3522975929978118 0.684375 0.3522975929978118 0.6921875 0.3479212253829322 0.703125 0.3479212253829322 0.721875 0.32603938730853393 0.7234375 0.3172866520787746 0.7375 0.29978118161925604 0.746875 0.2713347921225383 0.746875 0.2603938730853392 0.74375 0.25820568927789933 0.7421875 0.2603938730853392 0.7125 0.26695842450765866 0.6875 0.28227571115973743
2 0.559375 0.8074398249452954 0.559375 0.8468271334792122 0.5578125 0.8577680525164114 0.5546875 0.8643326039387309 0.546875 0.8665207877461707 0.5390625 0.8599562363238512 0.5328125 0.862144420131291 0.5296875 0.8905908096280087 0.528125 0.8971553610503282 0.5234375 0.9015317286652079 0.5234375 0.9059080962800875 0.51875 0.9168490153172867 0.5171875 0.9321663019693655 0.521875 0.936542669584245 0.5296875 0.9387308533916849 0.540625 0.936542669584245 0.5640625 0.9059080962800875 0.571875 0.8818380743982495 0.5734375 0.8643326039387309 0.5765625 0.862144420131291 0.5765625 0.8555798687089715 0.5875 0.8293216630196937 0.584375 0.8183807439824945 0.56875 0.7964989059080962 0.5640625 0.7943107221006565 0.5625 0.7964989059080962 0.5578125 0.8030634573304157 0.559375 0.8074398249452954
2 0.6828125 0.5667396061269147 0.6921875 0.5951859956236324 0.69375 0.6192560175054704 0.696875 0.6214442013129103 0.7140625 0.6214442013129103 0.71875 0.6192560175054704 0.7234375 0.612691466083151 0.7234375 0.5973741794310722 0.7171875 0.5886214442013129 0.7234375 0.5820568927789934 0.7453125 0.5733041575492341 0.75 0.5667396061269147 0.7734375 0.5667396061269147 0.765625 0.5536105032822757 0.7515625 0.5426695842450766 0.7234375 0.5382932166301969 0.721875 0.5339168490153173 0.70625 0.5339168490153173 0.70625 0.5361050328227571 0.6890625 0.5536105032822757 0.6828125 0.5667396061269147
0 0.5046875 0.2275711159737418 0.4875 0.24070021881838075 0.4765625 0.23194748358862144 0.471875 0.23194748358862144 0.4625 0.22538293216630198 0.44375 0.2210065645514223 0.4375 0.21663019693654267 0.421875 0.21663019693654267 0.4140625 0.2210065645514223 0.403125 0.23413566739606126 0.4 0.23413566739606126 0.3875 0.24507658643326038 0.378125 0.24945295404814005 0.36875 0.26258205689277897 0.3671875 0.26914660831509846 0.3703125 0.2910284463894967 0.3703125 0.3172866520787746 0.3625 0.3522975929978118 0.3625 0.36542669584245074 0.359375 0.37636761487964987 0.359375 0.3982494529540481 0.365625 0.41575492341356673 0.3796875 0.43544857768052514 0.375 0.437636761487965 0.3625 0.4310722100656455 0.35625 0.4310722100656455 0.3546875 0.42669584245076586 0.3359375 0.42669584245076586 0.334375 0.4310722100656455 0.325 0.43326039387308535 0.31875 0.4420131291028446 0.3046875 0.47921225382932164 0.2890625 0.49671772428884026 0.2859375 0.5032822757111597 0.275 0.5098468271334792 0.271875 0.5164113785557987 0.2734375 0.5382932166301969 0.278125 0.5426695842450766 0.28125 0.5536105032822757 0.2796875 0.6039387308533917 0.28125 0.6105032822757112 0.2890625 0.6214442013129103 0.2984375 0.6301969365426696 0.315625 0.6389496717724289 0.3171875 0.6433260393873085 0.325 0.649890590809628 0.340625 0.6564551422319475 0.3625 0.6564551422319475 0.3859375 0.6433260393873085 0.3875 0.6389496717724289 0.3984375 0.6280087527352297 0.4 0.6214442013129103 0.403125 0.6214442013129103 0.4046875 0.6148796498905909 0.40625 0.6236323851203501 0.403125 0.6301969365426696 0.4046875 0.6323851203501094 0.4015625 0.6367614879649891 0.396875 0.6367614879649891 0.396875 0.6433260393873085 0.3890625 0.6630196936542669 0.3875 0.6827133479212254 0.4 0.7352297592997812 0.4 0.7439824945295405 0.403125 0.7461706783369803 0.4046875 0.7592997811816192 0.4125 0.7702407002188184 0.45625 0.7680525164113785 0.4671875 0.774617067833698 0.471875 0.7811816192560175 0.4765625 0.7833698030634574 0.478125 0.787746170678337 0.4859375 0.7899343544857768 0.515625 0.7636761487964989 0.5265625 0.75054704595186 0.5328125 0.7199124726477024 0.534375 0.6914660831509847 0.5375 0.687089715536105 0.5609375 0.7045951859956237 0.56875 0.7067833698030634 0.5734375 0.7111597374179431 0.5796875 0.7111597374179431 0.58125 0.7155361050328227 0.603125 0.7264770240700219 0.6140625 0.7264770240700219 0.6265625 0.7155361050328227 0.628125 0.7111597374179431 0.646875 0.7024070021881839 0.6546875 0.6936542669584245 0.6609375 0.6717724288840262 0.66875 0.6608315098468271 0.6734375 0.6477024070021882 0.678125 0.6433260393873085 0.678125 0.6389496717724289 0.6890625 0.6192560175054704 0.6890625 0.5973741794310722 0.68125 0.5754923413566739 0.6796875 0.5645514223194749 0.7109375 0.5164113785557987 0.7140625 0.5076586433260394 0.7171875 0.4726477024070022 0.721875 0.45951859956236324 0.7203125 0.45076586433260396 0.7046875 0.4288840262582057 0.7015625 0.4201312910284464 0.6953125 0.4135667396061269 0.6875 0.3938730853391685 0.6875 0.387308533916849 0.684375 0.3785557986870897 0.6796875 0.37199124726477023 0.6578125 0.3676148796498906 0.64375 0.3588621444201313 0.640625 0.3522975929978118 0.6390625 0.31947483588621445 0.6296875 0.29540481400437635 0.628125 0.26914660831509846 0.6265625 0.2647702407002188 0.6140625 0.25164113785557984 0.6015625 0.2275711159737418 0.5921875 0.2188183807439825 0.584375 0.21663019693654267 0.56875 0.2210065645514223 0.55 0.2210065645514223 0.5328125 0.20350109409190373 0.53125 0.20350109409190373 0.5203125 0.20568927789934355 0.5046875 0.2275711159737418