1 0.9875 0.06623931623931624 0.96875 0.09188034188034189 0.9671875 0.10256410256410256 0.9640625 0.10683760683760683 0.95625 0.1047008547008547 0.95 0.10683760683760683 0.9484375 0.1111111111111111 0.9375 0.11752136752136752 0.934375 0.12393162393162394 0.9296875 0.12606837606837606 0.9203125 0.1388888888888889 0.9171875 0.14743589743589744 0.9171875 0.15384615384615385 0.9125 0.1581196581196581 0.909375 0.16880341880341881 0.90625 0.17094017094017094 0.9015625 0.19444444444444445 0.8984375 0.19658119658119658 0.8953125 0.23931623931623933 0.89375 0.24145299145299146 0.89375 0.2606837606837607 0.896875 0.26495726495726496 0.896875 0.2692307692307692 0.9015625 0.27350427350427353 0.903125 0.2799145299145299 0.9109375 0.2863247863247863 0.9125 0.29273504273504275 0.9171875 0.297008547008547 0.9140625 0.30128205128205127 0.921875 0.31196581196581197 0.940625 0.31837606837606836 0.9421875 0.32264957264957267 0.946875 0.32264957264957267 0.9609375 0.3311965811965812 0.9703125 0.3311965811965812 0.971875 0.33547008547008544 0.996875 0.33760683760683763 0.9984375 0.33547008547008544 0.9984375 0.2841880341880342 0.9953125 0.28205128205128205 0.9953125 0.27564102564102566 0.9984375 0.27136752136752135 0.9984375 0.04700854700854701 0.996875 0.04700854700854701 0.9921875 0.049145299145299144 0.9875 0.06623931623931624
1 0.9765625 0.07905982905982906 0.9734375 0.08974358974358974 0.96875 0.09401709401709402 0.9640625 0.11965811965811966 0.9609375 0.12179487179487179 0.959375 0.13247863247863248 0.95625 0.1388888888888889 0.95625 0.14743589743589744 0.953125 0.14957264957264957 0.953125 0.16452991452991453 0.9578125 0.16666666666666666 0.959375 0.16452991452991453 0.965625 0.17094017094017094 0.965625 0.18376068376068377 0.9578125 0.18803418803418803 0.975 0.202991452991453 0.9765625 0.21153846153846154 0.9796875 0.21367521367521367 0.9796875 0.21794871794871795 0.9828125 0.2222222222222222 0.9859375 0.2222222222222222 0.9875 0.2264957264957265 0.9921875 0.22863247863247863 0.9984375 0.2264957264957265 0.9984375 0.04700854700854701 0.9921875 0.049145299145299144 0.9921875 0.05128205128205128 0.9875 0.06623931623931624 0.9765625 0.07905982905982906
1 0.3546875 0.1111111111111111 0.3484375 0.11538461538461539 0.34375 0.13034188034188035 0.334375 0.1388888888888889 0.33125 0.15598290598290598 0.328125 0.1581196581196581 0.328125 0.1623931623931624 0.33125 0.16452991452991453 0.3328125 0.17094017094017094 0.33125 0.19444444444444445 0.328125 0.19658119658119658 0.321875 0.22863247863247863 0.3171875 0.2264957264957265 0.3171875 0.22008547008547008 0.3140625 0.21794871794871795 0.3140625 0.21153846153846154 0.309375 0.2094017094017094 0.3078125 0.21367521367521367 0.3046875 0.21367521367521367 0.3015625 0.2094017094017094 0.303125 0.20726495726495728 0.3015625 0.202991452991453 0.2921875 0.202991452991453 0.2890625 0.20726495726495728 0.2890625 0.2094017094017094 0.29375 0.21153846153846154 0.29375 0.21794871794871795 0.2890625 0.22008547008547008 0.2890625 0.2264957264957265 0.2859375 0.23076923076923078 0.278125 0.2264957264957265 0.2765625 0.21794871794871795 0.271875 0.2222222222222222 0.2734375 0.24786324786324787 0.2765625 0.25 0.2828125 0.24786324786324787 0.284375 0.25 0.28125 0.25213675213675213 0.2875 0.25213675213675213 0.29375 0.24358974358974358 0.2953125 0.22435897435897437 0.29375 0.2222222222222222 0.3015625 0.22008547008547008 0.303125 0.2222222222222222 0.303125 0.23931623931623933 0.3 0.24358974358974358 0.303125 0.25 0.303125 0.2606837606837607 0.309375 0.26282051282051283 0.3140625 0.26282051282051283 0.3140625 0.2564102564102564 0.3109375 0.25427350427350426 0.3140625 0.25213675213675213 0.3140625 0.24145299145299146 0.3171875 0.23717948717948717 0.321875 0.23717948717948717 0.325 0.24145299145299146 0.3265625 0.26495726495726496 0.328125 0.27350427350427353 0.33125 0.27564102564102566 0.33125 0.2863247863247863 0.3203125 0.2948717948717949 0.315625 0.3076923076923077 0.3109375 0.3141025641025641 0.3078125 0.30982905982905984 0.2984375 0.3247863247863248 0.2859375 0.3311965811965812 0.284375 0.33760683760683763 0.271875 0.33974358974358976 0.265625 0.3482905982905983 0.2625 0.36324786324786323 0.265625 0.37393162393162394 0.26875 0.37606837606837606 0.2703125 0.3995726495726496 0.2765625 0.4081196581196581 0.28125 0.43162393162393164 0.284375 0.4337606837606838 0.2859375 0.4658119658119658 0.2875 0.46794871794871795 0.2859375 0.5106837606837606 0.2890625 0.5277777777777778 0.2984375 0.5341880341880342 0.303125 0.5427350427350427 0.309375 0.5448717948717948 0.3125 0.5512820512820513 0.3171875 0.5512820512820513 0.3203125 0.5555555555555556 0.3234375 0.5555555555555556 0.325 0.5598290598290598 0.3296875 0.5598290598290598 0.340625 0.5662393162393162 0.34375 0.5747863247863247 0.3484375 0.5790598290598291 0.3515625 0.5876068376068376 0.3515625 0.5961538461538461 0.35625 0.6004273504273504 0.359375 0.6132478632478633 0.3671875 0.6239316239316239 0.3703125 0.6239316239316239 0.378125 0.6346153846153846 0.3875 0.6367521367521367 0.3921875 0.6410256410256411 0.40625 0.6602564102564102 0.4234375 0.6645299145299145 0.425 0.6688034188034188 0.428125 0.6645299145299145 0.4296875 0.6688034188034188 0.434375 0.6688034188034188 0.440625 0.6730769230769231 0.4671875 0.6752136752136753 0.46875 0.6794871794871795 0.4765625 0.6816239316239316 0.496875 0.6816239316239316 0.4984375 0.6794871794871795 0.509375 0.6794871794871795 0.5109375 0.6752136752136753 0.515625 0.6730769230769231 0.5265625 0.6730769230769231 0.5359375 0.6688034188034188 0.5421875 0.6688034188034188 0.5515625 0.6752136752136753 0.5578125 0.6752136752136753 0.559375 0.6794871794871795 0.565625 0.6794871794871795 0.5671875 0.6752136752136753 0.5796875 0.6752136752136753 0.5875 0.6688034188034188 0.5828125 0.6623931623931624 0.584375 0.6581196581196581 0.58125 0.655982905982906 0.584375 0.6431623931623932 0.5796875 0.6324786324786325 0.5765625 0.6303418803418803 0.575 0.6217948717948718 0.5671875 0.6175213675213675 0.5640625 0.6132478632478633 0.5640625 0.6089743589743589 0.559375 0.6089743589743589 0.55625 0.6004273504273504 0.553125 0.6004273504273504 0.5484375 0.5897435897435898 0.54375 0.5854700854700855 0.5421875 0.5747863247863247 0.5375 0.5726495726495726 0.5359375 0.5470085470085471 0.5328125 0.5384615384615384 0.5328125 0.5149572649572649 0.5359375 0.5106837606837606 0.5359375 0.5042735042735043 0.540625 0.5 0.540625 0.4807692307692308 0.54375 0.47863247863247865 0.546875 0.46794871794871795 0.5515625 0.46794871794871795 0.553125 0.46153846153846156 0.5625 0.44871794871794873 0.571875 0.4423076923076923 0.5734375 0.43803418803418803 0.5828125 0.4337606837606838 0.5859375 0.42735042735042733 0.590625 0.4252136752136752 0.59375 0.4166666666666667 0.6 0.4166666666666667 0.609375 0.41025641025641024 0.6140625 0.41025641025641024 0.615625 0.405982905982906 0.628125 0.3995726495726496 0.6359375 0.3888888888888889 0.6359375 0.38461538461538464 0.65 0.36752136752136755 0.6546875 0.358974358974359 0.6546875 0.3482905982905983 0.6578125 0.34615384615384615 0.6578125 0.3247863247863248 0.6546875 0.32051282051282054 0.6578125 0.31837606837606836 0.6578125 0.30982905982905984 0.6640625 0.30128205128205127 0.684375 0.3034188034188034 0.690625 0.3076923076923077 0.6984375 0.3076923076923077 0.7 0.31196581196581197 0.7125 0.3141025641025641 0.715625 0.31837606837606836 0.7234375 0.31837606837606836 0.728125 0.3162393162393162 0.7328125 0.3076923076923077 0.74375 0.3055555555555556 0.75 0.30128205128205127 0.7609375 0.30128205128205127 0.7625 0.297008547008547 0.775 0.297008547008547 0.7859375 0.2905982905982906 0.7984375 0.2905982905982906 0.8 0.2863247863247863 0.821875 0.2863247863247863 0.8234375 0.2841880341880342 0.8296875 0.2863247863247863 0.83125 0.2905982905982906 0.834375 0.2863247863247863 0.853125 0.2863247863247863 0.8546875 0.2905982905982906 0.884375 0.2948717948717949 0.8859375 0.297008547008547 0.8828125 0.30128205128205127 0.8859375 0.3034188034188034 0.8875 0.31196581196581197 0.8953125 0.31196581196581197 0.896875 0.3141025641025641 0.9015625 0.3076923076923077 0.9015625 0.2948717948717949 0.8921875 0.27350427350427353 0.8796875 0.2564102564102564 0.8734375 0.25427350427350426 0.8703125 0.25 0.865625 0.25 0.8640625 0.24572649572649571 0.859375 0.24572649572649571 0.8484375 0.23931623931623933 0.846875 0.23504273504273504 0.84375 0.23504273504273504 0.8375 0.22435897435897437 0.8203125 0.21153846153846154 0.815625 0.20512820512820512 0.815625 0.20085470085470086 0.809375 0.19444444444444445 0.8078125 0.18803418803418803 0.8 0.17735042735042736 0.79375 0.1752136752136752 0.7921875 0.17094017094017094 0.7875 0.17094017094017094 0.7765625 0.16452991452991453 0.775 0.16025641025641027 0.7609375 0.15598290598290598 0.75625 0.14957264957264957 0.7390625 0.14316239316239315 0.7375 0.1388888888888889 0.7078125 0.13247863247863248 0.70625 0.1282051282051282 0.7 0.1282051282051282 0.6890625 0.12179487179487179 0.684375 0.12179487179487179 0.6828125 0.11752136752136752 0.6765625 0.11538461538461539 0.65625 0.11538461538461539 0.6453125 0.1111111111111111 0.615625 0.1111111111111111 0.6140625 0.10683760683760683 0.5890625 0.10683760683760683 0.575 0.10256410256410256 0.5625 0.10256410256410256 0.5609375 0.1047008547008547 0.528125 0.1047008547008547 0.5265625 0.10256410256410256 0.525 0.1047008547008547 0.4921875 0.1047008547008547 0.490625 0.10256410256410256 0.45 0.10256410256410256 0.4421875 0.10042735042735043 0.440625 0.09615384615384616 0.4328125 0.09188034188034189 0.421875 0.08974358974358974 0.4203125 0.08547008547008547 0.396875 0.08547008547008547 0.39375 0.08333333333333333 0.3921875 0.08547008547008547 0.3828125 0.08547008547008547 0.3828125 0.0876068376068376 0.359375 0.09615384615384616 0.3546875 0.1111111111111111
1 0.9921875 0.7735042735042735 0.990625 0.7777777777777778 0.9734375 0.7841880341880342 0.971875 0.7905982905982906 0.96875 0.7927350427350427 0.96875 0.7991452991452992 0.965625 0.8055555555555556 0.965625 0.8290598290598291 0.971875 0.8354700854700855 0.9734375 0.8504273504273504 0.978125 0.8504273504273504 0.9828125 0.8568376068376068 0.984375 0.8760683760683761 0.9828125 0.8846153846153846 0.9796875 0.8888888888888888 0.9796875 0.8974358974358975 0.984375 0.9038461538461539 0.9984375 0.9038461538461539 0.9984375 0.7777777777777778 0.996875 0.7777777777777778 0.9953125 0.7735042735042735 0.9921875 0.7735042735042735
1 0 0.905982905982906 0.003125 0.905982905982906 0.0046875 0.9038461538461539 0.0296875 0.9038461538461539 0.03125 0.8995726495726496 0.0359375 0.8974358974358975 0.0359375 0.8782051282051282 0.0328125 0.8675213675213675 0.0328125 0.8418803418803419 0.0296875 0.8397435897435898 0.028125 0.8034188034188035 0.025 0.7927350427350427 0.0203125 0.7863247863247863 0.0203125 0.7799145299145299 0.0140625 0.7713675213675214 0.009375 0.7585470085470085 0.00625 0.7564102564102564 0.0046875 0.7457264957264957 0.003125 0.7457264957264957 0 0.7414529914529915 0 0.905982905982906
1 0.1640625 0.5064102564102564 0.1671875 0.5064102564102564 0.175 0.5149572649572649 0.178125 0.5213675213675214 0.1765625 0.5256410256410257 0.16875 0.5256410256410257 0.1671875 0.5299145299145299 0.1328125 0.532051282051282 0.1234375 0.5363247863247863 0.1203125 0.5427350427350427 0.109375 0.5448717948717948 0.10625 0.5512820512820513 0.1 0.5555555555555556 0.1 0.5598290598290598 0.10625 0.5641025641025641 0.109375 0.5705128205128205 0.121875 0.5769230769230769 0.1234375 0.5811965811965812 0.1453125 0.5876068376068376 0.1484375 0.594017094017094 0.1484375 0.6047008547008547 0.146875 0.6068376068376068 0.1375 0.6068376068376068 0.1359375 0.6047008547008547 0.128125 0.6047008547008547 0.1265625 0.6004273504273504 0.1140625 0.5961538461538461 0.0859375 0.5982905982905983 0.0765625 0.6111111111111112 0.075 0.6196581196581197 0.0765625 0.6346153846153846 0.090625 0.6517094017094017 0.090625 0.655982905982906 0.096875 0.6581196581196581 0.1078125 0.6709401709401709 0.1125 0.6709401709401709 0.115625 0.6752136752136753 0.11875 0.6752136752136753 0.121875 0.6816239316239316 0.128125 0.6837606837606838 0.1296875 0.6923076923076923 0.121875 0.6987179487179487 0.1203125 0.7029914529914529 0.11875 0.6987179487179487 0.115625 0.6987179487179487 0.1125 0.6944444444444444 0.1046875 0.6923076923076923 0.103125 0.688034188034188 0.0859375 0.6816239316239316 0.0828125 0.6752136752136753 0.078125 0.6730769230769231 0.0671875 0.6581196581196581 0.0625 0.6581196581196581 0.059375 0.6645299145299145 0.0578125 0.6837606837606838 0.0609375 0.6965811965811965 0.08125 0.7072649572649573 0.0828125 0.7329059829059829 0.08125 0.7435897435897436 0.075 0.75 0.0703125 0.75 0.06875 0.7585470085470085 0.0703125 0.7649572649572649 0.0859375 0.7863247863247863 0.0828125 0.7905982905982906 0.06875 0.7884615384615384 0.0640625 0.7799145299145299 0.0609375 0.7799145299145299 0.0578125 0.7735042735042735 0.0546875 0.7735042735042735 0.05 0.7670940170940171 0.046875 0.7670940170940171 0.04375 0.7606837606837606 0.0421875 0.7713675213675214 0.046875 0.7927350427350427 0.05 0.7948717948717948 0.0546875 0.8098290598290598 0.0609375 0.8162393162393162 0.0625 0.8226495726495726 0.0671875 0.8290598290598291 0.0796875 0.8354700854700855 0.08125 0.8397435897435898 0.084375 0.8397435897435898 0.0859375 0.8354700854700855 0.090625 0.8354700854700855 0.096875 0.8290598290598291 0.1 0.8141025641025641 0.1234375 0.782051282051282 0.1390625 0.7756410256410257 0.140625 0.7713675213675214 0.159375 0.7649572649572649 0.1640625 0.7585470085470085 0.178125 0.7542735042735043 0.1796875 0.75 0.1921875 0.7435897435897436 0.1984375 0.7435897435897436 0.2046875 0.7478632478632479 0.209375 0.7649572649572649 0.2125 0.7649572649572649 0.2140625 0.7606837606837606 0.2328125 0.7585470085470085 0.234375 0.7564102564102564 0.24375 0.7564102564102564 0.2484375 0.7606837606837606 0.246875 0.7670940170940171 0.2359375 0.7735042735042735 0.23125 0.7735042735042735 0.2234375 0.7841880341880342 0.2140625 0.7841880341880342 0.2078125 0.7927350427350427 0.221875 0.7884615384615384 0.2359375 0.7884615384615384 0.2375 0.7905982905982906 0.2703125 0.7927350427350427 0.271875 0.7970085470085471 0.31875 0.8034188034188035 0.3203125 0.8076923076923077 0.325 0.8076923076923077 0.33125 0.811965811965812 0.35 0.8141025641025641 0.3515625 0.8183760683760684 0.3640625 0.8226495726495726 0.3671875 0.8290598290598291 0.384375 0.8354700854700855 0.3890625 0.8418803418803419 0.403125 0.8461538461538461 0.40625 0.8525641025641025 0.415625 0.8568376068376068 0.41875 0.8632478632478633 0.428125 0.8675213675213675 0.4296875 0.8717948717948718 0.446875 0.8717948717948718 0.4484375 0.8675213675213675 0.4546875 0.8675213675213675 0.465625 0.8611111111111112 0.4671875 0.8568376068376068 0.4703125 0.8568376068376068 0.490625 0.8290598290598291 0.490625 0.8247863247863247 0.4953125 0.8183760683760684 0.4953125 0.8098290598290598 0.4875 0.8055555555555556 0.4859375 0.8098290598290598 0.46875 0.8098290598290598 0.4671875 0.8055555555555556 0.4609375 0.8055555555555556 0.4578125 0.8012820512820513 0.459375 0.7905982905982906 0.478125 0.7649572649572649 0.478125 0.7606837606837606 0.4875 0.7478632478632479 0.490625 0.7393162393162394 0.4859375 0.717948717948718 0.4796875 0.7094017094017094 0.46875 0.7051282051282052 0.465625 0.6987179487179487 0.4421875 0.6923076923076923 0.440625 0.688034188034188 0.425 0.688034188034188 0.41875 0.6816239316239316 0.4140625 0.6816239316239316 0.4125 0.6773504273504274 0.3890625 0.6709401709401709 0.384375 0.6602564102564102 0.3796875 0.6581196581196581 0.3765625 0.6517094017094017 0.3734375 0.6517094017094017 0.3703125 0.6474358974358975 0.3703125 0.6431623931623932 0.359375 0.6367521367521367 0.3546875 0.6282051282051282 0.3515625 0.6282051282051282 0.3484375 0.6217948717948718 0.34375 0.6196581196581197 0.3390625 0.6132478632478633 0.3375 0.6004273504273504 0.3328125 0.5961538461538461 0.3296875 0.5876068376068376 0.3234375 0.5833333333333334 0.3171875 0.5747863247863247 0.309375 0.5726495726495726 0.3078125 0.5683760683760684 0.2921875 0.5683760683760684 0.2890625 0.5726495726495726 0.2875 0.6025641025641025 0.2890625 0.6047008547008547 0.2890625 0.6303418803418803 0.2875 0.6367521367521367 0.2828125 0.6431623931623932 0.2796875 0.6431623931623932 0.2765625 0.6495726495726496 0.26875 0.6538461538461539 0.2671875 0.6581196581196581 0.25625 0.6623931623931624 0.25 0.6709401709401709 0.2484375 0.6794871794871795 0.2421875 0.688034188034188 0.2421875 0.6923076923076923 0.2390625 0.6965811965811965 0.234375 0.6965811965811965 0.2296875 0.6837606837606838 0.2296875 0.6623931623931624 0.2328125 0.6538461538461539 0.24375 0.6452991452991453 0.2484375 0.6346153846153846 0.2484375 0.6153846153846154 0.2515625 0.6132478632478633 0.2515625 0.5961538461538461 0.2484375 0.594017094017094 0.2484375 0.5854700854700855 0.2515625 0.5833333333333334 0.2515625 0.5790598290598291 0.2484375 0.5769230769230769 0.246875 0.5683760683760684 0.24375 0.5641025641025641 0.240625 0.5641025641025641 0.2296875 0.5491452991452992 0.2296875 0.5448717948717948 0.225 0.5384615384615384 0.2203125 0.5213675213675214 0.215625 0.5170940170940171 0.2125 0.5021367521367521 0.209375 0.5 0.209375 0.4935897435897436 0.2046875 0.4807692307692308 0.2046875 0.4551282051282051 0.2078125 0.4444444444444444 0.20625 0.4358974358974359 0.1953125 0.43803418803418803 0.184375 0.4551282051282051 0.1765625 0.46153846153846156 0.1765625 0.4658119658119658 0.16875 0.47649572649572647 0.1640625 0.47863247863247865 0.1640625 0.4807692307692308 0.159375 0.49572649572649574 0.1640625 0.5064102564102564
1 0.85 0.9038461538461539 0.853125 0.8995726495726496 0.8546875 0.9038461538461539 0.8578125 0.8995726495726496 0.85625 0.8888888888888888 0.85 0.8824786324786325 0.8484375 0.8739316239316239 0.8453125 0.8696581196581197 0.8421875 0.8696581196581197 0.8390625 0.8653846153846154 0.840625 0.8568376068376068 0.8375 0.8482905982905983 0.834375 0.8461538461538461 0.8203125 0.8461538461538461 0.8171875 0.8418803418803419 0.8125 0.8418803418803419 0.8109375 0.8376068376068376 0.803125 0.8354700854700855 0.7796875 0.8376068376068376 0.7796875 0.8397435897435898 0.775 0.8461538461538461 0.76875 0.8482905982905983 0.771875 0.8611111111111112 0.76875 0.8653846153846154 0.7390625 0.8632478632478633 0.7375 0.8589743589743589 0.7359375 0.8632478632478633 0.71875 0.8675213675213675 0.715625 0.8739316239316239 0.70625 0.8782051282051282 0.696875 0.8717948717948718 0.6984375 0.8632478632478633 0.696875 0.8589743589743589 0.6921875 0.8589743589743589 0.6921875 0.8632478632478633 0.6890625 0.8675213675213675 0.678125 0.8696581196581197 0.6765625 0.8739316239316239 0.640625 0.8782051282051282 0.634375 0.8888888888888888 0.621875 0.8995726495726496 0.6265625 0.8995726495726496 0.628125 0.9038461538461539 0.690625 0.9038461538461539 0.69375 0.8995726495726496 0.6953125 0.9038461538461539 0.85 0.9038461538461539
1 0.25625 0.7948717948717948 0.2328125 0.7948717948717948 0.23125 0.7991452991452992 0.2140625 0.8012820512820513 0.2125 0.8034188034188035 0.1984375 0.8034188034188035 0.1921875 0.8055555555555556 0.190625 0.8098290598290598 0.171875 0.8162393162393162 0.16875 0.8226495726495726 0.1640625 0.8247863247863247 0.146875 0.8482905982905983 0.146875 0.8547008547008547 0.14375 0.8589743589743589 0.140625 0.8589743589743589 0.1171875 0.8910256410256411 0.115625 0.8974358974358975 0.1203125 0.9038461538461539 0.4390625 0.9038461538461539 0.4390625 0.8974358974358975 0.4359375 0.8952991452991453 0.43125 0.8803418803418803 0.4203125 0.8739316239316239 0.4171875 0.8675213675213675 0.409375 0.8632478632478633 0.403125 0.8547008547008547 0.3953125 0.8525641025641025 0.39375 0.8482905982905983 0.375 0.8418803418803419 0.3734375 0.8376068376068376 0.3640625 0.8333333333333334 0.3609375 0.8269230769230769 0.3484375 0.8205128205128205 0.3359375 0.8205128205128205 0.334375 0.8162393162393162 0.328125 0.8162393162393162 0.3171875 0.8098290598290598 0.309375 0.8098290598290598 0.3078125 0.8055555555555556 0.2921875 0.8055555555555556 0.26875 0.7991452991452992 0.2671875 0.7991452991452992 0.2578125 0.7991452991452992 0.25625 0.7948717948717948
1 0.7546875 0.32905982905982906 0.746875 0.32905982905982906 0.7375 0.3333333333333333 0.7359375 0.33760683760683763 0.7265625 0.344017094017094 0.7265625 0.3504273504273504 0.7296875 0.3504273504273504 0.7328125 0.3547008547008547 0.734375 0.36752136752136755 0.7484375 0.3696581196581197 0.75 0.36752136752136755 0.759375 0.36752136752136755 0.7609375 0.3611111111111111 0.7640625 0.3611111111111111 0.765625 0.36752136752136755 0.7640625 0.3717948717948718 0.759375 0.3803418803418803 0.7453125 0.38461538461538464 0.734375 0.38247863247863245 0.73125 0.391025641025641 0.7171875 0.3952991452991453 0.7140625 0.405982905982906 0.7109375 0.4081196581196581 0.7109375 0.41239316239316237 0.70625 0.41452991452991456 0.6984375 0.42735042735042733 0.6953125 0.42735042735042733 0.690625 0.4337606837606838 0.684375 0.4358974358974359 0.6765625 0.4551282051282051 0.6765625 0.4807692307692308 0.678125 0.4829059829059829 0.6796875 0.5170940170940171 0.684375 0.5235042735042735 0.684375 0.5299145299145299 0.6984375 0.5491452991452992 0.7140625 0.5555555555555556 0.7171875 0.561965811965812 0.728125 0.5641025641025641 0.728125 0.5405982905982906 0.7328125 0.5277777777777778 0.7328125 0.5106837606837606 0.7359375 0.5085470085470085 0.7359375 0.5021367521367521 0.7390625 0.49786324786324787 0.7390625 0.4935897435897436 0.746875 0.48504273504273504 0.74375 0.4722222222222222 0.7359375 0.46153846153846156 0.73125 0.4594017094017094 0.7328125 0.4551282051282051 0.740625 0.4465811965811966 0.753125 0.4423076923076923 0.75625 0.4358974358974359 0.7796875 0.43162393162393164 0.784375 0.43803418803418803 0.784375 0.4444444444444444 0.7875 0.452991452991453 0.7921875 0.4551282051282051 0.796875 0.44871794871794873 0.8 0.44871794871794873 0.80625 0.4423076923076923 0.81875 0.42094017094017094 0.821875 0.42094017094017094 0.825 0.41239316239316237 0.8234375 0.39316239316239315 0.825 0.38247863247863245 0.8296875 0.3782051282051282 0.8375 0.3525641025641026 0.83125 0.3482905982905983 0.8296875 0.344017094017094 0.825 0.344017094017094 0.81875 0.33974358974358976 0.8015625 0.33760683760683763 0.8 0.3333333333333333 0.7875 0.3269230769230769 0.7859375 0.3269230769230769 0.7640625 0.3247863247863248 0.7546875 0.32905982905982906
2 0.7390625 0.042735042735042736 0.7375 0.04700854700854701 0.715625 0.053418803418803416 0.7140625 0.057692307692307696 0.703125 0.0641025641025641 0.6984375 0.0811965811965812 0.69375 0.08333333333333333 0.6875 0.09188034188034189 0.6859375 0.10042735042735043 0.6984375 0.10042735042735043 0.7015625 0.10256410256410256 0.709375 0.09829059829059829 0.7109375 0.09401709401709402 0.728125 0.0876068376068376 0.7328125 0.0811965811965812 0.7453125 0.07692307692307693 0.75 0.07051282051282051 0.7609375 0.06623931623931624 0.7703125 0.06623931623931624 0.771875 0.06196581196581197 0.7953125 0.05982905982905983 0.8015625 0.05555555555555555 0.803125 0.05128205128205128 0.8171875 0.04487179487179487 0.821875 0.03632478632478633 0.796875 0.03632478632478633 0.7953125 0.03205128205128205 0.7734375 0.03205128205128205 0.7734375 0.03418803418803419 0.7671875 0.038461538461538464 0.7390625 0.042735042735042736
2 0.01875 0.7521367521367521 0.0234375 0.7799145299145299 0.0265625 0.782051282051282 0.0265625 0.7927350427350427 0.03125 0.8076923076923077 0.0359375 0.8098290598290598 0.040625 0.8076923076923077 0.040625 0.782051282051282 0.0375 0.7799145299145299 0.0359375 0.7628205128205128 0.0328125 0.7564102564102564 0.0328125 0.7457264957264957 0.0296875 0.7457264957264957 0.028125 0.7414529914529915 0.01875 0.7414529914529915 0.01875 0.7435897435897436 0.015625 0.75 0.01875 0.7521367521367521
2 0.515625 0.8632478632478633 0.5078125 0.8739316239316239 0.503125 0.8867521367521367 0.4921875 0.8995726495726496 0.4921875 0.905982905982906 0.51875 0.905982905982906 0.5203125 0.9038461538461539 0.521875 0.8974358974358975 0.525 0.8952991452991453 0.5265625 0.8867521367521367 0.5265625 0.8696581196581197 0.525 0.8632478632478633 0.521875 0.8611111111111112 0.521875 0.8547008547008547 0.5203125 0.8568376068376068 0.515625 0.8589743589743589 0.515625 0.8632478632478633
2 0.078125 0.5448717948717948 0.078125 0.5555555555555556 0.08125 0.5576923076923077 0.08125 0.561965811965812 0.0921875 0.5598290598290598 0.09375 0.5555555555555556 0.10625 0.5491452991452992 0.109375 0.5427350427350427 0.11875 0.5405982905982906 0.121875 0.5299145299145299 0.1078125 0.5299145299145299 0.1046875 0.5235042735042735 0.084375 0.5256410256410257 0.084375 0.5277777777777778 0.08125 0.5427350427350427 0.078125 0.5448717948717948
2 0.0625 0.6410256410256411 0.065625 0.6431623931623932 0.06875 0.6581196581196581 0.0765625 0.6666666666666666 0.0765625 0.6709401709401709 0.08125 0.6730769230769231 0.084375 0.6794871794871795 0.103125 0.6858974358974359 0.1046875 0.6901709401709402 0.1234375 0.7008547008547008 0.128125 0.6944444444444444 0.128125 0.6858974358974359 0.1234375 0.6837606837606838 0.1203125 0.6773504273504274 0.1078125 0.6709401709401709 0.10625 0.6666666666666666 0.09375 0.6581196581196581 0.0734375 0.6282051282051282 0.071875 0.6282051282051282 0.0625 0.6303418803418803 0.0625 0.6410256410256411
2 0.6515625 0.03632478632478633 0.6390625 0.0405982905982906 0.6328125 0.049145299145299144 0.63125 0.05555555555555555 0.6234375 0.0641025641025641 0.621875 0.07051282051282051 0.621875 0.07692307692307693 0.628125 0.08333333333333333 0.6296875 0.08974358974358974 0.6296875 0.10256410256410256 0.6578125 0.1047008547008547 0.659375 0.10897435897435898 0.6765625 0.10897435897435898 0.678125 0.1047008547008547 0.68125 0.1047008547008547 0.6859375 0.09188034188034189 0.696875 0.07905982905982906 0.696875 0.07051282051282051 0.7 0.0641025641025641 0.709375 0.05555555555555555 0.7125 0.05555555555555555 0.7140625 0.05128205128205128 0.7203125 0.049145299145299144 0.721875 0.0405982905982906 0.7140625 0.03632478632478633 0.7125 0.03205128205128205 0.66875 0.03205128205128205 0.66875 0.03418803418803419 0.6671875 0.03632478632478633 0.6515625 0.03632478632478633
2 0.2984375 0.1752136752136752 0.2890625 0.18162393162393162 0.28125 0.19230769230769232 0.28125 0.19658119658119658 0.2765625 0.20512820512820512 0.271875 0.2094017094017094 0.2703125 0.21794871794871795 0.265625 0.2222222222222222 0.265625 0.2264957264957265 0.2609375 0.23504273504273504 0.2609375 0.24145299145299146 0.2578125 0.24358974358974358 0.25625 0.27136752136752135 0.2609375 0.2777777777777778 0.2609375 0.2841880341880342 0.2578125 0.2863247863247863 0.2609375 0.28846153846153844 0.2609375 0.32905982905982906 0.2640625 0.33760683760683763 0.26875 0.33974358974358976 0.284375 0.33547008547008544 0.2890625 0.3269230769230769 0.2953125 0.32264957264957267 0.3 0.32264957264957267 0.3015625 0.31837606837606836 0.3078125 0.31837606837606836 0.3140625 0.31196581196581197 0.31875 0.297008547008547 0.3296875 0.2863247863247863 0.3296875 0.26282051282051283 0.325 0.25854700854700857 0.321875 0.22863247863247863 0.3234375 0.2264957264957265 0.3234375 0.20726495726495728 0.3265625 0.1987179487179487 0.3296875 0.19658119658119658 0.33125 0.17735042735042736 0.3296875 0.17094017094017094 0.325 0.16452991452991453 0.3265625 0.14957264957264957 0.3234375 0.14743589743589744 0.3171875 0.14957264957264957 0.3171875 0.1517094017094017 0.3125 0.15384615384615385 0.2984375 0.1752136752136752
2 0.665625 0.04700854700854701 0.6609375 0.049145299145299144 0.659375 0.05555555555555555 0.6546875 0.06196581196581197 0.6546875 0.06837606837606838 0.65625 0.07905982905982906 0.665625 0.0811965811965812 0.6703125 0.08974358974358974 0.671875 0.09829059829059829 0.6765625 0.1047008547008547 0.6828125 0.10256410256410256 0.6859375 0.09829059829059829 0.6859375 0.09401709401709402 0.6890625 0.09188034188034189 0.6921875 0.0811965811965812 0.696875 0.07692307692307693 0.6984375 0.06837606837606838 0.709375 0.05555555555555555 0.7125 0.05555555555555555 0.7140625 0.05128205128205128 0.7203125 0.049145299145299144 0.721875 0.0405982905982906 0.715625 0.03632478632478633 0.7140625 0.03205128205128205 0.6765625 0.03205128205128205 0.6765625 0.03418803418803419 0.6703125 0.03632478632478633 0.665625 0.04700854700854701
2 0.584375 0.43803418803418803 0.5796875 0.4444444444444444 0.5703125 0.44871794871794873 0.5625 0.4594017094017094 0.5578125 0.47649572649572647 0.5546875 0.47863247863247865 0.55 0.49145299145299143 0.546875 0.4935897435897436 0.5421875 0.5021367521367521 0.5421875 0.5064102564102564 0.5375 0.5128205128205128 0.5390625 0.5491452991452992 0.54375 0.5555555555555556 0.546875 0.5811965811965812 0.5640625 0.594017094017094 0.578125 0.6153846153846154 0.584375 0.6196581196581197 0.5921875 0.6196581196581197 0.5953125 0.6175213675213675 0.6 0.5982905982905983 0.60625 0.5918803418803419 0.6078125 0.5833333333333334 0.6125 0.5769230769230769 0.615625 0.5769230769230769 0.6171875 0.5854700854700855 0.6203125 0.5876068376068376 0.621875 0.594017094017094 0.634375 0.5982905982905983 0.6359375 0.6025641025641025 0.6421875 0.6025641025641025 0.646875 0.6068376068376068 0.6546875 0.6089743589743589 0.65625 0.6132478632478633 0.665625 0.6196581196581197 0.6765625 0.6367521367521367 0.684375 0.6410256410256411 0.6859375 0.6452991452991453 0.6953125 0.6495726495726496 0.715625 0.6517094017094017 0.7171875 0.655982905982906 0.725 0.6581196581196581 0.7375 0.6581196581196581 0.7359375 0.6388888888888888 0.7328125 0.6367521367521367 0.7296875 0.6196581196581197 0.725 0.6153846153846154 0.725 0.6111111111111112 0.7171875 0.6025641025641025 0.7171875 0.5982905982905983 0.7046875 0.5790598290598291 0.7015625 0.5790598290598291 0.6890625 0.5641025641025641 0.6828125 0.561965811965812 0.6734375 0.5470085470085471 0.6671875 0.5405982905982906 0.6640625 0.5405982905982906 0.6625 0.5363247863247863 0.65625 0.5341880341880342 0.6421875 0.5149572649572649 0.6296875 0.5085470085470085 0.628125 0.5042735042735043 0.625 0.5042735042735043 0.61875 0.49572649572649574 0.6234375 0.47649572649572647 0.6234375 0.4594017094017094 0.6203125 0.45085470085470086 0.615625 0.44871794871794873 0.6109375 0.44017094017094016 0.6 0.4337606837606838 0.5984375 0.4337606837606838 0.590625 0.43803418803418803 0.584375 0.43803418803418803
2 0.615625 0.5277777777777778 0.6171875 0.5299145299145299 0.615625 0.532051282051282 0.6171875 0.5405982905982906 0.6203125 0.5427350427350427 0.6203125 0.5491452991452992 0.6171875 0.5512820512820513 0.6171875 0.5641025641025641 0.6203125 0.5662393162393162 0.621875 0.594017094017094 0.634375 0.5982905982905983 0.6359375 0.6025641025641025 0.640625 0.6047008547008547 0.6546875 0.6089743589743589 0.65625 0.6132478632478633 0.665625 0.6196581196581197 0.6765625 0.6367521367521367 0.69375 0.6495726495726496 0.7140625 0.6517094017094017 0.715625 0.655982905982906 0.7234375 0.655982905982906 0.73125 0.6602564102564102 0.7359375 0.6602564102564102 0.7390625 0.655982905982906 0.7375 0.6431623931623932 0.7328125 0.6367521367521367 0.7328125 0.6303418803418803 0.728125 0.6153846153846154 0.725 0.6132478632478633 0.7203125 0.6004273504273504 0.7046875 0.5790598290598291 0.7015625 0.5790598290598291 0.6953125 0.5726495726495726 0.6921875 0.5662393162393162 0.6859375 0.5641025641025641 0.6828125 0.5576923076923077 0.6796875 0.5576923076923077 0.6734375 0.5470085470085471 0.6671875 0.5405982905982906 0.6640625 0.5405982905982906 0.653125 0.5256410256410257 0.6453125 0.5213675213675214 0.6421875 0.5149572649572649 0.6296875 0.5085470085470085 0.628125 0.5042735042735043 0.6203125 0.5 0.61875 0.5021367521367521 0.615625 0.5042735042735043 0.615625 0.5277777777777778
2 0.03125 0.5961538461538461 0.0296875 0.5982905982905983 0.015625 0.5982905982905983 0.0109375 0.6089743589743589 0.0125 0.6175213675213675 0.01875 0.6196581196581197 0.0453125 0.6196581196581197 0.053125 0.6153846153846154 0.053125 0.6111111111111112 0.0578125 0.6089743589743589 0.059375 0.6047008547008547 0.059375 0.5982905982905983 0.0484375 0.594017094017094 0.046875 0.594017094017094 0.04375 0.5961538461538461 0.03125 0.5961538461538461
2 0.240625 0.37393162393162394 0.2375 0.3995726495726496 0.234375 0.4017094017094017 0.2328125 0.41025641025641024 0.2296875 0.41452991452991456 0.2265625 0.41452991452991456 0.225 0.4188034188034188 0.221875 0.4423076923076923 0.2078125 0.46153846153846156 0.209375 0.48717948717948717 0.2140625 0.4935897435897436 0.2140625 0.5 0.2171875 0.5042735042735043 0.2171875 0.5085470085470085 0.221875 0.5128205128205128 0.2265625 0.5277777777777778 0.2296875 0.5299145299145299 0.23125 0.5405982905982906 0.2453125 0.5598290598290598 0.2546875 0.5683760683760684 0.253125 0.6346153846153846 0.23125 0.6645299145299145 0.23125 0.6816239316239316 0.234375 0.6901709401709402 0.2375 0.6923076923076923 0.240625 0.6837606837606838 0.2453125 0.6794871794871795 0.25 0.6645299145299145 0.2640625 0.655982905982906 0.265625 0.6517094017094017 0.26875 0.6517094017094017 0.271875 0.6474358974358975 0.275 0.6474358974358975 0.278125 0.6410256410256411 0.2859375 0.6346153846153846 0.2859375 0.5662393162393162 0.2828125 0.5598290598290598 0.284375 0.5512820512820513 0.2828125 0.5491452991452992 0.2828125 0.5363247863247863 0.2796875 0.5341880341880342 0.278125 0.5235042735042735 0.2796875 0.4935897435897436 0.2828125 0.49145299145299143 0.2828125 0.45085470085470086 0.2796875 0.44871794871794873 0.2796875 0.43803418803418803 0.275 0.4166666666666667 0.271875 0.41452991452991456 0.2671875 0.3974358974358974 0.2515625 0.37606837606837606 0.25 0.37606837606837606 0.246875 0.3717948717948718 0.240625 0.37393162393162394
2 0.28125 0.561965811965812 0.29375 0.5662393162393162 0.303125 0.5662393162393162 0.315625 0.561965811965812 0.315625 0.5534188034188035 0.296875 0.5512820512820513 0.2953125 0.5470085470085471 0.284375 0.5470085470085471 0.284375 0.5491452991452992 0.2796875 0.5534188034188035 0.28125 0.561965811965812
2 0.246875 0 0.246875 0.002136752136752137 0.2453125 0.004273504273504274 0.2453125 0.014957264957264958 0.2421875 0.017094017094017096 0.2421875 0.027777777777777776 0.2453125 0.029914529914529916 0.2453125 0.03632478632478633 0.25 0.04487179487179487 0.2546875 0.049145299145299144 0.253125 0.06196581196581197 0.25 0.0641025641025641 0.2484375 0.1111111111111111 0.253125 0.1111111111111111 0.25625 0.10256410256410256 0.2625 0.09829059829059829 0.2671875 0.09188034188034189 0.26875 0.08547008547008547 0.2765625 0.07692307692307693 0.2765625 0.07264957264957266 0.2796875 0.06837606837606838 0.2828125 0.06837606837606838 0.2875 0.05982905982905983 0.290625 0.05982905982905983 0.29375 0.05555555555555555 0.29375 0.027777777777777776 0.290625 0.010683760683760684 0.2875 0.008547008547008548 0.2859375 0 0.246875 0
2 0 0.6944444444444444 0.0109375 0.6965811965811965 0.0140625 0.6923076923076923 0.0140625 0.688034188034188 0.0171875 0.6858974358974359 0.0171875 0.6730769230769231 0.0140625 0.6709401709401709 0.0109375 0.6581196581196581 0 0.6581196581196581 0 0.6602564102564102 0 0.6944444444444444
2 0.178125 0.16666666666666666 0.175 0.18376068376068377 0.171875 0.1858974358974359 0.16875 0.22008547008547008 0.1671875 0.22863247863247863 0.1640625 0.23076923076923078 0.1609375 0.25854700854700857 0.15625 0.26495726495726496 0.1546875 0.2863247863247863 0.1578125 0.2863247863247863 0.159375 0.2905982905982906 0.1671875 0.2905982905982906 0.16875 0.2863247863247863 0.1734375 0.2863247863247863 0.175 0.2905982905982906 0.178125 0.2905982905982906 0.1796875 0.2863247863247863 0.2015625 0.2863247863247863 0.203125 0.2905982905982906 0.2078125 0.2905982905982906 0.209375 0.2863247863247863 0.24375 0.2799145299145299 0.2484375 0.26495726495726496 0.2484375 0.23504273504273504 0.2453125 0.23076923076923078 0.2390625 0.22863247863247863 0.2359375 0.2222222222222222 0.2265625 0.21794871794871795 0.225 0.21367521367521367 0.2171875 0.20726495726495728 0.2125 0.1794871794871795 0.209375 0.17735042735042736 0.2046875 0.16025641025641027 0.2 0.15384615384615385 0.2 0.14957264957264957 0.1984375 0.14743589743589744 0.190625 0.14743589743589744 0.1875 0.14957264957264957 0.1875 0.1517094017094017 0.1828125 0.1623931623931624 0.178125 0.16666666666666666
2 0.090625 0.36752136752136755 0.0859375 0.37393162393162394 0.0828125 0.391025641025641 0.078125 0.3974358974358974 0.0734375 0.41452991452991456 0.0703125 0.4166666666666667 0.0671875 0.4337606837606838 0.0625 0.44017094017094016 0.0578125 0.4658119658119658 0.053125 0.4722222222222222 0.0515625 0.49572649572649574 0.0546875 0.5085470085470085 0.0578125 0.5106837606837606 0.0609375 0.5192307692307693 0.071875 0.5170940170940171 0.0765625 0.5085470085470085 0.0796875 0.5085470085470085 0.084375 0.4935897435897436 0.0890625 0.48717948717948717 0.0921875 0.4700854700854701 0.096875 0.4636752136752137 0.1 0.4423076923076923 0.1 0.42735042735042733 0.103125 0.4252136752136752 0.103125 0.40384615384615385 0.1078125 0.38461538461538464 0.1109375 0.38247863247863245 0.1109375 0.37393162393162394 0.115625 0.3611111111111111 0.11875 0.358974358974359 0.1234375 0.33974358974358976 0.121875 0.33760683760683763 0.1140625 0.33760683760683763 0.1015625 0.344017094017094 0.1015625 0.34615384615384615 0.0921875 0.3547008547008547 0.090625 0.36752136752136755
2 0.5609375 0.6923076923076923 0.5546875 0.6944444444444444 0.546875 0.6987179487179487 0.540625 0.7072649572649573 0.534375 0.7094017094017094 0.5328125 0.7136752136752137 0.5203125 0.7200854700854701 0.51875 0.7243589743589743 0.5078125 0.7307692307692307 0.50625 0.7350427350427351 0.5 0.7371794871794872 0.49375 0.7478632478632479 0.490625 0.7478632478632479 0.4890625 0.7542735042735043 0.46875 0.7799145299145299 0.4640625 0.7927350427350427 0.465625 0.8012820512820513 0.4859375 0.7991452991452992 0.490625 0.7927350427350427 0.503125 0.7863247863247863 0.5046875 0.782051282051282 0.5125 0.7777777777777778 0.515625 0.7713675213675214 0.5265625 0.7649572649572649 0.528125 0.7606837606837606 0.540625 0.7564102564102564 0.5421875 0.7585470085470085 0.5421875 0.7713675213675214 0.5390625 0.7735042735042735 0.534375 0.7970085470085471 0.53125 0.7991452991452992 0.5296875 0.8055555555555556 0.5296875 0.8141025641025641 0.5265625 0.8247863247863247 0.5265625 0.8397435897435898 0.5234375 0.8418803418803419 0.5234375 0.8653846153846154 0.5265625 0.8675213675213675 0.5265625 0.8717948717948718 0.53125 0.8782051282051282 0.5421875 0.8846153846153846 0.5453125 0.8782051282051282 0.5453125 0.8675213675213675 0.5484375 0.8653846153846154 0.5484375 0.8461538461538461 0.5453125 0.844017094017094 0.5453125 0.8311965811965812 0.5484375 0.8290598290598291 0.553125 0.8055555555555556 0.5625 0.7927350427350427 0.5765625 0.7927350427350427 0.571875 0.7585470085470085 0.56875 0.7564102564102564 0.56875 0.7350427350427351 0.578125 0.7243589743589743 0.5921875 0.7243589743589743 0.5984375 0.7158119658119658 0.5984375 0.7051282051282052 0.59375 0.7029914529914529 0.5875 0.6944444444444444 0.5859375 0.6944444444444444 0.58125 0.6923076923076923 0.5609375 0.6923076923076923
2 0.0421875 0.6495726495726496 0.0390625 0.6495726495726496 0.03125 0.6602564102564102 0.028125 0.6709401709401709 0.0234375 0.6752136752136753 0.021875 0.6837606837606838 0.0234375 0.6944444444444444 0.028125 0.7008547008547008 0.034375 0.7029914529914529 0.0390625 0.7136752136752137 0.0484375 0.7136752136752137 0.05 0.7115384615384616 0.059375 0.7115384615384616 0.0609375 0.7072649572649573 0.0609375 0.6987179487179487 0.0578125 0.688034188034188 0.053125 0.6816239316239316 0.053125 0.6730769230769231 0.05625 0.6709401709401709 0.0578125 0.6623931623931624 0.0578125 0.6410256410256411 0.05625 0.6388888888888888 0.0546875 0.6388888888888888 0.046875 0.6410256410256411 0.0421875 0.6495726495726496
2 0.246875 0 0.246875 0.002136752136752137 0.2453125 0.004273504273504274 0.2453125 0.017094017094017096 0.2421875 0.019230769230769232 0.2421875 0.027777777777777776 0.2453125 0.029914529914529916 0.2453125 0.03632478632478633 0.25 0.04487179487179487 0.2546875 0.049145299145299144 0.2546875 0.057692307692307696 0.25 0.0641025641025641 0.2484375 0.11324786324786325 0.2515625 0.11324786324786325 0.26875 0.08974358974358974 0.271875 0.07905982905982906 0.2796875 0.06837606837606838 0.2828125 0.06837606837606838 0.2875 0.05982905982905983 0.290625 0.05982905982905983 0.29375 0.05555555555555555 0.29375 0.027777777777777776 0.290625 0.010683760683760684 0.2875 0.008547008547008548 0.2859375 0 0.246875 0
2 0.1890625 0.75 0.1828125 0.7521367521367521 0.18125 0.7564102564102564 0.1640625 0.7606837606837606 0.159375 0.7670940170940171 0.140625 0.7735042735042735 0.1359375 0.7799145299145299 0.1234375 0.7841880341880342 0.109375 0.8034188034188035 0.10625 0.8183760683760684 0.1015625 0.8226495726495726 0.1015625 0.8290598290598291 0.096875 0.8376068376068376 0.0984375 0.8547008547008547 0.103125 0.8568376068376068 0.1109375 0.8525641025641025 0.1140625 0.8333333333333334 0.121875 0.8226495726495726 0.1421875 0.8205128205128205 0.1546875 0.8076923076923077 0.1578125 0.8076923076923077 0.1640625 0.7991452991452992 0.178125 0.7970085470085471 0.1796875 0.7927350427350427 0.1921875 0.7927350427350427 0.2046875 0.7884615384615384 0.2078125 0.782051282051282 0.2203125 0.7799145299145299 0.2296875 0.7756410256410257 0.234375 0.7692307692307693 0.2453125 0.7670940170940171 0.246875 0.7606837606837606 0.2390625 0.7585470085470085 0.2375 0.7606837606837606 0.21875 0.7628205128205128 0.2171875 0.7670940170940171 0.203125 0.7670940170940171 0.2015625 0.7606837606837606 0.2046875 0.7585470085470085 0.2046875 0.7521367521367521 0.1984375 0.7457264957264957 0.196875 0.7457264957264957 0.1921875 0.7457264957264957 0.1890625 0.75
2 0.0453125 0.0641025641025641 0.0453125 0.06837606837606838 0.05 0.07264957264957266 0.05 0.07905982905982906 0.053125 0.08333333333333333 0.053125 0.0876068376068376 0.0703125 0.1111111111111111 0.0734375 0.1111111111111111 0.078125 0.11965811965811966 0.0859375 0.12606837606837606 0.0890625 0.12606837606837606 0.09375 0.1346153846153846 0.1046875 0.13675213675213677 0.10625 0.14102564102564102 0.1125 0.14316239316239315 0.1265625 0.1452991452991453 0.13125 0.14743589743589744 0.1328125 0.1517094017094017 0.165625 0.1581196581196581 0.1671875 0.1623931623931624 0.175 0.16452991452991453 0.18125 0.1623931623931624 0.1875 0.14743589743589744 0.1921875 0.14316239316239315 0.196875 0.14316239316239315 0.2015625 0.14957264957264957 0.203125 0.1581196581196581 0.20625 0.16025641025641027 0.209375 0.1752136752136752 0.2140625 0.1794871794871795 0.2140625 0.1858974358974359 0.2171875 0.19444444444444445 0.225 0.20512820512820512 0.23125 0.20512820512820512 0.23125 0.18162393162393162 0.228125 0.16880341880341881 0.228125 0.1581196581196581 0.225 0.15598290598290598 0.225 0.14957264957264957 0.2203125 0.1388888888888889 0.196875 0.10683760683760683 0.1859375 0.10042735042735043 0.184375 0.09615384615384616 0.175 0.08974358974358974 0.1703125 0.08974358974358974 0.165625 0.08333333333333333 0.1546875 0.07905982905982906 0.15 0.07264957264957266 0.1359375 0.06837606837606838 0.134375 0.0641025641025641 0.1171875 0.06196581196581197 0.115625 0.05982905982905983 0.090625 0.05982905982905983 0.0890625 0.057692307692307696 0.053125 0.057692307692307696 0.0515625 0.053418803418803416 0.0453125 0.053418803418803416 0.0453125 0.05555555555555555 0.0421875 0.05982905982905983 0.0453125 0.0641025641025641
2 0.2625 0.5747863247863247 0.25625 0.5726495726495726 0.2546875 0.5747863247863247 0.253125 0.6346153846153846 0.2453125 0.6431623931623932 0.24375 0.6495726495726496 0.234375 0.6538461538461539 0.23125 0.6623931623931624 0.23125 0.6858974358974359 0.234375 0.6944444444444444 0.2390625 0.6944444444444444 0.253125 0.6623931623931624 0.2671875 0.655982905982906 0.2703125 0.6495726495726496 0.278125 0.6452991452991453 0.2859375 0.6346153846153846 0.2875 0.6175213675213675 0.2859375 0.6153846153846154 0.2859375 0.5683760683760684 0.2796875 0.561965811965812 0.278125 0.5555555555555556 0.2703125 0.5576923076923077 0.2703125 0.5598290598290598 0.2640625 0.5662393162393162 0.2625 0.5747863247863247
2 0.240625 0.37393162393162394 0.2375 0.3995726495726496 0.234375 0.4017094017094017 0.23125 0.41239316239316237 0.225 0.4166666666666667 0.221875 0.4423076923076923 0.2078125 0.46153846153846156 0.2078125 0.4807692307692308 0.2109375 0.49145299145299143 0.2140625 0.4935897435897436 0.2171875 0.5064102564102564 0.221875 0.5106837606837606 0.225 0.5213675213675214 0.2296875 0.5256410256410257 0.23125 0.5384615384615384 0.2375 0.5448717948717948 0.2375 0.5491452991452992 0.2421875 0.5555555555555556 0.2453125 0.5555555555555556 0.246875 0.5598290598290598 0.2671875 0.5598290598290598 0.26875 0.5555555555555556 0.275 0.5534188034188035 0.2796875 0.5448717948717948 0.278125 0.5085470085470085 0.2796875 0.5064102564102564 0.2796875 0.4935897435897436 0.2828125 0.49145299145299143 0.2828125 0.45085470085470086 0.2796875 0.44871794871794873 0.2796875 0.43803418803418803 0.275 0.4166666666666667 0.271875 0.41452991452991456 0.2671875 0.3974358974358974 0.2515625 0.37606837606837606 0.25 0.37606837606837606 0.246875 0.3717948717948718 0.240625 0.37393162393162394
2 0.6625 0.30982905982905984 0.6609375 0.31837606837606836 0.6625 0.33974358974358976 0.6609375 0.3418803418803419 0.6609375 0.3611111111111111 0.65625 0.36538461538461536 0.65625 0.3696581196581197 0.6515625 0.37606837606837606 0.6484375 0.37606837606837606 0.640625 0.38675213675213677 0.6375 0.3995726495726496 0.63125 0.4081196581196581 0.628125 0.42094017094017094 0.6234375 0.4230769230769231 0.621875 0.4188034188034188 0.6140625 0.4166666666666667 0.609375 0.4188034188034188 0.6078125 0.4230769230769231 0.5984375 0.4252136752136752 0.5890625 0.43803418803418803 0.584375 0.43803418803418803 0.5796875 0.4444444444444444 0.5703125 0.44871794871794873 0.5625 0.4594017094017094 0.5578125 0.47649572649572647 0.5546875 0.47863247863247865 0.55 0.49145299145299143 0.546875 0.4935897435897436 0.5421875 0.5064102564102564 0.5390625 0.5085470085470085 0.5375 0.5341880341880342 0.5390625 0.5363247863247863 0.5390625 0.5491452991452992 0.54375 0.5555555555555556 0.546875 0.5811965811965812 0.5640625 0.594017094017094 0.578125 0.6153846153846154 0.584375 0.6196581196581197 0.5921875 0.6196581196581197 0.596875 0.6153846153846154 0.6 0.5982905982905983 0.60625 0.5918803418803419 0.6078125 0.5833333333333334 0.6140625 0.5769230769230769 0.621875 0.594017094017094 0.6359375 0.5982905982905983 0.6375 0.6025641025641025 0.6546875 0.6089743589743589 0.65625 0.6132478632478633 0.665625 0.6196581196581197 0.6703125 0.6282051282051282 0.6734375 0.6282051282051282 0.675 0.6346153846153846 0.6828125 0.6388888888888888 0.6859375 0.6452991452991453 0.7078125 0.6517094017094017 0.7203125 0.6517094017094017 0.721875 0.655982905982906 0.7265625 0.6581196581196581 0.7375 0.6581196581196581 0.7359375 0.6388888888888888 0.7328125 0.6367521367521367 0.7296875 0.6196581196581197 0.725 0.6153846153846154 0.725 0.6111111111111112 0.7171875 0.6025641025641025 0.7125 0.5897435897435898 0.7046875 0.5790598290598291 0.69375 0.5726495726495726 0.6890625 0.5641025641025641 0.6828125 0.561965811965812 0.6671875 0.5405982905982906 0.6625 0.5405982905982906 0.6609375 0.5363247863247863 0.65625 0.5341880341880342 0.6421875 0.5149572649572649 0.6296875 0.5085470085470085 0.628125 0.5042735042735043 0.625 0.5042735042735043 0.6203125 0.49786324786324787 0.6234375 0.4722222222222222 0.6265625 0.4700854700854701 0.6265625 0.45726495726495725 0.6296875 0.452991452991453 0.63125 0.44017094017094016 0.6453125 0.42094017094017094 0.646875 0.41239316239316237 0.6578125 0.3995726495726496 0.6609375 0.38675213675213677 0.66875 0.3782051282051282 0.671875 0.3696581196581197 0.675 0.3696581196581197 0.6875 0.3525641025641026 0.696875 0.3482905982905983 0.7015625 0.33974358974358976 0.709375 0.33547008547008544 0.709375 0.32051282051282054 0.684375 0.3162393162393162 0.6734375 0.3076923076923077 0.671875 0.3076923076923077 0.6640625 0.3076923076923077 0.6625 0.30982905982905984
2 0.1375 0.5213675213675214 0.1328125 0.5235042735042735 0.1328125 0.5277777777777778 0.175 0.5277777777777778 0.178125 0.5213675213675214 0.175 0.5149572649572649 0.1640625 0.5085470085470085 0.1625 0.5042735042735043 0.159375 0.5042735042735043 0.159375 0.5064102564102564 0.140625 0.5149572649572649 0.1375 0.5213675213675214
2 0.590625 0.43803418803418803 0.584375 0.43803418803418803 0.5796875 0.4444444444444444 0.5703125 0.44871794871794873 0.56875 0.4551282051282051 0.5625 0.4594017094017094 0.5578125 0.47649572649572647 0.546875 0.49145299145299143 0.5421875 0.5064102564102564 0.5375 0.5128205128205128 0.5375 0.5384615384615384 0.5390625 0.5491452991452992 0.54375 0.5555555555555556 0.54375 0.5662393162393162 0.546875 0.5811965811965812 0.55 0.5854700854700855 0.5578125 0.5876068376068376 0.559375 0.5918803418803419 0.5640625 0.594017094017094 0.5765625 0.6111111111111112 0.5765625 0.6153846153846154 0.5796875 0.6153846153846154 0.5828125 0.6196581196581197 0.5953125 0.6196581196581197 0.6 0.5982905982905983 0.60625 0.5918803418803419 0.6078125 0.5769230769230769 0.6140625 0.5705128205128205 0.6125 0.5512820512820513 0.6140625 0.5491452991452992 0.6140625 0.5299145299145299 0.6109375 0.5128205128205128 0.615625 0.5021367521367521 0.615625 0.4935897435897436 0.6203125 0.48717948717948717 0.621875 0.47649572649572647 0.621875 0.45726495726495725 0.61875 0.45085470085470086 0.609375 0.4444444444444444 0.60625 0.43803418803418803 0.6046875 0.43803418803418803 0.596875 0.4337606837606838 0.590625 0.43803418803418803
2 0.6453125 0.03632478632478633 0.6375 0.0405982905982906 0.6328125 0.04700854700854701 0.6328125 0.049145299145299144 0.621875 0.0641025641025641 0.6203125 0.07264957264957266 0.6171875 0.07478632478632478 0.625 0.08547008547008547 0.625 0.08974358974358974 0.628125 0.09188034188034189 0.6296875 0.10256410256410256 0.6609375 0.1047008547008547 0.65 0.09188034188034189 0.653125 0.08333333333333333 0.6515625 0.0641025641025641 0.665625 0.04487179487179487 0.66875 0.03632478632478633 0.6453125 0.03632478632478633
2 0.2171875 0.7628205128205128 0.215625 0.7670940170940171 0.2015625 0.7670940170940171 0.1984375 0.7692307692307693 0.2015625 0.7863247863247863 0.20625 0.7863247863247863 0.2078125 0.782051282051282 0.2234375 0.7799145299145299 0.23125 0.7756410256410257 0.2328125 0.7713675213675214 0.2515625 0.7649572649572649 0.2515625 0.7606837606837606 0.2484375 0.7585470085470085 0.246875 0.7585470085470085 0.2296875 0.7585470085470085 0.2171875 0.7628205128205128
2 0.0765625 0.5982905982905983 0.0921875 0.594017094017094 0.1140625 0.594017094017094 0.121875 0.5982905982905983 0.128125 0.5982905982905983 0.1296875 0.6025641025641025 0.14375 0.6068376068376068 0.15 0.6025641025641025 0.15 0.6004273504273504 0.146875 0.5982905982905983 0.14375 0.5897435897435898 0.1375 0.5897435897435898 0.1234375 0.5833333333333334 0.121875 0.5790598290598291 0.1140625 0.5747863247863247 0.1109375 0.5683760683760684 0.1078125 0.5683760683760684 0.1046875 0.5641025641025641 0.0890625 0.561965811965812 0.0859375 0.5641025641025641 0.0859375 0.5662393162393162 0.075 0.5876068376068376 0.0765625 0.5982905982905983
2 0.0765625 0.8632478632478633 0.06875 0.8632478632478633 0.0609375 0.8675213675213675 0.0609375 0.8760683760683761 0.0640625 0.8760683760683761 0.06875 0.8824786324786325 0.075 0.8846153846153846 0.0828125 0.8995726495726496 0.090625 0.8974358974358975 0.0953125 0.8995726495726496 0.096875 0.9038461538461539 0.1109375 0.9038461538461539 0.1109375 0.8952991452991453 0.1078125 0.8931623931623932 0.103125 0.8760683760683761 0.1 0.8739316239316239 0.0953125 0.8589743589743589 0.0890625 0.8504273504273504 0.0875 0.8525641025641025 0.084375 0.8525641025641025 0.0765625 0.8632478632478633
2 0.6296875 0.05555555555555555 0.621875 0.0641025641025641 0.6203125 0.07051282051282051 0.615625 0.07478632478632478 0.609375 0.07478632478632478 0.603125 0.06837606837606838 0.6 0.06837606837606838 0.596875 0.06196581196581197 0.58125 0.057692307692307696 0.5796875 0.053418803418803416 0.5703125 0.05128205128205128 0.5671875 0.07692307692307693 0.565625 0.08333333333333333 0.5625 0.08547008547008547 0.5625 0.09401709401709402 0.5765625 0.09401709401709402 0.578125 0.09829059829059829 0.5984375 0.10042735042735043 0.6 0.10256410256410256 0.653125 0.1047008547008547 0.6546875 0.10897435897435898 0.6625 0.10897435897435898 0.6640625 0.1111111111111111 0.6765625 0.1111111111111111 0.68125 0.10897435897435898 0.684375 0.10256410256410256 0.7015625 0.10256410256410256 0.70625 0.1047008547008547 0.7109375 0.1111111111111111 0.7140625 0.1111111111111111 0.71875 0.12393162393162394 0.721875 0.12606837606837606 0.746875 0.12393162393162394 0.7546875 0.11965811965811966 0.75625 0.11538461538461539 0.759375 0.11538461538461539 0.7640625 0.10897435897435898 0.7671875 0.10897435897435898 0.7703125 0.10256410256410256 0.7765625 0.10042735042735043 0.78125 0.09188034188034189 0.7859375 0.08974358974358974 0.7859375 0.08547008547008547 0.7921875 0.07692307692307693 0.7953125 0.05982905982905983 0.8015625 0.05128205128205128 0.8140625 0.04700854700854701 0.8171875 0.0405982905982906 0.821875 0.038461538461538464 0.81875 0.03632478632478633 0.79375 0.03632478632478633 0.7921875 0.03205128205128205 0.7734375 0.03205128205128205 0.771875 0.03632478632478633 0.7671875 0.038461538461538464 0.7390625 0.042735042735042736 0.7375 0.04700854700854701 0.725 0.04700854700854701 0.7140625 0.03205128205128205 0.6515625 0.03205128205128205 0.6515625 0.03418803418803419 0.6375 0.0405982905982906 0.6296875 0.05555555555555555
2 0.2921875 0.06196581196581197 0.2859375 0.0641025641025641 0.275 0.0811965811965812 0.271875 0.0811965811965812 0.26875 0.09188034188034189 0.25 0.11538461538461539 0.246875 0.12606837606837606 0.2453125 0.1623931623931624 0.2421875 0.16452991452991453 0.2453125 0.1752136752136752 0.2421875 0.17735042735042736 0.240625 0.20085470085470086 0.2453125 0.20726495726495728 0.25 0.22863247863247863 0.259375 0.23076923076923078 0.2671875 0.22008547008547008 0.2703125 0.2094017094017094 0.275 0.20512820512820512 0.2796875 0.19230769230769232 0.309375 0.15384615384615385 0.3109375 0.1282051282051282 0.3140625 0.12606837606837606 0.3140625 0.11752136752136752 0.31875 0.10256410256410256 0.321875 0.10042735042735043 0.3265625 0.08547008547008547 0.33125 0.0811965811965812 0.33125 0.07478632478632478 0.334375 0.06623931623931624 0.334375 0.057692307692307696 0.33125 0.049145299145299144 0.3203125 0.04700854700854701 0.31875 0.042735042735042736 0.3109375 0.042735042735042736 0.3109375 0.04487179487179487 0.303125 0.04700854700854701 0.2921875 0.06196581196581197
2 0.90625 0.3162393162393162 0.9171875 0.31837606837606836 0.91875 0.32264957264957267 0.93125 0.32264957264957267 0.93125 0.3162393162393162 0.928125 0.3141025641025641 0.928125 0.30982905982905984 0.9203125 0.30128205128205127 0.915625 0.28846153846153844 0.9109375 0.2863247863247863 0.909375 0.2863247863247863 0.903125 0.28846153846153844 0.90625 0.3162393162393162
2 0.6359375 0.6645299145299145 0.6328125 0.6666666666666666 0.6296875 0.7393162393162394 0.628125 0.7478632478632479 0.625 0.75 0.625 0.7606837606837606 0.621875 0.7735042735042735 0.621875 0.7905982905982906 0.6265625 0.7927350427350427 0.63125 0.7863247863247863 0.63125 0.7799145299145299 0.634375 0.7777777777777778 0.6375 0.7478632478632479 0.6390625 0.7414529914529915 0.6421875 0.7393162393162394 0.6453125 0.7222222222222222 0.6453125 0.6666666666666666 0.6421875 0.6538461538461539 0.6390625 0.6538461538461539 0.6390625 0.655982905982906 0.6359375 0.6602564102564102 0.6359375 0.6645299145299145
2 0.5609375 0.6923076923076923 0.55 0.6987179487179487 0.5484375 0.7029914529914529 0.54375 0.7029914529914529 0.540625 0.7072649572649573 0.534375 0.7094017094017094 0.5328125 0.7136752136752137 0.5296875 0.7136752136752137 0.5265625 0.717948717948718 0.51875 0.7200854700854701 0.5125 0.7286324786324786 0.50625 0.7307692307692307 0.503125 0.7371794871794872 0.4953125 0.7414529914529915 0.4953125 0.7457264957264957 0.490625 0.7478632478632479 0.4890625 0.7542735042735043 0.4671875 0.782051282051282 0.4671875 0.7863247863247863 0.4640625 0.7905982905982906 0.4640625 0.7991452991452992 0.475 0.8012820512820513 0.4890625 0.7970085470085471 0.490625 0.7927350427350427 0.503125 0.7863247863247863 0.5046875 0.782051282051282 0.509375 0.7799145299145299 0.5140625 0.7713675213675214 0.525 0.7649572649572649 0.528125 0.7585470085470085 0.540625 0.7542735042735043 0.5484375 0.7435897435897436 0.5546875 0.7286324786324786 0.5625 0.7222222222222222 0.5671875 0.7222222222222222 0.56875 0.717948717948718 0.5765625 0.717948717948718 0.578125 0.7222222222222222 0.5890625 0.7243589743589743 0.59375 0.717948717948718 0.596875 0.717948717948718 0.5984375 0.7072649572649573 0.5875 0.6944444444444444 0.5859375 0.6944444444444444 0.58125 0.6923076923076923 0.5609375 0.6923076923076923
2 0.5390625 0.7777777777777778 0.5375 0.7884615384615384 0.534375 0.7927350427350427 0.534375 0.7991452991452992 0.5296875 0.8055555555555556 0.5265625 0.8461538461538461 0.5234375 0.8482905982905983 0.5234375 0.8568376068376068 0.5265625 0.8589743589743589 0.528125 0.8739316239316239 0.5359375 0.8846153846153846 0.54375 0.8846153846153846 0.5453125 0.8824786324786325 0.5453125 0.8782051282051282 0.5484375 0.8760683760683761 0.5484375 0.8376068376068376 0.5453125 0.8333333333333334 0.5484375 0.8311965811965812 0.5515625 0.811965811965812 0.55625 0.8076923076923077 0.5625 0.7927350427350427 0.5671875 0.7927350427350427 0.56875 0.7970085470085471 0.5765625 0.7970085470085471 0.5796875 0.7927350427350427 0.5765625 0.7905982905982906 0.571875 0.7564102564102564 0.56875 0.7542735042735043 0.56875 0.7264957264957265 0.565625 0.7200854700854701 0.5625 0.7200854700854701 0.559375 0.7264957264957265 0.5546875 0.7286324786324786 0.546875 0.7393162393162394 0.546875 0.7414529914529915 0.5421875 0.7756410256410257 0.5390625 0.7777777777777778
2 0.565625 0.07905982905982906 0.5625 0.0811965811965812 0.5609375 0.08974358974358974 0.5625 0.09829059829059829 0.5953125 0.10042735042735043 0.596875 0.10256410256410256 0.621875 0.10256410256410256 0.6265625 0.09615384615384616 0.6109375 0.07478632478632478 0.6015625 0.06837606837606838 0.5984375 0.06196581196581197 0.590625 0.057692307692307696 0.584375 0.057692307692307696 0.5828125 0.053418803418803416 0.575 0.049145299145299144 0.5703125 0.049145299145299144 0.5703125 0.05128205128205128 0.5671875 0.06196581196581197 0.565625 0.07905982905982906
2 0.6609375 0.30982905982905984 0.659375 0.3611111111111111 0.6328125 0.3974358974358974 0.6296875 0.44871794871794873 0.634375 0.4444444444444444 0.6390625 0.42948717948717946 0.6453125 0.42094017094017094 0.6453125 0.4166666666666667 0.6578125 0.3995726495726496 0.6609375 0.38675213675213677 0.6796875 0.3611111111111111 0.684375 0.358974358974359 0.6875 0.3525641025641026 0.696875 0.3482905982905983 0.7 0.3418803418803419 0.7125 0.33547008547008544 0.7125 0.32051282051282054 0.7078125 0.3162393162393162 0.6875 0.3162393162393162 0.6828125 0.30982905982905984 0.678125 0.30982905982905984 0.6734375 0.3055555555555556 0.671875 0.3055555555555556 0.6640625 0.3055555555555556 0.6609375 0.30982905982905984
2 0.7578125 0.06837606837606838 0.7453125 0.07478632478632478 0.74375 0.07905982905982906 0.7265625 0.08547008547008547 0.721875 0.09188034188034189 0.7109375 0.09615384615384616 0.70625 0.1047008547008547 0.725 0.13034188034188035 0.7359375 0.13034188034188035 0.7375 0.12606837606837606 0.753125 0.12179487179487179 0.7578125 0.11538461538461539 0.7671875 0.10897435897435898 0.76875 0.1047008547008547 0.7796875 0.09829059829059829 0.7921875 0.07905982905982906 0.7953125 0.06837606837606838 0.79375 0.06196581196581197 0.7703125 0.0641025641025641 0.7703125 0.06623931623931624 0.76875 0.06837606837606838 0.7578125 0.06837606837606838
2 0.240625 0.2841880341880342 0.2296875 0.28846153846153844 0.221875 0.28846153846153844 0.2203125 0.29273504273504275 0.1921875 0.2948717948717949 0.196875 0.2948717948717949 0.2 0.3034188034188034 0.1984375 0.30982905982905984 0.1984375 0.33547008547008544 0.196875 0.33760683760683763 0.190625 0.33760683760683763 0.1890625 0.3333333333333333 0.184375 0.3311965811965812 0.1375 0.3311965811965812 0.13125 0.3333333333333333 0.128125 0.3418803418803419 0.125 0.344017094017094 0.1234375 0.35683760683760685 0.1171875 0.36538461538461536 0.1125 0.38461538461538464 0.109375 0.38675213675213677 0.1078125 0.39316239316239315 0.1078125 0.3995726495726496 0.1046875 0.4081196581196581 0.1046875 0.4358974358974359 0.1015625 0.43803418803418803 0.1015625 0.452991452991453 0.1 0.4551282051282051 0.1 0.48717948717948717 0.1015625 0.49786324786324787 0.1046875 0.5 0.1046875 0.5085470085470085 0.1140625 0.5213675213675214 0.1234375 0.5213675213675214 0.1296875 0.5170940170940171 0.134375 0.5170940170940171 0.1359375 0.5128205128205128 0.1421875 0.5106837606837606 0.146875 0.49786324786324787 0.15 0.49572649572649574 0.1609375 0.4722222222222222 0.165625 0.46794871794871795 0.1671875 0.46153846153846156 0.171875 0.4551282051282051 0.1765625 0.452991452991453 0.1796875 0.4465811965811966 0.1859375 0.4423076923076923 0.1953125 0.4252136752136752 0.2046875 0.4166666666666667 0.209375 0.4017094017094017 0.228125 0.3782051282051282 0.234375 0.36324786324786323 0.2390625 0.3611111111111111 0.240625 0.33974358974358976 0.24375 0.33760683760683763 0.246875 0.3269230769230769 0.2515625 0.32264957264957267 0.253125 0.2948717948717949 0.2515625 0.2863247863247863 0.25 0.2863247863247863 0.2484375 0.2841880341880342 0.240625 0.2841880341880342
2 0.1890625 0.75 0.1828125 0.7521367521367521 0.18125 0.7564102564102564 0.1640625 0.7606837606837606 0.159375 0.7670940170940171 0.140625 0.7735042735042735 0.1359375 0.7799145299145299 0.1234375 0.7841880341880342 0.1078125 0.8055555555555556 0.1078125 0.8098290598290598 0.1046875 0.8183760683760684 0.1015625 0.8205128205128205 0.0984375 0.8333333333333334 0.09375 0.8376068376068376 0.09375 0.8568376068376068 0.096875 0.8589743589743589 0.096875 0.8632478632478633 0.1015625 0.8717948717948718 0.10625 0.8760683760683761 0.1078125 0.8739316239316239 0.1109375 0.8760683760683761 0.1125 0.8824786324786325 0.1140625 0.8824786324786325 0.121875 0.8653846153846154 0.1203125 0.8632478632478633 0.121875 0.8611111111111112 0.1296875 0.8611111111111112 0.128125 0.8547008547008547 0.134375 0.8461538461538461 0.13125 0.8418803418803419 0.134375 0.8397435897435898 0.1359375 0.8247863247863247 0.1453125 0.8183760683760684 0.146875 0.8141025641025641 0.1578125 0.8076923076923077 0.1625 0.8012820512820513 0.171875 0.7970085470085471 0.18125 0.7970085470085471 0.1828125 0.7927350427350427 0.2 0.7905982905982906 0.203125 0.7863247863247863 0.20625 0.7863247863247863 0.2078125 0.782051282051282 0.2203125 0.7799145299145299 0.2296875 0.7756410256410257 0.234375 0.7692307692307693 0.246875 0.7649572649572649 0.246875 0.7606837606837606 0.225 0.7606837606837606 0.21875 0.7628205128205128 0.2171875 0.7670940170940171 0.20625 0.7692307692307693 0.2015625 0.7649572649572649 0.2015625 0.7606837606837606 0.2046875 0.7585470085470085 0.2046875 0.7521367521367521 0.1984375 0.7457264957264957 0.196875 0.7457264957264957 0.1921875 0.7457264957264957 0.1890625 0.75
2 0.2375 0.14102564102564102 0.2328125 0.1452991452991453 0.23125 0.15598290598290598 0.2328125 0.18376068376068377 0.2390625 0.1858974358974359 0.240625 0.17735042735042736 0.24375 0.1752136752136752 0.2453125 0.12606837606837606 0.24375 0.12606837606837606 0.240625 0.1282051282051282 0.2375 0.14102564102564102
2 0.1765625 0.7585470085470085 0.1640625 0.7606837606837606 0.159375 0.7670940170940171 0.1390625 0.7735042735042735 0.134375 0.7799145299145299 0.1234375 0.7841880341880342 0.109375 0.8034188034188035 0.1078125 0.8141025641025641 0.109375 0.8226495726495726 0.11875 0.8226495726495726 0.125 0.8183760683760684 0.1421875 0.8183760683760684 0.14375 0.8141025641025641 0.15 0.811965811965812 0.1546875 0.8034188034188035 0.1578125 0.8034188034188035 0.16875 0.7884615384615384 0.196875 0.7884615384615384 0.196875 0.782051282051282 0.19375 0.7777777777777778 0.196875 0.7756410256410257 0.196875 0.7713675213675214 0.19375 0.7692307692307693 0.2046875 0.7585470085470085 0.2046875 0.7521367521367521 0.1984375 0.7457264957264957 0.196875 0.7457264957264957 0.1921875 0.7457264957264957 0.1765625 0.7585470085470085