5 0.19375 0.7791932059447984 0.20625 0.7834394904458599 0.2078125 0.7876857749469215 0.225 0.7940552016985138 0.2265625 0.7983014861995754 0.24375 0.8046709129511678 0.2484375 0.8110403397027601 0.2609375 0.8152866242038217 0.2625 0.8195329087048833 0.2765625 0.8259023354564756 0.28125 0.832271762208068 0.2921875 0.8365180467091295 0.29375 0.8407643312101911 0.3078125 0.8450106157112527 0.3125 0.851380042462845 0.3203125 0.8556263269639066 0.334375 0.8577494692144374 0.3359375 0.861995753715499 0.3421875 0.861995753715499 0.3453125 0.8577494692144374 0.3453125 0.8535031847133758 0.3328125 0.8428874734607219 0.3296875 0.8365180467091295 0.31875 0.832271762208068 0.3171875 0.8280254777070064 0.3046875 0.821656050955414 0.303125 0.8174097664543525 0.284375 0.8110403397027601 0.2828125 0.8067940552016986 0.2703125 0.8004246284501062 0.26875 0.7961783439490446 0.25 0.7898089171974523 0.2484375 0.7855626326963907 0.234375 0.7791932059447984 0.2296875 0.772823779193206 0.21875 0.7707006369426752 0.2140625 0.7685774946921444 0.2125 0.7643312101910829 0.2 0.7600849256900213 0.1921875 0.7622080679405521 0.1921875 0.7643312101910829 0.190625 0.772823779193206 0.19375 0.7791932059447984
5 0.6203125 0.14225053078556263 0.6140625 0.14437367303609341 0.6125 0.15711252653927812 0.609375 0.1592356687898089 0.60625 0.18471337579617833 0.6015625 0.18895966029723993 0.5984375 0.2059447983014862 0.59375 0.21231422505307856 0.5921875 0.22717622080679406 0.58125 0.2505307855626327 0.58125 0.25902335456475584 0.5875 0.25902335456475584 0.5921875 0.2505307855626327 0.5953125 0.2505307855626327 0.60625 0.2356687898089172 0.6078125 0.2229299363057325 0.6109375 0.2208067940552017 0.6140625 0.208067940552017 0.61875 0.20382165605095542 0.6234375 0.18046709129511676 0.6265625 0.17834394904458598 0.6296875 0.16560509554140126 0.6296875 0.1592356687898089 0.634375 0.15286624203821655 0.634375 0.13800424628450106 0.628125 0.1337579617834395 0.6265625 0.13588110403397027 0.6234375 0.13588110403397027 0.6203125 0.14225053078556263
5 0.4046875 0.7685774946921444 0.409375 0.7749469214437368 0.4140625 0.7940552016985138 0.4140625 0.802547770700637 0.4171875 0.8046709129511678 0.421875 0.8259023354564756 0.425 0.8280254777070064 0.4296875 0.851380042462845 0.4328125 0.8535031847133758 0.4375 0.8726114649681529 0.4421875 0.8789808917197452 0.44375 0.8980891719745223 0.4484375 0.9044585987261147 0.4578125 0.9044585987261147 0.4578125 0.8959660297239915 0.4546875 0.8853503184713376 0.4515625 0.8832271762208068 0.4484375 0.8598726114649682 0.4421875 0.851380042462845 0.4390625 0.832271762208068 0.4359375 0.8301486199575372 0.4359375 0.8237791932059448 0.4328125 0.8195329087048833 0.43125 0.802547770700637 0.428125 0.8004246284501062 0.425 0.7834394904458599 0.41875 0.772823779193206 0.4171875 0.7622080679405521 0.4109375 0.7579617834394905 0.409375 0.7537154989384289 0.40625 0.7537154989384289 0.40625 0.7558386411889597 0.4046875 0.7579617834394905 0.4046875 0.7685774946921444
1 0.921875 0 0.921875 0.0021231422505307855 0.9203125 0.004246284501061571 0.9203125 0.02335456475583864 0.921875 0.025477707006369428 0.921875 0.03821656050955414 0.925 0.040339702760084924 0.9296875 0.055201698513800426 0.934375 0.059447983014861996 0.946875 0.06157112526539278 0.9484375 0.06581740976645435 0.9625 0.07218683651804671 0.9765625 0.10191082802547771 0.990625 0.12101910828025478 0.9984375 0.12101910828025478 0.9984375 0.08280254777070063 0.9953125 0.07643312101910828 0.9953125 0.06794055201698514 0.9984375 0.06157112526539278 0.9984375 0.006369426751592357 0.99375 0 0.921875 0
1 0.8953125 0.7961783439490446 0.8875 0.7940552016985138 0.8796875 0.7940552016985138 0.878125 0.7961783439490446 0.878125 0.8089171974522293 0.8828125 0.8407643312101911 0.8859375 0.8428874734607219 0.890625 0.861995753715499 0.8953125 0.8683651804670913 0.896875 0.8832271762208068 0.9015625 0.8895966029723992 0.90625 0.9044585987261147 0.9140625 0.9065817409766455 0.971875 0.9065817409766455 0.9734375 0.9044585987261147 0.98125 0.9044585987261147 0.9828125 0.9065817409766455 0.9953125 0.9065817409766455 0.9984375 0.9044585987261147 0.9984375 0.8598726114649682 0.996875 0.8577494692144374 0.9921875 0.8577494692144374 0.9890625 0.8641188959660298 0.9765625 0.8704883227176221 0.975 0.8747346072186837 0.9671875 0.8726114649681529 0.9671875 0.8641188959660298 0.9703125 0.861995753715499 0.975 0.8471337579617835 0.9796875 0.8428874734607219 0.98125 0.8343949044585988 0.9859375 0.8301486199575372 0.9859375 0.8237791932059448 0.9890625 0.8195329087048833 0.990625 0.8110403397027601 0.9953125 0.8046709129511678 0.99375 0.802547770700637 0.9765625 0.8067940552016986 0.975 0.8110403397027601 0.9703125 0.8131634819532909 0.9578125 0.8131634819532909 0.95625 0.8152866242038217 0.9546875 0.8131634819532909 0.928125 0.8131634819532909 0.925 0.8067940552016986 0.9046875 0.8004246284501062 0.903125 0.8004246284501062 0.896875 0.8004246284501062 0.8953125 0.7961783439490446
1 0.765625 0.32908704883227174 0.7640625 0.3333333333333333 0.740625 0.3333333333333333 0.7390625 0.3354564755838641 0.7109375 0.3375796178343949 0.70625 0.34394904458598724 0.6953125 0.3503184713375796 0.671875 0.3821656050955414 0.6671875 0.4033970276008493 0.6671875 0.4267515923566879 0.6640625 0.4288747346072187 0.6640625 0.4607218683651805 0.6671875 0.46284501061571126 0.6671875 0.4819532908704883 0.6640625 0.4840764331210191 0.6640625 0.4968152866242038 0.6671875 0.4989384288747346 0.66875 0.505307855626327 0.6703125 0.5222929936305732 0.6765625 0.5307855626326964 0.6765625 0.535031847133758 0.6828125 0.5414012738853503 0.684375 0.554140127388535 0.690625 0.5583864118895966 0.69375 0.5690021231422505 0.69375 0.5774946921443737 0.6984375 0.5817409766454352 0.703125 0.5966029723991507 0.709375 0.6029723991507431 0.709375 0.6072186836518046 0.728125 0.613588110403397 0.7328125 0.6199575371549894 0.74375 0.6242038216560509 0.7453125 0.6305732484076433 0.75625 0.6348195329087049 0.765625 0.6496815286624203 0.7765625 0.6539278131634819 0.7875 0.6687898089171974 0.7890625 0.6751592356687898 0.8015625 0.6900212314225053 0.8046875 0.70276008492569 0.8078125 0.70276008492569 0.8140625 0.7091295116772823 0.8359375 0.7388535031847133 0.840625 0.7409766454352441 0.84375 0.7473460721868365 0.846875 0.7473460721868365 0.859375 0.7664543524416136 0.8703125 0.772823779193206 0.875 0.7813163481953291 0.88125 0.7834394904458599 0.8828125 0.7876857749469215 0.8875 0.7898089171974523 0.903125 0.7940552016985138 0.9046875 0.7983014861995754 0.9265625 0.7983014861995754 0.928125 0.7940552016985138 0.9390625 0.7940552016985138 0.9515625 0.7898089171974523 0.95625 0.7834394904458599 0.9625 0.7834394904458599 0.96875 0.7770700636942676 0.971875 0.7770700636942676 0.9765625 0.7707006369426752 0.990625 0.7664543524416136 0.996875 0.7579617834394905 0.996875 0.7473460721868365 0.9984375 0.7452229299363057 0.996875 0.7388535031847133 0.9984375 0.7346072186836518 0.996875 0.6581740976645435 0.9984375 0.6560509554140127 0.9984375 0.643312101910828 0.996875 0.6411889596602972 0.996875 0.6305732484076433 0.9984375 0.6284501061571125 0.9984375 0.5774946921443737 0.996875 0.5753715498938429 0.996875 0.5562632696390658 0.9984375 0.5498938428874734 0.996875 0.5456475583864119 0.9984375 0.5435244161358811 0.9984375 0.42038216560509556 0.9953125 0.416135881104034 0.9953125 0.4118895966029724 0.990625 0.40976645435244163 0.9796875 0.39278131634819535 0.96875 0.386411889596603 0.965625 0.37791932059447986 0.959375 0.37579617834394907 0.95625 0.36942675159235666 0.9453125 0.36942675159235666 0.9296875 0.3651804670912951 0.928125 0.3609341825902335 0.9203125 0.35881104033970274 0.9078125 0.3481953290870488 0.8734375 0.3481953290870488 0.86875 0.33970276008492567 0.8640625 0.3375796178343949 0.815625 0.3354564755838641 0.809375 0.3375796178343949 0.8 0.3333333333333333 0.7984375 0.32908704883227174 0.790625 0.32696390658174096 0.7890625 0.32696390658174096 0.7859375 0.32908704883227174 0.765625 0.32908704883227174
1 0.15625 0.7940552016985138 0.15 0.7898089171974523 0.1375 0.7898089171974523 0.1296875 0.7961783439490446 0.128125 0.821656050955414 0.125 0.8237791932059448 0.121875 0.8428874734607219 0.1171875 0.8492569002123143 0.1140625 0.8641188959660298 0.109375 0.8683651804670913 0.1046875 0.8853503184713376 0.1015625 0.8874734607218684 0.1 0.8959660297239915 0.096875 0.9002123142250531 0.0984375 0.9044585987261147 0.2921875 0.9044585987261147 0.29375 0.9065817409766455 0.321875 0.9065817409766455 0.3234375 0.9044585987261147 0.3890625 0.9044585987261147 0.390625 0.9002123142250531 0.4015625 0.9002123142250531 0.4078125 0.8938428874734607 0.4125 0.8853503184713376 0.4125 0.881104033970276 0.415625 0.8789808917197452 0.415625 0.8662420382165605 0.4125 0.8641188959660298 0.4125 0.8556263269639066 0.4078125 0.8386411889596603 0.4046875 0.8365180467091295 0.403125 0.8280254777070064 0.396875 0.821656050955414 0.396875 0.8174097664543525 0.378125 0.7919320594479831 0.3671875 0.7898089171974523 0.365625 0.7855626326963907 0.359375 0.7855626326963907 0.3578125 0.7898089171974523 0.3515625 0.7898089171974523 0.34375 0.7940552016985138 0.3390625 0.8004246284501062 0.334375 0.802547770700637 0.3171875 0.8067940552016986 0.315625 0.8110403397027601 0.3125 0.8110403397027601 0.309375 0.8152866242038217 0.309375 0.8195329087048833 0.321875 0.8259023354564756 0.3234375 0.8301486199575372 0.334375 0.8365180467091295 0.3359375 0.8407643312101911 0.346875 0.8492569002123143 0.346875 0.8577494692144374 0.3421875 0.8641188959660298 0.33125 0.8641188959660298 0.3296875 0.8598726114649682 0.3234375 0.8598726114649682 0.3109375 0.8535031847133758 0.30625 0.8471337579617835 0.2890625 0.8428874734607219 0.2828125 0.8343949044585988 0.2734375 0.832271762208068 0.271875 0.8280254777070064 0.2578125 0.821656050955414 0.25625 0.8174097664543525 0.240625 0.8110403397027601 0.2390625 0.8067940552016986 0.221875 0.8004246284501062 0.2203125 0.7961783439490446 0.203125 0.7898089171974523 0.2015625 0.7855626326963907 0.1828125 0.7855626326963907 0.1828125 0.7876857749469215 0.16875 0.7940552016985138 0.15625 0.7940552016985138
1 0.003125 0 0.003125 0.0021231422505307855 0 0.004246284501061571 0 0.09129511677282377 0.0046875 0.09554140127388536 0.0046875 0.09978768577494693 0.003125 0.10828025477707007 0 0.11040339702760085 0 0.2484076433121019 0.00625 0.25690021231422505 0.028125 0.2611464968152866 0.034375 0.26963906581740976 0.034375 0.27388535031847133 0.0421875 0.27388535031847133 0.0546875 0.2908704883227176 0.065625 0.2929936305732484 0.0703125 0.29936305732484075 0.0734375 0.29936305732484075 0.075 0.3036093418259023 0.0765625 0.29936305732484075 0.090625 0.29936305732484075 0.096875 0.3078556263269639 0.1 0.3205944798301486 0.10625 0.3248407643312102 0.1109375 0.3248407643312102 0.115625 0.3205944798301486 0.115625 0.31210191082802546 0.11875 0.3099787685774947 0.115625 0.3057324840764331 0.1171875 0.2951167728237792 0.128125 0.2929936305732484 0.1296875 0.2951167728237792 0.1359375 0.28450106157112526 0.1390625 0.28450106157112526 0.14375 0.2908704883227176 0.153125 0.2908704883227176 0.1546875 0.2929936305732484 0.196875 0.2951167728237792 0.2 0.30148619957537154 0.2 0.32696390658174096 0.1984375 0.32908704883227174 0.1609375 0.32908704883227174 0.159375 0.3333333333333333 0.15625 0.3333333333333333 0.159375 0.3375796178343949 0.16875 0.3375796178343949 0.171875 0.3481953290870488 0.1703125 0.3524416135881104 0.178125 0.35456475583864117 0.1796875 0.35881104033970274 0.1875 0.35456475583864117 0.196875 0.35668789808917195 0.1984375 0.35881104033970274 0.1921875 0.3609341825902335 0.190625 0.36942675159235666 0.1875 0.37367303609341823 0.1921875 0.37367303609341823 0.1984375 0.3651804670912951 0.2046875 0.3651804670912951 0.20625 0.3609341825902335 0.2046875 0.35881104033970274 0.2078125 0.35456475583864117 0.2078125 0.346072186836518 0.2140625 0.34394904458598724 0.2140625 0.3354564755838641 0.2171875 0.32908704883227174 0.2234375 0.3227176220806794 0.23125 0.3205944798301486 0.23125 0.31422505307855625 0.2359375 0.3099787685774947 0.2375 0.3036093418259023 0.2359375 0.28450106157112526 0.2375 0.2760084925690021 0.2359375 0.2653927813163482 0.2328125 0.2632696390658174 0.2328125 0.25902335456475584 0.2359375 0.25690021231422505 0.2359375 0.2229299363057325 0.2296875 0.21656050955414013 0.2296875 0.21231422505307856 0.225 0.21019108280254778 0.2234375 0.19957537154989385 0.2171875 0.19532908704883228 0.2171875 0.1910828025477707 0.2109375 0.18895966029723993 0.2046875 0.17834394904458598 0.1984375 0.1740976645435244 0.196875 0.1592356687898089 0.184375 0.14225053078556263 0.1828125 0.12526539278131635 0.1765625 0.11677282377919321 0.16875 0.11252653927813164 0.1671875 0.10615711252653928 0.159375 0.09766454352441614 0.1578125 0.08917197452229299 0.146875 0.07430997876857749 0.1359375 0.06794055201698514 0.128125 0.05732484076433121 0.1265625 0.050955414012738856 0.1171875 0.050955414012738856 0.1109375 0.03821656050955414 0.1046875 0.036093418259023353 0.0984375 0.027600849256900213 0.0921875 0.025477707006369428 0.0875 0.014861995753715499 0.084375 0.012738853503184714 0.0828125 0.006369426751592357 0.0609375 0.004246284501061571 0.059375 0 0.0375 0 0.0359375 0.004246284501061571 0.028125 0.004246284501061571 0.0265625 0.006369426751592357 0.01875 0.004246284501061571 0.0171875 0 0.003125 0
1 0 0 0 0.0021231422505307855 0 0.09341825902335456 0.003125 0.09554140127388536 0.003125 0.09978768577494693 0 0.10191082802547771 0 0.2632696390658174 0.0046875 0.26963906581740976 0.0125 0.27388535031847133 0.01875 0.27388535031847133 0.0234375 0.2802547770700637 0.028125 0.2802547770700637 0.034375 0.28450106157112526 0.04375 0.2823779193205945 0.0515625 0.2929936305732484 0.046875 0.2951167728237792 0.046875 0.3057324840764331 0.053125 0.3057324840764331 0.059375 0.29936305732484075 0.0640625 0.30148619957537154 0.065625 0.3099787685774947 0.0625 0.31210191082802546 0.065625 0.31422505307855625 0.059375 0.31634819532908703 0.0609375 0.32696390658174096 0.065625 0.32696390658174096 0.071875 0.3227176220806794 0.075 0.32696390658174096 0.075 0.3354564755838641 0.0796875 0.3375796178343949 0.08125 0.34182590233545646 0.084375 0.3375796178343949 0.0875 0.3375796178343949 0.0890625 0.34182590233545646 0.096875 0.34182590233545646 0.0984375 0.3481953290870488 0.103125 0.3481953290870488 0.109375 0.34182590233545646 0.1125 0.34182590233545646 0.1140625 0.3524416135881104 0.134375 0.35456475583864117 0.1359375 0.35668789808917195 0.1328125 0.35881104033970274 0.1328125 0.3651804670912951 0.1453125 0.3673036093418259 0.1515625 0.37579617834394907 0.153125 0.3842887473460722 0.1625 0.39065817409766457 0.1640625 0.39490445859872614 0.16875 0.39490445859872614 0.1734375 0.3991507430997877 0.178125 0.40976645435244163 0.1890625 0.40976645435244163 0.2015625 0.4267515923566879 0.20625 0.4267515923566879 0.209375 0.4309978768577495 0.2125 0.4309978768577495 0.2171875 0.4416135881104034 0.221875 0.445859872611465 0.2265625 0.46284501061571126 0.23125 0.46709129511677283 0.2328125 0.4734607218683652 0.2390625 0.4713375796178344 0.2390625 0.445859872611465 0.2375 0.4416135881104034 0.2390625 0.4394904458598726 0.2375 0.4309978768577495 0.2328125 0.4267515923566879 0.2359375 0.42250530785562634 0.2359375 0.4182590233545648 0.2328125 0.416135881104034 0.2328125 0.39278131634819535 0.228125 0.3842887473460722 0.228125 0.37579617834394907 0.225 0.37367303609341823 0.225 0.35881104033970274 0.228125 0.35668789808917195 0.2296875 0.34394904458598724 0.225 0.34182590233545646 0.225 0.3354564755838641 0.2328125 0.33121019108280253 0.2328125 0.3248407643312102 0.2359375 0.3227176220806794 0.2390625 0.31210191082802546 0.2390625 0.2951167728237792 0.240625 0.2908704883227176 0.2375 0.27388535031847133 0.2375 0.25477707006369427 0.2390625 0.2505307855626327 0.2375 0.2484076433121019 0.2375 0.22717622080679406 0.2359375 0.2208067940552017 0.2328125 0.21868365180467092 0.2328125 0.21231422505307856 0.225 0.20382165605095542 0.225 0.19745222929936307 0.2203125 0.18895966029723993 0.2203125 0.18471337579617833 0.215625 0.18471337579617833 0.2140625 0.18046709129511676 0.209375 0.18046709129511676 0.2 0.17197452229299362 0.1984375 0.15711252653927812 0.19375 0.15074309978768577 0.19375 0.1464968152866242 0.1859375 0.14012738853503184 0.1828125 0.12314225053078556 0.1671875 0.10828025477707007 0.165625 0.10191082802547771 0.1609375 0.09766454352441614 0.153125 0.08067940552016985 0.1484375 0.07855626326963906 0.1453125 0.07218683651804671 0.1375 0.06794055201698514 0.1265625 0.050955414012738856 0.1171875 0.04883227176220807 0.1140625 0.044585987261146494 0.1125 0.036093418259023353 0.10625 0.03397027600849257 0.1046875 0.029723991507430998 0.10625 0.027600849256900213 0.1015625 0.03184713375796178 0.0984375 0.025477707006369428 0.0921875 0.025477707006369428 0.0875 0.014861995753715499 0.084375 0.012738853503184714 0.0828125 0.006369426751592357 0.0796875 0.004246284501061571 0.0609375 0.004246284501061571 0.059375 0 0.0375 0 0.0359375 0.004246284501061571 0.01875 0.004246284501061571 0.0171875 0 0 0
1 0 0.802547770700637 0.0171875 0.8046709129511678 0.01875 0.8089171974522293 0.0328125 0.8110403397027601 0.0390625 0.8152866242038217 0.0515625 0.8152866242038217 0.053125 0.8195329087048833 0.059375 0.8195329087048833 0.078125 0.7940552016985138 0.0890625 0.7876857749469215 0.090625 0.7834394904458599 0.1 0.7770700636942676 0.103125 0.7770700636942676 0.109375 0.7685774946921444 0.1125 0.7685774946921444 0.115625 0.7622080679405521 0.1265625 0.7558386411889597 0.1484375 0.7261146496815286 0.153125 0.7239915074309978 0.159375 0.7154989384288747 0.159375 0.7112526539278131 0.1625 0.7070063694267515 0.1625 0.6963906581740976 0.165625 0.6942675159235668 0.165625 0.6900212314225053 0.1625 0.6878980891719745 0.1625 0.6687898089171974 0.1609375 0.6666666666666666 0.1640625 0.6560509554140127 0.1671875 0.6560509554140127 0.171875 0.6496815286624203 0.178125 0.6496815286624203 0.1796875 0.6454352441613588 0.184375 0.6454352441613588 0.1859375 0.6496815286624203 0.196875 0.6518046709129511 0.203125 0.6602972399150743 0.2078125 0.6624203821656051 0.2125 0.6602972399150743 0.2171875 0.6518046709129511 0.2234375 0.6496815286624203 0.2265625 0.643312101910828 0.2328125 0.6390658174097664 0.2453125 0.6220806794055201 0.2484375 0.6072186836518046 0.2484375 0.5583864118895966 0.246875 0.5562632696390658 0.246875 0.535031847133758 0.24375 0.5180467091295117 0.240625 0.5159235668789809 0.2390625 0.4989384288747346 0.2328125 0.49044585987261147 0.2296875 0.47770700636942676 0.225 0.4734607218683652 0.2203125 0.4607218683651805 0.2171875 0.4585987261146497 0.2171875 0.45222929936305734 0.2140625 0.4437367303609342 0.2109375 0.4437367303609342 0.20625 0.43524416135881105 0.19375 0.4288747346072187 0.1890625 0.42038216560509556 0.1828125 0.4182590233545648 0.18125 0.4140127388535032 0.1640625 0.40764331210191085 0.14375 0.38004246284501064 0.1375 0.38004246284501064 0.134375 0.37154989384288745 0.115625 0.3651804670912951 0.1125 0.35881104033970274 0.0890625 0.35668789808917195 0.084375 0.3503184713375796 0.075 0.346072186836518 0.071875 0.33970276008492567 0.053125 0.32908704883227174 0.040625 0.3078556263269639 0.0203125 0.2908704883227176 0.01875 0.28662420382165604 0.0046875 0.2802547770700637 0 0.2823779193205945 0 0.28450106157112526 0 0.7070063694267515 0.0046875 0.7112526539278131 0.00625 0.7282377919320594 0.0046875 0.7388535031847133 0 0.7409766454352441 0 0.802547770700637
1 0.26875 0.21868365180467092 0.2640625 0.2229299363057325 0.2609375 0.2505307855626327 0.2578125 0.2526539278131635 0.2546875 0.2653927813163482 0.25625 0.2802547770700637 0.2546875 0.2823779193205945 0.2546875 0.31210191082802546 0.2578125 0.3248407643312102 0.2609375 0.32696390658174096 0.2609375 0.3333333333333333 0.2546875 0.3375796178343949 0.2546875 0.35668789808917195 0.253125 0.35881104033970274 0.2546875 0.38004246284501064 0.25625 0.3821656050955414 0.25625 0.3991507430997877 0.259375 0.3991507430997877 0.2640625 0.40764331210191085 0.2625 0.42250530785562634 0.2640625 0.4267515923566879 0.2671875 0.4267515923566879 0.2765625 0.4394904458598726 0.2765625 0.4607218683651805 0.2734375 0.46284501061571126 0.2765625 0.46496815286624205 0.2765625 0.4692144373673036 0.28125 0.47558386411889597 0.28125 0.4819532908704883 0.2984375 0.4819532908704883 0.303125 0.49044585987261147 0.303125 0.4861995753715499 0.3078125 0.4819532908704883 0.3078125 0.47770700636942676 0.3140625 0.4713375796178344 0.31875 0.4564755838641189 0.325 0.45010615711252655 0.325 0.445859872611465 0.334375 0.43736730360934184 0.3421875 0.4267515923566879 0.3421875 0.42250530785562634 0.3453125 0.42038216560509556 0.3484375 0.4033970276008493 0.353125 0.3970276008492569 0.3578125 0.37791932059447986 0.3609375 0.37579617834394907 0.3609375 0.36942675159235666 0.3640625 0.3651804670912951 0.365625 0.35456475583864117 0.36875 0.3524416135881104 0.3734375 0.3354564755838641 0.378125 0.33121019108280253 0.378125 0.32696390658174096 0.384375 0.3248407643312102 0.3859375 0.3205944798301486 0.3890625 0.30148619957537154 0.3921875 0.29936305732484075 0.3953125 0.2908704883227176 0.4 0.28874734607218683 0.4046875 0.27388535031847133 0.4109375 0.267515923566879 0.4109375 0.2632696390658174 0.4140625 0.25902335456475584 0.4171875 0.25902335456475584 0.421875 0.2505307855626327 0.428125 0.2484076433121019 0.428125 0.23779193205944799 0.43125 0.2356687898089172 0.43125 0.19745222929936307 0.4265625 0.1932059447983015 0.4234375 0.18046709129511676 0.4171875 0.17197452229299362 0.415625 0.16348195329087048 0.4125 0.1613588110403397 0.4109375 0.14861995753715498 0.403125 0.14225053078556263 0.4015625 0.13800424628450106 0.3890625 0.1316348195329087 0.378125 0.11677282377919321 0.3640625 0.11677282377919321 0.3625 0.11464968152866242 0.3609375 0.11677282377919321 0.3546875 0.11677282377919321 0.353125 0.12101910828025478 0.3484375 0.12314225053078556 0.325 0.12101910828025478 0.3171875 0.1337579617834395 0.2953125 0.13588110403397027 0.2921875 0.14437367303609341 0.2890625 0.1464968152866242 0.284375 0.17197452229299362 0.28125 0.1740976645435244 0.28125 0.18259023354564755 0.2765625 0.1932059447983015 0.2703125 0.19745222929936307 0.275 0.19957537154989385 0.2765625 0.20382165605095542 0.2734375 0.2059447983014862 0.2734375 0.21019108280254778 0.2703125 0.21231422505307856 0.26875 0.21868365180467092
1 0.4890625 0 0.4890625 0.0021231422505307855 0.484375 0.004246284501061571 0.48125 0.01910828025477707 0.4796875 0.06794055201698514 0.4828125 0.08067940552016985 0.484375 0.10191082802547771 0.4875 0.1040339702760085 0.4921875 0.12101910828025478 0.496875 0.12526539278131635 0.5109375 0.12314225053078556 0.5140625 0.12951167728237792 0.5296875 0.13588110403397027 0.53125 0.14012738853503184 0.5421875 0.14225053078556263 0.5453125 0.1464968152866242 0.5484375 0.1464968152866242 0.55 0.15074309978768577 0.5640625 0.15286624203821655 0.5703125 0.16348195329087048 0.58125 0.16348195329087048 0.59375 0.1464968152866242 0.5984375 0.1464968152866242 0.6015625 0.14225053078556263 0.6046875 0.14225053078556263 0.609375 0.1337579617834395 0.6203125 0.1316348195329087 0.6234375 0.12526539278131635 0.6296875 0.12526539278131635 0.63125 0.12951167728237792 0.634375 0.12951167728237792 0.6390625 0.13588110403397027 0.6390625 0.15286624203821655 0.6359375 0.16348195329087048 0.6328125 0.16560509554140126 0.6328125 0.18259023354564755 0.63125 0.18471337579617833 0.6328125 0.19957537154989385 0.6359375 0.20169851380042464 0.6375 0.21443736730360935 0.64375 0.21656050955414013 0.64375 0.22505307855626328 0.646875 0.23142250530785563 0.6515625 0.23142250530785563 0.653125 0.2356687898089172 0.6609375 0.23991507430997877 0.6625 0.2484076433121019 0.675 0.2653927813163482 0.675 0.26963906581740976 0.6828125 0.27176220806794055 0.6859375 0.2781316348195329 0.690625 0.2781316348195329 0.69375 0.2823779193205945 0.696875 0.2823779193205945 0.709375 0.29936305732484075 0.7171875 0.29936305732484075 0.7234375 0.3036093418259023 0.7359375 0.3036093418259023 0.740625 0.3057324840764331 0.7421875 0.3099787685774947 0.7625 0.31210191082802546 0.7671875 0.3099787685774947 0.76875 0.3057324840764331 0.7765625 0.3036093418259023 0.79375 0.3036093418259023 0.7953125 0.29723991507430997 0.8015625 0.2908704883227176 0.803125 0.28450106157112526 0.8109375 0.2802547770700637 0.821875 0.2802547770700637 0.8234375 0.2823779193205945 0.871875 0.28450106157112526 0.8734375 0.28874734607218683 0.88125 0.28874734607218683 0.890625 0.2951167728237792 0.9 0.2951167728237792 0.9015625 0.29936305732484075 0.90625 0.30148619957537154 0.915625 0.30148619957537154 0.9203125 0.2929936305732484 0.9234375 0.2929936305732484 0.928125 0.2802547770700637 0.93125 0.2781316348195329 0.9359375 0.2526539278131635 0.9390625 0.2505307855626327 0.94375 0.23779193205944799 0.94375 0.23142250530785563 0.946875 0.22929936305732485 0.9484375 0.1910828025477707 0.946875 0.18471337579617833 0.94375 0.18259023354564755 0.940625 0.16772823779193205 0.928125 0.15074309978768577 0.9234375 0.14225053078556263 0.9234375 0.13800424628450106 0.9125 0.12526539278131635 0.9109375 0.11040339702760085 0.9078125 0.10828025477707007 0.9078125 0.09554140127388536 0.9 0.0870488322717622 0.9 0.08067940552016985 0.9046875 0.07218683651804671 0.9046875 0.06794055201698514 0.9078125 0.06581740976645435 0.9125 0.040339702760084924 0.915625 0.03821656050955414 0.915625 0.016985138004246284 0.9125 0.014861995753715499 0.9125 0.010615711252653927 0.903125 0.004246284501061571 0.8671875 0.004246284501061571 0.865625 0 0.85 0 0.8484375 0.004246284501061571 0.8421875 0.006369426751592357 0.8390625 0.010615711252653927 0.8390625 0.016985138004246284 0.834375 0.01910828025477707 0.8359375 0.02335456475583864 0.834375 0.025477707006369428 0.83125 0.025477707006369428 0.8296875 0.02335456475583864 0.8296875 0.010615711252653927 0.8265625 0.008492569002123142 0.8234375 0 0.809375 0 0.8078125 0.004246284501061571 0.7875 0.004246284501061571 0.7859375 0 0.753125 0 0.7515625 0.004246284501061571 0.7421875 0.004246284501061571 0.734375 0.008492569002123142 0.71875 0.004246284501061571 0.7171875 0 0.6671875 0 0.665625 0.004246284501061571 0.6515625 0.006369426751592357 0.64375 0.004246284501061571 0.6421875 0 0.609375 0 0.6078125 0.004246284501061571 0.60625 0 0.5375 0 0.5359375 0.004246284501061571 0.5203125 0.004246284501061571 0.51875 0 0.4890625 0
1 0.1140625 0 0.1140625 0.0021231422505307855 0.1125 0.006369426751592357 0.1171875 0.012738853503184714 0.1265625 0.014861995753715499 0.13125 0.021231422505307854 0.1328125 0.027600849256900213 0.1359375 0.029723991507430998 0.1390625 0.040339702760084924 0.1390625 0.04883227176220807 0.14375 0.050955414012738856 0.1453125 0.055201698513800426 0.1515625 0.055201698513800426 0.1578125 0.06157112526539278 0.159375 0.06794055201698514 0.1640625 0.07430997876857749 0.1640625 0.07855626326963906 0.1671875 0.08067940552016985 0.1671875 0.0870488322717622 0.171875 0.09341825902335456 0.175 0.09341825902335456 0.1796875 0.10191082802547771 0.1859375 0.1040339702760085 0.1875 0.10828025477707007 0.190625 0.10828025477707007 0.1921875 0.1040339702760085 0.19375 0.10828025477707007 0.1984375 0.10828025477707007 0.2046875 0.11252653927813164 0.209375 0.12101910828025478 0.23125 0.12101910828025478 0.24375 0.12526539278131635 0.2453125 0.12951167728237792 0.253125 0.1337579617834395 0.2859375 0.1337579617834395 0.29375 0.12951167728237792 0.2953125 0.12526539278131635 0.2984375 0.12526539278131635 0.3015625 0.12101910828025478 0.315625 0.12101910828025478 0.3203125 0.11464968152866242 0.328125 0.11040339702760085 0.3390625 0.11252653927813164 0.34375 0.10828025477707007 0.3484375 0.10828025477707007 0.35 0.1040339702760085 0.3546875 0.10191082802547771 0.378125 0.09978768577494693 0.38125 0.1040339702760085 0.3859375 0.1040339702760085 0.3875 0.10828025477707007 0.4046875 0.10828025477707007 0.40625 0.1040339702760085 0.415625 0.10191082802547771 0.4234375 0.09129511677282377 0.4265625 0.06369426751592357 0.43125 0.05732484076433121 0.43125 0.04883227176220807 0.4359375 0.036093418259023353 0.4359375 0.01910828025477707 0.44375 0.012738853503184714 0.44375 0.008492569002123142 0.446875 0.004246284501061571 0.44375 0 0.240625 0 0.2390625 0.004246284501061571 0.23125 0.004246284501061571 0.2296875 0 0.1671875 0 0.165625 0.004246284501061571 0.1625 0.004246284501061571 0.1609375 0 0.15625 0 0.1546875 0.004246284501061571 0.1515625 0.004246284501061571 0.15 0 0.1140625 0
1 0.9484375 0.24628450106157113 0.9453125 0.2484076433121019 0.940625 0.267515923566879 0.9375 0.26963906581740976 0.9359375 0.2781316348195329 0.9296875 0.28662420382165604 0.9296875 0.2908704883227176 0.915625 0.31210191082802546 0.9078125 0.3184713375796178 0.903125 0.3184713375796178 0.9015625 0.33121019108280253 0.9046875 0.3354564755838641 0.9109375 0.3354564755838641 0.9140625 0.34182590233545646 0.9265625 0.3481953290870488 0.928125 0.3524416135881104 0.95 0.35881104033970274 0.9515625 0.3630573248407643 0.9578125 0.3630573248407643 0.965625 0.3673036093418259 0.9765625 0.3842887473460722 0.9875 0.39065817409766457 0.9921875 0.3991507430997877 0.9984375 0.3970276008492569 0.9984375 0.22717622080679406 0.996875 0.21868365180467092 0.9953125 0.21231422505307856 0.975 0.2059447983014862 0.9609375 0.21231422505307856 0.9609375 0.21443736730360935 0.953125 0.2229299363057325 0.9484375 0.24628450106157113
1 0.628125 0.5435244161358811 0.6234375 0.5477707006369427 0.61875 0.5605095541401274 0.609375 0.5626326963906582 0.60625 0.5774946921443737 0.6015625 0.5732484076433121 0.5953125 0.5881104033970276 0.5859375 0.5944798301486199 0.584375 0.5987261146496815 0.578125 0.6008492569002123 0.5734375 0.6093418259023354 0.5703125 0.6093418259023354 0.5484375 0.6411889596602972 0.5375 0.6475583864118896 0.5328125 0.6539278131634819 0.5234375 0.6560509554140127 0.5203125 0.6666666666666666 0.521875 0.673036093418259 0.5171875 0.6794055201698513 0.5140625 0.6794055201698513 0.5125 0.6836518046709129 0.50625 0.6857749469214437 0.503125 0.6900212314225053 0.5 0.6900212314225053 0.496875 0.6963906581740976 0.4875 0.7006369426751592 0.4859375 0.7048832271762208 0.4765625 0.7091295116772823 0.471875 0.7176220806794055 0.465625 0.7197452229299363 0.4640625 0.7261146496815286 0.4609375 0.7282377919320594 0.4609375 0.7346072186836518 0.4640625 0.7367303609341825 0.4640625 0.7473460721868365 0.46875 0.7622080679405521 0.46875 0.772823779193206 0.471875 0.7749469214437368 0.475 0.7855626326963907 0.475 0.7983014861995754 0.4765625 0.8046709129511678 0.4796875 0.8067940552016986 0.48125 0.8195329087048833 0.4890625 0.8280254777070064 0.4921875 0.8428874734607219 0.5 0.8492569002123143 0.5 0.8535031847133758 0.5046875 0.8577494692144374 0.5046875 0.861995753715499 0.5109375 0.8683651804670913 0.5109375 0.8726114649681529 0.5203125 0.8853503184713376 0.525 0.8874734607218684 0.528125 0.8938428874734607 0.5453125 0.9002123142250531 0.5640625 0.9002123142250531 0.565625 0.8980891719745223 0.584375 0.8980891719745223 0.5859375 0.9002123142250531 0.7171875 0.9002123142250531 0.71875 0.8980891719745223 0.7546875 0.8980891719745223 0.75625 0.8895966029723992 0.765625 0.8768577494692145 0.778125 0.8726114649681529 0.778125 0.8683651804670913 0.7828125 0.8641188959660298 0.784375 0.8428874734607219 0.7875 0.8365180467091295 0.79375 0.8343949044585988 0.7953125 0.8301486199575372 0.8078125 0.8301486199575372 0.809375 0.8259023354564756 0.8140625 0.8259023354564756 0.8203125 0.8195329087048833 0.828125 0.8259023354564756 0.834375 0.8259023354564756 0.8453125 0.8195329087048833 0.846875 0.8046709129511678 0.8453125 0.7961783439490446 0.85 0.7876857749469215 0.85 0.7813163481953291 0.853125 0.7791932059447984 0.853125 0.7685774946921444 0.8453125 0.7579617834394905 0.8453125 0.7537154989384289 0.8359375 0.7494692144373672 0.80625 0.7091295116772823 0.7875 0.692144373673036 0.7875 0.6878980891719745 0.7828125 0.6815286624203821 0.7828125 0.6751592356687898 0.7796875 0.673036093418259 0.7796875 0.6666666666666666 0.7765625 0.6624203821656051 0.7734375 0.6624203821656051 0.771875 0.6581740976645435 0.765625 0.6581740976645435 0.7578125 0.6518046709129511 0.7546875 0.6454352441613588 0.746875 0.6411889596602972 0.7453125 0.6369426751592356 0.7328125 0.6305732484076433 0.73125 0.6263269639065817 0.725 0.6263269639065817 0.709375 0.6199575371549894 0.7 0.6072186836518046 0.696875 0.5944798301486199 0.6859375 0.5796178343949044 0.684375 0.5732484076433121 0.6671875 0.554140127388535 0.665625 0.5477707006369427 0.6609375 0.5414012738853503 0.6546875 0.5371549893842887 0.653125 0.5307855626326964 0.6328125 0.5307855626326964 0.6328125 0.5329087048832272 0.6296875 0.535031847133758 0.628125 0.5435244161358811
1 0.559375 0.31422505307855625 0.5515625 0.31210191082802546 0.5515625 0.29723991507430997 0.5390625 0.2908704883227176 0.534375 0.2802547770700637 0.5296875 0.2781316348195329 0.525 0.2653927813163482 0.521875 0.2632696390658174 0.5234375 0.25902335456475584 0.528125 0.25690021231422505 0.5421875 0.25902335456475584 0.5453125 0.2505307855626327 0.5484375 0.2484076433121019 0.5484375 0.24416135881104034 0.5453125 0.24416135881104034 0.5421875 0.2484076433121019 0.540625 0.24416135881104034 0.53125 0.24416135881104034 0.5296875 0.2484076433121019 0.528125 0.24203821656050956 0.540625 0.23142250530785563 0.5265625 0.22717622080679406 0.521875 0.23142250530785563 0.5140625 0.22505307855626328 0.5140625 0.2208067940552017 0.5109375 0.21656050955414013 0.50625 0.21656050955414013 0.4984375 0.22717622080679406 0.4921875 0.22717622080679406 0.490625 0.2229299363057325 0.4859375 0.2208067940552017 0.46875 0.2208067940552017 0.465625 0.2229299363057325 0.4546875 0.24203821656050956 0.4453125 0.24416135881104034 0.4421875 0.2505307855626327 0.434375 0.25477707006369427 0.4328125 0.25902335456475584 0.421875 0.2632696390658174 0.4015625 0.2951167728237792 0.396875 0.29723991507430997 0.39375 0.3099787685774947 0.390625 0.31210191082802546 0.3890625 0.3248407643312102 0.384375 0.3333333333333333 0.3796875 0.3354564755838641 0.378125 0.34394904458598724 0.3734375 0.3503184713375796 0.3703125 0.3651804670912951 0.3671875 0.3673036093418259 0.3625 0.3842887473460722 0.359375 0.386411889596603 0.3578125 0.3970276008492569 0.3546875 0.4012738853503185 0.3546875 0.40764331210191085 0.3515625 0.40976645435244163 0.3484375 0.4288747346072187 0.3265625 0.4543524416135881 0.3234375 0.46496815286624205 0.3203125 0.46709129511677283 0.3171875 0.4819532908704883 0.3125 0.4883227176220807 0.3078125 0.5074309978768577 0.3046875 0.5095541401273885 0.3 0.535031847133758 0.296875 0.5371549893842887 0.29375 0.5477707006369427 0.2921875 0.5605095541401274 0.2890625 0.5626326963906582 0.284375 0.5902335456475584 0.28125 0.5923566878980892 0.2796875 0.6008492569002123 0.278125 0.6220806794055201 0.2765625 0.6284501061571125 0.271875 0.6348195329087049 0.2703125 0.643312101910828 0.271875 0.6624203821656051 0.2765625 0.6687898089171974 0.278125 0.6772823779193206 0.2765625 0.7070063694267515 0.2734375 0.7091295116772823 0.2734375 0.7261146496815286 0.26875 0.732484076433121 0.2671875 0.7282377919320594 0.2640625 0.7303609341825902 0.2625 0.7558386411889597 0.2578125 0.7579617834394905 0.25625 0.7791932059447984 0.2625 0.7813163481953291 0.265625 0.7876857749469215 0.275 0.7940552016985138 0.2796875 0.8004246284501062 0.2890625 0.8046709129511678 0.303125 0.8046709129511678 0.321875 0.7983014861995754 0.3234375 0.7940552016985138 0.328125 0.7919320594479831 0.3375 0.7898089171974523 0.3421875 0.7834394904458599 0.346875 0.7834394904458599 0.3578125 0.7770700636942676 0.359375 0.772823779193206 0.378125 0.7664543524416136 0.3796875 0.7622080679405521 0.384375 0.7622080679405521 0.3890625 0.7579617834394905 0.39375 0.7579617834394905 0.3984375 0.7515923566878981 0.40625 0.7473460721868365 0.4203125 0.7452229299363057 0.421875 0.7409766454352441 0.43125 0.7388535031847133 0.4375 0.7303609341825902 0.4515625 0.7239915074309978 0.453125 0.7197452229299363 0.4625 0.7133757961783439 0.4640625 0.7091295116772823 0.4703125 0.7070063694267515 0.4765625 0.6985138004246284 0.4875 0.692144373673036 0.490625 0.6857749469214437 0.4984375 0.6815286624203821 0.5 0.6772823779193206 0.503125 0.6772823779193206 0.509375 0.6709129511677282 0.509375 0.6666666666666666 0.5140625 0.6624203821656051 0.5140625 0.6581740976645435 0.5234375 0.6454352441613588 0.534375 0.6411889596602972 0.546875 0.6284501061571125 0.55 0.6284501061571125 0.56875 0.6008492569002123 0.5765625 0.5966029723991507 0.584375 0.5859872611464968 0.584375 0.5817409766454352 0.6125 0.5456475583864119 0.6125 0.5414012738853503 0.6234375 0.5222929936305732 0.6234375 0.5180467091295117 0.6265625 0.5159235668789809 0.63125 0.4989384288747346 0.634375 0.4968152866242038 0.6359375 0.4734607218683652 0.6375 0.4713375796178344 0.6375 0.43312101910828027 0.6359375 0.4309978768577495 0.6359375 0.42038216560509556 0.6328125 0.42038216560509556 0.63125 0.4140127388535032 0.6265625 0.40976645435244163 0.6265625 0.4033970276008493 0.6234375 0.4033970276008493 0.61875 0.39278131634819535 0.6140625 0.39065817409766457 0.6125 0.3821656050955414 0.60625 0.3821656050955414 0.603125 0.37791932059447986 0.60625 0.36942675159235666 0.603125 0.3609341825902335 0.6 0.3609341825902335 0.5953125 0.35456475583864117 0.590625 0.3524416135881104 0.5921875 0.3481953290870488 0.5984375 0.3481953290870488 0.590625 0.34182590233545646 0.5890625 0.32696390658174096 0.59375 0.31634819532908703 0.6046875 0.3099787685774947 0.615625 0.28662420382165604 0.61875 0.28450106157112526 0.6203125 0.2781316348195329 0.6203125 0.27388535031847133 0.615625 0.27176220806794055 0.6171875 0.267515923566879 0.621875 0.267515923566879 0.621875 0.2611464968152866 0.61875 0.25690021231422505 0.61875 0.2526539278131635 0.609375 0.2484076433121019 0.6078125 0.24416135881104034 0.6015625 0.24416135881104034 0.6 0.23991507430997877 0.6046875 0.2356687898089172 0.6078125 0.21656050955414013 0.6109375 0.21443736730360935 0.6109375 0.2059447983014862 0.615625 0.1932059447983015 0.6140625 0.18046709129511676 0.6203125 0.17834394904458598 0.6234375 0.16348195329087048 0.6265625 0.1613588110403397 0.6265625 0.15498938428874734 0.6234375 0.15286624203821655 0.6234375 0.14861995753715498 0.6203125 0.14861995753715498 0.6203125 0.15074309978768577 0.60625 0.1592356687898089 0.6078125 0.17197452229299362 0.60625 0.1740976645435244 0.603125 0.16985138004246284 0.5984375 0.16985138004246284 0.596875 0.1740976645435244 0.590625 0.1762208067940552 0.5890625 0.1932059447983015 0.5984375 0.1932059447983015 0.6 0.19745222929936307 0.5984375 0.19957537154989385 0.5828125 0.19745222929936307 0.58125 0.20382165605095542 0.578125 0.2059447983014862 0.5765625 0.22505307855626328 0.5734375 0.22929936305732485 0.578125 0.2356687898089172 0.584375 0.23779193205944799 0.5796875 0.2484076433121019 0.5765625 0.2484076433121019 0.5734375 0.2526539278131635 0.5703125 0.2526539278131635 0.56788194375 0.24935126114649683 0.5703125 0.267515923566879 0.565625 0.27388535031847133 0.565625 0.28450106157112526 0.5609375 0.2908704883227176 0.5625 0.3099787685774947 0.559375 0.31422505307855625
2 0.5875 0.25902335456475584 0.5765625 0.2632696390658174 0.5671875 0.2760084925690021 0.565625 0.2823779193205945 0.565625 0.3205944798301486 0.5734375 0.32696390658174096 0.5828125 0.32696390658174096 0.5875 0.3248407643312102 0.5921875 0.31634819532908703 0.60625 0.3099787685774947 0.6078125 0.3036093418259023 0.6140625 0.29936305732484075 0.615625 0.2908704883227176 0.61875 0.28874734607218683 0.621875 0.2611464968152866 0.6203125 0.2526539278131635 0.6171875 0.2526539278131635 0.6140625 0.2484076433121019 0.6125 0.2484076433121019 0.59375 0.2505307855626327 0.5875 0.25902335456475584
2 0.9171875 0.08067940552016985 0.9140625 0.08280254777070063 0.9125 0.09341825902335456 0.9140625 0.1040339702760085 0.9171875 0.10615711252653928 0.91875 0.11252653927813164 0.9265625 0.11252653927813164 0.9390625 0.10828025477707007 0.940625 0.1040339702760085 0.9625 0.09978768577494693 0.965625 0.09766454352441614 0.9671875 0.08917197452229299 0.9625 0.07430997876857749 0.95 0.06794055201698514 0.9421875 0.06794055201698514 0.940625 0.06369426751592357 0.9328125 0.06369426751592357 0.9328125 0.06581740976645435 0.921875 0.07006369426751592 0.9171875 0.08067940552016985
2 0.990625 0.8195329087048833 0.984375 0.8280254777070064 0.9734375 0.8556263269639066 0.96875 0.8598726114649682 0.9671875 0.8726114649681529 0.975 0.8747346072186837 0.9796875 0.8726114649681529 0.9828125 0.8662420382165605 0.990625 0.861995753715499 0.996875 0.851380042462845 0.9984375 0.8471337579617835 0.9984375 0.8067940552016986 0.9953125 0.8067940552016986 0.9953125 0.8089171974522293 0.9921875 0.8110403397027601 0.990625 0.8195329087048833
2 0.9640625 0.7855626326963907 0.959375 0.7855626326963907 0.9578125 0.7898089171974523 0.953125 0.7898089171974523 0.9421875 0.7961783439490446 0.934375 0.7961783439490446 0.9328125 0.8004246284501062 0.928125 0.8004246284501062 0.925 0.8046709129511678 0.928125 0.8110403397027601 0.9671875 0.8110403397027601 0.975 0.8089171974522293 0.9765625 0.8046709129511678 0.9890625 0.7983014861995754 0.9953125 0.7983014861995754 0.9984375 0.7919320594479831 0.9984375 0.772823779193206 0.996875 0.772823779193206 0.9796875 0.772823779193206 0.9640625 0.7855626326963907
2 0 0.8428874734607219 0.003125 0.8407643312101911 0.034375 0.8407643312101911 0.0359375 0.8428874734607219 0.0484375 0.8428874734607219 0.053125 0.8280254777070064 0.0484375 0.821656050955414 0.0421875 0.821656050955414 0.040625 0.8174097664543525 0.0140625 0.8110403397027601 0.0125 0.8067940552016986 0 0.8067940552016986 0 0.8089171974522293 0 0.8428874734607219
2 0.0734375 0.8067940552016986 0.0734375 0.8110403397027601 0.06875 0.8152866242038217 0.06875 0.821656050955414 0.0953125 0.8237791932059448 0.103125 0.8195329087048833 0.109375 0.8110403397027601 0.115625 0.8089171974522293 0.1171875 0.8046709129511678 0.1265625 0.8004246284501062 0.1265625 0.7961783439490446 0.1375 0.7813163481953291 0.1421875 0.7791932059447984 0.1421875 0.7685774946921444 0.1359375 0.7600849256900213 0.125 0.7600849256900213 0.11875 0.7685774946921444 0.109375 0.772823779193206 0.10625 0.7791932059447984 0.0921875 0.7855626326963907 0.0921875 0.7876857749469215 0.08125 0.7961783439490446 0.0734375 0.8067940552016986
2 0.521875 0.16560509554140126 0.5203125 0.17197452229299362 0.5078125 0.18683651804670912 0.503125 0.2059447983014862 0.503125 0.22717622080679406 0.5078125 0.23779193205944799 0.5109375 0.23779193205944799 0.5140625 0.24203821656050956 0.5140625 0.24628450106157113 0.5171875 0.24628450106157113 0.521875 0.2526539278131635 0.521875 0.25690021231422505 0.528125 0.2632696390658174 0.528125 0.267515923566879 0.53125 0.26963906581740976 0.54375 0.26963906581740976 0.55 0.267515923566879 0.553125 0.25902335456475584 0.55625 0.25690021231422505 0.55625 0.22717622080679406 0.553125 0.22505307855626328 0.553125 0.21868365180467092 0.55625 0.21656050955414013 0.55625 0.20169851380042464 0.5609375 0.18259023354564755 0.5609375 0.1592356687898089 0.559375 0.15711252653927812 0.5421875 0.15711252653927812 0.5375 0.15286624203821655 0.5359375 0.15286624203821655 0.5296875 0.15498938428874734 0.521875 0.16560509554140126
2 0 0.8980891719745223 0.0109375 0.8980891719745223 0.021875 0.8938428874734607 0.0296875 0.8938428874734607 0.03125 0.8895966029723992 0.0359375 0.8895966029723992 0.040625 0.8832271762208068 0.04375 0.8768577494692145 0.0453125 0.8598726114649682 0.0484375 0.8577494692144374 0.0484375 0.8471337579617835 0.040625 0.8428874734607219 0.0390625 0.8428874734607219 0.0125 0.8428874734607219 0.00625 0.8471337579617835 0 0.8471337579617835 0 0.8980891719745223
2 0.20625 0.6836518046709129 0.203125 0.6857749469214437 0.2015625 0.6942675159235668 0.1953125 0.7006369426751592 0.1921875 0.7091295116772823 0.190625 0.7154989384288747 0.1953125 0.7197452229299363 0.2125 0.7154989384288747 0.2171875 0.7091295116772823 0.228125 0.7048832271762208 0.23125 0.6985138004246284 0.2390625 0.6963906581740976 0.24375 0.692144373673036 0.24375 0.6878980891719745 0.240625 0.6857749469214437 0.2359375 0.6751592356687898 0.23125 0.673036093418259 0.2296875 0.6687898089171974 0.2265625 0.6687898089171974 0.2234375 0.6624203821656051 0.21875 0.6624203821656051 0.2109375 0.6687898089171974 0.2109375 0.6709129511677282 0.20625 0.6751592356687898 0.20625 0.6836518046709129
2 0.4125 0.7579617834394905 0.4171875 0.7622080679405521 0.4203125 0.7770700636942676 0.425 0.7813163481953291 0.425 0.7876857749469215 0.4296875 0.7983014861995754 0.440625 0.8004246284501062 0.446875 0.7983014861995754 0.4484375 0.7940552016985138 0.459375 0.7876857749469215 0.459375 0.7834394904458599 0.4640625 0.7791932059447984 0.4625 0.7600849256900213 0.45625 0.7515923566878981 0.434375 0.7494692144373672 0.4328125 0.7473460721868365 0.43125 0.7494692144373672 0.4125 0.7515923566878981 0.4125 0.7579617834394905
2 0.2421875 0.6305732484076433 0.2390625 0.6411889596602972 0.234375 0.643312101910828 0.234375 0.6454352441613588 0.2375 0.6496815286624203 0.2625 0.6496815286624203 0.271875 0.6284501061571125 0.271875 0.6220806794055201 0.275 0.6199575371549894 0.2765625 0.6114649681528662 0.275 0.6050955414012739 0.271875 0.6029723991507431 0.2578125 0.6050955414012739 0.2578125 0.6072186836518046 0.253125 0.6178343949044586 0.2421875 0.6305732484076433
2 0 0.8980891719745223 0.003125 0.9002123142250531 0.0171875 0.9002123142250531 0.021875 0.8959660297239915 0.0328125 0.8959660297239915 0.040625 0.8874734607218684 0.0453125 0.8683651804670913 0.0453125 0.8598726114649682 0.0484375 0.8577494692144374 0.05 0.851380042462845 0.053125 0.8280254777070064 0.05 0.8237791932059448 0.0421875 0.821656050955414 0.040625 0.8174097664543525 0.0140625 0.8110403397027601 0.0125 0.8067940552016986 0 0.8067940552016986 0 0.8089171974522293 0 0.8980891719745223
2 0.21875 0.7112526539278131 0.2140625 0.7176220806794055 0.203125 0.7197452229299363 0.2 0.7261146496815286 0.2 0.7346072186836518 0.203125 0.7409766454352441 0.20625 0.7409766454352441 0.2078125 0.7452229299363057 0.2125 0.7473460721868365 0.2171875 0.7537154989384289 0.2171875 0.7579617834394905 0.225 0.7685774946921444 0.2390625 0.7707006369426752 0.24375 0.7664543524416136 0.2515625 0.7558386411889597 0.2546875 0.7388535031847133 0.2546875 0.7154989384288747 0.253125 0.7091295116772823 0.2484375 0.7070063694267515 0.2453125 0.7006369426751592 0.23125 0.7006369426751592 0.23125 0.70276008492569 0.228125 0.7070063694267515 0.21875 0.7112526539278131
2 0.51875 0.17197452229299362 0.50625 0.18683651804670912 0.503125 0.21019108280254778 0.5 0.21443736730360935 0.5046875 0.21868365180467092 0.5171875 0.21656050955414013 0.5203125 0.21443736730360935 0.521875 0.208067940552017 0.5296875 0.19745222929936307 0.5359375 0.19532908704883228 0.5375 0.1740976645435244 0.540625 0.17197452229299362 0.5421875 0.15711252653927812 0.5375 0.14861995753715498 0.534375 0.14861995753715498 0.534375 0.15074309978768577 0.5234375 0.1592356687898089 0.51875 0.17197452229299362
2 0.1671875 0.6645435244161358 0.1640625 0.6666666666666666 0.1640625 0.673036093418259 0.1671875 0.6751592356687898 0.1671875 0.7070063694267515 0.1640625 0.7091295116772823 0.1640625 0.7239915074309978 0.178125 0.7261146496815286 0.1828125 0.7239915074309978 0.1859375 0.7154989384288747 0.1890625 0.7133757961783439 0.19375 0.7006369426751592 0.2 0.6942675159235668 0.2015625 0.6857749469214437 0.2015625 0.6687898089171974 0.2 0.6645435244161358 0.196875 0.6581740976645435 0.1890625 0.6518046709129511 0.1875 0.6518046709129511 0.1703125 0.6539278131634819 0.1671875 0.6645435244161358
2 0.1859375 0.7261146496815286 0.1765625 0.7303609341825902 0.15625 0.732484076433121 0.14375 0.7537154989384289 0.14375 0.7707006369426752 0.146875 0.7749469214437368 0.146875 0.7791932059447984 0.153125 0.7834394904458599 0.1546875 0.7876857749469215 0.16875 0.7898089171974523 0.1765625 0.7876857749469215 0.1890625 0.7707006369426752 0.19375 0.7537154989384289 0.1984375 0.7473460721868365 0.196875 0.7282377919320594 0.1953125 0.7282377919320594 0.19375 0.7261146496815286 0.1859375 0.7261146496815286
2 0.2171875 0.6666666666666666 0.228125 0.6666666666666666 0.2421875 0.6857749469214437 0.246875 0.6878980891719745 0.25 0.6942675159235668 0.253125 0.6942675159235668 0.2578125 0.70276008492569 0.271875 0.7048832271762208 0.271875 0.7006369426751592 0.275 0.6985138004246284 0.275 0.6836518046709129 0.271875 0.6815286624203821 0.2671875 0.6581740976645435 0.2609375 0.6539278131634819 0.2484375 0.6539278131634819 0.246875 0.6518046709129511 0.2453125 0.6518046709129511 0.2265625 0.6560509554140127 0.2171875 0.6666666666666666
2 0.596875 0.39065817409766457 0.6015625 0.416135881104034 0.6046875 0.4182590233545648 0.60625 0.4267515923566879 0.6140625 0.43312101910828027 0.6203125 0.43312101910828027 0.6234375 0.4288747346072187 0.6234375 0.40764331210191085 0.61875 0.3821656050955414 0.6109375 0.37154989384288745 0.6078125 0.37154989384288745 0.6015625 0.3651804670912951 0.596875 0.35668789808917195 0.590625 0.35456475583864117 0.5890625 0.35668789808917195 0.59375 0.3885350318471338 0.596875 0.39065817409766457
2 0.5734375 0.19957537154989385 0.5734375 0.21868365180467092 0.5703125 0.2208067940552017 0.5703125 0.2505307855626327 0.5765625 0.25690021231422505 0.584375 0.24628450106157113 0.584375 0.24203821656050956 0.5890625 0.23779193205944799 0.5921875 0.22717622080679406 0.5953125 0.22505307855626328 0.5984375 0.19957537154989385 0.603125 0.1932059447983015 0.6046875 0.18683651804670912 0.60625 0.16560509554140126 0.6078125 0.15711252653927812 0.6109375 0.15498938428874734 0.6109375 0.1464968152866242 0.60625 0.1464968152866242 0.603125 0.15286624203821655 0.59375 0.15711252653927812 0.584375 0.16985138004246284 0.58125 0.17834394904458598 0.578125 0.18046709129511676 0.578125 0.18259023354564755 0.575 0.18895966029723993 0.5734375 0.19957537154989385
2 0 0.9065817409766455 0.0484375 0.9065817409766455 0.05 0.9023354564755839 0.04375 0.8938428874734607 0.04375 0.8853503184713376 0.021875 0.89171974522293 0.021875 0.8938428874734607 0.0109375 0.8980891719745223 0 0.8980891719745223 0 0.9065817409766455
2 0.459375 0.2229299363057325 0.45625 0.22929936305732485 0.45625 0.23991507430997877 0.459375 0.24628450106157113 0.4734375 0.2526539278131635 0.475 0.25690021231422505 0.4875 0.2611464968152866 0.490625 0.267515923566879 0.49375 0.267515923566879 0.5 0.27388535031847133 0.503125 0.27388535031847133 0.5046875 0.2781316348195329 0.5171875 0.28450106157112526 0.521875 0.2908704883227176 0.5234375 0.29936305732484075 0.5265625 0.30148619957537154 0.5296875 0.31422505307855625 0.5359375 0.3057324840764331 0.5359375 0.28662420382165604 0.5296875 0.2781316348195329 0.525 0.2632696390658174 0.521875 0.2632696390658174 0.51875 0.25477707006369427 0.49375 0.2229299363057325 0.4796875 0.21656050955414013 0.478125 0.21656050955414013 0.4671875 0.21656050955414013 0.459375 0.2229299363057325
2 0.9828125 0.14861995753715498 0.984375 0.1613588110403397 0.9890625 0.16560509554140126 0.9921875 0.1740976645435244 0.9984375 0.1740976645435244 0.9984375 0.1337579617834395 0.996875 0.1316348195329087 0.9796875 0.1316348195329087 0.9796875 0.1337579617834395 0.9796875 0.14225053078556263 0.9828125 0.14861995753715498
2 0.4609375 0.8853503184713376 0.4640625 0.8874734607218684 0.4640625 0.8938428874734607 0.46875 0.9002123142250531 0.46875 0.9044585987261147 0.4984375 0.9065817409766455 0.503125 0.9044585987261147 0.509375 0.9065817409766455 0.5109375 0.9044585987261147 0.51875 0.9044585987261147 0.51875 0.8980891719745223 0.5125 0.8895966029723992 0.5046875 0.8853503184713376 0.503125 0.881104033970276 0.4953125 0.8768577494692145 0.475 0.8747346072186837 0.4734375 0.8704883227176221 0.465625 0.8704883227176221 0.465625 0.8726114649681529 0.4609375 0.8789808917197452 0.4609375 0.8853503184713376
2 0.453125 0.8556263269639066 0.4484375 0.8598726114649682 0.4515625 0.8832271762208068 0.4578125 0.8895966029723992 0.459375 0.9044585987261147 0.49375 0.9044585987261147 0.4953125 0.9065817409766455 0.496875 0.9044585987261147 0.5171875 0.9044585987261147 0.51875 0.9002123142250531 0.509375 0.8874734607218684 0.50625 0.8874734607218684 0.503125 0.881104033970276 0.4875 0.8747346072186837 0.4734375 0.8747346072186837 0.4625 0.8598726114649682 0.4609375 0.8598726114649682 0.4578125 0.8556263269639066 0.453125 0.8556263269639066
2 0.621875 0.2505307855626327 0.6234375 0.267515923566879 0.6203125 0.28874734607218683 0.6171875 0.2908704883227176 0.6171875 0.2951167728237792 0.621875 0.30148619957537154 0.6421875 0.30148619957537154 0.646875 0.29936305732484075 0.6546875 0.28874734607218683 0.6546875 0.28450106157112526 0.6578125 0.2823779193205945 0.659375 0.25477707006369427 0.653125 0.2505307855626327 0.640625 0.2505307855626327 0.6390625 0.2484076433121019 0.6375 0.2484076433121019 0.6234375 0.2484076433121019 0.621875 0.2505307855626327
2 0.61875 0.14225053078556263 0.609375 0.1464968152866242 0.60625 0.15286624203821655 0.5984375 0.15498938428874734 0.596875 0.16772823779193205 0.5984375 0.1762208067940552 0.596875 0.17834394904458598 0.5890625 0.17834394904458598 0.584375 0.1740976645435244 0.5828125 0.17834394904458598 0.584375 0.18471337579617833 0.5984375 0.18259023354564755 0.6 0.18471337579617833 0.596875 0.1910828025477707 0.5953125 0.20169851380042464 0.590625 0.19957537154989385 0.5921875 0.1910828025477707 0.5890625 0.19532908704883228 0.5828125 0.19745222929936307 0.584375 0.19957537154989385 0.58125 0.2059447983014862 0.58125 0.22929936305732485 0.5734375 0.23354564755838642 0.575 0.25690021231422505 0.5765625 0.25902335456475584 0.584375 0.25902335456475584 0.5890625 0.25690021231422505 0.59375 0.2484076433121019 0.596875 0.2484076433121019 0.6 0.24203821656050956 0.60625 0.23991507430997877 0.6078125 0.22717622080679406 0.6109375 0.22505307855626328 0.6125 0.21868365180467092 0.6125 0.21231422505307856 0.61875 0.20382165605095542 0.6234375 0.18895966029723993 0.6234375 0.18046709129511676 0.6265625 0.17834394904458598 0.63125 0.15286624203821655 0.634375 0.15074309978768577 0.6359375 0.13800424628450106 0.63125 0.1337579617834395 0.6296875 0.1337579617834395 0.625 0.1337579617834395 0.61875 0.14225053078556263
2 0.4296875 0.1040339702760085 0.4296875 0.12101910828025478 0.4328125 0.12314225053078556 0.4328125 0.1337579617834395 0.4359375 0.13588110403397027 0.44375 0.1337579617834395 0.44375 0.12314225053078556 0.4484375 0.11889596602972399 0.4484375 0.11252653927813164 0.4546875 0.10828025477707007 0.45625 0.1040339702760085 0.4578125 0.08492569002123142 0.45625 0.08280254777070063 0.45625 0.06794055201698514 0.459375 0.04670912951167728 0.4625 0.044585987261146494 0.4625 0.029723991507430998 0.459375 0.027600849256900213 0.45625 0.016985138004246284 0.4421875 0.016985138004246284 0.4375 0.021231422505307854 0.4375 0.02335456475583864 0.434375 0.09766454352441614 0.4296875 0.1040339702760085
2 0.1140625 0.8110403397027601 0.1015625 0.8174097664543525 0.1 0.821656050955414 0.0921875 0.8259023354564756 0.06875 0.8237791932059448 0.0609375 0.8365180467091295 0.059375 0.8662420382165605 0.0625 0.8853503184713376 0.0625 0.9044585987261147 0.0875 0.9065817409766455 0.0953125 0.8980891719745223 0.0984375 0.8874734607218684 0.103125 0.8832271762208068 0.10625 0.8683651804670913 0.1109375 0.8641188959660298 0.1140625 0.8471337579617835 0.11875 0.8407643312101911 0.121875 0.8301486199575372 0.1234375 0.8110403397027601 0.1265625 0.8089171974522293 0.1234375 0.8046709129511678 0.121875 0.8046709129511678 0.115625 0.8067940552016986 0.1140625 0.8110403397027601
2 0.63125 0.33970276008492567 0.6296875 0.34394904458598724 0.615625 0.346072186836518 0.6078125 0.35881104033970274 0.6109375 0.35881104033970274 0.615625 0.3651804670912951 0.6375 0.3651804670912951 0.6515625 0.36942675159235666 0.6671875 0.3673036093418259 0.675 0.3630573248407643 0.6765625 0.35881104033970274 0.6828125 0.35456475583864117 0.6859375 0.34182590233545646 0.684375 0.32696390658174096 0.6765625 0.3227176220806794 0.65625 0.32908704883227174 0.65625 0.33121019108280253 0.6390625 0.33970276008492567 0.63125 0.33970276008492567
2 0.4953125 0.15498938428874734 0.4953125 0.1613588110403397 0.4984375 0.16560509554140126 0.509375 0.16772823779193205 0.5171875 0.15711252653927812 0.5171875 0.1337579617834395 0.5140625 0.1316348195329087 0.5140625 0.12738853503184713 0.5109375 0.12314225053078556 0.503125 0.12314225053078556 0.496875 0.12738853503184713 0.4953125 0.14012738853503184 0.4921875 0.14225053078556263 0.4921875 0.14437367303609341 0.4921875 0.15286624203821655 0.4953125 0.15498938428874734