2 0.3125 0.3121951219512195 0.296875 0.3121951219512195 0.2921875 0.3195121951219512 0.2859375 0.32195121951219513 0.2828125 0.33170731707317075 0.2828125 0.34146341463414637 0.2859375 0.35121951219512193 0.2921875 0.36097560975609755 0.3 0.36097560975609755 0.30625 0.37073170731707317 0.321875 0.37073170731707317 0.3234375 0.36829268292682926 0.3375 0.36829268292682926 0.3390625 0.36585365853658536 0.3421875 0.36829268292682926 0.340625 0.35853658536585364 0.34375 0.35121951219512193 0.34375 0.33658536585365856 0.340625 0.32439024390243903 0.3359375 0.3195121951219512 0.328125 0.3170731707317073 0.325 0.3097560975609756 0.3234375 0.3097560975609756 0.3171875 0.3073170731707317 0.3125 0.3121951219512195
2 0.30625 0.13658536585365855 0.30625 0.15609756097560976 0.303125 0.17073170731707318 0.3046875 0.2121951219512195 0.3078125 0.21951219512195122 0.3125 0.21951219512195122 0.31875 0.22926829268292684 0.328125 0.24878048780487805 0.334375 0.25365853658536586 0.3484375 0.25609756097560976 0.353125 0.25365853658536586 0.3484375 0.24634146341463414 0.35 0.1975609756097561 0.3484375 0.1951219512195122 0.3484375 0.18048780487804877 0.35 0.17804878048780487 0.3421875 0.15121951219512195 0.3265625 0.13170731707317074 0.325 0.13170731707317074 0.3109375 0.13170731707317074 0.30625 0.13658536585365855
2 0.1609375 0.1951219512195122 0.15 0.2121951219512195 0.1515625 0.21707317073170732 0.1578125 0.21951219512195122 0.1640625 0.22926829268292684 0.1640625 0.26097560975609757 0.165625 0.2658536585365854 0.178125 0.28292682926829266 0.184375 0.28536585365853656 0.1875 0.29024390243902437 0.1953125 0.29024390243902437 0.1984375 0.28292682926829266 0.1984375 0.2707317073170732 0.2046875 0.25609756097560976 0.2046875 0.25121951219512195 0.1953125 0.23414634146341465 0.19375 0.2146341463414634 0.190625 0.2097560975609756 0.190625 0.2048780487804878 0.184375 0.1975609756097561 0.1828125 0.1975609756097561 0.178125 0.1951219512195122 0.1609375 0.1951219512195122
2 0.1203125 0.3195121951219512 0.1203125 0.33170731707317075 0.125 0.34146341463414637 0.125 0.348780487804878 0.1296875 0.36341463414634145 0.1328125 0.36829268292682926 0.1359375 0.36829268292682926 0.1375 0.36585365853658536 0.1375 0.348780487804878 0.1390625 0.3439024390243902 0.146875 0.33414634146341465 0.146875 0.32195121951219513 0.15 0.3097560975609756 0.1484375 0.3 0.146875 0.3 0.128125 0.3048780487804878 0.1203125 0.3195121951219512
2 0.23125 0.22682926829268293 0.2265625 0.22682926829268293 0.2234375 0.23170731707317074 0.2296875 0.24146341463414633 0.246875 0.25365853658536586 0.2609375 0.25365853658536586 0.2703125 0.24878048780487805 0.2703125 0.23414634146341465 0.2640625 0.21951219512195122 0.2578125 0.2121951219512195 0.2453125 0.2073170731707317 0.24375 0.2097560975609756 0.2359375 0.22195121951219512 0.23125 0.22682926829268293
2 0.3484375 0.37073170731707317 0.3421875 0.375609756097561 0.3203125 0.37317073170731707 0.3140625 0.3780487804878049 0.3078125 0.3878048780487805 0.3078125 0.3975609756097561 0.3125 0.4073170731707317 0.3328125 0.4219512195121951 0.3421875 0.424390243902439 0.3625 0.4121951219512195 0.365625 0.4024390243902439 0.3640625 0.3951219512195122 0.3578125 0.3878048780487805 0.35625 0.375609756097561 0.3546875 0.375609756097561 0.353125 0.37073170731707317 0.3484375 0.37073170731707317
2 0.153125 0.3048780487804878 0.15625 0.33658536585365856 0.165625 0.35121951219512193 0.1734375 0.35609756097560974 0.178125 0.36585365853658536 0.1953125 0.36585365853658536 0.1984375 0.36097560975609755 0.203125 0.36097560975609755 0.2078125 0.35609756097560974 0.196875 0.34146341463414637 0.196875 0.32195121951219513 0.19375 0.3048780487804878 0.1875 0.2951219512195122 0.1734375 0.28536585365853656 0.16875 0.2780487804878049 0.1671875 0.2804878048780488 0.15625 0.2951219512195122 0.153125 0.3048780487804878
2 0.2140625 0.0975609756097561 0.2046875 0.11219512195121951 0.2 0.11463414634146342 0.1953125 0.13414634146341464 0.196875 0.13658536585365855 0.215625 0.13902439024390245 0.2328125 0.16585365853658537 0.240625 0.16829268292682928 0.2484375 0.17560975609756097 0.2546875 0.17560975609756097 0.2625 0.17073170731707318 0.2671875 0.16341463414634147 0.2671875 0.15609756097560976 0.2578125 0.12926829268292683 0.2546875 0.12682926829268293 0.2515625 0.1024390243902439 0.234375 0.08780487804878048 0.2328125 0.08780487804878048 0.221875 0.09024390243902439 0.2140625 0.0975609756097561
2 0.1828125 0.15365853658536585 0.18125 0.16097560975609757 0.18125 0.1878048780487805 0.1890625 0.1951219512195122 0.196875 0.2073170731707317 0.2046875 0.22682926829268293 0.2125 0.22682926829268293 0.2203125 0.22195121951219512 0.2328125 0.22439024390243903 0.2390625 0.21707317073170732 0.2421875 0.2048780487804878 0.225 0.16097560975609757 0.2203125 0.15609756097560976 0.209375 0.15365853658536585 0.2046875 0.14634146341463414 0.203125 0.14634146341463414 0.1890625 0.14634146341463414 0.1828125 0.15365853658536585
2 0.2078125 0.25853658536585367 0.20625 0.2731707317073171 0.203125 0.2780487804878049 0.203125 0.29024390243902437 0.209375 0.3 0.215625 0.3024390243902439 0.21875 0.3073170731707317 0.2375 0.3121951219512195 0.2578125 0.3 0.2671875 0.28536585365853656 0.2703125 0.2707317073170732 0.265625 0.2682926829268293 0.2640625 0.2707317073170732 0.2484375 0.2707317073170732 0.225 0.25365853658536586 0.2234375 0.25365853658536586 0.2125 0.25365853658536586 0.2078125 0.25853658536585367
2 0.1484375 0.05121951219512195 0.14375 0.06341463414634146 0.14375 0.07317073170731707 0.140625 0.07804878048780488 0.140625 0.08292682926829269 0.1359375 0.09024390243902439 0.140625 0.11219512195121951 0.1453125 0.12195121951219512 0.14375 0.14146341463414633 0.15 0.14146341463414633 0.1546875 0.13414634146341464 0.1625 0.13414634146341464 0.16875 0.14390243902439023 0.178125 0.14390243902439023 0.184375 0.13658536585365855 0.184375 0.12682926829268293 0.190625 0.11463414634146342 0.2 0.1024390243902439 0.2 0.09024390243902439 0.19375 0.07317073170731707 0.190625 0.07073170731707316 0.1796875 0.06829268292682927 0.178125 0.07073170731707316 0.16875 0.07073170731707316 0.159375 0.04878048780487805 0.1578125 0.04878048780487805 0.15 0.04878048780487805 0.1484375 0.05121951219512195
2 0.278125 0.15609756097560976 0.25625 0.18048780487804877 0.25625 0.18536585365853658 0.259375 0.1951219512195122 0.259375 0.2097560975609756 0.26875 0.22439024390243903 0.2734375 0.24390243902439024 0.284375 0.25121951219512195 0.290625 0.25121951219512195 0.29375 0.24634146341463414 0.296875 0.22926829268292684 0.3015625 0.21951219512195122 0.3015625 0.18048780487804877 0.3 0.17804878048780487 0.2984375 0.15609756097560976 0.2953125 0.15365853658536585 0.29375 0.14634146341463414 0.2859375 0.14146341463414633 0.284375 0.14146341463414633 0.28125 0.14390243902439023 0.278125 0.15609756097560976
2 0.1484375 0.18292682926829268 0.14375 0.1926829268292683 0.14375 0.2097560975609756 0.1484375 0.2097560975609756 0.1484375 0.1951219512195122 0.15625 0.18292682926829268 0.1625 0.18048780487804877 0.165625 0.1926829268292683 0.171875 0.1926829268292683 0.1734375 0.1902439024390244 0.175 0.16097560975609757 0.1734375 0.15365853658536585 0.1625 0.13902439024390245 0.1578125 0.13658536585365855 0.15625 0.13902439024390245 0.1484375 0.15121951219512195 0.1484375 0.18292682926829268
2 0.3578125 0.12682926829268293 0.3515625 0.12926829268292683 0.3484375 0.13414634146341464 0.3484375 0.15365853658536585 0.353125 0.16585365853658537 0.353125 0.18048780487804877 0.35625 0.18536585365853658 0.365625 0.18536585365853658 0.36875 0.1902439024390244 0.3734375 0.2121951219512195 0.3765625 0.2146341463414634 0.3828125 0.23170731707317074 0.39375 0.23170731707317074 0.3984375 0.23902439024390243 0.4015625 0.23658536585365852 0.4015625 0.22682926829268293 0.4046875 0.21951219512195122 0.4046875 0.1902439024390244 0.4015625 0.18048780487804877 0.4015625 0.17317073170731706 0.39375 0.16829268292682928 0.3875 0.16829268292682928 0.38125 0.15853658536585366 0.3796875 0.14634146341463414 0.3703125 0.13170731707317074 0.36875 0.13170731707317074 0.3625 0.12682926829268293 0.3578125 0.12682926829268293
2 0.109375 0 0.109375 0.0024390243902439024 0.1046875 0.007317073170731708 0.0984375 0.024390243902439025 0.0921875 0.03414634146341464 0.090625 0.05853658536585366 0.0890625 0.06097560975609756 0.0921875 0.06097560975609756 0.0921875 0.05121951219512195 0.096875 0.03414634146341464 0.1 0.02926829268292683 0.115625 0.036585365853658534 0.1171875 0.03902439024390244 0.1171875 0.09268292682926829 0.11875 0.0951219512195122 0.1203125 0.09024390243902439 0.11875 0.08048780487804878 0.121875 0.07073170731707316 0.1234375 0.05609756097560976 0.1375 0.03414634146341464 0.1390625 0.012195121951219513 0.134375 0 0.109375 0
2 0.353125 0.34146341463414637 0.359375 0.36097560975609755 0.3625 0.35853658536585364 0.3734375 0.37073170731707317 0.3859375 0.37317073170731707 0.38125 0.35365853658536583 0.378125 0.348780487804878 0.3703125 0.3439024390243902 0.359375 0.33170731707317075 0.3578125 0.33414634146341465 0.3546875 0.33414634146341465 0.353125 0.34146341463414637
2 0.3078125 0.05365853658536585 0.3078125 0.06829268292682927 0.3109375 0.07317073170731707 0.3203125 0.07560975609756097 0.328125 0.08292682926829269 0.3453125 0.08536585365853659 0.35625 0.0951219512195122 0.3578125 0.08780487804878048 0.35625 0.08536585365853659 0.35625 0.07073170731707316 0.353125 0.06097560975609756 0.3484375 0.05609756097560976 0.3390625 0.05365853658536585 0.328125 0.03902439024390244 0.3265625 0.03902439024390244 0.31875 0.03902439024390244 0.3078125 0.05365853658536585
4 0.7625 0 0.7328125 0.02926829268292683 0.725 0.03170731707317073 0.7171875 0.03902439024390244 0.7046875 0.06097560975609756 0.696875 0.07073170731707316 0.690625 0.07317073170731707 0.671875 0.11219512195121951 0.66875 0.12682926829268293 0.6640625 0.13170731707317074 0.659375 0.14634146341463414 0.64375 0.17073170731707318 0.640625 0.18048780487804877 0.628125 0.1975609756097561 0.6203125 0.21707317073170732 0.5953125 0.25121951219512195 0.5859375 0.275609756097561 0.575 0.29024390243902437 0.575 0.2951219512195122 0.5546875 0.3195121951219512 0.5546875 0.32439024390243903 0.5515625 0.33414634146341465 0.5484375 0.33658536585365856 0.546875 0.3463414634146341 0.528125 0.36829268292682926 0.525 0.375609756097561 0.5203125 0.3780487804878049 0.503125 0.4 0.4953125 0.40487804878048783 0.4859375 0.4170731707317073 0.478125 0.4195121951219512 0.4671875 0.4292682926829268 0.45 0.4317073170731707 0.440625 0.424390243902439 0.4234375 0.424390243902439 0.4078125 0.4121951219512195 0.4015625 0.4121951219512195 0.39375 0.4 0.39375 0.3829268292682927 0.3921875 0.3804878048780488 0.3859375 0.3853658536585366 0.3671875 0.4170731707317073 0.353125 0.4268292682926829 0.3328125 0.4292682926829268 0.3234375 0.424390243902439 0.3203125 0.4195121951219512 0.3125 0.4170731707317073 0.3046875 0.4024390243902439 0.3015625 0.375609756097561 0.2984375 0.37073170731707317 0.2953125 0.37073170731707317 0.2875 0.36341463414634145 0.2828125 0.35609756097560974 0.2765625 0.33658536585365856 0.26875 0.33658536585365856 0.2671875 0.33170731707317075 0.278125 0.32682926829268294 0.28125 0.3195121951219512 0.2890625 0.3146341463414634 0.29375 0.3073170731707317 0.2984375 0.3073170731707317 0.303125 0.3024390243902439 0.3109375 0.3048780487804878 0.3125 0.3024390243902439 0.3125 0.2926829268292683 0.3078125 0.2804878048780488 0.3 0.2682926829268293 0.296875 0.2682926829268293 0.2953125 0.2634146341463415 0.2765625 0.2634146341463415 0.2765625 0.2780487804878049 0.271875 0.29024390243902437 0.2640625 0.3048780487804878 0.2609375 0.3048780487804878 0.253125 0.3146341463414634 0.2546875 0.32439024390243903 0.259375 0.33414634146341465 0.2578125 0.33902439024390246 0.259375 0.3463414634146341 0.25 0.36097560975609755 0.25625 0.37073170731707317 0.2640625 0.375609756097561 0.265625 0.3804878048780488 0.278125 0.3926829268292683 0.2796875 0.3975609756097561 0.2890625 0.4024390243902439 0.296875 0.4219512195121951 0.3 0.424390243902439 0.3015625 0.43414634146341463 0.296875 0.45121951219512196 0.2890625 0.4634146341463415 0.2796875 0.4682926829268293 0.275 0.4658536585365854 0.2640625 0.44878048780487806 0.259375 0.44878048780487806 0.2578125 0.44390243902439025 0.2515625 0.44146341463414634 0.259375 0.45365853658536587 0.265625 0.48048780487804876 0.26875 0.48292682926829267 0.2703125 0.4902439024390244 0.26875 0.5 0.2703125 0.5073170731707317 0.275 0.5146341463414634 0.265625 0.5292682926829269 0.25625 0.526829268292683 0.2484375 0.5195121951219512 0.240625 0.5170731707317073 0.234375 0.5073170731707317 0.228125 0.5097560975609756 0.2203125 0.526829268292683 0.20625 0.5390243902439025 0.196875 0.5292682926829269 0.19375 0.5195121951219512 0.1875 0.5170731707317073 0.1859375 0.5121951219512195 0.18125 0.5170731707317073 0.1765625 0.5170731707317073 0.1703125 0.524390243902439 0.15625 0.524390243902439 0.1484375 0.5146341463414634 0.146875 0.5 0.1390625 0.4902439024390244 0.13125 0.47073170731707314 0.11875 0.45365853658536587 0.115625 0.44146341463414634 0.1015625 0.4195121951219512 0.0859375 0.3878048780487805 0.0703125 0.36341463414634145 0.0625 0.35853658536585364 0.0578125 0.3463414634146341 0.046875 0.33414634146341465 0.0375 0.3170731707317073 0.034375 0.3170731707317073 0.0328125 0.3121951219512195 0.015625 0.2951219512195122 0.00625 0.2804878048780488 0.003125 0.2804878048780488 0 0.28536585365853656 0 0.2951219512195122 0.003125 0.2975609756097561 0.003125 0.3073170731707317 0 0.3097560975609756 0 0.3829268292682927 0.003125 0.3853658536585366 0.003125 0.4 0 0.4024390243902439 0 0.5658536585365853 0.003125 0.5682926829268292 0.003125 0.573170731707317 0 0.5756097560975609 0 0.9951219512195122 0.00625 0.9975609756097561 0.0078125 0.9951219512195122 0.221875 0.9951219512195122 0.2359375 0.9878048780487805 0.2453125 0.9951219512195122 0.3015625 0.9951219512195122 0.303125 0.9975609756097561 0.30625 0.9951219512195122 0.3109375 0.9975609756097561 0.3140625 0.9951219512195122 0.36875 0.9975609756097561 0.3703125 0.9951219512195122 0.659375 0.9951219512195122 0.6625 0.9975609756097561 0.6640625 0.9951219512195122 0.671875 0.9951219512195122 0.6734375 0.9975609756097561 0.6796875 0.9975609756097561 0.68125 0.9951219512195122 0.709375 0.9951219512195122 0.7140625 0.9975609756097561 0.715625 0.9951219512195122 0.9390625 0.9951219512195122 0.940625 0.9975609756097561 0.95625 0.9975609756097561 0.9578125 0.9951219512195122 0.9796875 0.9951219512195122 0.9859375 0.9975609756097561 0.9921875 0.9951219512195122 0.9953125 0.9975609756097561 0.9984375 0.9951219512195122 0.9984375 0.9 0.996875 0.8951219512195122 0.9984375 0.8926829268292683 0.9984375 0.848780487804878 0.996875 0.8463414634146341 0.996875 0.8365853658536585 0.9984375 0.8341463414634146 0.9984375 0.8 0.996875 0.7926829268292683 0.9984375 0.7902439024390244 0.996875 0.7878048780487805 0.9953125 0.7634146341463415 0.9984375 0.7536585365853659 0.9984375 0.724390243902439 0.996875 0.7219512195121951 0.996875 0.7097560975609756 0.9984375 0.7073170731707317 0.9984375 0.697560975609756 0.996875 0.6951219512195121 0.9984375 0.6097560975609756 0.996875 0.6073170731707317 0.996875 0.5975609756097561 0.9984375 0.5902439024390244 0.996875 0.5878048780487805 0.996875 0.5682926829268292 0.9984375 0.5658536585365853 0.9984375 0.5536585365853659 0.996875 0.5463414634146342 0.9984375 0.5439024390243903 0.9984375 0.4853658536585366 0.996875 0.48292682926829267 0.996875 0.43414634146341463 0.9984375 0.4317073170731707 0.9984375 0.3195121951219512 0.996875 0.3146341463414634 0.9984375 0.3121951219512195 0.9984375 0.2780487804878049 0.996875 0.275609756097561 0.9984375 0.2731707317073171 0.9984375 0.24878048780487805 0.996875 0.24634146341463414 0.996875 0.23414634146341465 0.9984375 0.23170731707317074 0.996875 0.22195121951219512 0.9984375 0.2146341463414634 0.996875 0.2048780487804878 0.9984375 0.20243902439024392 0.9984375 0.17804878048780487 0.996875 0.16829268292682928 0.9984375 0.16585365853658537 0.9984375 0.12682926829268293 0.996875 0.12439024390243902 0.9984375 0.12195121951219512 0.9984375 0.05365853658536585 0.996875 0.04390243902439024 0.9984375 0.041463414634146344 0.9984375 0.02195121951219512 0.959375 0.014634146341463415 0.953125 0.00975609756097561 0.9625 0.004878048780487805 0.95625 0.004878048780487805 0.9546875 0 0.8671875 0 0.8640625 0.004878048780487805 0.85625 0.004878048780487805 0.8515625 0 0.7921875 0 0.7921875 0.0024390243902439024 0.790625 0.004878048780487805 0.7703125 0.004878048780487805 0.7671875 0 0.7625 0
5 0.296875 0.24878048780487805 0.30625 0.26097560975609757 0.3109375 0.2780487804878049 0.3171875 0.28780487804878047 0.328125 0.3146341463414634 0.334375 0.3170731707317073 0.33125 0.29024390243902437 0.328125 0.28536585365853656 0.325 0.2707317073170732 0.3046875 0.22439024390243903 0.303125 0.22439024390243903 0.2984375 0.22926829268292684 0.296875 0.24878048780487805
5 0.296875 0.24878048780487805 0.3078125 0.2658536585365854 0.3109375 0.2780487804878049 0.3171875 0.28780487804878047 0.321875 0.3024390243902439 0.3296875 0.3146341463414634 0.3328125 0.3146341463414634 0.33125 0.29024390243902437 0.328125 0.28536585365853656 0.325 0.2707317073170732 0.3046875 0.22439024390243903 0.303125 0.22439024390243903 0.2984375 0.22926829268292684 0.296875 0.24878048780487805