2 0.165625 0.6388059701492538 0.1625 0.6388059701492538 0.1609375 0.6507462686567164 0.1671875 0.6507462686567164 0.178125 0.6417910447761194 0.1828125 0.6417910447761194 0.1796875 0.6328358208955224 0.175 0.6298507462686567 0.1734375 0.6328358208955224 0.16875 0.6328358208955224 0.165625 0.6388059701492538
2 0.7359375 0.755223880597015 0.7375 0.7701492537313432 0.740625 0.7701492537313432 0.7515625 0.7522388059701492 0.7515625 0.746268656716418 0.746875 0.7432835820895523 0.7453125 0.7432835820895523 0.740625 0.746268656716418 0.7359375 0.755223880597015
2 0.2296875 0.6835820895522388 0.234375 0.6835820895522388 0.234375 0.6656716417910448 0.228125 0.6507462686567164 0.2171875 0.6507462686567164 0.2171875 0.6537313432835821 0.2203125 0.6686567164179105 0.2296875 0.6835820895522388
4 0.0171875 0 0.0109375 0.008955223880597015 0 0.014925373134328358 0 0.13432835820895522 0.003125 0.1373134328358209 0.003125 0.14626865671641792 0 0.14925373134328357 0 0.16417910447761194 0.003125 0.16716417910447762 0.0046875 0.18208955223880596 0 0.1880597014925373 0 0.23582089552238805 0.003125 0.23880597014925373 0 0.2417910447761194 0 0.34626865671641793 0.003125 0.3492537313432836 0.003125 0.35522388059701493 0 0.3582089552238806 0 0.44477611940298506 0.003125 0.44776119402985076 0.003125 0.4537313432835821 0 0.45671641791044776 0 0.48955223880597015 0.0046875 0.4925373134328358 0.003125 0.4955223880597015 0.0046875 0.5014925373134328 0 0.5074626865671642 0 0.6328358208955224 0.003125 0.6388059701492538 0 0.6417910447761194 0 0.8149253731343283 0.003125 0.817910447761194 0 0.8208955223880597 0 0.991044776119403 0.009375 0.991044776119403 0.01875 0.9970149253731343 0.0234375 0.9940298507462687 0.025 0.9970149253731343 0.0515625 0.9970149253731343 0.053125 0.9940298507462687 0.159375 0.9940298507462687 0.1609375 0.991044776119403 0.1625 0.9940298507462687 0.16875 0.9940298507462687 0.171875 0.9880597014925373 0.1609375 0.9701492537313433 0.153125 0.9641791044776119 0.1484375 0.9552238805970149 0.146875 0.9462686567164179 0.140625 0.9462686567164179 0.1375 0.9552238805970149 0.1328125 0.9582089552238806 0.1203125 0.9432835820895522 0.115625 0.9462686567164179 0.103125 0.9462686567164179 0.1015625 0.9432835820895522 0.1015625 0.9343283582089552 0.1078125 0.9194029850746268 0.134375 0.9134328358208955 0.1375 0.9253731343283582 0.140625 0.9253731343283582 0.1453125 0.9313432835820895 0.15 0.9313432835820895 0.1640625 0.9492537313432836 0.165625 0.9552238805970149 0.171875 0.9611940298507463 0.178125 0.9731343283582089 0.1859375 0.9791044776119403 0.1890625 0.9850746268656716 0.1953125 0.9880597014925373 0.1984375 0.9940298507462687 0.203125 0.9940298507462687 0.2046875 0.9970149253731343 0.2125 0.9970149253731343 0.2140625 0.9940298507462687 0.2171875 0.9970149253731343 0.228125 0.9970149253731343 0.2296875 0.9940298507462687 0.2703125 0.9940298507462687 0.271875 0.991044776119403 0.2765625 0.9940298507462687 0.28125 0.991044776119403 0.2859375 0.991044776119403 0.2875 0.9940298507462687 0.3375 0.9940298507462687 0.3390625 0.991044776119403 0.34375 0.991044776119403 0.3453125 0.9940298507462687 0.390625 0.9940298507462687 0.3921875 0.991044776119403 0.434375 0.991044776119403 0.4359375 0.9940298507462687 0.446875 0.9940298507462687 0.4515625 0.991044776119403 0.4546875 0.9940298507462687 0.4578125 0.991044776119403 0.459375 0.9940298507462687 0.6828125 0.9940298507462687 0.684375 0.9970149253731343 0.6953125 0.9970149253731343 0.696875 0.9940298507462687 0.7109375 0.9940298507462687 0.7125 0.9970149253731343 0.7140625 0.9940298507462687 0.7609375 0.9940298507462687 0.7640625 0.9970149253731343 0.765625 0.9940298507462687 0.7671875 0.9970149253731343 0.7796875 0.9970149253731343 0.78125 0.9940298507462687 0.80625 0.9940298507462687 0.8109375 0.9970149253731343 0.815625 0.9940298507462687 0.81875 0.9970149253731343 0.8203125 0.9940298507462687 0.828125 0.9940298507462687 0.828125 0.982089552238806 0.8234375 0.9671641791044776 0.828125 0.9522388059701492 0.834375 0.9432835820895522 0.840625 0.9522388059701492 0.8421875 0.9731343283582089 0.859375 0.9940298507462687 0.89375 0.9970149253731343 0.8953125 0.9940298507462687 0.940625 0.9940298507462687 0.94375 0.9970149253731343 0.946875 0.9940298507462687 0.95 0.9970149253731343 0.9515625 0.9940298507462687 0.9890625 0.9940298507462687 0.9921875 0.9880597014925373 0.9890625 0.9850746268656716 0.990625 0.9791044776119403 0.9984375 0.9791044776119403 0.9984375 0.9611940298507463 0.99375 0.9432835820895522 0.9953125 0.9343283582089552 0.9984375 0.9313432835820895 0.9953125 0.9104477611940298 0.9953125 0.8985074626865671 0.996875 0.8955223880597015 0.9921875 0.8716417910447761 0.99375 0.8656716417910447 0.9921875 0.8597014925373134 0.9953125 0.8567164179104477 0.9984375 0.844776119402985 0.996875 0.8417910447761194 0.9984375 0.8388059701492537 0.996875 0.8328358208955224 0.9984375 0.8238805970149253 0.996875 0.8208955223880597 0.996875 0.7940298507462686 0.9984375 0.7910447761194029 0.9984375 0.7820895522388059 0.996875 0.7791044776119403 0.996875 0.7671641791044777 0.9984375 0.764179104477612 0.9984375 0.7402985074626866 0.9953125 0.7283582089552239 0.9953125 0.7104477611940299 0.996875 0.7074626865671642 0.9953125 0.7044776119402985 0.9953125 0.6925373134328359 0.9984375 0.6805970149253732 0.9984375 0.6656716417910448 0.996875 0.6626865671641791 0.9953125 0.6268656716417911 0.9984375 0.6179104477611941 0.9984375 0.608955223880597 0.9953125 0.6 0.9953125 0.5701492537313433 0.996875 0.5611940298507463 0.9953125 0.5522388059701493 0.9984375 0.5373134328358209 0.9984375 0.5283582089552239 0.990625 0.5343283582089552 0.9890625 0.5283582089552239 0.9953125 0.5223880597014925 0.9953125 0.5044776119402985 0.996875 0.5014925373134328 0.9953125 0.49850746268656715 0.9984375 0.4955223880597015 0.996875 0.48955223880597015 0.9984375 0.48656716417910445 0.9984375 0.47761194029850745 0.9953125 0.4716417910447761 0.9953125 0.4626865671641791 0.9921875 0.4597014925373134 0.99375 0.45671641791044776 0.9921875 0.4507462686567164 0.9953125 0.44776119402985076 0.9953125 0.42388059701492536 0.990625 0.42388059701492536 0.9859375 0.417910447761194 0.9890625 0.41194029850746267 0.9921875 0.41194029850746267 0.99375 0.41492537313432837 0.9984375 0.408955223880597 0.9953125 0.40298507462686567 0.9953125 0.3970149253731343 0.9984375 0.39104477611940297 0.996875 0.3850746268656716 0.996875 0.3582089552238806 0.9984375 0.35522388059701493 0.996875 0.3522388059701492 0.996875 0.33134328358208953 0.9984375 0.3283582089552239 0.9984375 0.2865671641791045 0.99375 0.27761194029850744 0.9984375 0.2716417910447761 0.9984375 0.23582089552238805 0.996875 0.22686567164179106 0.9984375 0.22388059701492538 0.9984375 0.21492537313432836 0.9953125 0.21194029850746268 0.9953125 0.191044776119403 0.9984375 0.1880597014925373 0.9984375 0.16119402985074627 0.996875 0.1582089552238806 0.9984375 0.15522388059701492 0.9953125 0.14626865671641792 0.9953125 0.13432835820895522 0.9921875 0.12835820895522387 0.9953125 0.12238805970149254 0.99375 0.11641791044776119 0.9953125 0.11343283582089553 0.99375 0.11044776119402985 0.9984375 0.0955223880597015 0.9953125 0.08955223880597014 0.9953125 0.07164179104477612 0.99375 0.06865671641791045 0.9984375 0.056716417910447764 0.996875 0.03880597014925373 0.9984375 0.03582089552238806 0.996875 0.03283582089552239 0.9984375 0.029850746268656716 0.9984375 0.020895522388059702 0.9890625 0 0.9609375 0 0.9546875 0.005970149253731343 0.925 0.0029850746268656717 0.9171875 0.008955223880597015 0.909375 0.0029850746268656717 0.890625 0.005970149253731343 0.8796875 0 0.875 0.0029850746268656717 0.8734375 0 0.859375 0 0.85 0.005970149253731343 0.8484375 0.011940298507462687 0.8421875 0.005970149253731343 0.8421875 0.014925373134328358 0.840625 0.01791044776119403 0.803125 0.014925373134328358 0.8015625 0.01791044776119403 0.796875 0.01791044776119403 0.7859375 0.008955223880597015 0.78125 0.008955223880597015 0.7765625 0.014925373134328358 0.7734375 0.005970149253731343 0.7640625 0.005970149253731343 0.7609375 0.0029850746268656717 0.75625 0.005970149253731343 0.753125 0 0.746875 0.0029850746268656717 0.7453125 0 0.7390625 0 0.7375 0.0029850746268656717 0.7359375 0 0.7265625 0 0.725 0.0029850746268656717 0.7 0.005970149253731343 0.690625 0 0.675 0 0.6703125 0.005970149253731343 0.6609375 0.008955223880597015 0.6515625 0 0.646875 0.0029850746268656717 0.6421875 0 0.6046875 0.0029850746268656717 0.6 0 0.5984375 0.0029850746268656717 0.5828125 0.0029850746268656717 0.58125 0 0.5765625 0.005970149253731343 0.575 0.0029850746268656717 0.565625 0.0029850746268656717 0.5640625 0 0.5265625 0 0.525 0.0029850746268656717 0.5203125 0.0029850746268656717 0.51875 0 0.4890625 0 0.4875 0.0029850746268656717 0.471875 0.0029850746268656717 0.4703125 0 0.4484375 0 0.440625 0.005970149253731343 0.4359375 0.005970149253731343 0.434375 0.0029850746268656717 0.4140625 0 0.409375 0.005970149253731343 0.3984375 0.005970149253731343 0.396875 0.0029850746268656717 0.3875 0.0029850746268656717 0.3859375 0 0.35625 0 0.346875 0.005970149253731343 0.3296875 0.005970149253731343 0.3265625 0 0.284375 0 0.2828125 0.0029850746268656717 0.28125 0 0.25625 0 0.2546875 0.0029850746268656717 0.2375 0.0029850746268656717 0.2359375 0 0.234375 0 0.2078125 0.0029850746268656717 0.20625 0 0.1953125 0 0.1890625 0.008955223880597015 0.1796875 0 0.159375 0.0029850746268656717 0.15625 0 0.1484375 0.005970149253731343 0.1390625 0.005970149253731343 0.1375 0.0029850746268656717 0.1125 0.0029850746268656717 0.109375 0 0.1015625 0.008955223880597015 0.1 0.005970149253731343 0.084375 0.005970149253731343 0.0828125 0.0029850746268656717 0.0734375 0.0029850746268656717 0.071875 0.005970149253731343 0.0671875 0.0029850746268656717 0.065625 0.005970149253731343 0.0265625 0.005970149253731343 0.021875 0 0.0171875 0
3 0.4609375 0.5761194029850746 0.465625 0.5761194029850746 0.46875 0.5701492537313433 0.4734375 0.5701492537313433 0.48125 0.5611940298507463 0.4984375 0.564179104477612 0.5 0.5432835820895522 0.4984375 0.5402985074626866 0.4875 0.5402985074626866 0.4765625 0.5522388059701493 0.4734375 0.5522388059701493 0.4671875 0.5611940298507463 0.4625 0.5611940298507463 0.459375 0.5671641791044776 0.4484375 0.573134328358209 0.4453125 0.5791044776119403 0.4453125 0.5850746268656717 0.446875 0.5850746268656717 0.4578125 0.582089552238806 0.4609375 0.5761194029850746
3 0.46875 0.6895522388059702 0.465625 0.6925373134328359 0.4546875 0.7194029850746269 0.45 0.7253731343283583 0.4453125 0.7253731343283583 0.44375 0.7313432835820896 0.440625 0.7313432835820896 0.4375 0.7373134328358208 0.434375 0.7373134328358208 0.43125 0.7432835820895523 0.4234375 0.7492537313432835 0.415625 0.7611940298507462 0.4140625 0.7701492537313432 0.415625 0.7701492537313432 0.4234375 0.7611940298507462 0.4328125 0.7582089552238805 0.4515625 0.7402985074626866 0.4546875 0.7402985074626866 0.45625 0.7343283582089553 0.471875 0.7343283582089553 0.475 0.7283582089552239 0.4796875 0.7283582089552239 0.484375 0.7343283582089553 0.4875 0.7313432835820896 0.4875 0.7223880597014926 0.4828125 0.7134328358208956 0.478125 0.7134328358208956 0.4765625 0.7104477611940299 0.4765625 0.6925373134328359 0.475 0.6925373134328359 0.4734375 0.6895522388059702 0.46875 0.6895522388059702
3 0.4296875 0.9402985074626866 0.425 0.9402985074626866 0.41875 0.9462686567164179 0.4109375 0.9462686567164179 0.3984375 0.9582089552238806 0.390625 0.9731343283582089 0.390625 0.982089552238806 0.3921875 0.9850746268656716 0.396875 0.9850746268656716 0.4 0.9791044776119403 0.4171875 0.9731343283582089 0.4328125 0.9552238805970149 0.440625 0.9552238805970149 0.4421875 0.9582089552238806 0.4484375 0.9432835820895522 0.4578125 0.9373134328358209 0.4609375 0.9313432835820895 0.459375 0.9223880597014925 0.453125 0.9194029850746268 0.4453125 0.9283582089552239 0.440625 0.9074626865671642 0.4359375 0.9044776119402985 0.4359375 0.9074626865671642 0.4359375 0.9283582089552239 0.4296875 0.9402985074626866
3 0.140625 0.8925373134328358 0.1375 0.8955223880597015 0.13125 0.9164179104477612 0.1078125 0.9223880597014925 0.103125 0.9343283582089552 0.103125 0.9402985074626866 0.1078125 0.9462686567164179 0.121875 0.9432835820895522 0.1265625 0.9522388059701492 0.13125 0.9552238805970149 0.1421875 0.9492537313432836 0.1671875 0.9791044776119403 0.175 0.9940298507462687 0.1796875 0.9970149253731343 0.1953125 0.9970149253731343 0.1953125 0.991044776119403 0.1890625 0.9880597014925373 0.175 0.9701492537313433 0.1734375 0.9641791044776119 0.153125 0.9402985074626866 0.1515625 0.9343283582089552 0.1390625 0.9253731343283582 0.1359375 0.9134328358208955 0.140625 0.9044776119402985 0.146875 0.9074626865671642 0.15 0.9014925373134328 0.1484375 0.8955223880597015 0.146875 0.8955223880597015 0.1453125 0.8925373134328358 0.140625 0.8925373134328358
3 0.16875 0.7253731343283583 0.165625 0.7313432835820896 0.1578125 0.7313432835820896 0.1484375 0.7373134328358208 0.14375 0.746268656716418 0.1453125 0.7582089552238805 0.15 0.764179104477612 0.1546875 0.764179104477612 0.1578125 0.7701492537313432 0.1625 0.7701492537313432 0.165625 0.7582089552238805 0.1765625 0.764179104477612 0.1875 0.7791044776119403 0.1875 0.7940298507462686 0.1890625 0.7970149253731343 0.1921875 0.7970149253731343 0.196875 0.7880597014925373 0.203125 0.7880597014925373 0.2046875 0.7910447761194029 0.209375 0.7910447761194029 0.2125 0.7970149253731343 0.215625 0.7970149253731343 0.2203125 0.8029850746268656 0.225 0.8029850746268656 0.225 0.7970149253731343 0.221875 0.7880597014925373 0.203125 0.7701492537313432 0.2015625 0.764179104477612 0.203125 0.7522388059701492 0.2015625 0.7432835820895523 0.1921875 0.7373134328358208 0.1796875 0.7373134328358208 0.1765625 0.7313432835820896 0.1765625 0.7253731343283583 0.1734375 0.7194029850746269 0.1734375 0.7074626865671642 0.1796875 0.7014925373134329 0.1796875 0.6925373134328359 0.175 0.6895522388059702 0.1734375 0.6925373134328359 0.16875 0.6955223880597015 0.16875 0.7253731343283583
3 0.40625 0.8656716417910447 0.4046875 0.8716417910447761 0.40625 0.8746268656716418 0.415625 0.8716417910447761 0.4375 0.8388059701492537 0.453125 0.8029850746268656 0.465625 0.7910447761194029 0.4671875 0.7701492537313432 0.465625 0.7671641791044777 0.4578125 0.7671641791044777 0.453125 0.7731343283582089 0.4328125 0.8149253731343283 0.4328125 0.826865671641791 0.4296875 0.8298507462686567 0.4296875 0.8328358208955224 0.4234375 0.8388059701492537 0.40625 0.8656716417910447
3 0.496875 0.6537313432835821 0.496875 0.6447761194029851 0.4953125 0.6388059701492538 0.4890625 0.6388059701492538 0.4859375 0.6328358208955224 0.4890625 0.6268656716417911 0.4890625 0.6208955223880597 0.4859375 0.6149253731343284 0.478125 0.6149253731343284 0.475 0.6298507462686567 0.4703125 0.6388059701492538 0.45625 0.6447761194029851 0.453125 0.6507462686567164 0.4453125 0.6567164179104478 0.4453125 0.6597014925373135 0.4390625 0.6656716417910448 0.4328125 0.6776119402985075 0.43125 0.6865671641791045 0.434375 0.6865671641791045 0.4390625 0.6805970149253732 0.44375 0.6805970149253732 0.4484375 0.6746268656716418 0.4515625 0.6746268656716418 0.453125 0.6686567164179105 0.45625 0.6686567164179105 0.4625 0.6597014925373135 0.4671875 0.6597014925373135 0.4703125 0.6656716417910448 0.4734375 0.6597014925373135 0.4953125 0.6567164179104478 0.496875 0.6537313432835821
3 0.153125 0.835820895522388 0.153125 0.8507462686567164 0.15625 0.8567164179104477 0.1765625 0.8746268656716418 0.184375 0.8955223880597015 0.1890625 0.9014925373134328 0.2046875 0.9014925373134328 0.20625 0.8955223880597015 0.1921875 0.8716417910447761 0.1890625 0.8716417910447761 0.1859375 0.8656716417910447 0.1828125 0.8656716417910447 0.175 0.8567164179104477 0.1703125 0.8417910447761194 0.159375 0.835820895522388 0.1578125 0.8328358208955224 0.1578125 0.8238805970149253 0.159375 0.817910447761194 0.15625 0.8119402985074626 0.15 0.817910447761194 0.15 0.8208955223880597 0.15 0.826865671641791 0.153125 0.835820895522388
5 0.428125 0.835820895522388 0.4171875 0.8477611940298507 0.4125 0.8597014925373134 0.40625 0.8656716417910447 0.4046875 0.8716417910447761 0.40625 0.8746268656716418 0.4125 0.8746268656716418 0.421875 0.8626865671641791 0.440625 0.8328358208955224 0.44375 0.8238805970149253 0.4421875 0.817910447761194 0.440625 0.8208955223880597 0.4328125 0.8238805970149253 0.428125 0.835820895522388
5 0.4203125 0.9462686567164179 0.4109375 0.9462686567164179 0.3984375 0.9582089552238806 0.390625 0.9731343283582089 0.390625 0.982089552238806 0.3953125 0.9850746268656716 0.3984375 0.9791044776119403 0.403125 0.9791044776119403 0.40625 0.9731343283582089 0.4234375 0.9671641791044776 0.4375 0.9492537313432836 0.4390625 0.9432835820895522 0.4359375 0.9373134328358209 0.434375 0.9402985074626866 0.4265625 0.9402985074626866 0.4203125 0.9462686567164179
5 0.1390625 0.9343283582089552 0.146875 0.9552238805970149 0.1515625 0.9582089552238806 0.15625 0.9671641791044776 0.159375 0.9671641791044776 0.18125 0.9970149253731343 0.1953125 0.9970149253731343 0.1953125 0.991044776119403 0.1890625 0.9880597014925373 0.153125 0.9402985074626866 0.1515625 0.9343283582089552 0.146875 0.9313432835820895 0.1453125 0.9313432835820895 0.1421875 0.9283582089552239 0.1390625 0.9343283582089552
5 0.4328125 0.7582089552238805 0.4359375 0.7522388059701492 0.440625 0.7522388059701492 0.44375 0.746268656716418 0.453125 0.7402985074626866 0.45625 0.7313432835820896 0.45625 0.7253731343283583 0.4484375 0.7253731343283583 0.4234375 0.7492537313432835 0.4140625 0.7701492537313432 0.415625 0.7701492537313432 0.4265625 0.7582089552238805 0.4328125 0.7582089552238805