2 0.38984375 0.9152941176470588 0.0296875 0.03529411764705882
2 0.796875 0.3905882352941176 0.8015625 0.4 0.80625 0.4023529411764706 0.8109375 0.3976470588235294 0.8140625 0.38588235294117645 0.8140625 0.36941176470588233 0.8109375 0.36705882352941177 0.809375 0.36705882352941177 0.8015625 0.3764705882352941 0.796875 0.3905882352941176
2 0.2515625 0.26588235294117646 0.24375 0.26588235294117646 0.2390625 0.26823529411764707 0.2375 0.27294117647058824 0.2390625 0.27294117647058824 0.2515625 0.27058823529411763 0.2515625 0.26588235294117646
2 0.44140625 0.8364705882352941 0.0265625 0.04470588235294118
2 0.7921875 0.40941176470588236 0.79375 0.41411764705882353 0.796875 0.41411764705882353 0.8015625 0.40941176470588236 0.8 0.4023529411764706 0.7984375 0.4023529411764706 0.79375 0.4047058823529412 0.7921875 0.40941176470588236
2 0.0765625 0.22588235294117648 0.0734375 0.2376470588235294 0.075 0.24 0.084375 0.24 0.0953125 0.23294117647058823 0.0984375 0.22823529411764706 0.0953125 0.2188235294117647 0.09375 0.2188235294117647 0.0875 0.2164705882352941 0.0765625 0.22588235294117648
2 0.521875 0.35058823529411764 0.5203125 0.36 0.5265625 0.36941176470588233 0.5328125 0.36941176470588233 0.5359375 0.3552941176470588 0.5359375 0.3458823529411765 0.534375 0.34352941176470586 0.5328125 0.34352941176470586 0.525 0.35058823529411764 0.521875 0.35058823529411764
2 0.53984375 0.32588235294117646 0.0140625 0.023529411764705882
2 0.778125 0.05411764705882353 0.7765625 0.06823529411764706 0.784375 0.07294117647058823 0.7859375 0.07058823529411765 0.796875 0.07058823529411765 0.803125 0.06588235294117648 0.8046875 0.0611764705882353 0.8046875 0.05411764705882353 0.7984375 0.04470588235294118 0.79375 0.042352941176470586 0.7921875 0.042352941176470586 0.7828125 0.04470588235294118 0.778125 0.05411764705882353
2 0.6609375 0.4776470588235294 0.659375 0.48705882352941177 0.6609375 0.49411764705882355 0.66875 0.5035294117647059 0.68125 0.5058823529411764 0.6859375 0.4988235294117647 0.6875 0.48470588235294115 0.6859375 0.4752941176470588 0.678125 0.4682352941176471 0.6765625 0.4682352941176471 0.665625 0.47058823529411764 0.6609375 0.4776470588235294
2 0.10625 0.18588235294117647 0.0984375 0.2 0.1 0.21176470588235294 0.1078125 0.21176470588235294 0.1203125 0.19058823529411764 0.121875 0.18588235294117647 0.11875 0.1811764705882353 0.1171875 0.1811764705882353 0.1125 0.1811764705882353 0.10625 0.18588235294117647
2 0.8171875 0.39294117647058824 0.8140625 0.3952941176470588 0.8078125 0.4047058823529412 0.8078125 0.40941176470588236 0.809375 0.4164705882352941 0.8140625 0.4235294117647059 0.821875 0.42823529411764705 0.828125 0.42823529411764705 0.834375 0.4211764705882353 0.8359375 0.40705882352941175 0.828125 0.3952941176470588 0.8265625 0.3952941176470588 0.825 0.39294117647058824 0.8171875 0.39294117647058824
2 0.428125 0.9482352941176471 0.428125 0.9294117647058824 0.4234375 0.9223529411764706 0.41875 0.9223529411764706 0.4078125 0.9364705882352942 0.4078125 0.9482352941176471 0.4109375 0.9552941176470588 0.4125 0.9552941176470588 0.4234375 0.9576470588235294 0.428125 0.9482352941176471
2 0.415625 0.5435294117647059 0.409375 0.5529411764705883 0.409375 0.5576470588235294 0.4140625 0.56 0.43125 0.56 0.4375 0.5576470588235294 0.4421875 0.548235294117647 0.4375 0.5388235294117647 0.43125 0.5364705882352941 0.4296875 0.5364705882352941 0.4203125 0.5388235294117647 0.415625 0.5435294117647059
2 0.2375 0.6941176470588235 0.2421875 0.7011764705882353 0.2484375 0.6964705882352941 0.25 0.6894117647058824 0.25 0.6823529411764706 0.246875 0.6776470588235294 0.2453125 0.6776470588235294 0.2375 0.6847058823529412 0.2375 0.6941176470588235
2 0.253125 0.2447058823529412 0.2546875 0.2564705882352941 0.259375 0.25882352941176473 0.2625 0.25176470588235295 0.2625 0.22823529411764706 0.2609375 0.22823529411764706 0.25625 0.23294117647058823 0.253125 0.2447058823529412
2 0.6265625 0.40705882352941175 0.6265625 0.4258823529411765 0.6328125 0.4376470588235294 0.6453125 0.44 0.65 0.4447058823529412 0.6515625 0.43529411764705883 0.6578125 0.4211764705882353 0.6578125 0.4117647058823529 0.6515625 0.4 0.64375 0.39294117647058824 0.6421875 0.39294117647058824 0.628125 0.4023529411764706 0.6265625 0.40705882352941175
2 0.7625 0.05176470588235294 0.7625 0.058823529411764705 0.765625 0.06352941176470588 0.771875 0.06588235294117648 0.778125 0.05176470588235294 0.778125 0.03764705882352941 0.775 0.03294117647058824 0.7734375 0.03294117647058824 0.765625 0.03529411764705882 0.7625 0.05176470588235294
2 0.0953125 0.3058823529411765 0.0953125 0.31529411764705884 0.1015625 0.3247058823529412 0.109375 0.3247058823529412 0.1140625 0.32 0.1140625 0.31058823529411766 0.109375 0.3035294117647059 0.1046875 0.30117647058823527 0.103125 0.30117647058823527 0.0984375 0.30117647058823527 0.0953125 0.3058823529411765
2 0.990625 0.5694117647058824 0.01875 0.02588235294117647
2 0.5484375 0.6847058823529412 0.540625 0.691764705882353 0.5375 0.6988235294117647 0.5390625 0.7152941176470589 0.55 0.7294117647058823 0.55625 0.7294117647058823 0.565625 0.7152941176470589 0.565625 0.6964705882352941 0.559375 0.6870588235294117 0.5578125 0.6870588235294117 0.55625 0.6847058823529412 0.5484375 0.6847058823529412
2 0.55 0.7435294117647059 0.5421875 0.76 0.54375 0.7764705882352941 0.55625 0.7788235294117647 0.5609375 0.7764705882352941 0.5671875 0.7670588235294118 0.5703125 0.7576470588235295 0.5703125 0.7458823529411764 0.5671875 0.7411764705882353 0.565625 0.7411764705882353 0.5609375 0.7388235294117647 0.55 0.7435294117647059
2 0.2203125 0.7058823529411765 0.2203125 0.7129411764705882 0.2234375 0.7176470588235294 0.2265625 0.7176470588235294 0.2359375 0.7058823529411765 0.2359375 0.6988235294117647 0.23125 0.6941176470588235 0.2296875 0.6941176470588235 0.2234375 0.6988235294117647 0.2203125 0.7058823529411765
2 0.5 0.3411764705882353 0.5078125 0.34823529411764703 0.5140625 0.34823529411764703 0.515625 0.35058823529411764 0.5203125 0.34823529411764703 0.521875 0.34352941176470586 0.5171875 0.3341176470588235 0.5125 0.33176470588235296 0.5109375 0.33176470588235296 0.5015625 0.3341176470588235 0.5 0.3411764705882353
2 0.3984375 0.8588235294117647 0.4 0.8729411764705882 0.415625 0.8752941176470588 0.425 0.8682352941176471 0.4265625 0.8635294117647059 0.421875 0.851764705882353 0.4203125 0.851764705882353 0.4078125 0.8494117647058823 0.3984375 0.8588235294117647
2 0.434375 0.5764705882352941 0.4390625 0.5835294117647059 0.4453125 0.5835294117647059 0.4515625 0.5764705882352941 0.453125 0.5670588235294117 0.44375 0.5552941176470588 0.4421875 0.5576470588235294 0.434375 0.5647058823529412 0.434375 0.5764705882352941
2 0.2546875 0.26823529411764707 0.2578125 0.2564705882352941 0.253125 0.24941176470588236 0.246875 0.24941176470588236 0.246875 0.25176470588235295 0.2515625 0.26823529411764707 0.2546875 0.26823529411764707
2 0.5125 0.32 0.5171875 0.32941176470588235 0.525 0.32941176470588235 0.53125 0.32235294117647056 0.53125 0.3129411764705882 0.525 0.2988235294117647 0.525 0.29411764705882354 0.5203125 0.28705882352941176 0.51875 0.28705882352941176 0.5140625 0.29411764705882354 0.5125 0.32
2 0.228125 0.6894117647058824 0.234375 0.691764705882353 0.2359375 0.6894117647058824 0.228125 0.6705882352941176 0.2234375 0.6705882352941176 0.2234375 0.6729411764705883 0.225 0.6847058823529412 0.228125 0.6894117647058824
2 0.3015625 0.7058823529411765 0.309375 0.72 0.315625 0.7247058823529412 0.3265625 0.7247058823529412 0.33125 0.7176470588235294 0.33125 0.7105882352941176 0.3234375 0.6988235294117647 0.321875 0.6988235294117647 0.3078125 0.7011764705882353 0.3015625 0.7058823529411765
2 0.4265625 0.4988235294117647 0.4265625 0.5176470588235295 0.4296875 0.5247058823529411 0.4390625 0.5317647058823529 0.44375 0.5317647058823529 0.446875 0.5247058823529411 0.4484375 0.5129411764705882 0.44375 0.49411764705882355 0.4390625 0.48705882352941177 0.4375 0.48705882352941177 0.4296875 0.4894117647058824 0.4265625 0.4988235294117647
2 0.6875 0.19058823529411764 0.696875 0.1976470588235294 0.7 0.19294117647058823 0.7 0.17882352941176471 0.696875 0.16705882352941176 0.6953125 0.16705882352941176 0.6921875 0.16941176470588235 0.6875 0.19058823529411764
2 0.425 0.8282352941176471 0.4171875 0.8282352941176471 0.4109375 0.8352941176470589 0.4109375 0.8447058823529412 0.4140625 0.8494117647058823 0.4203125 0.8494117647058823 0.421875 0.851764705882353 0.4234375 0.8494117647058823 0.4265625 0.8376470588235294 0.425 0.8282352941176471
2 0.2109375 0.5976470588235294 0.2234375 0.6164705882352941 0.228125 0.6164705882352941 0.2296875 0.6 0.228125 0.5929411764705882 0.225 0.5929411764705882 0.2171875 0.5835294117647059 0.215625 0.5835294117647059 0.209375 0.5858823529411765 0.2109375 0.5976470588235294
2 0.5328125 0.9152941176470588 0.540625 0.9247058823529412 0.54375 0.9247058823529412 0.546875 0.92 0.5484375 0.908235294117647 0.5390625 0.8964705882352941 0.534375 0.8964705882352941 0.534375 0.8988235294117647 0.534375 0.9129411764705883 0.5328125 0.9152941176470588
2 0.6578125 0.4588235294117647 0.65625 0.4541176470588235 0.65 0.45176470588235296 0.6375 0.46352941176470586 0.634375 0.47058823529411764 0.6359375 0.47058823529411764 0.65625 0.46352941176470586 0.6578125 0.4588235294117647
2 0.58125 0.6823529411764706 0.5703125 0.7058823529411765 0.571875 0.72 0.578125 0.731764705882353 0.590625 0.731764705882353 0.5984375 0.7247058823529412 0.6046875 0.7082352941176471 0.603125 0.6776470588235294 0.5984375 0.6729411764705883 0.596875 0.6729411764705883 0.5890625 0.6729411764705883 0.58125 0.6823529411764706
2 0.4453125 0.5435294117647059 0.446875 0.5529411764705883 0.453125 0.5529411764705883 0.4671875 0.5435294117647059 0.4703125 0.5364705882352941 0.4671875 0.5294117647058824 0.45625 0.5247058823529411 0.4546875 0.5247058823529411 0.4484375 0.5294117647058824 0.4453125 0.5435294117647059
2 0.421875 0.8729411764705882 0.415625 0.8776470588235294 0.4109375 0.8870588235294118 0.4140625 0.9058823529411765 0.4171875 0.9105882352941177 0.421875 0.9105882352941177 0.4265625 0.908235294117647 0.4375 0.8917647058823529 0.4375 0.8823529411764706 0.4328125 0.8752941176470588 0.43125 0.8752941176470588 0.4296875 0.8729411764705882 0.421875 0.8729411764705882
2 0.575 0.788235294117647 0.58125 0.7952941176470588 0.5890625 0.7976470588235294 0.5984375 0.7929411764705883 0.603125 0.7858823529411765 0.603125 0.7741176470588236 0.60625 0.7670588235294118 0.60625 0.7529411764705882 0.6 0.7411764705882353 0.5953125 0.7411764705882353 0.5859375 0.7552941176470588 0.578125 0.7623529411764706 0.578125 0.7647058823529411 0.5734375 0.7764705882352941 0.575 0.788235294117647
2 0.2421875 0.7129411764705882 0.0109375 0.018823529411764704
2 0.7734375 0.3764705882352941 0.7734375 0.38823529411764707 0.7796875 0.3952941176470588 0.7953125 0.3952941176470588 0.796875 0.3835294117647059 0.7921875 0.37176470588235294 0.7875 0.36941176470588233 0.7859375 0.36941176470588233 0.778125 0.36941176470588233 0.7734375 0.3764705882352941
2 0.6609375 0.43529411764705883 0.6578125 0.4447058823529412 0.6640625 0.4541176470588235 0.678125 0.45647058823529413 0.6921875 0.44 0.6921875 0.43529411764705883 0.6890625 0.43058823529411766 0.684375 0.42823529411764705 0.6828125 0.42823529411764705 0.66875 0.42823529411764705 0.6609375 0.43529411764705883
2 0.740625 0.04 0.7390625 0.042352941176470586 0.7390625 0.05411764705882353 0.75 0.06588235294117648 0.759375 0.06588235294117648 0.7609375 0.06352941176470588 0.7609375 0.047058823529411764 0.7578125 0.042352941176470586 0.75625 0.042352941176470586 0.7546875 0.04 0.740625 0.04
4 0.609375 0.08 0.6046875 0.08 0.5984375 0.07529411764705882 0.584375 0.07529411764705882 0.578125 0.08 0.5765625 0.09176470588235294 0.5796875 0.1011764705882353 0.5796875 0.13176470588235295 0.5765625 0.14588235294117646 0.5765625 0.16470588235294117 0.58125 0.17647058823529413 0.6 0.1976470588235294 0.5984375 0.2023529411764706 0.6 0.21176470588235294 0.5984375 0.21411764705882352 0.5984375 0.25176470588235295 0.6 0.2611764705882353 0.6171875 0.28 0.625 0.28 0.6265625 0.2776470588235294 0.6484375 0.28705882352941176 0.6546875 0.2776470588235294 0.6609375 0.2776470588235294 0.671875 0.27058823529411763 0.696875 0.26588235294117646 0.7 0.2611764705882353 0.70625 0.2611764705882353 0.715625 0.2564705882352941 0.7234375 0.2447058823529412 0.728125 0.25176470588235295 0.7328125 0.25176470588235295 0.734375 0.2188235294117647 0.725 0.20470588235294118 0.725 0.2 0.7203125 0.19294117647058823 0.7234375 0.18823529411764706 0.721875 0.17411764705882352 0.7109375 0.16 0.709375 0.14352941176470588 0.7046875 0.13647058823529412 0.696875 0.12941176470588237 0.6921875 0.12941176470588237 0.6859375 0.1223529411764706 0.678125 0.1223529411764706 0.6703125 0.11764705882352941 0.659375 0.11764705882352941 0.65 0.11294117647058824 0.6515625 0.10823529411764705 0.6578125 0.10823529411764705 0.659375 0.10588235294117647 0.6796875 0.11058823529411765 0.6859375 0.10588235294117647 0.671875 0.08941176470588236 0.6703125 0.08 0.6671875 0.07529411764705882 0.6328125 0.07764705882352942 0.63125 0.07529411764705882 0.6296875 0.07529411764705882 0.615625 0.07529411764705882 0.609375 0.08
4 0.459375 0.0611764705882353 0.45 0.058823529411764705 0.4453125 0.07764705882352942 0.4453125 0.09411764705882353 0.45 0.10823529411764705 0.45 0.11529411764705882 0.4578125 0.13176470588235295 0.4578125 0.1411764705882353 0.4625 0.15529411764705883 0.465625 0.19294117647058823 0.46875 0.20941176470588235 0.471875 0.21411764705882352 0.5 0.21411764705882352 0.5015625 0.2164705882352941 0.5359375 0.2023529411764706 0.546875 0.18588235294117647 0.5578125 0.1811764705882353 0.559375 0.17647058823529413 0.5671875 0.17411764705882352 0.56875 0.16941176470588235 0.56875 0.14588235294117646 0.5703125 0.14352941176470588 0.56875 0.13176470588235295 0.5703125 0.12941176470588237 0.5703125 0.10823529411764705 0.5734375 0.08941176470588236 0.5703125 0.07058823529411765 0.5546875 0.058823529411764705 0.5390625 0.058823529411764705 0.5296875 0.06352941176470588 0.509375 0.05176470588235294 0.5078125 0.05176470588235294 0.48125 0.05176470588235294 0.459375 0.0611764705882353
4 0.35625 0.16705882352941176 0.3515625 0.1811764705882353 0.3515625 0.19058823529411764 0.334375 0.2447058823529412 0.3359375 0.27058823529411763 0.3328125 0.28705882352941176 0.3328125 0.3247058823529412 0.334375 0.32941176470588235 0.3421875 0.3341176470588235 0.35 0.3458823529411765 0.3625 0.35764705882352943 0.3734375 0.37411764705882355 0.3796875 0.3905882352941176 0.3796875 0.4023529411764706 0.3859375 0.41411764705882353 0.3875 0.4329411764705882 0.3921875 0.44 0.3984375 0.44 0.403125 0.4470588235294118 0.4078125 0.44941176470588234 0.4171875 0.44941176470588234 0.4265625 0.44 0.4265625 0.43529411764705883 0.4328125 0.4188235294117647 0.4328125 0.4047058823529412 0.434375 0.4023529411764706 0.4328125 0.3835294117647059 0.4296875 0.37176470588235294 0.43125 0.3623529411764706 0.4296875 0.35294117647058826 0.4359375 0.33176470588235296 0.4359375 0.32235294117647056 0.4421875 0.3129411764705882 0.4484375 0.28941176470588237 0.446875 0.2752941176470588 0.45 0.2541176470588235 0.4484375 0.25176470588235295 0.45625 0.23058823529411765 0.45625 0.21411764705882352 0.4578125 0.21176470588235294 0.4484375 0.18823529411764706 0.44375 0.18352941176470589 0.434375 0.18588235294117647 0.4328125 0.18352941176470589 0.421875 0.19058823529411764 0.4125 0.19058823529411764 0.396875 0.17647058823529413 0.39375 0.17647058823529413 0.3875 0.16705882352941176 0.3671875 0.15058823529411763 0.365625 0.15294117647058825 0.3609375 0.15529411764705883 0.35625 0.16705882352941176
4 0.0078125 0 0.003125 0.004705882352941176 0.003125 0.009411764705882352 0 0.011764705882352941 0 0.18588235294117647 0.003125 0.18823529411764706 0.003125 0.1976470588235294 0 0.2 0 0.9976470588235294 0.6515625 0.9976470588235294 0.6546875 0.9952941176470588 0.659375 0.9976470588235294 0.6609375 0.9952941176470588 0.6625 0.9976470588235294 0.859375 0.9976470588235294 0.8625 0.9952941176470588 0.8640625 0.9976470588235294 0.9015625 0.9976470588235294 0.9046875 0.9952941176470588 0.90625 0.9976470588235294 0.9984375 0.9976470588235294 0.9984375 0.9882352941176471 0.996875 0.9858823529411764 0.9984375 0.9811764705882353 0.9984375 0.9552941176470588 0.996875 0.9505882352941176 0.9984375 0.9482352941176471 0.9984375 0.7905882352941176 0.996875 0.788235294117647 0.996875 0.7670588235294118 0.9984375 0.7623529411764706 0.996875 0.7552941176470588 0.9984375 0.7505882352941177 0.996875 0.7482352941176471 0.9984375 0.7458823529411764 0.9984375 0.7247058823529412 0.996875 0.72 0.9984375 0.7152941176470589 0.996875 0.7105882352941176 0.9984375 0.7082352941176471 0.9984375 0.6964705882352941 0.996875 0.691764705882353 0.9984375 0.6894117647058824 0.9984375 0.5905882352941176 0.996875 0.5882352941176471 0.9984375 0.5811764705882353 0.996875 0.5835294117647059 0.990625 0.5835294117647059 0.9828125 0.5741176470588235 0.9828125 0.5623529411764706 0.990625 0.5552941176470588 0.9984375 0.5411764705882353 0.9984375 0.49176470588235294 0.996875 0.48470588235294115 0.9984375 0.4823529411764706 0.9984375 0.3835294117647059 0.996875 0.3764705882352941 0.9984375 0.37411764705882355 0.9984375 0.33647058823529413 0.9953125 0.33176470588235296 0.9953125 0.32235294117647056 0.9984375 0.31058823529411766 0.996875 0.30117647058823527 0.9984375 0.29411764705882354 0.996875 0.2611764705882353 0.9984375 0.25882352941176473 0.9984375 0.23058823529411765 0.996875 0.22588235294117648 0.9984375 0.2235294117647059 0.996875 0.2188235294117647 0.9984375 0.2164705882352941 0.9984375 0.1411764705882353 0.996875 0.1388235294117647 0.996875 0.11294117647058824 0.9984375 0.11058823529411765 0.9984375 0.06588235294117648 0.996875 0.058823529411764705 0.9984375 0.05647058823529412 0.9984375 0.007058823529411765 0.9953125 0 0.9453125 0 0.94375 0.002352941176470588 0.93125 0.002352941176470588 0.9296875 0 0.7875 0 0.784375 0.007058823529411765 0.778125 0.002352941176470588 0.765625 0.004705882352941176 0.7578125 0 0.5859375 0 0.584375 0.002352941176470588 0.5703125 0.002352941176470588 0.56875 0 0.55625 0 0.5546875 0.002352941176470588 0.5484375 0.002352941176470588 0.546875 0 0.5203125 0 0.515625 0.002352941176470588 0.5140625 0 0.5125 0 0.4296875 0 0.425 0.004705882352941176 0.4234375 0 0.296875 0 0.2953125 0.002352941176470588 0.2859375 0.002352941176470588 0.284375 0 0.1359375 0 0.134375 0.002352941176470588 0.125 0.002352941176470588 0.1234375 0 0.115625 0 0.1140625 0.002352941176470588 0.0984375 0.002352941176470588 0.096875 0 0.0515625 0 0.05 0.002352941176470588 0.04375 0 0.0390625 0.004705882352941176 0.03125 0.004705882352941176 0.025 0 0.0078125 0
4 0.8828125 0.24 0.8765625 0.2447058823529412 0.85 0.24705882352941178 0.8484375 0.24941176470588236 0.8359375 0.24705882352941178 0.828125 0.25176470588235295 0.809375 0.25176470588235295 0.803125 0.25882352941176473 0.796875 0.2611764705882353 0.78125 0.2611764705882353 0.76875 0.26588235294117646 0.7640625 0.27294117647058824 0.7640625 0.2917647058823529 0.7671875 0.2964705882352941 0.7671875 0.31058823529411766 0.7609375 0.34823529411764703 0.7609375 0.37411764705882355 0.7640625 0.38588235294117645 0.76875 0.38823529411764707 0.7734375 0.37176470588235294 0.7765625 0.36705882352941177 0.7953125 0.36705882352941177 0.7984375 0.36941176470588233 0.8015625 0.36470588235294116 0.803125 0.3552941176470588 0.8015625 0.33176470588235296 0.8078125 0.3270588235294118 0.8140625 0.3270588235294118 0.8171875 0.3341176470588235 0.821875 0.3341176470588235 0.825 0.3270588235294118 0.828125 0.3388235294117647 0.8328125 0.3388235294117647 0.8375 0.32941176470588235 0.8453125 0.33176470588235296 0.85 0.3270588235294118 0.8609375 0.3270588235294118 0.8625 0.3247058823529412 0.86875 0.32941176470588235 0.8703125 0.33647058823529413 0.871875 0.33647058823529413 0.8703125 0.33176470588235296 0.871875 0.32941176470588235 0.878125 0.33176470588235296 0.8765625 0.35058823529411764 0.878125 0.3552941176470588 0.8734375 0.36470588235294116 0.86875 0.36 0.8703125 0.3623529411764706 0.86875 0.36470588235294116 0.8578125 0.36941176470588233 0.8375 0.36705882352941177 0.8296875 0.3623529411764706 0.834375 0.36 0.83125 0.3552941176470588 0.8328125 0.35294117647058826 0.8296875 0.35294117647058826 0.828125 0.3623529411764706 0.825 0.36705882352941177 0.8203125 0.36470588235294116 0.821875 0.36 0.81875 0.3623529411764706 0.8171875 0.36705882352941177 0.81875 0.36941176470588233 0.8171875 0.37176470588235294 0.8171875 0.38588235294117645 0.8234375 0.3905882352941176 0.828125 0.3905882352941176 0.8375 0.4 0.8390625 0.4188235294117647 0.834375 0.42823529411764705 0.828125 0.4329411764705882 0.8171875 0.43058823529411766 0.8109375 0.4329411764705882 0.8046875 0.4258823529411765 0.8046875 0.4211764705882353 0.790625 0.4211764705882353 0.784375 0.40705882352941175 0.7796875 0.4047058823529412 0.7734375 0.3952941176470588 0.7671875 0.39294117647058824 0.7640625 0.3976470588235294 0.7671875 0.4023529411764706 0.7609375 0.4117647058823529 0.7578125 0.43058823529411766 0.7578125 0.4376470588235294 0.765625 0.45176470588235296 0.771875 0.45176470588235296 0.78125 0.46588235294117647 0.790625 0.46588235294117647 0.7953125 0.47058823529411764 0.8015625 0.48470588235294115 0.8234375 0.52 0.8265625 0.5294117647058824 0.8328125 0.5364705882352941 0.8359375 0.548235294117647 0.834375 0.5529411764705883 0.8359375 0.5623529411764706 0.8453125 0.5788235294117647 0.85 0.5952941176470589 0.85625 0.5952941176470589 0.8734375 0.5764705882352941 0.8875 0.5670588235294117 0.89375 0.5670588235294117 0.903125 0.5576470588235294 0.90625 0.548235294117647 0.90625 0.5223529411764706 0.9046875 0.52 0.903125 0.4988235294117647 0.9109375 0.49176470588235294 0.915625 0.4776470588235294 0.925 0.46588235294117647 0.9265625 0.45647058823529413 0.9375 0.4447058823529412 0.940625 0.42823529411764705 0.9515625 0.4188235294117647 0.959375 0.4023529411764706 0.9578125 0.37411764705882355 0.9546875 0.36941176470588233 0.953125 0.35294117647058826 0.9484375 0.3458823529411765 0.9453125 0.33176470588235296 0.928125 0.31529411764705884 0.925 0.2964705882352941 0.91875 0.28705882352941176 0.9171875 0.28 0.9 0.25882352941176473 0.8953125 0.24941176470588236 0.89375 0.24941176470588236 0.8875 0.24 0.8828125 0.24