2 0.7875 0.03581267217630854 0.7921875 0.03581267217630854 0.8015625 0.049586776859504134 0.8046875 0.049586776859504134 0.8109375 0.04132231404958678 0.809375 0.03305785123966942 0.7921875 0.01652892561983471 0.790625 0.01652892561983471 0.7859375 0.02203856749311295 0.7875 0.03581267217630854
2 0.95703125 0.06611570247933884 0.021875 0.030303030303030304
2 0.95 0.22589531680440772 0.95 0.2369146005509642 0.953125 0.24517906336088155 0.959375 0.24793388429752067 0.9625 0.2396694214876033 0.9625 0.22865013774104684 0.9671875 0.20385674931129477 0.9671875 0.1928374655647383 0.965625 0.19008264462809918 0.9640625 0.19008264462809918 0.959375 0.19559228650137742 0.95 0.22589531680440772
2 0.228125 0.046831955922865015 0.2359375 0.03305785123966942 0.23125 0.02203856749311295 0.2234375 0.02203856749311295 0.2140625 0.03305785123966942 0.2140625 0.03581267217630854 0.2125 0.046831955922865015 0.228125 0.046831955922865015
2 0.1703125 0.44352617079889806 0.1734375 0.4738292011019284 0.178125 0.4765840220385675 0.18125 0.47107438016528924 0.1828125 0.4490358126721763 0.1875 0.4380165289256198 0.1859375 0.42424242424242425 0.184375 0.42424242424242425 0.175 0.4325068870523416 0.1703125 0.44352617079889806
2 0.428125 0.22038567493112948 0.434375 0.2231404958677686 0.4421875 0.209366391184573 0.440625 0.19834710743801653 0.4359375 0.19008264462809918 0.434375 0.19008264462809918 0.428125 0.20110192837465565 0.428125 0.22038567493112948
2 0.0484375 0.2892561983471074 0.04375 0.2975206611570248 0.04375 0.30303030303030304 0.0484375 0.31129476584022037 0.0578125 0.3140495867768595 0.0625 0.31955922865013775 0.0703125 0.31955922865013775 0.0703125 0.3085399449035813 0.0609375 0.29476584022038566 0.059375 0.29476584022038566 0.053125 0.2892561983471074 0.0484375 0.2892561983471074
2 0.9875 0.23140495867768596 0.9828125 0.23415977961432508 0.9796875 0.2369146005509642 0.9796875 0.24517906336088155 0.984375 0.25068870523415976 0.9984375 0.25068870523415976 0.9984375 0.23415977961432508 0.996875 0.23415977961432508 0.9953125 0.23140495867768596 0.9875 0.23140495867768596
2 0.553125 0.13774104683195593 0.5578125 0.13774104683195593 0.559375 0.11294765840220386 0.55625 0.09090909090909091 0.5546875 0.0881542699724518 0.546875 0.0881542699724518 0.546875 0.09090909090909091 0.55 0.12947658402203857 0.553125 0.13774104683195593
2 0.5234375 0.06887052341597796 0.521875 0.08264462809917356 0.525 0.08539944903581267 0.53125 0.08264462809917356 0.540625 0.07162534435261708 0.54375 0.06060606060606061 0.5375 0.05509641873278237 0.5359375 0.05785123966942149 0.528125 0.06060606060606061 0.5234375 0.06887052341597796
4 0.0078125 0 0.003125 0.008264462809917356 0.003125 0.013774104683195593 0 0.01652892561983471 0 0.9944903581267218 0.003125 0.9972451790633609 0.028125 0.9972451790633609 0.0296875 0.9944903581267218 0.0421875 0.9944903581267218 0.04375 0.9972451790633609 0.0703125 0.9972451790633609 0.071875 0.9944903581267218 0.0734375 0.9972451790633609 0.0765625 0.9944903581267218 0.0984375 0.9944903581267218 0.1 0.9972451790633609 0.1046875 0.9944903581267218 0.121875 0.9944903581267218 0.1234375 0.9972451790633609 0.184375 0.9944903581267218 0.1859375 0.9972451790633609 0.1875 0.9944903581267218 0.196875 0.9944903581267218 0.2 0.9972451790633609 0.203125 0.9944903581267218 0.2046875 0.9972451790633609 0.30625 0.9972451790633609 0.309375 0.9944903581267218 0.3109375 0.9972451790633609 0.3125 0.9944903581267218 0.328125 0.9944903581267218 0.3296875 0.9972451790633609 0.353125 0.9972451790633609 0.3546875 0.9944903581267218 0.3859375 0.9944903581267218 0.3875 0.9972451790633609 0.4328125 0.9972451790633609 0.4390625 0.9944903581267218 0.44375 0.9972451790633609 0.4453125 0.9944903581267218 0.6765625 0.9944903581267218 0.68125 0.9972451790633609 0.6828125 0.9944903581267218 0.6859375 0.9972451790633609 0.6875 0.9944903581267218 0.7109375 0.9944903581267218 0.715625 0.9972451790633609 0.7171875 0.9944903581267218 0.71875 0.9972451790633609 0.728125 0.9972451790633609 0.73125 0.9944903581267218 0.7328125 0.9972451790633609 0.746875 0.9972451790633609 0.7484375 0.9944903581267218 0.75 0.9972451790633609 0.7984375 0.9972451790633609 0.8015625 0.9944903581267218 0.8046875 0.9972451790633609 0.8078125 0.9944903581267218 0.8109375 0.9972451790633609 0.815625 0.9944903581267218 0.8203125 0.9972451790633609 0.821875 0.9944903581267218 0.8265625 0.9972451790633609 0.828125 0.9944903581267218 0.8765625 0.9944903581267218 0.878125 0.9972451790633609 0.9171875 0.9972451790633609 0.9203125 0.9944903581267218 0.921875 0.9972451790633609 0.93125 0.9972451790633609 0.9328125 0.9944903581267218 0.934375 0.9972451790633609 0.996875 0.9972451790633609 0.9984375 0.9944903581267218 0.9984375 0.9421487603305785 0.996875 0.9393939393939394 0.996875 0.928374655647383 0.9984375 0.9256198347107438 0.996875 0.9146005509641874 0.9984375 0.9118457300275482 0.9984375 0.7713498622589532 0.996875 0.7658402203856749 0.9984375 0.7630853994490359 0.9984375 0.6528925619834711 0.996875 0.650137741046832 0.996875 0.6143250688705234 0.9984375 0.6115702479338843 0.9984375 0.06336088154269973 0.996875 0.06060606060606061 0.996875 0.049586776859504134 0.9984375 0.046831955922865015 0.9984375 0.03581267217630854 0.996875 0.024793388429752067 0.9984375 0.02203856749311295 0.9984375 0.005509641873278237 0.996875 0 0.9734375 0.0027548209366391185 0.971875 0 0.9578125 0 0.95625 0.005509641873278237 0.9515625 0.008264462809917356 0.94375 0 0.9328125 0 0.928125 0.005509641873278237 0.9171875 0.005509641873278237 0.915625 0 0.9125 0.0027548209366391185 0.8859375 0 0.884375 0.0027548209366391185 0.875 0.0027548209366391185 0.871875 0 0.8703125 0.0027548209366391185 0.8671875 0 0.865625 0.0027548209366391185 0.8515625 0.0027548209366391185 0.8421875 0.008264462809917356 0.8359375 0 0.8046875 0.0027548209366391185 0.803125 0.005509641873278237 0.7796875 0.005509641873278237 0.778125 0.0027548209366391185 0.759375 0 0.7546875 0.005509641873278237 0.7453125 0 0.7421875 0.005509641873278237 0.709375 0.008264462809917356 0.6953125 0 0.628125 0 0.6265625 0.0027548209366391185 0.6234375 0 0.6125 0.005509641873278237 0.6078125 0.0027548209366391185 0.60625 0.005509641873278237 0.5921875 0.005509641873278237 0.5890625 0 0.56875 0 0.5640625 0.005509641873278237 0.5609375 0 0.5421875 0.0027548209366391185 0.540625 0 0.528125 0 0.525 0.0027548209366391185 0.5234375 0 0.465625 0 0.4625 0.005509641873278237 0.4328125 0.005509641873278237 0.4234375 0 0.4140625 0 0.4109375 0.005509641873278237 0.3875 0.005509641873278237 0.3828125 0 0.2328125 0 0.23125 0.005509641873278237 0.225 0.005509641873278237 0.2140625 0 0.1484375 0 0.14375 0.005509641873278237 0.1328125 0.005509641873278237 0.128125 0 0.0328125 0 0.028125 0.005509641873278237 0.025 0.005509641873278237 0.0203125 0 0.01875 0 0.0078125 0
3 0.5546875 0.7465564738292011 0.5578125 0.7493112947658402 0.5671875 0.7741046831955923 0.5796875 0.7988980716253443 0.5828125 0.8016528925619835 0.584375 0.8126721763085399 0.5875 0.8181818181818182 0.5875 0.8264462809917356 0.59375 0.837465564738292 0.59375 0.8484848484848485 0.5953125 0.8512396694214877 0.603125 0.8512396694214877 0.6171875 0.8264462809917356 0.6203125 0.8044077134986226 0.6171875 0.7933884297520661 0.6078125 0.7851239669421488 0.5890625 0.7851239669421488 0.5859375 0.7823691460055097 0.565625 0.7465564738292011 0.565625 0.7410468319559229 0.5609375 0.7355371900826446 0.559375 0.7355371900826446 0.5546875 0.7382920110192838 0.5546875 0.7465564738292011