2 0.8359375 0.08833922261484099 0.8328125 0.09187279151943463 0.8359375 0.09540636042402827 0.8359375 0.0989399293286219 0.853125 0.0989399293286219 0.8546875 0.09187279151943463 0.8640625 0.08833922261484099 0.865625 0.0812720848056537 0.8671875 0.0812720848056537 0.8671875 0.06007067137809187 0.8640625 0.05653710247349823 0.8640625 0.053003533568904596 0.8546875 0.053003533568904596 0.853125 0.045936395759717315 0.84375 0.045936395759717315 0.84375 0.04946996466431095 0.8359375 0.06007067137809187 0.8359375 0.08833922261484099
2 0.09375 0.0706713780918728 0.0921875 0.07773851590106007 0.0875 0.07773851590106007 0.0828125 0.09187279151943463 0.08125 0.09187279151943463 0.08125 0.0989399293286219 0.078125 0.10954063604240283 0.0703125 0.10954063604240283 0.06875 0.1625441696113074 0.0703125 0.16607773851590105 0.0703125 0.17667844522968199 0.075 0.18021201413427562 0.0765625 0.1872791519434629 0.1 0.1872791519434629 0.1015625 0.18021201413427562 0.1109375 0.17667844522968199 0.115625 0.1625441696113074 0.1171875 0.1625441696113074 0.1171875 0.14840989399293286 0.1203125 0.14487632508833923 0.1203125 0.13427561837455831 0.121875 0.13074204946996468 0.121875 0.1166077738515901 0.125 0.11307420494699646 0.125 0.0706713780918728 0.121875 0.06713780918727916 0.121875 0.0636042402826855 0.1078125 0.0636042402826855 0.1078125 0.06713780918727916 0.10625 0.0706713780918728 0.09375 0.0706713780918728
2 0.840625 0.5265017667844523 0.8390625 0.5335689045936396 0.8328125 0.5335689045936396 0.83125 0.5406360424028268 0.821875 0.5406360424028268 0.8203125 0.5477031802120141 0.8078125 0.5512367491166078 0.80625 0.558303886925795 0.796875 0.558303886925795 0.7953125 0.5653710247349824 0.784375 0.5653710247349824 0.7828125 0.5724381625441696 0.7734375 0.5759717314487632 0.76875 0.5901060070671378 0.765625 0.5901060070671378 0.7640625 0.5971731448763251 0.7578125 0.5971731448763251 0.75625 0.6042402826855123 0.7546875 0.6042402826855123 0.7578125 0.607773851590106 0.7578125 0.6113074204946997 0.740625 0.6466431095406361 0.740625 0.657243816254417 0.7375 0.6607773851590106 0.7375 0.696113074204947 0.734375 0.6996466431095406 0.7328125 0.7102473498233216 0.73125 0.7102473498233216 0.7296875 0.7243816254416962 0.7171875 0.7491166077738516 0.715625 0.7703180212014135 0.7125 0.773851590106007 0.7125 0.784452296819788 0.709375 0.7879858657243817 0.709375 0.8162544169611308 0.70625 0.8197879858657244 0.7046875 0.8303886925795053 0.703125 0.8303886925795053 0.7015625 0.8586572438162544 0.6953125 0.8692579505300353 0.6953125 0.8904593639575972 0.6921875 0.8939929328621908 0.690625 0.9222614840989399 0.6875 0.9257950530035336 0.6875 0.9469964664310954 0.684375 0.950530035335689 0.684375 0.9717314487632509 0.68125 0.9752650176678446 0.68125 0.9964664310954063 0.71875 0.9964664310954063 0.721875 0.9929328621908127 0.7234375 0.9858657243816255 0.725 0.9858657243816255 0.725 0.9717314487632509 0.728125 0.9681978798586572 0.7296875 0.950530035335689 0.7328125 0.9469964664310954 0.734375 0.9363957597173145 0.7359375 0.9363957597173145 0.7359375 0.9187279151943463 0.746875 0.8975265017667845 0.7484375 0.8904593639575972 0.753125 0.8904593639575972 0.7546875 0.8833922261484098 0.7578125 0.8833922261484098 0.759375 0.8763250883392226 0.7671875 0.8657243816254417 0.76875 0.8586572438162544 0.771875 0.8586572438162544 0.7734375 0.8515901060070671 0.7828125 0.8480565371024735 0.7828125 0.8374558303886925 0.784375 0.833922261484099 0.7953125 0.833922261484099 0.796875 0.8409893992932862 0.803125 0.8409893992932862 0.8046875 0.8480565371024735 0.8203125 0.8515901060070671 0.821875 0.8586572438162544 0.828125 0.8586572438162544 0.8296875 0.8515901060070671 0.834375 0.8515901060070671 0.8375 0.8480565371024735 0.8390625 0.8409893992932862 0.8421875 0.8409893992932862 0.84375 0.833922261484099 0.85 0.833922261484099 0.8515625 0.8268551236749117 0.8546875 0.8303886925795053 0.8546875 0.8409893992932862 0.8515625 0.8445229681978799 0.85 0.872791519434629 0.846875 0.8763250883392226 0.846875 0.8833922261484098 0.85 0.8869257950530035 0.85 0.9929328621908127 0.8515625 0.9964664310954063 0.8875 0.9964664310954063 0.890625 0.9929328621908127 0.8921875 0.9646643109540636 0.8984375 0.9540636042402827 0.8984375 0.9434628975265018 0.9 0.9399293286219081 0.9046875 0.9399293286219081 0.9109375 0.9222614840989399 0.915625 0.9222614840989399 0.9203125 0.9081272084805654 0.9296875 0.9045936395759717 0.93125 0.8975265017667845 0.9515625 0.8975265017667845 0.953125 0.9045936395759717 0.95625 0.9081272084805654 0.95625 0.9151943462897526 0.953125 0.9187279151943463 0.953125 0.9222614840989399 0.95625 0.9257950530035336 0.95625 0.9469964664310954 0.953125 0.950530035335689 0.953125 0.9611307420494699 0.95 0.9646643109540636 0.95 0.9787985865724381 0.946875 0.9823321554770318 0.946875 0.9929328621908127 0.990625 0.9964664310954063 0.996875 0.9858657243816255 0.996875 0.9717314487632509 0.9984375 0.9681978798586572 0.996875 0.9611307420494699 0.9984375 0.9540636042402827 0.9984375 0.8515901060070671 0.996875 0.8445229681978799 0.9984375 0.8409893992932862 0.9984375 0.7985865724381626 0.996875 0.7879858657243817 0.9984375 0.784452296819788 0.9984375 0.6042402826855123 0.996875 0.5971731448763251 0.99375 0.5936395759717314 0.99375 0.5901060070671378 0.9890625 0.5901060070671378 0.9875 0.5830388692579506 0.984375 0.5830388692579506 0.9828125 0.5759717314487632 0.9703125 0.5724381625441696 0.96875 0.5653710247349824 0.95625 0.5653710247349824 0.9546875 0.5724381625441696 0.9515625 0.5759717314487632 0.9421875 0.5759717314487632 0.9375 0.568904593639576 0.9375 0.5653710247349824 0.928125 0.5653710247349824 0.9265625 0.558303886925795 0.9140625 0.558303886925795 0.9125 0.5512367491166078 0.8921875 0.5512367491166078 0.890625 0.5477031802120141 0.8859375 0.5477031802120141 0.884375 0.5441696113074205 0.884375 0.5265017667844523 0.875 0.5265017667844523 0.8734375 0.519434628975265 0.8640625 0.519434628975265 0.8640625 0.5229681978798587 0.8625 0.5265017667844523 0.840625 0.5265017667844523
2 0.1515625 0 0.1515625 0.0035335689045936395 0.1515625 0.01060070671378092 0.1546875 0.014134275618374558 0.1546875 0.024734982332155476 0.15625 0.024734982332155476 0.1578125 0.0353356890459364 0.1609375 0.038869257950530034 0.1625 0.05653710247349823 0.1671875 0.06007067137809187 0.16875 0.06713780918727916 0.1734375 0.06713780918727916 0.175 0.06007067137809187 0.175 0 0.1515625 0
2 0.1203125 0.17314487632508835 0.115625 0.17314487632508835 0.1140625 0.18021201413427562 0.1109375 0.18374558303886926 0.1078125 0.18374558303886926 0.10625 0.19081272084805653 0.1015625 0.19081272084805653 0.1 0.1978798586572438 0.09375 0.1978798586572438 0.090625 0.20848056537102475 0.0984375 0.2226148409893993 0.0984375 0.22614840989399293 0.103125 0.22614840989399293 0.1046875 0.2332155477031802 0.1140625 0.2332155477031802 0.115625 0.24028268551236748 0.1203125 0.24028268551236748 0.1234375 0.2508833922261484 0.128125 0.2508833922261484 0.1328125 0.26501766784452296 0.1421875 0.2508833922261484 0.1421875 0.22968197879858657 0.14375 0.22614840989399293 0.1484375 0.22614840989399293 0.15 0.2332155477031802 0.1546875 0.23674911660777384 0.1546875 0.24028268551236748 0.1734375 0.24381625441696114 0.175 0.22968197879858657 0.184375 0.21201413427561838 0.18125 0.20848056537102475 0.18125 0.18374558303886926 0.175 0.18021201413427562 0.1734375 0.17314487632508835 0.165625 0.17314487632508835 0.1640625 0.16607773851590105 0.159375 0.1625441696113074 0.159375 0.15901060070671377 0.1265625 0.15901060070671377 0.1265625 0.1625441696113074 0.121875 0.16607773851590105 0.1203125 0.17314487632508835
2 0.690625 0.3321554770318021 0.6890625 0.33568904593639576 0.678125 0.33568904593639576 0.6765625 0.3462897526501767 0.6734375 0.3498233215547703 0.671875 0.3568904593639576 0.6671875 0.3568904593639576 0.665625 0.36395759717314485 0.6640625 0.36395759717314485 0.6625 0.37809187279151946 0.65625 0.38869257950530034 0.65625 0.4169611307420495 0.6640625 0.43109540636042404 0.6640625 0.43462897526501765 0.6625 0.4381625441696113 0.6625 0.45229681978798586 0.659375 0.4558303886925795 0.659375 0.4734982332155477 0.65625 0.47703180212014135 0.65625 0.4911660777385159 0.659375 0.49469964664310956 0.659375 0.49823321554770317 0.66875 0.49823321554770317 0.6703125 0.5053003533568905 0.6734375 0.508833922261484 0.6734375 0.5441696113074205 0.6765625 0.5477031802120141 0.678125 0.568904593639576 0.684375 0.5759717314487632 0.684375 0.5865724381625441 0.690625 0.5971731448763251 0.6921875 0.6113074204946997 0.6953125 0.6148409893992933 0.6953125 0.6254416961130742 0.6984375 0.6289752650176679 0.6984375 0.6360424028268551 0.7046875 0.6325088339222615 0.70625 0.6254416961130742 0.7078125 0.6254416961130742 0.7078125 0.6148409893992933 0.7109375 0.6113074204946997 0.7109375 0.5901060070671378 0.7140625 0.5865724381625441 0.715625 0.558303886925795 0.71875 0.5547703180212014 0.71875 0.5406360424028268 0.721875 0.5371024734982333 0.721875 0.5265017667844523 0.725 0.5229681978798587 0.725 0.5159010600706714 0.728125 0.5123674911660777 0.728125 0.47703180212014135 0.73125 0.4664310954063604 0.7390625 0.4664310954063604 0.7390625 0.4452296819787986 0.7328125 0.43462897526501765 0.7328125 0.4275618374558304 0.7296875 0.42402826855123676 0.7296875 0.4204946996466431 0.73125 0.4169611307420495 0.7390625 0.4169611307420495 0.740625 0.4098939929328622 0.7421875 0.4098939929328622 0.7421875 0.38869257950530034 0.728125 0.36042402826855124 0.728125 0.3498233215547703 0.721875 0.3392226148409894 0.721875 0.33568904593639576 0.7125 0.3321554770318021 0.7109375 0.3250883392226148 0.7015625 0.3250883392226148 0.7015625 0.3286219081272085 0.7 0.3321554770318021 0.690625 0.3321554770318021
2 0.1765625 0 0.1765625 0.0035335689045936395 0.1765625 0.01060070671378092 0.1796875 0.014134275618374558 0.1796875 0.024734982332155476 0.1859375 0.03180212014134275 0.1859375 0.04240282685512368 0.1921875 0.04240282685512368 0.19375 0.0353356890459364 0.2015625 0.0353356890459364 0.203125 0.04240282685512368 0.2078125 0.045936395759717315 0.2078125 0.04946996466431095 0.2171875 0.04946996466431095 0.21875 0.05653710247349823 0.240625 0.06007067137809187 0.2421875 0.06713780918727916 0.2453125 0.06713780918727916 0.2453125 0.06007067137809187 0.2421875 0.05653710247349823 0.240625 0.03180212014134275 0.2375 0.028268551236749116 0.2375 0.02120141342756184 0.234375 0.0176678445229682 0.234375 0.007067137809187279 0.2328125 0.007067137809187279 0.23125 0 0.1765625 0
2 0.6234375 0.40636042402826855 0.6203125 0.40636042402826855 0.61875 0.4134275618374558 0.6171875 0.4134275618374558 0.6171875 0.4275618374558304 0.615625 0.43109540636042404 0.6109375 0.43109540636042404 0.609375 0.4416961130742049 0.60625 0.4452296819787986 0.6046875 0.45229681978798586 0.596875 0.4558303886925795 0.5953125 0.4628975265017668 0.5921875 0.4628975265017668 0.590625 0.46996466431095407 0.5859375 0.46996466431095407 0.5796875 0.4876325088339223 0.575 0.4876325088339223 0.5703125 0.5017667844522968 0.5671875 0.5017667844522968 0.56875 0.5229681978798587 0.5625 0.5406360424028268 0.5609375 0.5406360424028268 0.5609375 0.5477031802120141 0.5546875 0.558303886925795 0.553125 0.568904593639576 0.5484375 0.5759717314487632 0.54375 0.5759717314487632 0.5390625 0.5901060070671378 0.5359375 0.5901060070671378 0.534375 0.5971731448763251 0.5328125 0.5971731448763251 0.53125 0.6042402826855123 0.525 0.607773851590106 0.5234375 0.6148409893992933 0.521875 0.6148409893992933 0.521875 0.6183745583038869 0.53125 0.6183745583038869 0.5359375 0.6042402826855123 0.5453125 0.6007067137809188 0.546875 0.5936395759717314 0.5515625 0.5936395759717314 0.553125 0.5865724381625441 0.55625 0.5865724381625441 0.5578125 0.5795053003533569 0.5625 0.5795053003533569 0.5640625 0.5724381625441696 0.5703125 0.568904593639576 0.571875 0.5618374558303887 0.5765625 0.5618374558303887 0.5828125 0.5441696113074205 0.5875 0.5441696113074205 0.5953125 0.5229681978798587 0.5984375 0.5229681978798587 0.6 0.5159010600706714 0.6046875 0.5123674911660777 0.60625 0.5053003533568905 0.609375 0.5053003533568905 0.625 0.4664310954063604 0.6296875 0.4664310954063604 0.653125 0.4098939929328622 0.6546875 0.4098939929328622 0.6515625 0.3992932862190813 0.6484375 0.3957597173144876 0.646875 0.3957597173144876 0.625 0.3992932862190813 0.6234375 0.40636042402826855
2 0.115625 0 0.115625 0.0035335689045936395 0.115625 0.01060070671378092 0.11875 0.014134275618374558 0.11875 0.024734982332155476 0.121875 0.028268551236749116 0.1234375 0.06007067137809187 0.128125 0.06007067137809187 0.13125 0.05653710247349823 0.13125 0.038869257950530034 0.134375 0.0353356890459364 0.134375 0 0.115625 0
2 0.6984375 0.26855123674911663 0.696875 0.2756183745583039 0.684375 0.2791519434628975 0.6828125 0.2862190812720848 0.6765625 0.2862190812720848 0.675 0.29328621908127206 0.6640625 0.29328621908127206 0.6609375 0.303886925795053 0.65625 0.303886925795053 0.6546875 0.31095406360424027 0.65 0.31095406360424027 0.6484375 0.3215547703180212 0.6453125 0.3250883392226148 0.6453125 0.3321554770318021 0.6421875 0.33568904593639576 0.6421875 0.3462897526501767 0.6390625 0.3498233215547703 0.6390625 0.35335689045936397 0.6453125 0.36395759717314485 0.6484375 0.36395759717314485 0.653125 0.37809187279151946 0.6546875 0.37809187279151946 0.65625 0.3710247349823322 0.6609375 0.3710247349823322 0.6703125 0.3462897526501767 0.671875 0.3462897526501767 0.671875 0.33568904593639576 0.6734375 0.3321554770318021 0.690625 0.3286219081272085 0.6921875 0.3215547703180212 0.7 0.3215547703180212 0.7015625 0.31448763250883394 0.7046875 0.31448763250883394 0.70625 0.30742049469964666 0.7109375 0.30742049469964666 0.7109375 0.3003533568904594 0.7140625 0.2968197879858657 0.7140625 0.2756183745583039 0.715625 0.26855123674911663 0.7140625 0.26148409893992935 0.70625 0.26148409893992935 0.70625 0.26501766784452296 0.7046875 0.26855123674911663 0.6984375 0.26855123674911663
2 0.7703125 0.254416961130742 0.76875 0.26501766784452296 0.765625 0.26855123674911663 0.765625 0.28975265017667845 0.76875 0.29328621908127206 0.76875 0.2968197879858657 0.78125 0.2968197879858657 0.784375 0.27208480565371024 0.7890625 0.27208480565371024 0.790625 0.26501766784452296 0.796875 0.26501766784452296 0.8 0.254416961130742 0.796875 0.2508833922261484 0.796875 0.24734982332155478 0.7796875 0.24734982332155478 0.7796875 0.2508833922261484 0.778125 0.254416961130742 0.7703125 0.254416961130742
4 0.3515625 0 0.3515625 0.0035335689045936395 0.3484375 0.007067137809187279 0.3484375 0.0176678445229682 0.3453125 0.02120141342756184 0.3453125 0.0353356890459364 0.3390625 0.045936395759717315 0.3375 0.06713780918727916 0.328125 0.08480565371024736 0.3265625 0.09187279151943463 0.3203125 0.09540636042402827 0.309375 0.12367491166077739 0.2984375 0.127208480565371 0.296875 0.13427561837455831 0.284375 0.13427561837455831 0.2828125 0.1413427561837456 0.2703125 0.1413427561837456 0.26875 0.13427561837455831 0.253125 0.13427561837455831 0.2515625 0.127208480565371 0.2390625 0.12367491166077739 0.234375 0.10954063604240283 0.23125 0.10954063604240283 0.2296875 0.10247349823321555 0.2265625 0.0989399293286219 0.2265625 0.09540636042402827 0.215625 0.0812720848056537 0.215625 0.0706713780918728 0.2109375 0.0706713780918728 0.209375 0.0636042402826855 0.196875 0.0636042402826855 0.196875 0.07420494699646643 0.2 0.07773851590106007 0.2 0.08833922261484099 0.196875 0.09187279151943463 0.2 0.09540636042402827 0.2 0.12014134275618374 0.2046875 0.127208480565371 0.2046875 0.13780918727915195 0.2078125 0.1413427561837456 0.2078125 0.14840989399293286 0.2109375 0.1519434628975265 0.2109375 0.1625441696113074 0.2078125 0.16607773851590105 0.20625 0.17314487632508835 0.203125 0.1696113074204947 0.2015625 0.15901060070671377 0.1984375 0.15547703180212014 0.1984375 0.1413427561837456 0.1953125 0.13780918727915195 0.1953125 0.127208480565371 0.1890625 0.12014134275618374 0.1875 0.09540636042402827 0.184375 0.09187279151943463 0.184375 0.08480565371024736 0.18125 0.0812720848056537 0.18125 0.07773851590106007 0.165625 0.07773851590106007 0.1640625 0.0706713780918728 0.1609375 0.0706713780918728 0.159375 0.0636042402826855 0.1546875 0.06007067137809187 0.153125 0.053003533568904596 0.15 0.053003533568904596 0.1484375 0.045936395759717315 0.146875 0.045936395759717315 0.146875 0.05653710247349823 0.1453125 0.06007067137809187 0.140625 0.053003533568904596 0.140625 0.06007067137809187 0.1375 0.0636042402826855 0.1359375 0.0706713780918728 0.1359375 0.10600706713780919 0.1328125 0.10954063604240283 0.1328125 0.12014134275618374 0.1296875 0.12367491166077739 0.1296875 0.13780918727915195 0.134375 0.13780918727915195 0.1359375 0.14487632508833923 0.1453125 0.14487632508833923 0.146875 0.14840989399293286 0.1640625 0.14840989399293286 0.16875 0.1625441696113074 0.175 0.1625441696113074 0.1765625 0.1696113074204947 0.18125 0.1696113074204947 0.1828125 0.17667844522968199 0.1890625 0.18374558303886926 0.190625 0.21201413427561838 0.184375 0.22968197879858657 0.1828125 0.22968197879858657 0.1828125 0.24028268551236748 0.1765625 0.24734982332155478 0.175 0.254416961130742 0.146875 0.254416961130742 0.1421875 0.26855123674911663 0.1375 0.26855123674911663 0.1359375 0.2756183745583039 0.1296875 0.2756183745583039 0.128125 0.26855123674911663 0.1234375 0.26855123674911663 0.1203125 0.254416961130742 0.1125 0.254416961130742 0.1109375 0.24734982332155478 0.0953125 0.24381625441696114 0.09375 0.23674911660777384 0.0875 0.23674911660777384 0.0859375 0.22968197879858657 0.084375 0.22968197879858657 0.0828125 0.23674911660777384 0.0703125 0.23674911660777384 0.06875 0.24381625441696114 0.0625 0.24381625441696114 0.0625 0.2508833922261484 0.059375 0.254416961130742 0.059375 0.2756183745583039 0.0578125 0.2791519434628975 0.0484375 0.2791519434628975 0.04375 0.27208480565371024 0.04375 0.26855123674911663 0.040625 0.26855123674911663 0.0359375 0.254416961130742 0.0328125 0.2508833922261484 0.0328125 0.24381625441696114 0.0390625 0.2332155477031802 0.040625 0.22614840989399293 0.04375 0.22614840989399293 0.0453125 0.21908127208480566 0.05 0.21908127208480566 0.0515625 0.21201413427561838 0.0546875 0.20848056537102475 0.053125 0.1978798586572438 0.0578125 0.19434628975265017 0.0578125 0.19081272084805653 0.0546875 0.19081272084805653 0.053125 0.18374558303886926 0.0453125 0.18021201413427562 0.04375 0.17314487632508835 0.0390625 0.1696113074204947 0.0390625 0.16607773851590105 0.028125 0.16607773851590105 0.0265625 0.15901060070671377 0.0203125 0.15901060070671377 0.01875 0.1519434628975265 0.0125 0.1519434628975265 0.0109375 0.15901060070671377 0 0.15901060070671377 0 0.9929328621908127 0.015625 0.9929328621908127 0.0171875 0.9964664310954063 0.0546875 0.9964664310954063 0.0578125 0.9929328621908127 0.059375 0.9964664310954063 0.075 0.9964664310954063 0.078125 0.9929328621908127 0.0828125 0.9964664310954063 0.0859375 0.9929328621908127 0.0875 0.9964664310954063 0.10625 0.9964664310954063 0.1078125 0.9929328621908127 0.1140625 0.9929328621908127 0.115625 0.9964664310954063 0.159375 0.9964664310954063 0.1609375 0.9929328621908127 0.1625 0.9964664310954063 0.1671875 0.9964664310954063 0.16875 0.9929328621908127 0.203125 0.9929328621908127 0.2046875 0.9964664310954063 0.2171875 0.9964664310954063 0.21875 0.9929328621908127 0.2375 0.9929328621908127 0.2390625 0.9964664310954063 0.2734375 0.9964664310954063 0.275 0.9929328621908127 0.2875 0.9929328621908127 0.290625 0.9964664310954063 0.29375 0.9929328621908127 0.2953125 0.9964664310954063 0.6515625 0.9964664310954063 0.653125 0.9929328621908127 0.671875 0.9929328621908127 0.6734375 0.9858657243816255 0.675 0.9858657243816255 0.6765625 0.9434628975265018 0.6796875 0.9399293286219081 0.6796875 0.9187279151943463 0.6828125 0.9151943462897526 0.6828125 0.9081272084805654 0.6859375 0.9045936395759717 0.6859375 0.8939929328621908 0.6890625 0.8904593639575972 0.690625 0.8692579505300353 0.6890625 0.8621908127208481 0.690625 0.8515901060070671 0.696875 0.8409893992932862 0.696875 0.8303886925795053 0.7 0.8268551236749117 0.7 0.7985865724381626 0.7015625 0.7879858657243817 0.7 0.784452296819788 0.7 0.773851590106007 0.7015625 0.7703180212014135 0.7015625 0.7597173144876325 0.7046875 0.7561837455830389 0.70625 0.7455830388692579 0.7109375 0.7455830388692579 0.7109375 0.734982332155477 0.715625 0.7314487632508834 0.715625 0.7243816254416962 0.725 0.7067137809187279 0.725 0.6713780918727915 0.728125 0.6678445229681979 0.7296875 0.6219081272084805 0.7328125 0.6183745583038869 0.7328125 0.607773851590106 0.7421875 0.5936395759717314 0.7453125 0.5795053003533569 0.75 0.5795053003533569 0.7515625 0.5724381625441696 0.7609375 0.568904593639576 0.7625 0.5618374558303887 0.7671875 0.5618374558303887 0.76875 0.5547703180212014 0.775 0.5547703180212014 0.7765625 0.5477031802120141 0.7921875 0.5441696113074205 0.79375 0.5371024734982333 0.8 0.5371024734982333 0.8015625 0.5300353356890459 0.80625 0.5300353356890459 0.8078125 0.5229681978798587 0.8109375 0.5229681978798587 0.8125 0.5159010600706714 0.825 0.5123674911660777 0.8265625 0.5053003533568905 0.83125 0.5053003533568905 0.8328125 0.49823321554770317 0.8453125 0.49823321554770317 0.846875 0.4911660777385159 0.853125 0.4911660777385159 0.8546875 0.4840989399293286 0.890625 0.4840989399293286 0.8921875 0.48056537102473496 0.8921875 0.4452296819787986 0.890625 0.4381625441696113 0.8859375 0.4381625441696113 0.884375 0.43109540636042404 0.878125 0.4275618374558304 0.8765625 0.4204946996466431 0.871875 0.4204946996466431 0.8671875 0.40636042402826855 0.8625 0.4028268551236749 0.8625 0.3992932862190813 0.8515625 0.3957597173144876 0.85 0.38869257950530034 0.8453125 0.38515901060070673 0.8453125 0.38162544169611307 0.8390625 0.38162544169611307 0.8375 0.3745583038869258 0.8296875 0.3745583038869258 0.828125 0.3674911660777385 0.8234375 0.36395759717314485 0.815625 0.36395759717314485 0.8140625 0.3568904593639576 0.8078125 0.3568904593639576 0.80625 0.3498233215547703 0.796875 0.3498233215547703 0.7953125 0.34275618374558303 0.7875 0.34275618374558303 0.7859375 0.33568904593639576 0.7453125 0.3321554770318021 0.74375 0.33568904593639576 0.7375 0.33568904593639576 0.7359375 0.34275618374558303 0.734375 0.34275618374558303 0.734375 0.36042402826855124 0.7390625 0.36395759717314485 0.740625 0.3710247349823322 0.74375 0.3745583038869258 0.7453125 0.3957597173144876 0.7484375 0.3992932862190813 0.7484375 0.4098939929328622 0.7453125 0.4134275618374558 0.74375 0.4204946996466431 0.7453125 0.45936395759717313 0.7421875 0.47703180212014135 0.7375 0.47703180212014135 0.7359375 0.4840989399293286 0.734375 0.4840989399293286 0.734375 0.49823321554770317 0.73125 0.5017667844522968 0.7296875 0.5300353356890459 0.7265625 0.5335689045936396 0.7265625 0.5477031802120141 0.7234375 0.5512367491166078 0.7234375 0.5618374558303887 0.7203125 0.5653710247349824 0.7203125 0.6007067137809188 0.7171875 0.6042402826855123 0.715625 0.6254416961130742 0.709375 0.6360424028268551 0.709375 0.6431095406360424 0.70625 0.6466431095406361 0.7046875 0.6537102473498233 0.6984375 0.6537102473498233 0.696875 0.6501766784452296 0.696875 0.6395759717314488 0.690625 0.6325088339222615 0.6890625 0.607773851590106 0.6859375 0.6042402826855123 0.6859375 0.5971731448763251 0.6765625 0.5795053003533569 0.675 0.5724381625441696 0.671875 0.568904593639576 0.671875 0.558303886925795 0.66875 0.5547703180212014 0.66875 0.5406360424028268 0.665625 0.5371024734982333 0.665625 0.5265017667844523 0.6625 0.5229681978798587 0.6625 0.5159010600706714 0.659375 0.5159010600706714 0.6578125 0.508833922261484 0.653125 0.508833922261484 0.6515625 0.5017667844522968 0.6484375 0.49823321554770317 0.646875 0.47703180212014135 0.6484375 0.4734982332155477 0.6484375 0.4628975265017668 0.6453125 0.4628975265017668 0.64375 0.46996466431095407 0.6359375 0.46996466431095407 0.634375 0.47703180212014135 0.63125 0.47703180212014135 0.6296875 0.4840989399293286 0.621875 0.49469964664310956 0.6203125 0.5017667844522968 0.6171875 0.5017667844522968 0.6078125 0.5265017667844523 0.603125 0.5265017667844523 0.6015625 0.5335689045936396 0.596875 0.5335689045936396 0.59375 0.5477031802120141 0.5859375 0.5512367491166078 0.58125 0.5653710247349824 0.578125 0.5653710247349824 0.5765625 0.5724381625441696 0.5734375 0.5759717314487632 0.56875 0.5759717314487632 0.565625 0.5901060070671378 0.5578125 0.5901060070671378 0.55625 0.5971731448763251 0.553125 0.5971731448763251 0.5515625 0.6042402826855123 0.540625 0.607773851590106 0.5390625 0.6148409893992933 0.5359375 0.6148409893992933 0.534375 0.6219081272084805 0.528125 0.6219081272084805 0.5265625 0.6289752650176679 0.521875 0.6289752650176679 0.5171875 0.6148409893992933 0.5203125 0.6113074204946997 0.521875 0.6042402826855123 0.5265625 0.6007067137809188 0.528125 0.5936395759717314 0.53125 0.5936395759717314 0.5359375 0.5795053003533569 0.5390625 0.5795053003533569 0.540625 0.5724381625441696 0.5453125 0.568904593639576 0.55 0.5547703180212014 0.553125 0.5547703180212014 0.553125 0.5477031802120141 0.559375 0.5371024734982333 0.559375 0.5265017667844523 0.5625 0.5229681978798587 0.5625 0.5017667844522968 0.565625 0.49823321554770317 0.56875 0.4840989399293286 0.5765625 0.48056537102473496 0.58125 0.4664310954063604 0.584375 0.4664310954063604 0.5859375 0.45936395759717313 0.590625 0.45936395759717313 0.5921875 0.45229681978798586 0.5984375 0.44876325088339225 0.603125 0.43462897526501765 0.6078125 0.43462897526501765 0.6109375 0.42402826855123676 0.6125 0.42402826855123676 0.6125 0.40636042402826855 0.615625 0.4028268551236749 0.6171875 0.3957597173144876 0.6265625 0.392226148409894 0.628125 0.38515901060070673 0.634375 0.38515901060070673 0.6359375 0.37809187279151946 0.6375 0.37809187279151946 0.6375 0.36395759717314485 0.634375 0.36042402826855124 0.634375 0.34275618374558303 0.6375 0.3392226148409894 0.6375 0.3321554770318021 0.64375 0.3215547703180212 0.6453125 0.31448763250883394 0.646875 0.31448763250883394 0.65 0.3003533568904594 0.6609375 0.2968197879858657 0.6640625 0.2826855123674912 0.675 0.2826855123674912 0.6765625 0.2756183745583039 0.6859375 0.2756183745583039 0.690625 0.27208480565371024 0.6921875 0.26501766784452296 0.7 0.26501766784452296 0.7015625 0.2579505300353357 0.7078125 0.2579505300353357 0.709375 0.2508833922261484 0.7140625 0.2508833922261484 0.715625 0.2579505300353357 0.7203125 0.26148409893992935 0.7203125 0.2756183745583039 0.7265625 0.2862190812720848 0.7265625 0.28975265017667845 0.7328125 0.28975265017667845 0.734375 0.2826855123674912 0.7609375 0.2826855123674912 0.7609375 0.2756183745583039 0.7640625 0.27208480565371024 0.7640625 0.26148409893992935 0.7671875 0.2579505300353357 0.76875 0.2508833922261484 0.775 0.2508833922261484 0.7765625 0.24381625441696114 0.8 0.24381625441696114 0.8015625 0.24734982332155478 0.8015625 0.2579505300353357 0.790625 0.2756183745583039 0.790625 0.28975265017667845 0.7953125 0.28975265017667845 0.796875 0.2968197879858657 0.8015625 0.3003533568904594 0.809375 0.3003533568904594 0.8109375 0.30742049469964666 0.8171875 0.30742049469964666 0.81875 0.31448763250883394 0.825 0.31448763250883394 0.8265625 0.3215547703180212 0.834375 0.3215547703180212 0.8359375 0.3286219081272085 0.85 0.3286219081272085 0.8546875 0.3462897526501767 0.859375 0.3462897526501767 0.8609375 0.35335689045936397 0.865625 0.3568904593639576 0.865625 0.36042402826855124 0.8765625 0.36395759717314485 0.8796875 0.37809187279151946 0.884375 0.37809187279151946 0.8859375 0.38515901060070673 0.8921875 0.38515901060070673 0.8921875 0.3250883392226148 0.8953125 0.3215547703180212 0.8953125 0.31095406360424027 0.8984375 0.30742049469964666 0.8984375 0.1978798586572438 0.8953125 0.19434628975265017 0.8953125 0.19081272084805653 0.8984375 0.1872791519434629 0.8984375 0.09540636042402827 0.8953125 0.09187279151943463 0.8953125 0.053003533568904596 0.8921875 0.04946996466431095 0.8921875 0.014134275618374558 0.8875 0 0.871875 0 0.871875 0.01060070671378092 0.8703125 0.014134275618374558 0.8640625 0.014134275618374558 0.8640625 0.024734982332155476 0.8609375 0.028268551236749116 0.8640625 0.03180212014134275 0.8640625 0.04240282685512368 0.8671875 0.04240282685512368 0.86875 0.04946996466431095 0.871875 0.053003533568904596 0.871875 0.07420494699646643 0.86875 0.07773851590106007 0.86875 0.08833922261484099 0.8625 0.09540636042402827 0.8578125 0.09540636042402827 0.85625 0.10247349823321555 0.8515625 0.10247349823321555 0.85 0.10954063604240283 0.8390625 0.10954063604240283 0.8375 0.1166077738515901 0.828125 0.0989399293286219 0.828125 0.09187279151943463 0.825 0.08833922261484099 0.8234375 0.0812720848056537 0.825 0.0636042402826855 0.828125 0.06007067137809187 0.828125 0.045936395759717315 0.834375 0.0353356890459364 0.834375 0.014134275618374558 0.83125 0.01060070671378092 0.83125 0.007067137809187279 0.790625 0.007067137809187279 0.7890625 0 0.7546875 0 0.753125 0.007067137809187279 0.7484375 0.007067137809187279 0.746875 0 0.58125 0 0.5796875 0.007067137809187279 0.578125 0.007067137809187279 0.578125 0.0176678445229682 0.575 0.02120141342756184 0.5734375 0.028268551236749116 0.56875 0.03180212014134275 0.5671875 0.038869257950530034 0.5640625 0.038869257950530034 0.5625 0.045936395759717315 0.5578125 0.045936395759717315 0.55625 0.053003533568904596 0.546875 0.053003533568904596 0.5453125 0.06007067137809187 0.490625 0.06007067137809187 0.490625 0.07420494699646643 0.49375 0.07773851590106007 0.49375 0.09187279151943463 0.496875 0.09540636042402827 0.496875 0.11307420494699646 0.49375 0.1166077738515901 0.4921875 0.11307420494699646 0.4921875 0.10247349823321555 0.4890625 0.0989399293286219 0.4890625 0.09187279151943463 0.4859375 0.08833922261484099 0.484375 0.0706713780918728 0.471875 0.04946996466431095 0.4671875 0.03180212014134275 0.4625 0.03180212014134275 0.459375 0.02120141342756184 0.4546875 0.02120141342756184 0.446875 0 0.3515625 0
5 0.84375 0 0.84375 0.0035335689045936395 0.84375 0.01060070671378092 0.840625 0.014134275618374558 0.8390625 0.0353356890459364 0.8359375 0.038869257950530034 0.8359375 0.05653710247349823 0.8421875 0.05653710247349823 0.846875 0.04240282685512368 0.8484375 0.04240282685512368 0.85 0.03180212014134275 0.853125 0.028268551236749116 0.853125 0.007067137809187279 0.85625 0.0035335689045936395 0.85625 0 0.84375 0
5 0.9 0 0.9 0.0035335689045936395 0.9 0.08833922261484099 0.903125 0.09187279151943463 0.903125 0.3286219081272085 0.9 0.3321554770318021 0.9 0.4098939929328622 0.903125 0.4134275618374558 0.903125 0.4275618374558304 0.9 0.43109540636042404 0.9 0.5123674911660777 0.903125 0.5159010600706714 0.903125 0.5229681978798587 0.9125 0.5229681978798587 0.9140625 0.5159010600706714 0.915625 0.5159010600706714 0.915625 0.508833922261484 0.91875 0.5053003533568905 0.91875 0.43109540636042404 0.9203125 0.4204946996466431 0.91875 0.4169611307420495 0.91875 0.40636042402826855 0.9203125 0.4028268551236749 0.9203125 0.38869257950530034 0.91875 0.38515901060070673 0.91875 0.3674911660777385 0.9203125 0.36395759717314485 0.91875 0.3568904593639576 0.9203125 0.35335689045936397 0.9203125 0.24734982332155478 0.9234375 0.24381625441696114 0.9234375 0.15901060070671377 0.9203125 0.15547703180212014 0.91875 0.014134275618374558 0.915625 0.01060070671378092 0.915625 0 0.9 0
5 0.0671875 0.21201413427561838 0.059375 0.21554770318021202 0.0578125 0.2226148409893993 0.0546875 0.2226148409893993 0.053125 0.22968197879858657 0.0484375 0.22968197879858657 0.046875 0.23674911660777384 0.0421875 0.23674911660777384 0.0375 0.2508833922261484 0.040625 0.254416961130742 0.040625 0.2579505300353357 0.053125 0.2579505300353357 0.053125 0.24734982332155478 0.05625 0.24028268551236748 0.0609375 0.24028268551236748 0.0625 0.2332155477031802 0.0671875 0.2332155477031802 0.06875 0.22614840989399293 0.075 0.22614840989399293 0.0765625 0.21908127208480566 0.0828125 0.21908127208480566 0.084375 0.21201413427561838 0.0890625 0.21201413427561838 0.0859375 0.20848056537102475 0.0859375 0.2049469964664311 0.08125 0.2049469964664311 0.0796875 0.20141342756183744 0.0796875 0.19081272084805653 0.0734375 0.19081272084805653 0.0734375 0.19434628975265017 0.0703125 0.1978798586572438 0.0671875 0.21201413427561838
5 0.9796875 0.0706713780918728 0.975 0.0706713780918728 0.9734375 0.07773851590106007 0.9671875 0.07773851590106007 0.965625 0.08480565371024736 0.9609375 0.08480565371024736 0.959375 0.09187279151943463 0.946875 0.09540636042402827 0.94375 0.10954063604240283 0.9390625 0.10954063604240283 0.9375 0.1166077738515901 0.9328125 0.1166077738515901 0.93125 0.12367491166077739 0.925 0.127208480565371 0.9234375 0.13427561837455831 0.921875 0.13427561837455831 0.921875 0.15547703180212014 0.9265625 0.1625441696113074 0.928125 0.15547703180212014 0.93125 0.15547703180212014 0.9328125 0.14840989399293286 0.940625 0.14487632508833923 0.9421875 0.13780918727915195 0.9453125 0.13780918727915195 0.946875 0.13074204946996468 0.9515625 0.13074204946996468 0.953125 0.12367491166077739 0.9625 0.12014134275618374 0.9640625 0.11307420494699646 0.96875 0.11307420494699646 0.9703125 0.10600706713780919 0.9734375 0.10600706713780919 0.975 0.0989399293286219 0.9828125 0.0989399293286219 0.984375 0.09187279151943463 0.9984375 0.08833922261484099 0.9984375 0.06007067137809187 0.996875 0.06007067137809187 0.98125 0.0636042402826855 0.9796875 0.0706713780918728
5 0.7375 0.3003533568904594 0.7359375 0.303886925795053 0.7296875 0.303886925795053 0.728125 0.31095406360424027 0.7171875 0.31095406360424027 0.715625 0.31802120141342755 0.7125 0.31802120141342755 0.7125 0.3286219081272085 0.725 0.3321554770318021 0.7265625 0.3286219081272085 0.7359375 0.3286219081272085 0.7375 0.3215547703180212 0.753125 0.3215547703180212 0.7546875 0.31448763250883394 0.76875 0.31448763250883394 0.7703125 0.3215547703180212 0.7828125 0.3215547703180212 0.784375 0.3286219081272085 0.8 0.3321554770318021 0.8015625 0.3392226148409894 0.809375 0.3392226148409894 0.8109375 0.3462897526501767 0.8171875 0.3462897526501767 0.81875 0.35335689045936397 0.825 0.35335689045936397 0.8265625 0.36042402826855124 0.8390625 0.36395759717314485 0.840625 0.3710247349823322 0.8453125 0.3710247349823322 0.846875 0.37809187279151946 0.85 0.37809187279151946 0.8515625 0.38515901060070673 0.859375 0.38515901060070673 0.8609375 0.392226148409894 0.8671875 0.3957597173144876 0.86875 0.4028268551236749 0.8734375 0.4028268551236749 0.875 0.4098939929328622 0.878125 0.4098939929328622 0.8796875 0.4169611307420495 0.884375 0.4169611307420495 0.8859375 0.42402826855123676 0.890625 0.42402826855123676 0.89375 0.43462897526501765 0.8984375 0.43462897526501765 0.9 0.4275618374558304 0.9015625 0.4275618374558304 0.9015625 0.4134275618374558 0.8984375 0.4098939929328622 0.8984375 0.40636042402826855 0.89375 0.40636042402826855 0.890625 0.3957597173144876 0.8859375 0.3957597173144876 0.884375 0.38869257950530034 0.8796875 0.38869257950530034 0.8765625 0.3745583038869258 0.871875 0.3745583038869258 0.8703125 0.3674911660777385 0.8609375 0.36395759717314485 0.859375 0.3568904593639576 0.8515625 0.3568904593639576 0.85 0.3498233215547703 0.8453125 0.3462897526501767 0.8453125 0.34275618374558303 0.840625 0.34275618374558303 0.8390625 0.33568904593639576 0.825 0.3321554770318021 0.8234375 0.3250883392226148 0.815625 0.3250883392226148 0.8140625 0.31802120141342755 0.8078125 0.31802120141342755 0.80625 0.31095406360424027 0.7984375 0.31095406360424027 0.796875 0.303886925795053 0.76875 0.3003533568904594 0.7671875 0.29328621908127206 0.759375 0.29328621908127206 0.759375 0.2968197879858657 0.7578125 0.3003533568904594 0.7375 0.3003533568904594