1 0 0 0 0.00196078431372549 0 0.027450980392156862 0.003125 0.029411764705882353 0 0.03137254901960784 0 0.041176470588235294 0.003125 0.043137254901960784 0.003125 0.049019607843137254 0.00625 0.052941176470588235 0.00625 0.06470588235294118 0.0125 0.07058823529411765 0.0078125 0.0784313725490196 0 0.08235294117647059 0 0.09019607843137255 0.003125 0.09215686274509804 0 0.09607843137254903 0.0046875 0.1 0.003125 0.10196078431372549 0.0078125 0.10784313725490197 0.009375 0.11372549019607843 0 0.11764705882352941 0.003125 0.11960784313725491 0 0.12156862745098039 0 0.1392156862745098 0.003125 0.1411764705882353 0 0.1450980392156863 0.00625 0.15098039215686274 0 0.1588235294117647 0.0046875 0.1607843137254902 0.003125 0.16470588235294117 0.00625 0.16862745098039217 0 0.17254901960784313 0.003125 0.17450980392156862 0 0.1784313725490196 0 0.19411764705882353 0.003125 0.19607843137254902 0 0.1980392156862745 0 0.21764705882352942 0.0078125 0.22549019607843138 0.0078125 0.22941176470588234 0.015625 0.23921568627450981 0.0203125 0.2411764705882353 0.0328125 0.2568627450980392 0.0375 0.2725490196078431 0.0375 0.28823529411764703 0.0359375 0.2980392156862745 0.0328125 0.30196078431372547 0.009375 0.307843137254902 0 0.3156862745098039 0 0.3352941176470588 0.003125 0.33725490196078434 0.0046875 0.34705882352941175 0.003125 0.3607843137254902 0.0046875 0.37058823529411766 0.0109375 0.3843137254901961 0.009375 0.3941176470588235 0.0109375 0.4 0.009375 0.4019607843137255 0.0109375 0.40588235294117647 0.009375 0.40784313725490196 0.0109375 0.4117647058823529 0.0078125 0.4176470588235294 0.009375 0.43137254901960786 0.0046875 0.44509803921568625 0.0046875 0.46078431372549017 0.003125 0.4627450980392157 0.0046875 0.46862745098039216 0.0078125 0.47058823529411764 0.0078125 0.4823529411764706 0.0046875 0.4843137254901961 0.0046875 0.4980392156862745 0.0078125 0.515686274509804 0.0046875 0.5196078431372549 0.0046875 0.5509803921568628 0.003125 0.5549019607843138 0.0046875 0.5568627450980392 0 0.5627450980392157 0.0046875 0.5666666666666667 0.00625 0.5745098039215686 0.0046875 0.5764705882352941 0.0046875 0.6019607843137255 0.00625 0.6058823529411764 0.009375 0.6078431372549019 0.0203125 0.6039215686274509 0.028125 0.6137254901960785 0.021875 0.615686274509804 0.0234375 0.6196078431372549 0.0203125 0.6254901960784314 0.0171875 0.6235294117647059 0.0171875 0.615686274509804 0.0046875 0.615686274509804 0.003125 0.6352941176470588 0 0.6372549019607843 0.003125 0.6392156862745098 0.00625 0.6509803921568628 0.0125 0.6588235294117647 0.0234375 0.6588235294117647 0.0265625 0.6627450980392157 0.0328125 0.6647058823529411 0.0359375 0.6627450980392157 0.0390625 0.6686274509803921 0.028125 0.6862745098039216 0.0265625 0.692156862745098 0.0109375 0.711764705882353 0.003125 0.7196078431372549 0 0.7196078431372549 0 0.7784313725490196 0.0125 0.7764705882352941 0.0265625 0.7588235294117647 0.0265625 0.7549019607843137 0.0296875 0.7529411764705882 0.0390625 0.7352941176470589 0.04375 0.7313725490196078 0.05625 0.7058823529411765 0.065625 0.6686274509803921 0.0703125 0.6627450980392157 0.078125 0.6588235294117647 0.084375 0.6607843137254902 0.0890625 0.6666666666666666 0.0953125 0.6941176470588235 0.09375 0.7 0.0953125 0.7019607843137254 0.0953125 0.7352941176470589 0.096875 0.7372549019607844 0.0953125 0.7490196078431373 0.096875 0.7588235294117647 0.0953125 0.7627450980392156 0.096875 0.7647058823529411 0.0953125 0.7725490196078432 0.0984375 0.7803921568627451 0.0984375 0.7862745098039216 0.103125 0.796078431372549 0.1046875 0.8117647058823529 0.109375 0.8235294117647058 0.1125 0.8431372549019608 0.1171875 0.8529411764705882 0.1203125 0.8686274509803922 0.1234375 0.8725490196078431 0.125 0.8862745098039215 0.134375 0.9117647058823529 0.140625 0.9215686274509803 0.14375 0.9117647058823529 0.1421875 0.8647058823529412 0.14375 0.8627450980392157 0.14375 0.7901960784313725 0.1421875 0.788235294117647 0.1421875 0.7725490196078432 0.14375 0.7686274509803922 0.1421875 0.7666666666666667 0.1421875 0.7470588235294118 0.140625 0.7450980392156863 0.1421875 0.7274509803921568 0.140625 0.7254901960784313 0.140625 0.7156862745098039 0.1453125 0.703921568627451 0.1546875 0.707843137254902 0.1609375 0.7215686274509804 0.171875 0.7372549019607844 0.178125 0.7431372549019608 0.184375 0.7431372549019608 0.190625 0.7333333333333333 0.190625 0.7294117647058823 0.196875 0.7254901960784313 0.1953125 0.7196078431372549 0.1984375 0.707843137254902 0.1984375 0.6941176470588235 0.203125 0.6862745098039216 0.2046875 0.6705882352941176 0.2078125 0.6647058823529411 0.2078125 0.6588235294117647 0.2109375 0.6549019607843137 0.2140625 0.6549019607843137 0.2171875 0.6607843137254902 0.2125 0.6745098039215687 0.2125 0.6980392156862745 0.2078125 0.7098039215686275 0.20625 0.7235294117647059 0.2015625 0.7313725490196078 0.2015625 0.7372549019607844 0.196875 0.7431372549019608 0.1953125 0.7509803921568627 0.1921875 0.7549019607843137 0.1921875 0.7686274509803922 0.1953125 0.7705882352941177 0.20625 0.7941176470588235 0.20625 0.7980392156862746 0.2125 0.807843137254902 0.2203125 0.8176470588235294 0.2375 0.8313725490196079 0.25 0.8607843137254902 0.259375 0.8647058823529412 0.2703125 0.8764705882352941 0.2875 0.888235294117647 0.303125 0.8960784313725491 0.3125 0.9058823529411765 0.346875 0.9215686274509803 0.3609375 0.9215686274509803 0.3734375 0.9254901960784314 0.39375 0.9254901960784314 0.403125 0.9313725490196079 0.41875 0.9352941176470588 0.4421875 0.9352941176470588 0.44375 0.9333333333333333 0.4453125 0.9352941176470588 0.446875 0.9333333333333333 0.4765625 0.9313725490196079 0.49375 0.9254901960784314 0.5015625 0.9254901960784314 0.51875 0.9196078431372549 0.5328125 0.907843137254902 0.5421875 0.903921568627451 0.5703125 0.9019607843137255 0.5765625 0.8980392156862745 0.5828125 0.8980392156862745 0.6109375 0.8823529411764706 0.6171875 0.8764705882352941 0.64375 0.8705882352941177 0.646875 0.8666666666666667 0.659375 0.8627450980392157 0.671875 0.8529411764705882 0.675 0.8529411764705882 0.6953125 0.8313725490196079 0.7171875 0.8156862745098039 0.7359375 0.7862745098039216 0.753125 0.7725490196078432 0.7546875 0.7686274509803922 0.7640625 0.7627450980392156 0.790625 0.7294117647058823 0.803125 0.7196078431372549 0.8109375 0.7176470588235294 0.8203125 0.707843137254902 0.821875 0.7019607843137254 0.828125 0.6941176470588235 0.8296875 0.6843137254901961 0.8375 0.6705882352941176 0.8390625 0.6686274509803921 0.846875 0.6686274509803921 0.8546875 0.6588235294117647 0.85625 0.6529411764705882 0.85 0.6509803921568628 0.853125 0.6450980392156863 0.8546875 0.6470588235294118 0.85625 0.6450980392156863 0.853125 0.6372549019607843 0.85625 0.6333333333333333 0.8640625 0.6313725490196078 0.871875 0.6137254901960785 0.875 0.6137254901960785 0.903125 0.5862745098039216 0.9078125 0.5803921568627451 0.9109375 0.5686274509803921 0.9078125 0.5509803921568628 0.9078125 0.5313725490196078 0.9 0.4980392156862745 0.884375 0.4843137254901961 0.8796875 0.4725490196078431 0.865625 0.4568627450980392 0.8546875 0.4549019607843137 0.834375 0.4411764705882353 0.8203125 0.4392156862745098 0.8046875 0.4215686274509804 0.7953125 0.4215686274509804 0.79375 0.4196078431372549 0.7890625 0.4215686274509804 0.7859375 0.40784313725490196 0.7796875 0.4 0.76875 0.3980392156862745 0.7671875 0.3941176470588235 0.7578125 0.3941176470588235 0.753125 0.39019607843137255 0.746875 0.39019607843137255 0.734375 0.3843137254901961 0.725 0.3843137254901961 0.715625 0.3803921568627451 0.7125 0.3764705882352941 0.6953125 0.37450980392156863 0.69375 0.37254901960784315 0.6890625 0.37254901960784315 0.6921875 0.3764705882352941 0.6859375 0.38235294117647056 0.678125 0.3784313725490196 0.671875 0.38235294117647056 0.665625 0.3784313725490196 0.6625 0.37254901960784315 0.6578125 0.37254901960784315 0.6546875 0.3686274509803922 0.6234375 0.36666666666666664 0.6203125 0.3686274509803922 0.603125 0.33725490196078434 0.5953125 0.31176470588235294 0.575 0.2823529411764706 0.5484375 0.2549019607843137 0.546875 0.24901960784313726 0.540625 0.2411764705882353 0.5140625 0.21764705882352942 0.5125 0.21372549019607842 0.509375 0.21372549019607842 0.50625 0.20784313725490197 0.4796875 0.18627450980392157 0.478125 0.18235294117647058 0.4734375 0.18235294117647058 0.4578125 0.17450980392156862 0.4453125 0.17450980392156862 0.434375 0.18235294117647058 0.4203125 0.18823529411764706 0.41875 0.18627450980392157 0.428125 0.17647058823529413 0.4453125 0.17058823529411765 0.4484375 0.16470588235294117 0.45625 0.1607843137254902 0.4671875 0.1450980392156863 0.4734375 0.11372549019607843 0.478125 0.10588235294117647 0.4875 0.0784313725490196 0.4953125 0.06470588235294118 0.496875 0.054901960784313725 0.4953125 0.052941176470588235 0.48125 0.052941176470588235 0.478125 0.056862745098039215 0.4734375 0.056862745098039215 0.4703125 0.060784313725490195 0.459375 0.06470588235294118 0.4515625 0.07058823529411765 0.4453125 0.07058823529411765 0.4421875 0.07450980392156863 0.4125 0.0803921568627451 0.3890625 0.09607843137254903 0.38125 0.10392156862745099 0.378125 0.10392156862745099 0.359375 0.12549019607843137 0.35625 0.13529411764705881 0.3421875 0.1588235294117647 0.321875 0.1843137254901961 0.3109375 0.19607843137254902 0.30625 0.1980392156862745 0.3046875 0.19607843137254902 0.3046875 0.17647058823529413 0.3015625 0.1588235294117647 0.29375 0.1411764705882353 0.290625 0.12352941176470589 0.28125 0.10588235294117647 0.2796875 0.08823529411764706 0.259375 0.060784313725490195 0.259375 0.056862745098039215 0.2515625 0.0392156862745098 0.2375 0.021568627450980392 0.234375 0.021568627450980392 0.234375 0.045098039215686274 0.23125 0.049019607843137254 0.2265625 0.049019607843137254 0.2234375 0.045098039215686274 0.2046875 0.0392156862745098 0.1875 0.0392156862745098 0.184375 0.043137254901960784 0.20625 0.06666666666666667 0.2203125 0.08627450980392157 0.2203125 0.09215686274509804 0.2234375 0.09607843137254903 0.225 0.10588235294117647 0.2203125 0.12941176470588237 0.2109375 0.1411764705882353 0.1828125 0.11568627450980393 0.178125 0.11568627450980393 0.1734375 0.12156862745098039 0.16875 0.12156862745098039 0.15625 0.10784313725490197 0.1515625 0.10784313725490197 0.140625 0.12745098039215685 0.1375 0.12941176470588237 0.1375 0.13333333333333333 0.125 0.15490196078431373 0.1234375 0.16862745098039217 0.115625 0.19019607843137254 0.115625 0.22156862745098038 0.1140625 0.2235294117647059 0.115625 0.22549019607843138 0.115625 0.2411764705882353 0.121875 0.26666666666666666 0.1203125 0.2725490196078431 0.128125 0.2901960784313726 0.1265625 0.296078431372549 0.125 0.29215686274509806 0.1140625 0.2823529411764706 0.109375 0.2725490196078431 0.1015625 0.2647058823529412 0.0984375 0.2568627450980392 0.08125 0.23529411764705882 0.075 0.22156862745098038 0.0546875 0.19019607843137254 0.04375 0.1568627450980392 0.040625 0.1411764705882353 0.040625 0.12549019607843137 0.0375 0.11960784313725491 0.0359375 0.10980392156862745 0.0328125 0.10588235294117647 0.0328125 0.09803921568627451 0.0265625 0.0803921568627451 0.0265625 0.07058823529411765 0.021875 0.058823529411764705 0.021875 0.052941176470588235 0.01875 0.050980392156862744 0.015625 0.03333333333333333 0.0125 0.029411764705882353 0.0125 0.01568627450980392 0.003125 0 0 0
1 0.4296875 0.19607843137254902 0.421875 0.19019607843137254 0.4171875 0.19019607843137254 0.409375 0.1980392156862745 0.4078125 0.20588235294117646 0.39375 0.20784313725490197 0.3890625 0.20588235294117646 0.3796875 0.20980392156862746 0.3765625 0.21764705882352942 0.3640625 0.21764705882352942 0.3546875 0.2235294117647059 0.35 0.2235294117647059 0.34375 0.23137254901960785 0.325 0.2372549019607843 0.3203125 0.2411764705882353 0.3140625 0.2411764705882353 0.3109375 0.24705882352941178 0.3046875 0.24901960784313726 0.3015625 0.25882352941176473 0.2953125 0.2647058823529412 0.290625 0.27450980392156865 0.290625 0.28627450980392155 0.2828125 0.3176470588235294 0.2765625 0.32745098039215687 0.2703125 0.34901960784313724 0.275 0.3509803921568627 0.28125 0.3588235294117647 0.28125 0.36666666666666664 0.265625 0.3862745098039216 0.2609375 0.38823529411764707 0.2609375 0.396078431372549 0.2515625 0.40784313725490196 0.24375 0.4117647058823529 0.2328125 0.42745098039215684 0.2265625 0.4294117647058823 0.2265625 0.43529411764705883 0.2125 0.4549019607843137 0.2125 0.4647058823529412 0.20625 0.47843137254901963 0.20625 0.48627450980392156 0.203125 0.49411764705882355 0.203125 0.515686274509804 0.20625 0.5215686274509804 0.209375 0.5431372549019607 0.2171875 0.5588235294117647 0.2171875 0.5901960784313726 0.2203125 0.596078431372549 0.2203125 0.611764705882353 0.221875 0.6137254901960785 0.2203125 0.6215686274509804 0.221875 0.6235294117647059 0.2203125 0.6294117647058823 0.2234375 0.6411764705882353 0.2234375 0.6529411764705882 0.221875 0.6549019607843137 0.221875 0.6647058823529411 0.2171875 0.6705882352941176 0.215625 0.6823529411764706 0.2125 0.6882352941176471 0.2125 0.707843137254902 0.209375 0.7156862745098039 0.209375 0.7215686274509804 0.1921875 0.7588235294117647 0.1921875 0.7666666666666667 0.2 0.7803921568627451 0.20625 0.8 0.2203125 0.8176470588235294 0.2234375 0.8176470588235294 0.2375 0.8333333333333334 0.246875 0.8568627450980392 0.2515625 0.8627450980392157 0.2578125 0.8647058823529412 0.26875 0.8764705882352941 0.278125 0.8803921568627451 0.3078125 0.903921568627451 0.3203125 0.9117647058823529 0.346875 0.9215686274509803 0.3625 0.9215686274509803 0.371875 0.9254901960784314 0.3921875 0.9254901960784314 0.4140625 0.9352941176470588 0.45 0.9352941176470588 0.4578125 0.9313725490196079 0.459375 0.9333333333333333 0.46875 0.9333333333333333 0.503125 0.9254901960784314 0.509375 0.9215686274509803 0.5203125 0.9196078431372549 0.5390625 0.9058823529411765 0.5546875 0.9019607843137255 0.571875 0.9019607843137255 0.584375 0.8980392156862745 0.6125 0.8823529411764706 0.615625 0.8784313725490196 0.6296875 0.8764705882352941 0.6453125 0.8705882352941177 0.6578125 0.8627450980392157 0.6625 0.8627450980392157 0.6765625 0.8529411764705882 0.6921875 0.8352941176470589 0.7171875 0.8176470588235294 0.725 0.803921568627451 0.7390625 0.7862745098039216 0.7640625 0.7647058823529411 0.775 0.7509803921568627 0.7796875 0.7490196078431373 0.790625 0.7333333333333333 0.8140625 0.7176470588235294 0.828125 0.696078431372549 0.83125 0.6843137254901961 0.8375 0.6725490196078432 0.8453125 0.6627450980392157 0.8484375 0.6627450980392157 0.8515625 0.6568627450980392 0.8515625 0.6509803921568628 0.865625 0.6333333333333333 0.86875 0.6176470588235294 0.871875 0.6137254901960785 0.8765625 0.6137254901960785 0.896875 0.592156862745098 0.9078125 0.5784313725490197 0.9109375 0.5705882352941176 0.9078125 0.5509803921568628 0.9078125 0.5254901960784314 0.9046875 0.5196078431372549 0.903125 0.5058823529411764 0.89375 0.48823529411764705 0.8859375 0.4843137254901961 0.8765625 0.4666666666666667 0.8671875 0.4568627450980392 0.85625 0.4549019607843137 0.8328125 0.4392156862745098 0.8203125 0.4372549019607843 0.8078125 0.42549019607843136 0.80625 0.4196078431372549 0.7890625 0.40784313725490196 0.7796875 0.396078431372549 0.765625 0.39019607843137255 0.75625 0.39019607843137255 0.74375 0.3843137254901961 0.7328125 0.3843137254901961 0.7203125 0.3803921568627451 0.7171875 0.3764705882352941 0.7125 0.3764705882352941 0.703125 0.37058823529411766 0.696875 0.37058823529411766 0.6890625 0.36666666666666664 0.6765625 0.3686274509803922 0.66875 0.37450980392156863 0.65625 0.3686274509803922 0.634375 0.36666666666666664 0.6328125 0.36470588235294116 0.61875 0.3686274509803922 0.6015625 0.33725490196078434 0.6015625 0.33137254901960783 0.5953125 0.3137254901960784 0.5875 0.30392156862745096 0.5875 0.3 0.5734375 0.2823529411764706 0.5484375 0.2568627450980392 0.528125 0.24901960784313726 0.5171875 0.2372549019607843 0.4984375 0.23137254901960785 0.4953125 0.22745098039215686 0.4875 0.22745098039215686 0.478125 0.21764705882352942 0.478125 0.21372549019607842 0.471875 0.21372549019607842 0.475 0.21764705882352942 0.471875 0.2196078431372549 0.4671875 0.20980392156862746 0.46875 0.20392156862745098 0.4640625 0.2 0.4640625 0.19607843137254902 0.4546875 0.2 0.4515625 0.19607843137254902 0.453125 0.19215686274509805 0.4484375 0.19019607843137254 0.4484375 0.18627450980392157 0.453125 0.18235294117647058 0.45625 0.18235294117647058 0.459375 0.18627450980392157 0.4640625 0.18235294117647058 0.459375 0.1784313725490196 0.45625 0.1803921568627451 0.4546875 0.1784313725490196 0.453125 0.1784313725490196 0.440625 0.1803921568627451 0.4296875 0.19607843137254902
2 0.2359375 0.2607843137254902 0.2296875 0.2784313725490196 0.2125 0.30392156862745096 0.2125 0.31176470588235294 0.2078125 0.3254901960784314 0.2078125 0.34901960784313724 0.2109375 0.3627450980392157 0.209375 0.36666666666666664 0.2125 0.3784313725490196 0.2171875 0.3843137254901961 0.225 0.3843137254901961 0.2328125 0.3803921568627451 0.2625 0.34705882352941175 0.265625 0.3411764705882353 0.265625 0.3352941176470588 0.26875 0.33137254901960783 0.2703125 0.3196078431372549 0.2796875 0.2980392156862745 0.2828125 0.26666666666666666 0.2875 0.2549019607843137 0.2875 0.24509803921568626 0.2828125 0.23529411764705882 0.265625 0.22941176470588234 0.2640625 0.23137254901960785 0.259375 0.23137254901960785 0.2359375 0.2607843137254902
2 0.23125 0.03137254901960784 0.234375 0.0392156862745098 0.234375 0.050980392156862744 0.2484375 0.06470588235294118 0.253125 0.06666666666666667 0.2609375 0.07647058823529412 0.265625 0.0784313725490196 0.2796875 0.1 0.2828125 0.1 0.2796875 0.09411764705882353 0.2796875 0.08627450980392157 0.2765625 0.0784313725490196 0.2609375 0.058823529411764705 0.2515625 0.03529411764705882 0.240625 0.01764705882352941 0.234375 0.013725490196078431 0.234375 0.01568627450980392 0.23125 0.0196078431372549 0.23125 0.03137254901960784
2 0 0.7843137254901961 0.0109375 0.7823529411764706 0.0546875 0.7176470588235294 0.059375 0.703921568627451 0.0640625 0.6705882352941176 0.0609375 0.6666666666666666 0.04375 0.6686274509803921 0.021875 0.6941176470588235 0.021875 0.696078431372549 0.00625 0.7156862745098039 0 0.7196078431372549 0 0.7843137254901961
2 0.06875 0.24313725490196078 0.0703125 0.25882352941176473 0.0734375 0.2627450980392157 0.0734375 0.27647058823529413 0.078125 0.296078431372549 0.0828125 0.3058823529411765 0.084375 0.3176470588235294 0.0890625 0.3235294117647059 0.0984375 0.32745098039215687 0.1109375 0.3431372549019608 0.1140625 0.3431372549019608 0.121875 0.35294117647058826 0.125 0.3627450980392157 0.1296875 0.3627450980392157 0.1671875 0.396078431372549 0.171875 0.4019607843137255 0.171875 0.40588235294117647 0.1796875 0.4137254901960784 0.1890625 0.4137254901960784 0.1953125 0.4 0.19375 0.3980392156862745 0.19375 0.38235294117647056 0.190625 0.37450980392156863 0.175 0.3607843137254902 0.1640625 0.3431372549019608 0.1578125 0.3392156862745098 0.1375 0.3137254901960784 0.1359375 0.307843137254902 0.115625 0.2823529411764706 0.075 0.21764705882352942 0.071875 0.21568627450980393 0.0640625 0.2 0.0625 0.2019607843137255 0.0640625 0.22745098039215686 0.06875 0.24313725490196078
2 0.14375 0.11960784313725491 0.13125 0.1392156862745098 0.13125 0.14313725490196078 0.1203125 0.16470588235294117 0.1203125 0.17058823529411765 0.1125 0.19019607843137254 0.1140625 0.24313725490196078 0.11875 0.2568627450980392 0.121875 0.27647058823529413 0.1328125 0.3 0.140625 0.31176470588235294 0.1453125 0.31176470588235294 0.1625 0.2901960784313726 0.1671875 0.2803921568627451 0.1875 0.26862745098039215 0.1953125 0.25882352941176473 0.2015625 0.23921568627450981 0.2046875 0.21764705882352942 0.209375 0.20980392156862746 0.2109375 0.14901960784313725 0.20625 0.13725490196078433 0.1828125 0.11176470588235295 0.178125 0.11372549019607843 0.1734375 0.12156862745098039 0.1703125 0.12156862745098039 0.15625 0.10392156862745099 0.1546875 0.10392156862745099 0.1453125 0.11372549019607843 0.14375 0.11960784313725491
2 0 0.22156862745098038 0.01875 0.24509803921568626 0.025 0.24901960784313726 0.0265625 0.24901960784313726 0.0265625 0.22941176470588234 0.0234375 0.21764705882352942 0.0234375 0.20588235294117646 0.0203125 0.1980392156862745 0.0203125 0.18823529411764706 0.015625 0.17058823529411765 0.015625 0.15294117647058825 0.0125 0.1450980392156863 0.0125 0.13725490196078433 0.009375 0.13137254901960785 0.0078125 0.1 0.0046875 0.09411764705882353 0 0.09215686274509804 0 0.09411764705882353 0 0.22156862745098038
2 0 0.7843137254901961 0.003125 0.7843137254901961 0.0109375 0.7823529411764706 0.046875 0.7313725490196078 0.0578125 0.7098039215686275 0.0640625 0.6803921568627451 0.0671875 0.6745098039215687 0.075 0.6647058823529411 0.0859375 0.6627450980392157 0.0921875 0.6549019607843137 0.0953125 0.6470588235294118 0.0953125 0.6411764705882353 0.1 0.6333333333333333 0.0984375 0.6254901960784314 0.0953125 0.6215686274509804 0.09375 0.6215686274509804 0.0859375 0.6235294117647059 0.0765625 0.6352941176470588 0.0734375 0.6431372549019608 0.065625 0.6509803921568628 0.0625 0.6509803921568628 0.0609375 0.6568627450980392 0.0421875 0.6627450980392157 0.028125 0.6882352941176471 0.00625 0.7156862745098039 0 0.7196078431372549 0 0.7843137254901961
2 0.2203125 0.12745098039215685 0.2125 0.14705882352941177 0.2125 0.17254901960784313 0.2109375 0.17647058823529413 0.2125 0.1843137254901961 0.2109375 0.18627450980392157 0.2125 0.18823529411764706 0.2125 0.1980392156862745 0.2109375 0.2 0.2125 0.20392156862745098 0.20625 0.22156862745098038 0.2015625 0.25098039215686274 0.2046875 0.25098039215686274 0.2078125 0.24705882352941178 0.2140625 0.24705882352941178 0.2203125 0.23921568627450981 0.2265625 0.2372549019607843 0.234375 0.22941176470588234 0.253125 0.21764705882352942 0.25625 0.21176470588235294 0.25625 0.20588235294117646 0.253125 0.19215686274509805 0.253125 0.1803921568627451 0.2453125 0.1607843137254902 0.2421875 0.1450980392156863 0.2390625 0.1411764705882353 0.2390625 0.13529411764705881 0.234375 0.12549019607843137 0.2328125 0.11568627450980393 0.2265625 0.10784313725490197 0.2234375 0.10784313725490197 0.2234375 0.10980392156862745 0.2203125 0.11764705882352941 0.2203125 0.12745098039215685
2 0 0 0 0.00196078431372549 0 0.09215686274509804 0.0046875 0.09607843137254903 0.0046875 0.1 0.0078125 0.10392156862745099 0.00625 0.12352941176470589 0.009375 0.12745098039215685 0.009375 0.1392156862745098 0.0140625 0.14705882352941177 0.0140625 0.15490196078431373 0.0171875 0.1627450980392157 0.0171875 0.17450980392156862 0.021875 0.19215686274509805 0.021875 0.20392156862745098 0.025 0.20980392156862746 0.025 0.22745098039215686 0.0265625 0.22941176470588234 0.028125 0.25098039215686274 0.0359375 0.2725490196078431 0.0375 0.28823529411764703 0.04375 0.2980392156862745 0.046875 0.2980392156862745 0.053125 0.3058823529411765 0.0671875 0.30980392156862746 0.0703125 0.3058823529411765 0.071875 0.28431372549019607 0.065625 0.24509803921568626 0.0625 0.2372549019607843 0.0609375 0.19607843137254902 0.0515625 0.17647058823529413 0.05 0.16470588235294117 0.046875 0.1588235294117647 0.046875 0.14705882352941177 0.040625 0.12549019607843137 0.040625 0.11764705882352941 0.0265625 0.06862745098039216 0.0265625 0.060784313725490195 0.0125 0.01568627450980392 0.0125 0.00980392156862745 0.009375 0 0 0
2 0.165625 0.4549019607843137 0.159375 0.4627450980392157 0.15625 0.4823529411764706 0.1578125 0.5137254901960784 0.159375 0.515686274509804 0.1578125 0.5313725490196078 0.1375 0.5647058823529412 0.1328125 0.5784313725490197 0.13125 0.6 0.1328125 0.6078431372549019 0.13125 0.6137254901960785 0.1375 0.6411764705882353 0.1375 0.6627450980392157 0.140625 0.6686274509803921 0.1453125 0.6901960784313725 0.1515625 0.696078431372549 0.15625 0.7058823529411765 0.1609375 0.7254901960784313 0.165625 0.7333333333333333 0.1734375 0.7431372549019608 0.1828125 0.7450980392156863 0.190625 0.7372549019607844 0.196875 0.7235294117647059 0.2 0.6941176470588235 0.203125 0.6882352941176471 0.20625 0.6686274509803921 0.2109375 0.6549019607843137 0.2125 0.611764705882353 0.2109375 0.6098039215686275 0.2109375 0.5823529411764706 0.2078125 0.5725490196078431 0.20625 0.5549019607843138 0.2 0.5372549019607843 0.1984375 0.5215686274509804 0.190625 0.5019607843137255 0.1890625 0.48823529411764705 0.1765625 0.4568627450980392 0.175 0.4568627450980392 0.1734375 0.4549019607843137 0.165625 0.4549019607843137
2 0.0859375 0.37450980392156863 0.0828125 0.3784313725490196 0.0828125 0.38235294117647056 0.075 0.39215686274509803 0.06875 0.3941176470588235 0.065625 0.403921568627451 0.065625 0.4117647058823529 0.0625 0.4176470588235294 0.0609375 0.43529411764705883 0.05625 0.44313725490196076 0.0546875 0.45294117647058824 0.0484375 0.4588235294117647 0.046875 0.4666666666666667 0.040625 0.4745098039215686 0.040625 0.4823529411764706 0.0328125 0.5058823529411764 0.03125 0.5235294117647059 0.028125 0.5274509803921569 0.028125 0.5372549019607843 0.0265625 0.5392156862745098 0.0265625 0.5862745098039216 0.03125 0.6078431372549019 0.0328125 0.6313725490196078 0.04375 0.6470588235294118 0.059375 0.6490196078431373 0.0703125 0.6372549019607843 0.075 0.6274509803921569 0.084375 0.615686274509804 0.0921875 0.6137254901960785 0.09375 0.6078431372549019 0.103125 0.5980392156862745 0.1046875 0.592156862745098 0.1140625 0.5803921568627451 0.1203125 0.5764705882352941 0.1234375 0.5705882352941176 0.1265625 0.5705882352941176 0.1359375 0.5529411764705883 0.14375 0.5450980392156862 0.14375 0.5411764705882353 0.1515625 0.5294117647058824 0.15 0.503921568627451 0.1484375 0.5019607843137255 0.15 0.47058823529411764 0.1578125 0.4549019607843137 0.1671875 0.44313725490196076 0.1703125 0.44313725490196076 0.1765625 0.43333333333333335 0.1765625 0.42549019607843136 0.1734375 0.4117647058823529 0.1640625 0.403921568627451 0.1609375 0.3941176470588235 0.1546875 0.3862745098039216 0.1515625 0.3862745098039216 0.140625 0.37058823529411766 0.13125 0.36666666666666664 0.1265625 0.3607843137254902 0.1234375 0.3607843137254902 0.1 0.33725490196078434 0.09375 0.3333333333333333 0.0890625 0.3333333333333333 0.0859375 0.32941176470588235 0.08125 0.32941176470588235 0.08125 0.33137254901960783 0.0875 0.34705882352941175 0.0859375 0.37450980392156863
2 0.2109375 0.24901960784313726 0.2 0.2529411764705882 0.2 0.2568627450980392 0.184375 0.27450980392156865 0.178125 0.27450980392156865 0.171875 0.2784313725490196 0.1484375 0.30980392156862746 0.146875 0.3196078431372549 0.171875 0.3509803921568627 0.1734375 0.3568627450980392 0.1796875 0.3627450980392157 0.1921875 0.37254901960784315 0.203125 0.37058823529411766 0.20625 0.3627450980392157 0.2046875 0.3254901960784314 0.209375 0.3137254901960784 0.209375 0.307843137254902 0.2203125 0.28431372549019607 0.2296875 0.27647058823529413 0.234375 0.2607843137254902 0.2421875 0.24901960784313726 0.246875 0.23529411764705882 0.253125 0.23137254901960785 0.25 0.22745098039215686 0.2515625 0.2235294117647059 0.24375 0.2235294117647059 0.24375 0.22549019607843138 0.2296875 0.23137254901960785 0.2109375 0.24901960784313726
2 0.2375 0.045098039215686274 0.2359375 0.050980392156862744 0.23125 0.050980392156862744 0.2171875 0.041176470588235294 0.203125 0.03725490196078431 0.1859375 0.03725490196078431 0.18125 0.041176470588235294 0.1875 0.050980392156862744 0.2046875 0.06666666666666667 0.2171875 0.08431372549019608 0.2234375 0.10588235294117647 0.2328125 0.11764705882352941 0.234375 0.12745098039215685 0.240625 0.1392156862745098 0.240625 0.1450980392156863 0.2515625 0.17450980392156862 0.25625 0.20392156862745098 0.2609375 0.21372549019607842 0.259375 0.2235294117647059 0.2515625 0.23137254901960785 0.246875 0.24313725490196078 0.234375 0.2607843137254902 0.234375 0.2647058823529412 0.228125 0.27647058823529413 0.2203125 0.28627450980392155 0.2203125 0.2901960784313726 0.2140625 0.3 0.209375 0.3137254901960784 0.2078125 0.3196078431372549 0.2078125 0.35490196078431374 0.2125 0.3784313725490196 0.2171875 0.3843137254901961 0.2234375 0.3843137254901961 0.23125 0.3803921568627451 0.2625 0.34509803921568627 0.2703125 0.3176470588235294 0.2765625 0.3058823529411765 0.2796875 0.29411764705882354 0.2828125 0.2647058823529412 0.290625 0.24705882352941178 0.290625 0.2411764705882353 0.29375 0.2372549019607843 0.29375 0.23137254901960785 0.3 0.21568627450980393 0.3 0.20980392156862746 0.3046875 0.19607843137254902 0.3046875 0.17450980392156862 0.3 0.14901960784313725 0.29375 0.13529411764705881 0.29375 0.12941176470588237 0.2796875 0.1 0.2796875 0.09411764705882353 0.275 0.08823529411764706 0.2734375 0.0803921568627451 0.265625 0.07254901960784314 0.265625 0.06862745098039216 0.259375 0.06274509803921569 0.253125 0.049019607843137254 0.2421875 0.052941176470588235 0.2390625 0.049019607843137254 0.2421875 0.043137254901960784 0.2453125 0.047058823529411764 0.246875 0.043137254901960784 0.2515625 0.045098039215686274 0.2515625 0.043137254901960784 0.2484375 0.041176470588235294 0.2484375 0.03529411764705882 0.2453125 0.03333333333333333 0.240625 0.023529411764705882 0.234375 0.023529411764705882 0.234375 0.025490196078431372 0.234375 0.03725490196078431 0.2375 0.045098039215686274
2 0 0.3803921568627451 0.009375 0.3843137254901961 0.0109375 0.38235294117647056 0.0703125 0.38235294117647056 0.08125 0.3764705882352941 0.084375 0.36470588235294116 0.084375 0.3509803921568627 0.078125 0.32745098039215687 0.0671875 0.3176470588235294 0.05625 0.3137254901960784 0.04375 0.30392156862745096 0.0421875 0.30392156862745096 0.0390625 0.30392156862745096 0.0359375 0.3 0.0171875 0.2980392156862745 0.009375 0.30196078431372547 0 0.31176470588235294 0 0.3803921568627451
2 0.20625 0.03725490196078431 0.1828125 0.03725490196078431 0.1796875 0.043137254901960784 0.1859375 0.050980392156862744 0.196875 0.058823529411764705 0.2171875 0.08627450980392157 0.2203125 0.09215686274509804 0.221875 0.10196078431372549 0.2328125 0.11568627450980393 0.24375 0.15098039215686274 0.246875 0.15490196078431373 0.246875 0.1627450980392157 0.25 0.16666666666666666 0.2515625 0.17647058823529413 0.2546875 0.18235294117647058 0.2546875 0.18823529411764706 0.265625 0.22549019607843138 0.284375 0.23333333333333334 0.2890625 0.23921568627450981 0.2890625 0.24509803921568626 0.2984375 0.22156862745098038 0.3046875 0.19607843137254902 0.3046875 0.17058823529411765 0.3 0.14901960784313725 0.2859375 0.10980392156862745 0.2796875 0.1 0.2796875 0.09607843137254903 0.275 0.09215686274509804 0.271875 0.0803921568627451 0.25625 0.06274509803921569 0.246875 0.060784313725490195 0.2390625 0.052941176470588235 0.234375 0.052941176470588235 0.228125 0.047058823529411764 0.2265625 0.047058823529411764 0.2234375 0.043137254901960784 0.20625 0.03725490196078431
2 0.46875 0.060784313725490195 0.4421875 0.07254901960784314 0.4234375 0.0784313725490196 0.4140625 0.0784313725490196 0.396875 0.08823529411764706 0.3765625 0.10392156862745099 0.35625 0.12941176470588237 0.35 0.1450980392156863 0.3359375 0.16666666666666666 0.309375 0.1980392156862745 0.2984375 0.23137254901960785 0.2984375 0.23921568627450981 0.303125 0.23921568627450981 0.321875 0.22941176470588234 0.33125 0.22745098039215686 0.3390625 0.22156862745098038 0.3484375 0.2196078431372549 0.3515625 0.21568627450980393 0.3625 0.21176470588235294 0.3703125 0.20588235294117646 0.4 0.19607843137254902 0.4125 0.18627450980392157 0.45 0.16862745098039217 0.45625 0.1627450980392157 0.465625 0.15294117647058825 0.4703125 0.1411764705882353 0.471875 0.12745098039215685 0.478125 0.10588235294117647 0.4984375 0.060784313725490195 0.4984375 0.052941176470588235 0.4953125 0.050980392156862744 0.49375 0.050980392156862744 0.4796875 0.052941176470588235 0.46875 0.060784313725490195
2 0.11875 0.7627450980392156 0.0546875 0.3333333333333333