5 0.065625 0.09669811320754718 0.071875 0.09669811320754718 0.0734375 0.10377358490566038 0.0828125 0.10377358490566038 0.084375 0.10849056603773585 0.096875 0.10849056603773585 0.0984375 0.11320754716981132 0.1109375 0.11320754716981132 0.1125 0.1179245283018868 0.1265625 0.1179245283018868 0.128125 0.125 0.1328125 0.125 0.134375 0.12971698113207547 0.14375 0.12971698113207547 0.1453125 0.13443396226415094 0.165625 0.13443396226415094 0.1671875 0.14150943396226415 0.1765625 0.14150943396226415 0.178125 0.14622641509433962 0.1875 0.14622641509433962 0.1890625 0.1509433962264151 0.1953125 0.1509433962264151 0.196875 0.1580188679245283 0.2015625 0.1580188679245283 0.203125 0.16273584905660377 0.2125 0.16273584905660377 0.2140625 0.16745283018867924 0.2203125 0.16745283018867924 0.221875 0.17452830188679244 0.228125 0.17452830188679244 0.2296875 0.1792452830188679 0.234375 0.1792452830188679 0.2359375 0.18396226415094338 0.2421875 0.18396226415094338 0.24375 0.19103773584905662 0.253125 0.19103773584905662 0.2578125 0.20047169811320756 0.2640625 0.20047169811320756 0.265625 0.20754716981132076 0.2703125 0.20754716981132076 0.271875 0.21226415094339623 0.278125 0.21226415094339623 0.2828125 0.22169811320754718 0.2890625 0.22169811320754718 0.290625 0.22877358490566038 0.296875 0.22877358490566038 0.3046875 0.24056603773584906 0.3046875 0.24528301886792453 0.3109375 0.24528301886792453 0.315625 0.25471698113207547 0.321875 0.25471698113207547 0.3265625 0.2665094339622642 0.3359375 0.2665094339622642 0.3390625 0.2617924528301887 0.3390625 0.25707547169811323 0.3359375 0.25471698113207547 0.3359375 0.24764150943396226 0.3328125 0.24528301886792453 0.3328125 0.24056603773584906 0.321875 0.22877358490566038 0.321875 0.2240566037735849 0.315625 0.2240566037735849 0.3109375 0.21462264150943397 0.3046875 0.21462264150943397 0.303125 0.2099056603773585 0.2984375 0.2099056603773585 0.296875 0.2028301886792453 0.29375 0.2028301886792453 0.2921875 0.19811320754716982 0.2875 0.19811320754716982 0.2859375 0.19339622641509435 0.2828125 0.19339622641509435 0.28125 0.18632075471698112 0.2765625 0.18632075471698112 0.275 0.18160377358490565 0.26875 0.18160377358490565 0.2671875 0.17688679245283018 0.2578125 0.17688679245283018 0.25625 0.16981132075471697 0.25 0.16981132075471697 0.2484375 0.1650943396226415 0.24375 0.1650943396226415 0.2421875 0.16037735849056603 0.2359375 0.16037735849056603 0.234375 0.15330188679245282 0.2296875 0.15330188679245282 0.228125 0.14858490566037735 0.221875 0.14858490566037735 0.2203125 0.14386792452830188 0.2109375 0.14386792452830188 0.209375 0.13679245283018868 0.203125 0.13679245283018868 0.2015625 0.1320754716981132 0.196875 0.1320754716981132 0.1953125 0.12735849056603774 0.1890625 0.12735849056603774 0.1875 0.12028301886792453 0.18125 0.12028301886792453 0.1796875 0.11556603773584906 0.1703125 0.11556603773584906 0.16875 0.11084905660377359 0.153125 0.11084905660377359 0.1515625 0.10613207547169812 0.1421875 0.10613207547169812 0.140625 0.09905660377358491 0.13125 0.09905660377358491 0.1296875 0.09433962264150944 0.1203125 0.09433962264150944 0.11875 0.08962264150943396 0.109375 0.08962264150943396 0.1078125 0.08254716981132075 0.090625 0.08254716981132075 0.0890625 0.07783018867924528 0.08125 0.07783018867924528 0.0796875 0.08254716981132075 0.0734375 0.08254716981132075 0.0703125 0.07783018867924528 0.0703125 0.08018867924528301 0.065625 0.08254716981132075 0.065625 0.09669811320754718
5 0 0.1792452830188679 0.00625 0.1792452830188679 0.0078125 0.18396226415094338 0.0171875 0.18396226415094338 0.01875 0.19103773584905662 0.028125 0.19103773584905662 0.0296875 0.1957547169811321 0.0390625 0.1957547169811321 0.040625 0.20047169811320756 0.05 0.20047169811320756 0.0515625 0.20754716981132076 0.0578125 0.20754716981132076 0.059375 0.21226415094339623 0.0640625 0.21226415094339623 0.065625 0.2169811320754717 0.071875 0.2169811320754717 0.0734375 0.22169811320754718 0.0796875 0.22169811320754718 0.08125 0.22877358490566038 0.0890625 0.22877358490566038 0.090625 0.23349056603773585 0.096875 0.23349056603773585 0.0984375 0.23820754716981132 0.1078125 0.23820754716981132 0.1125 0.25 0.11875 0.25 0.1234375 0.25707547169811323 0.1234375 0.2617924528301887 0.1265625 0.2617924528301887 0.128125 0.2665094339622642 0.1328125 0.2665094339622642 0.134375 0.27122641509433965 0.1375 0.27122641509433965 0.1390625 0.2783018867924528 0.1453125 0.28773584905660377 0.1515625 0.28773584905660377 0.153125 0.294811320754717 0.1640625 0.30660377358490565 0.1640625 0.3113207547169811 0.1703125 0.32075471698113206 0.175 0.3231132075471698 0.175 0.3278301886792453 0.18125 0.33726415094339623 0.1859375 0.33962264150943394 0.1859375 0.3490566037735849 0.1921875 0.3584905660377358 0.196875 0.3608490566037736 0.196875 0.36556603773584906 0.2 0.36792452830188677 0.2 0.375 0.203125 0.37735849056603776 0.203125 0.38207547169811323 0.2078125 0.38443396226415094 0.2078125 0.3915094339622642 0.2109375 0.3938679245283019 0.2109375 0.4033018867924528 0.2140625 0.4056603773584906 0.2140625 0.41509433962264153 0.2171875 0.41509433962264153 0.221875 0.4221698113207547 0.221875 0.43160377358490565 0.225 0.4339622641509434 0.225 0.4410377358490566 0.2296875 0.44339622641509435 0.2296875 0.4528301886792453 0.2328125 0.455188679245283 0.2328125 0.4693396226415094 0.2359375 0.4716981132075472 0.2359375 0.49056603773584906 0.240625 0.49292452830188677 0.240625 0.5023584905660378 0.24375 0.5070754716981132 0.253125 0.5070754716981132 0.25625 0.5023584905660378 0.25625 0.49764150943396224 0.259375 0.49528301886792453 0.259375 0.4882075471698113 0.25625 0.4858490566037736 0.25625 0.47641509433962265 0.253125 0.4740566037735849 0.253125 0.46462264150943394 0.2484375 0.46226415094339623 0.2484375 0.455188679245283 0.2453125 0.4528301886792453 0.2453125 0.4386792452830189 0.2421875 0.4363207547169811 0.2421875 0.4268867924528302 0.2390625 0.42452830188679247 0.2390625 0.41745283018867924 0.234375 0.41509433962264153 0.234375 0.4056603773584906 0.228125 0.39858490566037735 0.228125 0.3891509433962264 0.2234375 0.3867924528301887 0.2234375 0.37735849056603776 0.2171875 0.37028301886792453 0.2171875 0.3608490566037736 0.2140625 0.3608490566037736 0.209375 0.35377358490566035 0.209375 0.3443396226415094 0.1984375 0.33254716981132076 0.1984375 0.3231132075471698 0.1953125 0.31839622641509435 0.1921875 0.31839622641509435 0.184375 0.3018867924528302 0.18125 0.3018867924528302 0.1765625 0.294811320754717 0.1765625 0.29009433962264153 0.1734375 0.28537735849056606 0.1703125 0.28537735849056606 0.165625 0.2783018867924528 0.165625 0.27358490566037735 0.1625 0.2688679245283019 0.15625 0.2688679245283019 0.1484375 0.25235849056603776 0.1453125 0.25235849056603776 0.140625 0.24528301886792453 0.140625 0.24056603773584906 0.134375 0.24056603773584906 0.1328125 0.2358490566037736 0.128125 0.2358490566037736 0.1265625 0.23113207547169812 0.121875 0.22877358490566038 0.121875 0.2240566037735849 0.1171875 0.2240566037735849 0.115625 0.21933962264150944 0.109375 0.21933962264150944 0.1078125 0.21462264150943397 0.1015625 0.21462264150943397 0.1 0.2099056603773585 0.0953125 0.2099056603773585 0.09375 0.2028301886792453 0.0875 0.2028301886792453 0.0859375 0.19811320754716982 0.0765625 0.19811320754716982 0.071875 0.19103773584905662 0.071875 0.18632075471698112 0.0625 0.18632075471698112 0.0609375 0.18160377358490565 0.0515625 0.18160377358490565 0.05 0.17688679245283018 0.04375 0.17688679245283018 0.0421875 0.16981132075471697 0.0328125 0.16981132075471697 0.03125 0.1650943396226415 0.0265625 0.1650943396226415 0.025 0.16037735849056603 0.0109375 0.16037735849056603 0.009375 0.15330188679245282 0 0.15330188679245282 0 0.15566037735849056 0 0.1792452830188679
5 0 0.11320754716981132 0.028125 0.11320754716981132 0.0296875 0.10849056603773585 0.0421875 0.10849056603773585 0.04375 0.10377358490566038 0.0796875 0.10377358490566038 0.08125 0.10849056603773585 0.096875 0.10849056603773585 0.0984375 0.11320754716981132 0.1109375 0.11320754716981132 0.1125 0.1179245283018868 0.121875 0.1179245283018868 0.1234375 0.125 0.1296875 0.125 0.13125 0.12971698113207547 0.140625 0.12971698113207547 0.1421875 0.13443396226415094 0.1625 0.13443396226415094 0.1640625 0.14150943396226415 0.1765625 0.14150943396226415 0.178125 0.14622641509433962 0.184375 0.14622641509433962 0.1859375 0.1509433962264151 0.1953125 0.1509433962264151 0.196875 0.1580188679245283 0.2015625 0.1580188679245283 0.203125 0.16273584905660377 0.209375 0.16273584905660377 0.2109375 0.16745283018867924 0.2203125 0.16745283018867924 0.221875 0.17452830188679244 0.228125 0.17452830188679244 0.2296875 0.1792452830188679 0.234375 0.1792452830188679 0.2359375 0.18396226415094338 0.2421875 0.18396226415094338 0.24375 0.19103773584905662 0.2484375 0.19103773584905662 0.25 0.1957547169811321 0.25625 0.1957547169811321 0.2578125 0.20047169811320756 0.2640625 0.20047169811320756 0.265625 0.20754716981132076 0.2703125 0.20754716981132076 0.2765625 0.2169811320754717 0.28125 0.2169811320754717 0.2828125 0.22169811320754718 0.2890625 0.22169811320754718 0.290625 0.22877358490566038 0.296875 0.22877358490566038 0.3046875 0.24056603773584906 0.3046875 0.24528301886792453 0.3109375 0.24528301886792453 0.315625 0.25471698113207547 0.321875 0.25471698113207547 0.3265625 0.2665094339622642 0.3359375 0.2665094339622642 0.3390625 0.2617924528301887 0.3390625 0.25707547169811323 0.3359375 0.25471698113207547 0.3359375 0.24764150943396226 0.3328125 0.24528301886792453 0.3328125 0.24056603773584906 0.321875 0.22877358490566038 0.321875 0.2240566037735849 0.315625 0.2240566037735849 0.3109375 0.21462264150943397 0.3046875 0.21462264150943397 0.303125 0.2099056603773585 0.2984375 0.2099056603773585 0.296875 0.2028301886792453 0.29375 0.2028301886792453 0.2921875 0.19811320754716982 0.2875 0.19811320754716982 0.2859375 0.19339622641509435 0.2828125 0.19339622641509435 0.28125 0.18632075471698112 0.2765625 0.18632075471698112 0.275 0.18160377358490565 0.26875 0.18160377358490565 0.2671875 0.17688679245283018 0.2609375 0.17688679245283018 0.259375 0.16981132075471697 0.2546875 0.16981132075471697 0.253125 0.1650943396226415 0.24375 0.1650943396226415 0.2421875 0.16037735849056603 0.2359375 0.16037735849056603 0.234375 0.15330188679245282 0.2296875 0.15330188679245282 0.228125 0.14858490566037735 0.221875 0.14858490566037735 0.2203125 0.14386792452830188 0.2140625 0.14386792452830188 0.2125 0.13679245283018868 0.203125 0.13679245283018868 0.2015625 0.1320754716981132 0.196875 0.1320754716981132 0.1953125 0.12735849056603774 0.1890625 0.12735849056603774 0.1875 0.12028301886792453 0.18125 0.12028301886792453 0.1796875 0.11556603773584906 0.1703125 0.11556603773584906 0.16875 0.11084905660377359 0.15625 0.11084905660377359 0.1546875 0.10613207547169812 0.1421875 0.10613207547169812 0.140625 0.09905660377358491 0.13125 0.09905660377358491 0.1296875 0.09433962264150944 0.1203125 0.09433962264150944 0.11875 0.08962264150943396 0.109375 0.08962264150943396 0.1078125 0.08254716981132075 0.090625 0.08254716981132075 0.0890625 0.07783018867924528 0.0765625 0.07783018867924528 0.075 0.07311320754716981 0.0703125 0.07311320754716981 0.06875 0.07783018867924528 0.065625 0.07783018867924528 0.0640625 0.07311320754716981 0.059375 0.07311320754716981 0.059375 0.07547169811320754 0.0578125 0.07783018867924528 0.0328125 0.07783018867924528 0.03125 0.08254716981132075 0.0109375 0.08254716981132075 0.009375 0.08962264150943396 0 0.08962264150943396 0 0.11320754716981132
5 0 0 0 0.0023584905660377358 0 0.0589622641509434 0.003125 0.0589622641509434 0.0078125 0.0660377358490566 0.0078125 0.07075471698113207 0.0109375 0.07547169811320754 0.0171875 0.07547169811320754 0.01875 0.08018867924528301 0.025 0.08018867924528301 0.0265625 0.07547169811320754 0.03125 0.07547169811320754 0.03125 0.06132075471698113 0.025 0.054245283018867926 0.025 0.049528301886792456 0.0203125 0.04716981132075472 0.0203125 0.04009433962264151 0.0171875 0.03773584905660377 0.0171875 0.0330188679245283 0.009375 0.025943396226415096 0.009375 0.007075471698113208 0.0140625 0.0047169811320754715 0.0140625 0 0 0
2 0.746875 0 0.746875 0.0023584905660377358 0.7453125 0.007075471698113208 0.740625 0.007075471698113208 0.7390625 0.01179245283018868 0.7359375 0.01179245283018868 0.7328125 0.01650943396226415 0.7328125 0.025943396226415096 0.7296875 0.02830188679245283 0.7296875 0.04245283018867924 0.725 0.04481132075471698 0.725 0.054245283018867926 0.7296875 0.05660377358490566 0.7296875 0.06367924528301887 0.7328125 0.0660377358490566 0.7328125 0.07547169811320754 0.7359375 0.07783018867924528 0.7359375 0.08726415094339622 0.7328125 0.08962264150943396 0.7328125 0.09669811320754718 0.7296875 0.09905660377358491 0.7296875 0.10377358490566038 0.725 0.10613207547169812 0.7109375 0.12735849056603774 0.721875 0.14386792452830188 0.721875 0.1509433962264151 0.725 0.15330188679245282 0.725 0.16273584905660377 0.73125 0.16273584905660377 0.7359375 0.16981132075471697 0.7359375 0.17452830188679244 0.7890625 0.17452830188679244 0.790625 0.16745283018867924 0.8109375 0.16745283018867924 0.8125 0.17452830188679244 0.8609375 0.17452830188679244 0.8671875 0.18396226415094338 0.9046875 0.18396226415094338 0.90625 0.19103773584905662 0.909375 0.19103773584905662 0.9140625 0.19811320754716982 0.9140625 0.20754716981132076 0.9171875 0.2099056603773585 0.9171875 0.2169811320754717 0.9203125 0.21933962264150944 0.9203125 0.22877358490566038 0.9234375 0.22877358490566038 0.925 0.23349056603773585 0.934375 0.23349056603773585 0.9390625 0.22169811320754718 0.9453125 0.22169811320754718 0.946875 0.2169811320754717 0.95625 0.2169811320754717 0.959375 0.22169811320754718 0.9609375 0.2169811320754717 0.9671875 0.2169811320754717 0.9703125 0.21226415094339623 0.9703125 0.2028301886792453 0.9734375 0.20047169811320756 0.9734375 0.18632075471698112 0.978125 0.18396226415094338 0.9796875 0.1792452830188679 0.984375 0.1792452830188679 0.9859375 0.18396226415094338 0.9890625 0.18396226415094338 0.990625 0.19103773584905662 0.9953125 0.19103773584905662 0.9953125 0.18160377358490565 0.9984375 0.1792452830188679 0.9984375 0.0660377358490566 0.9921875 0.0589622641509434 0.9921875 0.049528301886792456 0.9984375 0.04245283018867924 0.9984375 0.007075471698113208 0.9953125 0.0047169811320754715 0.9953125 0 0.8921875 0 0.890625 0.007075471698113208 0.8734375 0.007075471698113208 0.871875 0 0.7796875 0 0.7796875 0.0047169811320754715 0.7765625 0.007075471698113208 0.775 0 0.746875 0
2 0.765625 0.18632075471698112 0.7640625 0.19339622641509435 0.746875 0.19339622641509435 0.7453125 0.19811320754716982 0.7328125 0.19811320754716982 0.73125 0.2028301886792453 0.71875 0.2028301886792453 0.7171875 0.2099056603773585 0.696875 0.2099056603773585 0.6953125 0.21462264150943397 0.675 0.21462264150943397 0.6734375 0.21933962264150944 0.6609375 0.21933962264150944 0.659375 0.2240566037735849 0.653125 0.2240566037735849 0.6515625 0.23113207547169812 0.6453125 0.23113207547169812 0.64375 0.2358490566037736 0.60625 0.2358490566037736 0.6046875 0.24056603773584906 0.5546875 0.24056603773584906 0.553125 0.24764150943396226 0.5328125 0.24764150943396226 0.53125 0.25235849056603776 0.521875 0.25235849056603776 0.521875 0.28773584905660377 0.5265625 0.29009433962264153 0.5265625 0.32075471698113206 0.5296875 0.3231132075471698 0.5296875 0.33726415094339623 0.5328125 0.33962264150943394 0.5328125 0.3584905660377358 0.5375 0.3608490566037736 0.5375 0.3867924528301887 0.540625 0.3891509433962264 0.540625 0.4033018867924528 0.54375 0.4056603773584906 0.54375 0.41509433962264153 0.540625 0.419811320754717 0.54375 0.4221698113207547 0.54375 0.43160377358490565 0.540625 0.4339622641509434 0.540625 0.4410377358490566 0.5375 0.44339622641509435 0.5375 0.45754716981132076 0.5328125 0.45990566037735847 0.525 0.47641509433962265 0.521875 0.47641509433962265 0.51875 0.4811320754716981 0.5171875 0.4882075471698113 0.5109375 0.4882075471698113 0.509375 0.49292452830188677 0.5 0.49292452830188677 0.4953125 0.5047169811320755 0.4859375 0.5047169811320755 0.484375 0.5094339622641509 0.471875 0.5094339622641509 0.4703125 0.5141509433962265 0.4609375 0.5141509433962265 0.4609375 0.5283018867924528 0.4640625 0.5306603773584906 0.4640625 0.5400943396226415 0.4671875 0.5400943396226415 0.471875 0.5471698113207547 0.471875 0.5518867924528302 0.475 0.5542452830188679 0.475 0.5613207547169812 0.478125 0.5613207547169812 0.4828125 0.5683962264150944 0.4828125 0.5731132075471698 0.4859375 0.5754716981132075 0.4859375 0.5825471698113207 0.490625 0.5849056603773585 0.490625 0.5943396226415094 0.496875 0.6014150943396226 0.496875 0.6061320754716981 0.5 0.6084905660377359 0.5 0.6155660377358491 0.5046875 0.6179245283018868 0.5046875 0.6273584905660378 0.5109375 0.6344339622641509 0.5109375 0.6438679245283019 0.5140625 0.6438679245283019 0.51875 0.6509433962264151 0.51875 0.6556603773584906 0.521875 0.6580188679245284 0.521875 0.6650943396226415 0.525 0.6650943396226415 0.5296875 0.6721698113207547 0.5296875 0.6816037735849056 0.5328125 0.6839622641509434 0.5328125 0.6933962264150944 0.5359375 0.6933962264150944 0.54375 0.7051886792452831 0.54375 0.7099056603773585 0.5484375 0.7122641509433962 0.5484375 0.7193396226415094 0.5515625 0.7216981132075472 0.5515625 0.7264150943396226 0.5546875 0.7311320754716981 0.5578125 0.7311320754716981 0.5625 0.7382075471698113 0.5625 0.7476415094339622 0.5703125 0.7547169811320755 0.5703125 0.7594339622641509 0.5734375 0.7617924528301887 0.5734375 0.7688679245283019 0.5765625 0.7712264150943396 0.5765625 0.7759433962264151 0.5796875 0.7759433962264151 0.5875 0.7877358490566038 0.5875 0.7971698113207547 0.590625 0.8018867924528302 0.5953125 0.8042452830188679 0.5953125 0.8136792452830188 0.6 0.8136792452830188 0.6015625 0.8183962264150944 0.6078125 0.8183962264150944 0.6125 0.8254716981132075 0.6125 0.8301886792452831 0.6171875 0.8325471698113207 0.6171875 0.839622641509434 0.6234375 0.8490566037735849 0.6234375 0.8561320754716981 0.628125 0.8584905660377359 0.628125 0.8632075471698113 0.634375 0.8726415094339622 0.640625 0.8726415094339622 0.6453125 0.8844339622641509 0.6515625 0.8844339622641509 0.65625 0.8938679245283019 0.6609375 0.8962264150943396 0.6609375 0.9009433962264151 0.665625 0.9009433962264151 0.6671875 0.9056603773584906 0.6734375 0.9056603773584906 0.678125 0.9127358490566038 0.678125 0.9174528301886793 0.68125 0.9221698113207547 0.684375 0.9221698113207547 0.6859375 0.9268867924528302 0.6953125 0.9268867924528302 0.696875 0.9339622641509434 0.7015625 0.9339622641509434 0.703125 0.9386792452830188 0.709375 0.9386792452830188 0.7109375 0.9433962264150944 0.7171875 0.9433962264150944 0.71875 0.9504716981132075 0.7203125 0.9504716981132075 0.721875 0.9433962264150944 0.7421875 0.9433962264150944 0.74375 0.9504716981132075 0.75625 0.9504716981132075 0.7578125 0.9433962264150944 0.7640625 0.9433962264150944 0.7703125 0.9339622641509434 0.7703125 0.9292452830188679 0.775 0.9268867924528302 0.7765625 0.9221698113207547 0.8 0.9221698113207547 0.8046875 0.910377358490566 0.8078125 0.910377358490566 0.8078125 0.9033018867924528 0.8109375 0.9009433962264151 0.8109375 0.8915094339622641 0.8140625 0.8891509433962265 0.815625 0.8797169811320755 0.825 0.8797169811320755 0.8265625 0.8726415094339622 0.84375 0.8726415094339622 0.84375 0.8655660377358491 0.85 0.8561320754716981 0.85 0.8490566037735849 0.8546875 0.8466981132075472 0.8546875 0.8372641509433962 0.859375 0.8301886792452831 0.865625 0.8301886792452831 0.8671875 0.8231132075471698 0.871875 0.8231132075471698 0.8734375 0.8183962264150944 0.8765625 0.8183962264150944 0.8796875 0.8136792452830188 0.8796875 0.8042452830188679 0.8828125 0.8018867924528302 0.8828125 0.7924528301886793 0.8875 0.7900943396226415 0.8953125 0.7759433962264151 0.8984375 0.7759433962264151 0.8984375 0.7617924528301887 0.9015625 0.7594339622641509 0.9015625 0.7547169811320755 0.90625 0.7476415094339622 0.909375 0.7476415094339622 0.909375 0.7382075471698113 0.915625 0.7311320754716981 0.915625 0.7216981132075472 0.91875 0.7193396226415094 0.91875 0.7122641509433962 0.9234375 0.7099056603773585 0.9234375 0.7004716981132075 0.9296875 0.6933962264150944 0.9296875 0.6580188679245284 0.9265625 0.6556603773584906 0.9265625 0.625 0.9296875 0.6226415094339622 0.93125 0.6155660377358491 0.934375 0.6155660377358491 0.940625 0.6061320754716981 0.9421875 0.5990566037735849 0.9453125 0.5990566037735849 0.9515625 0.589622641509434 0.9515625 0.5754716981132075 0.95625 0.5731132075471698 0.95625 0.5542452830188679 0.9625 0.5448113207547169 0.9625 0.5306603773584906 0.9671875 0.5283018867924528 0.9671875 0.5141509433962265 0.9625 0.5117924528301887 0.9640625 0.5070754716981132 0.9671875 0.5070754716981132 0.9671875 0.4882075471698113 0.9625 0.4858490566037736 0.9625 0.46462264150943394 0.9671875 0.46226415094339623 0.9671875 0.44339622641509435 0.9625 0.4410377358490566 0.9625 0.4339622641509434 0.959375 0.43160377358490565 0.959375 0.4268867924528302 0.9625 0.42452830188679247 0.9625 0.3938679245283019 0.95625 0.3867924528301887 0.95625 0.37735849056603776 0.9515625 0.375 0.953125 0.37028301886792453 0.95625 0.37028301886792453 0.95625 0.3608490566037736 0.959375 0.3584905660377358 0.959375 0.33962264150943394 0.953125 0.33962264150943394 0.9515625 0.33490566037735847 0.9390625 0.33490566037735847 0.934375 0.3278301886792453 0.934375 0.3231132075471698 0.9375 0.32075471698113206 0.9375 0.2971698113207547 0.934375 0.294811320754717 0.934375 0.2806603773584906 0.9375 0.2783018867924528 0.9375 0.2641509433962264 0.93125 0.2641509433962264 0.9296875 0.25707547169811323 0.9171875 0.25707547169811323 0.915625 0.25235849056603776 0.909375 0.25 0.909375 0.24056603773584906 0.9125 0.23820754716981132 0.9125 0.2240566037735849 0.903125 0.2240566037735849 0.8984375 0.2169811320754717 0.8984375 0.19811320754716982 0.859375 0.19811320754716982 0.8546875 0.19103773584905662 0.8546875 0.18632075471698112 0.8046875 0.18632075471698112 0.803125 0.18160377358490565 0.790625 0.18160377358490565 0.790625 0.18396226415094338 0.7890625 0.18632075471698112 0.765625 0.18632075471698112
2 0 0.44575471698113206 0.009375 0.44575471698113206 0.0109375 0.4410377358490566 0.0171875 0.4410377358490566 0.01875 0.4363207547169811 0.025 0.4363207547169811 0.0265625 0.43160377358490565 0.03125 0.43160377358490565 0.03125 0.4221698113207547 0 0.4221698113207547 0 0.42452830188679247 0 0.44575471698113206
2 0.2109375 0.5424528301886793 0.2109375 0.5660377358490566 0.2078125 0.5683962264150944 0.2078125 0.5943396226415094 0.203125 0.5966981132075472 0.203125 0.6226415094339622 0.2 0.625 0.203125 0.6297169811320755 0.203125 0.6698113207547169 0.2078125 0.6721698113207547 0.2078125 0.6768867924528302 0.2125 0.6768867924528302 0.2140625 0.6698113207547169 0.2171875 0.6698113207547169 0.2171875 0.6627358490566038 0.2203125 0.660377358490566 0.2203125 0.6509433962264151 0.2234375 0.6485849056603774 0.2234375 0.6344339622641509 0.228125 0.6320754716981132 0.228125 0.625 0.23125 0.6226415094339622 0.23125 0.6132075471698113 0.234375 0.6108490566037735 0.234375 0.6014150943396226 0.2390625 0.5990566037735849 0.2390625 0.5919811320754716 0.2421875 0.589622641509434 0.2421875 0.5754716981132075 0.2453125 0.5731132075471698 0.2453125 0.5377358490566038 0.2421875 0.535377358490566 0.2421875 0.5259433962264151 0.2140625 0.5259433962264151 0.2140625 0.5283018867924528 0.2140625 0.5400943396226415 0.2109375 0.5424528301886793
2 0.1921875 0.5400943396226415 0.1859375 0.5471698113207547 0.184375 0.5542452830188679 0.18125 0.5542452830188679 0.18125 0.5613207547169812 0.178125 0.5636792452830188 0.178125 0.5731132075471698 0.1765625 0.5754716981132075 0.1703125 0.5754716981132075 0.1703125 0.6108490566037735 0.1671875 0.6132075471698113 0.1671875 0.6650943396226415 0.1703125 0.6698113207547169 0.1734375 0.6698113207547169 0.18125 0.6556603773584906 0.184375 0.6556603773584906 0.184375 0.6462264150943396 0.1875 0.6438679245283019 0.1875 0.6344339622641509 0.190625 0.6320754716981132 0.190625 0.625 0.1953125 0.6226415094339622 0.1953125 0.6132075471698113 0.2015625 0.6061320754716981 0.2015625 0.5919811320754716 0.20625 0.589622641509434 0.20625 0.5754716981132075 0.209375 0.5731132075471698 0.209375 0.5542452830188679 0.2125 0.5518867924528302 0.2125 0.5259433962264151 0.203125 0.5259433962264151 0.2015625 0.5212264150943396 0.196875 0.5212264150943396 0.196875 0.5235849056603774 0.1921875 0.5259433962264151 0.1921875 0.5400943396226415
2 0 0.9599056603773585 0.025 0.9599056603773585 0.0265625 0.9622641509433962 0.0265625 0.9929245283018868 0.046875 0.9929245283018868 0.0484375 0.9976415094339622 0.1046875 0.9976415094339622 0.10625 0.9929245283018868 0.184375 0.9929245283018868 0.1859375 0.9976415094339622 0.234375 0.9976415094339622 0.2359375 0.9929245283018868 0.2390625 0.9929245283018868 0.240625 0.9976415094339622 0.2703125 0.9976415094339622 0.271875 0.9929245283018868 0.2921875 0.9929245283018868 0.29375 0.9976415094339622 0.325 0.9976415094339622 0.33125 0.9882075471698113 0.3359375 0.9882075471698113 0.3375 0.9929245283018868 0.3546875 0.9929245283018868 0.35625 0.9976415094339622 0.3984375 0.9976415094339622 0.4 0.9929245283018868 0.4265625 0.9929245283018868 0.428125 0.9976415094339622 0.4375 0.9976415094339622 0.4390625 0.9929245283018868 0.4671875 0.9929245283018868 0.46875 0.9976415094339622 0.478125 0.9976415094339622 0.48125 0.9929245283018868 0.4828125 0.9976415094339622 0.4921875 0.9976415094339622 0.49375 0.9929245283018868 0.4984375 0.9929245283018868 0.5 0.9834905660377359 0.503125 0.9834905660377359 0.503125 0.9245283018867925 0.5046875 0.9221698113207547 0.525 0.9221698113207547 0.5265625 0.9174528301886793 0.53125 0.9174528301886793 0.53125 0.9080188679245284 0.5328125 0.9056603773584906 0.5359375 0.9056603773584906 0.5359375 0.8702830188679245 0.53125 0.8679245283018868 0.53125 0.8372641509433962 0.5390625 0.8301886792452831 0.5390625 0.8254716981132075 0.5421875 0.8231132075471698 0.5421875 0.8160377358490566 0.5390625 0.8136792452830188 0.5390625 0.7995283018867925 0.5359375 0.7971698113207547 0.5359375 0.7830188679245284 0.53125 0.7806603773584906 0.53125 0.7712264150943396 0.528125 0.7688679245283019 0.528125 0.7617924528301887 0.525 0.7594339622641509 0.525 0.7547169811320755 0.5203125 0.7523584905660378 0.5203125 0.7382075471698113 0.525 0.7358490566037735 0.525 0.7169811320754716 0.5203125 0.714622641509434 0.5203125 0.7051886792452831 0.5140625 0.6981132075471698 0.5140625 0.6886792452830188 0.5109375 0.6886792452830188 0.503125 0.6768867924528302 0.503125 0.6721698113207547 0.4984375 0.6698113207547169 0.4984375 0.6627358490566038 0.4953125 0.660377358490566 0.4953125 0.6297169811320755 0.4890625 0.6226415094339622 0.4890625 0.6179245283018868 0.4859375 0.6179245283018868 0.478125 0.6061320754716981 0.478125 0.6014150943396226 0.475 0.6014150943396226 0.4703125 0.5943396226415094 0.4703125 0.5849056603773585 0.4671875 0.5801886792452831 0.4609375 0.5801886792452831 0.459375 0.5778301886792453 0.459375 0.5683962264150944 0.453125 0.5683962264150944 0.4453125 0.5542452830188679 0.440625 0.5518867924528302 0.440625 0.5471698113207547 0.4375 0.5424528301886793 0.43125 0.5424528301886793 0.4265625 0.535377358490566 0.4265625 0.5306603773584906 0.3921875 0.5306603773584906 0.3921875 0.5400943396226415 0.3890625 0.5424528301886793 0.3890625 0.5613207547169812 0.3921875 0.5636792452830188 0.3921875 0.589622641509434 0.390625 0.5919811320754716 0.3703125 0.5919811320754716 0.3703125 0.6108490566037735 0.3671875 0.6132075471698113 0.3671875 0.6320754716981132 0.3625 0.6344339622641509 0.3625 0.660377358490566 0.35625 0.6674528301886793 0.35625 0.6816037735849056 0.3515625 0.6839622641509434 0.3515625 0.6981132075471698 0.3453125 0.7051886792452831 0.3453125 0.7193396226415094 0.340625 0.7216981132075472 0.340625 0.7311320754716981 0.3375 0.7334905660377359 0.3375 0.7476415094339622 0.33125 0.7547169811320755 0.33125 0.7641509433962265 0.3234375 0.7712264150943396 0.3234375 0.7806603773584906 0.31875 0.7877358490566038 0.315625 0.7877358490566038 0.3140625 0.7924528301886793 0.3046875 0.7924528301886793 0.303125 0.7995283018867925 0.290625 0.7995283018867925 0.2890625 0.7924528301886793 0.2796875 0.7924528301886793 0.278125 0.7877358490566038 0.26875 0.7877358490566038 0.2671875 0.7830188679245284 0.2609375 0.7830188679245284 0.25625 0.7759433962264151 0.25625 0.7712264150943396 0.25 0.7712264150943396 0.2484375 0.7665094339622641 0.24375 0.7665094339622641 0.2390625 0.7594339622641509 0.2390625 0.7547169811320755 0.2359375 0.7547169811320755 0.234375 0.75 0.225 0.75 0.2171875 0.7334905660377359 0.2109375 0.7334905660377359 0.209375 0.7287735849056604 0.203125 0.7287735849056604 0.2015625 0.7216981132075472 0.1984375 0.7193396226415094 0.1984375 0.7122641509433962 0.1953125 0.7099056603773585 0.1953125 0.7051886792452831 0.1890625 0.7051886792452831 0.1875 0.7004716981132075 0.178125 0.7004716981132075 0.1765625 0.6981132075471698 0.1765625 0.6886792452830188 0.1703125 0.6886792452830188 0.165625 0.6816037735849056 0.165625 0.6674528301886793 0.1625 0.6650943396226415 0.1625 0.6509433962264151 0.159375 0.6462264150943396 0.15625 0.6462264150943396 0.1546875 0.6415094339622641 0.1421875 0.6415094339622641 0.140625 0.6391509433962265 0.140625 0.6179245283018868 0.14375 0.6155660377358491 0.14375 0.5919811320754716 0.1484375 0.589622641509434 0.1484375 0.5801886792452831 0.15 0.5778301886792453 0.1546875 0.5778301886792453 0.1546875 0.5683962264150944 0.159375 0.5660377358490566 0.16875 0.5518867924528302 0.1703125 0.5448113207547169 0.1734375 0.5448113207547169 0.1734375 0.5377358490566038 0.1765625 0.535377358490566 0.1765625 0.5094339622641509 0.178125 0.5070754716981132 0.1875 0.5070754716981132 0.1890625 0.5023584905660378 0.1953125 0.5023584905660378 0.1953125 0.49764150943396224 0.203125 0.4858490566037736 0.20625 0.4858490566037736 0.2078125 0.47877358490566035 0.2125 0.47877358490566035 0.2140625 0.4740566037735849 0.2171875 0.4740566037735849 0.2203125 0.4693396226415094 0.2203125 0.455188679245283 0.2234375 0.4528301886792453 0.2234375 0.4481132075471698 0.2203125 0.44575471698113206 0.2203125 0.4386792452830189 0.2171875 0.4339622641509434 0.2125 0.43160377358490565 0.2125 0.4221698113207547 0.209375 0.419811320754717 0.209375 0.41037735849056606 0.20625 0.4080188679245283 0.20625 0.4009433962264151 0.2015625 0.39858490566037735 0.2015625 0.3938679245283019 0.1921875 0.3938679245283019 0.190625 0.3891509433962264 0.175 0.3891509433962264 0.175 0.3915094339622642 0.1734375 0.3938679245283019 0.1671875 0.3938679245283019 0.165625 0.4009433962264151 0.153125 0.4009433962264151 0.1515625 0.4056603773584906 0.1421875 0.4056603773584906 0.1390625 0.41037735849056606 0.1390625 0.419811320754717 0.134375 0.4221698113207547 0.1328125 0.4268867924528302 0.1234375 0.4268867924528302 0.121875 0.4339622641509434 0.1125 0.4339622641509434 0.1078125 0.44339622641509435 0.1015625 0.44339622641509435 0.096875 0.455188679245283 0.090625 0.455188679245283 0.090625 0.4740566037735849 0.0953125 0.47641509433962265 0.0953125 0.4858490566037736 0.09375 0.4882075471698113 0.090625 0.4882075471698113 0.0890625 0.49292452830188677 0.084375 0.49292452830188677 0.0796875 0.5047169811320755 0.0734375 0.5047169811320755 0.06875 0.5141509433962265 0.0625 0.5141509433962265 0.0625 0.5188679245283019 0.0578125 0.5259433962264151 0.0515625 0.5259433962264151 0.05 0.5306603773584906 0.04375 0.5306603773584906 0.04375 0.535377358490566 0.0375 0.5424528301886793 0.0375 0.5518867924528302 0.0359375 0.5542452830188679 0.0328125 0.5542452830188679 0.028125 0.5636792452830188 0.021875 0.5636792452830188 0.0140625 0.5801886792452831 0.0078125 0.5801886792452831 0.0046875 0.5849056603773585 0.0046875 0.6108490566037735 0.009375 0.6108490566037735 0.0109375 0.6155660377358491 0.015625 0.6179245283018868 0.015625 0.6273584905660378 0.0109375 0.6297169811320755 0.0109375 0.6391509433962265 0.0078125 0.6415094339622641 0.0078125 0.6485849056603774 0.0046875 0.6509433962264151 0.0046875 0.6698113207547169 0 0.6721698113207547 0 0.7099056603773585 0.0046875 0.7122641509433962 0.0046875 0.7358490566037735 0 0.7382075471698113 0 0.7476415094339622 0.0046875 0.75 0.0046875 0.7688679245283019 0 0.7712264150943396 0 0.8844339622641509 0.0046875 0.8867924528301887 0.0046875 0.8938679245283019 0 0.8962264150943396 0 0.9599056603773585
2 0.3046875 0.5023584905660378 0.309375 0.5047169811320755 0.309375 0.5117924528301887 0.3125 0.5141509433962265 0.3125 0.5188679245283019 0.315625 0.5235849056603774 0.321875 0.5235849056603774 0.3265625 0.5306603773584906 0.3265625 0.535377358490566 0.3296875 0.535377358490566 0.33125 0.5400943396226415 0.3359375 0.5400943396226415 0.340625 0.5471698113207547 0.340625 0.5518867924528302 0.346875 0.5518867924528302 0.35625 0.5660377358490566 0.3609375 0.5660377358490566 0.3625 0.5731132075471698 0.36875 0.5731132075471698 0.3703125 0.5778301886792453 0.3765625 0.5778301886792453 0.378125 0.5825471698113207 0.3875 0.5825471698113207 0.3875 0.5683962264150944 0.3828125 0.5660377358490566 0.3828125 0.5589622641509434 0.3796875 0.5566037735849056 0.3796875 0.5471698113207547 0.36875 0.535377358490566 0.36875 0.5259433962264151 0.3609375 0.5188679245283019 0.3609375 0.5141509433962265 0.35625 0.5141509433962265 0.3546875 0.5094339622641509 0.35 0.5070754716981132 0.35 0.49764150943396224 0.346875 0.49292452830188677 0.3375 0.49292452830188677 0.3359375 0.4882075471698113 0.309375 0.4882075471698113 0.309375 0.49056603773584906 0.3046875 0.49292452830188677 0.3046875 0.5023584905660378
2 0.090625 0.25235849056603776 0.0859375 0.2641509433962264 0.08125 0.2641509433962264 0.0796875 0.2688679245283019 0.0765625 0.2688679245283019 0.0734375 0.27358490566037735 0.0734375 0.2830188679245283 0.0765625 0.28537735849056606 0.0765625 0.294811320754717 0.0796875 0.294811320754717 0.0875 0.30660377358490565 0.0875 0.3113207547169811 0.09375 0.3113207547169811 0.1015625 0.3231132075471698 0.1015625 0.3278301886792453 0.0984375 0.330188679245283 0.0984375 0.33726415094339623 0.09375 0.3443396226415094 0.090625 0.3443396226415094 0.090625 0.35377358490566035 0.0875 0.3561320754716981 0.0875 0.36556603773584906 0.0984375 0.37735849056603776 0.0984375 0.38207547169811323 0.1046875 0.38207547169811323 0.109375 0.3891509433962264 0.109375 0.41509433962264153 0.1265625 0.41509433962264153 0.1265625 0.41037735849056606 0.13125 0.4033018867924528 0.140625 0.4033018867924528 0.1421875 0.39858490566037735 0.1515625 0.39858490566037735 0.153125 0.3915094339622642 0.1625 0.3915094339622642 0.1640625 0.3867924528301887 0.1734375 0.3867924528301887 0.175 0.38207547169811323 0.1796875 0.38207547169811323 0.18125 0.375 0.184375 0.375 0.184375 0.36792452830188677 0.1875 0.36556603773584906 0.1875 0.3608490566037736 0.184375 0.3584905660377358 0.184375 0.3443396226415094 0.18125 0.3443396226415094 0.1734375 0.33254716981132076 0.1734375 0.3231132075471698 0.1703125 0.3231132075471698 0.1625 0.3113207547169811 0.1625 0.30660377358490565 0.159375 0.3018867924528302 0.15625 0.3018867924528302 0.1515625 0.294811320754717 0.1515625 0.29009433962264153 0.1453125 0.29009433962264153 0.1375 0.2783018867924528 0.1375 0.27358490566037735 0.134375 0.27358490566037735 0.1328125 0.2688679245283019 0.128125 0.2688679245283019 0.1265625 0.2641509433962264 0.1234375 0.2641509433962264 0.121875 0.25707547169811323 0.1171875 0.25707547169811323 0.115625 0.25235849056603776 0.10625 0.25235849056603776 0.1046875 0.24764150943396226 0.0984375 0.24764150943396226 0.0984375 0.25 0.096875 0.25235849056603776 0.090625 0.25235849056603776
2 0.25 0.5400943396226415 0.246875 0.5424528301886793 0.246875 0.5990566037735849 0.25 0.6014150943396226 0.25 0.6155660377358491 0.2546875 0.6179245283018868 0.2546875 0.6320754716981132 0.2609375 0.6415094339622641 0.2609375 0.6485849056603774 0.265625 0.6509433962264151 0.265625 0.6556603773584906 0.271875 0.6650943396226415 0.2890625 0.6650943396226415 0.2890625 0.6415094339622641 0.2921875 0.6391509433962265 0.2921875 0.6344339622641509 0.2890625 0.6297169811320755 0.2921875 0.625 0.2890625 0.6226415094339622 0.2890625 0.5849056603773585 0.2859375 0.5825471698113207 0.2859375 0.5683962264150944 0.28125 0.5660377358490566 0.28125 0.5589622641509434 0.278125 0.5566037735849056 0.278125 0.5471698113207547 0.275 0.5448113207547169 0.275 0.5377358490566038 0.2703125 0.535377358490566 0.2703125 0.5306603773584906 0.2671875 0.5259433962264151 0.2546875 0.5259433962264151 0.2546875 0.5283018867924528 0.25 0.5306603773584906 0.25 0.5400943396226415
2 0 0.49528301886792453 0.0171875 0.49528301886792453 0.01875 0.5023584905660378 0.0421875 0.5023584905660378 0.04375 0.5070754716981132 0.0578125 0.5070754716981132 0.059375 0.5023584905660378 0.06875 0.5023584905660378 0.06875 0.49764150943396224 0.0765625 0.4858490566037736 0.0796875 0.4858490566037736 0.0796875 0.4811320754716981 0.0828125 0.47877358490566035 0.0828125 0.4716981132075472 0.0796875 0.4693396226415094 0.0796875 0.45990566037735847 0.0828125 0.45754716981132076 0.0828125 0.4481132075471698 0.0890625 0.44575471698113206 0.090625 0.4410377358490566 0.09375 0.4410377358490566 0.1 0.43160377358490565 0.1 0.3938679245283019 0.09375 0.38443396226415094 0.090625 0.38443396226415094 0.0890625 0.37735849056603776 0.0828125 0.37028301886792453 0.0828125 0.3608490566037736 0.0859375 0.3584905660377358 0.0859375 0.35141509433962265 0.0890625 0.3490566037735849 0.0890625 0.33962264150943394 0.09375 0.33726415094339623 0.09375 0.33490566037735847 0.0890625 0.33254716981132076 0.0890625 0.31839622641509435 0.0828125 0.3113207547169811 0.0828125 0.30660377358490565 0.0796875 0.3018867924528302 0.0765625 0.3018867924528302 0.071875 0.294811320754717 0.071875 0.29009433962264153 0.06875 0.28773584905660377 0.06875 0.2806603773584906 0.0640625 0.2783018867924528 0.0640625 0.27358490566037735 0.06875 0.27122641509433965 0.075 0.2617924528301887 0.0765625 0.25471698113207547 0.0796875 0.25471698113207547 0.0796875 0.24764150943396226 0.0765625 0.24764150943396226 0.075 0.24056603773584906 0.071875 0.23820754716981132 0.071875 0.23113207547169812 0.065625 0.23113207547169812 0.0640625 0.2240566037735849 0.0578125 0.21462264150943397 0.0484375 0.21462264150943397 0.046875 0.2099056603773585 0.0328125 0.2099056603773585 0.03125 0.2028301886792453 0.0265625 0.2028301886792453 0.025 0.19811320754716982 0.0078125 0.19811320754716982 0.00625 0.19339622641509435 0 0.19339622641509435 0 0.1957547169811321 0 0.419811320754717 0.03125 0.419811320754717 0.0328125 0.4221698113207547 0.0328125 0.43160377358490565 0.0265625 0.4339622641509434 0.025 0.4386792452830189 0.01875 0.4386792452830189 0.0171875 0.44339622641509435 0.0109375 0.44339622641509435 0.009375 0.4481132075471698 0 0.4481132075471698 0 0.49528301886792453
2 0.4609375 0 0.4609375 0.0023584905660377358 0.4578125 0.007075471698113208 0.4578125 0.02122641509433962 0.45 0.02830188679245283 0.45 0.03773584905660377 0.446875 0.04009433962264151 0.446875 0.04716981132075472 0.4421875 0.049528301886792456 0.4421875 0.0589622641509434 0.4390625 0.06132075471698113 0.4390625 0.07075471698113207 0.434375 0.07783018867924528 0.43125 0.07783018867924528 0.43125 0.08726415094339622 0.425 0.09433962264150944 0.425 0.1179245283018868 0.4203125 0.12028301886792453 0.4203125 0.12971698113207547 0.4171875 0.1320754716981132 0.4171875 0.1509433962264151 0.4203125 0.15330188679245282 0.4203125 0.1580188679245283 0.434375 0.1580188679245283 0.4359375 0.16273584905660377 0.4515625 0.16273584905660377 0.453125 0.1580188679245283 0.45625 0.1580188679245283 0.4609375 0.1650943396226415 0.4609375 0.17452830188679244 0.4671875 0.17452830188679244 0.46875 0.1792452830188679 0.4734375 0.1792452830188679 0.475 0.18396226415094338 0.478125 0.18396226415094338 0.4796875 0.19103773584905662 0.4859375 0.20047169811320756 0.4921875 0.20047169811320756 0.49375 0.20754716981132076 0.5 0.2169811320754717 0.503125 0.2169811320754717 0.5078125 0.2240566037735849 0.5078125 0.22877358490566038 0.553125 0.22877358490566038 0.5546875 0.22169811320754718 0.5578125 0.22169811320754718 0.559375 0.22877358490566038 0.5828125 0.22877358490566038 0.584375 0.22169811320754718 0.6078125 0.22169811320754718 0.609375 0.2169811320754717 0.621875 0.2169811320754717 0.6234375 0.21226415094339623 0.6296875 0.21226415094339623 0.634375 0.20047169811320756 0.659375 0.20047169811320756 0.6609375 0.1957547169811321 0.665625 0.1957547169811321 0.6671875 0.19103773584905662 0.6734375 0.19103773584905662 0.675 0.18396226415094338 0.6796875 0.18396226415094338 0.68125 0.1792452830188679 0.684375 0.1792452830188679 0.6875 0.17452830188679244 0.6875 0.16981132075471697 0.690625 0.16745283018867924 0.690625 0.15330188679245282 0.684375 0.14386792452830188 0.6796875 0.14150943396226415 0.6796875 0.1320754716981132 0.68125 0.12971698113207547 0.690625 0.12971698113207547 0.6921875 0.125 0.6953125 0.125 0.696875 0.1179245283018868 0.7015625 0.1179245283018868 0.7078125 0.10849056603773585 0.7125 0.10849056603773585 0.7140625 0.10377358490566038 0.7171875 0.10377358490566038 0.7171875 0.09905660377358491 0.7234375 0.09198113207547169 0.7234375 0.08254716981132075 0.728125 0.08018867924528301 0.728125 0.07783018867924528 0.7234375 0.07547169811320754 0.7234375 0.0660377358490566 0.7171875 0.05660377358490566 0.7125 0.054245283018867926 0.7125 0.04481132075471698 0.7203125 0.03773584905660377 0.7203125 0.02830188679245283 0.7234375 0.025943396226415096 0.7234375 0.01650943396226415 0.73125 0.009433962264150943 0.73125 0 0.5078125 0 0.50625 0.007075471698113208 0.496875 0.007075471698113208 0.4953125 0 0.4609375 0
1 0.2828125 0.5212264150943396 0.2796875 0.5283018867924528 0.2921875 0.5283018867924528 0.29375 0.535377358490566 0.3 0.535377358490566 0.3015625 0.5400943396226415 0.3 0.5424528301886793 0.29375 0.5424528301886793 0.29375 0.5448113207547169 0.303125 0.5448113207547169 0.3046875 0.5518867924528302 0.3078125 0.5518867924528302 0.309375 0.5566037735849056 0.3078125 0.5589622641509434 0.2875 0.5589622641509434 0.2875 0.5825471698113207 0.290625 0.5849056603773585 0.290625 0.660377358490566 0.2859375 0.6674528301886793 0.2765625 0.6674528301886793 0.275 0.6627358490566038 0.26875 0.6627358490566038 0.2640625 0.6556603773584906 0.2640625 0.6509433962264151 0.259375 0.6485849056603774 0.259375 0.6415094339622641 0.25625 0.6391509433962265 0.25625 0.6297169811320755 0.253125 0.6273584905660378 0.253125 0.6179245283018868 0.2484375 0.6155660377358491 0.2484375 0.6014150943396226 0.2453125 0.5990566037735849 0.2453125 0.5919811320754716 0.24375 0.5919811320754716 0.2390625 0.6014150943396226 0.2359375 0.6014150943396226 0.2359375 0.6108490566037735 0.2328125 0.6132075471698113 0.2328125 0.6226415094339622 0.2296875 0.625 0.228125 0.6344339622641509 0.225 0.6344339622641509 0.225 0.6438679245283019 0.221875 0.6462264150943396 0.221875 0.6556603773584906 0.21875 0.6580188679245284 0.2171875 0.6674528301886793 0.2140625 0.6674528301886793 0.2125 0.6721698113207547 0.20625 0.6698113207547169 0.20625 0.6580188679245284 0.2015625 0.6556603773584906 0.2015625 0.6344339622641509 0.1984375 0.6297169811320755 0.1921875 0.6297169811320755 0.1890625 0.6344339622641509 0.1890625 0.6438679245283019 0.1859375 0.6462264150943396 0.1859375 0.6556603773584906 0.18125 0.6580188679245284 0.18125 0.6698113207547169 0.1859375 0.6721698113207547 0.1859375 0.6768867924528302 0.1890625 0.6792452830188679 0.1890625 0.6863207547169812 0.1921875 0.6886792452830188 0.1921875 0.6933962264150944 0.1953125 0.6933962264150944 0.203125 0.7051886792452831 0.203125 0.7099056603773585 0.20625 0.7099056603773585 0.2109375 0.7193396226415094 0.2171875 0.7193396226415094 0.21875 0.7264150943396226 0.225 0.7358490566037735 0.23125 0.7358490566037735 0.2328125 0.7429245283018868 0.2390625 0.7429245283018868 0.246875 0.7547169811320755 0.246875 0.7594339622641509 0.253125 0.7594339622641509 0.2578125 0.7688679245283019 0.2640625 0.7688679245283019 0.265625 0.7759433962264151 0.2703125 0.7759433962264151 0.271875 0.7806603773584906 0.278125 0.7806603773584906 0.2796875 0.785377358490566 0.2921875 0.785377358490566 0.29375 0.7900943396226415 0.303125 0.7900943396226415 0.3046875 0.785377358490566 0.3109375 0.785377358490566 0.315625 0.7759433962264151 0.31875 0.7759433962264151 0.31875 0.7712264150943396 0.321875 0.7688679245283019 0.321875 0.7617924528301887 0.325 0.7594339622641509 0.325 0.75 0.3296875 0.7476415094339622 0.3296875 0.7382075471698113 0.3328125 0.7358490566037735 0.3328125 0.7287735849056604 0.3359375 0.7264150943396226 0.3359375 0.7169811320754716 0.3390625 0.714622641509434 0.3390625 0.7051886792452831 0.34375 0.7028301886792453 0.34375 0.6957547169811321 0.346875 0.6933962264150944 0.346875 0.6792452830188679 0.35 0.6768867924528302 0.35 0.6627358490566038 0.3546875 0.660377358490566 0.3546875 0.6509433962264151 0.3578125 0.6485849056603774 0.3578125 0.6297169811320755 0.3609375 0.6273584905660378 0.3609375 0.5754716981132075 0.3578125 0.5731132075471698 0.3578125 0.5683962264150944 0.3515625 0.5683962264150944 0.34375 0.5542452830188679 0.340625 0.5542452830188679 0.3390625 0.5471698113207547 0.334375 0.5471698113207547 0.3328125 0.5424528301886793 0.3265625 0.5424528301886793 0.321875 0.535377358490566 0.321875 0.5306603773584906 0.315625 0.5306603773584906 0.3140625 0.5259433962264151 0.309375 0.5259433962264151 0.3078125 0.5212264150943396 0.3015625 0.5212264150943396 0.296875 0.5094339622641509 0.29375 0.5094339622641509 0.290625 0.5047169811320755 0.290625 0.5070754716981132 0.2875 0.5188679245283019 0.2828125 0.5212264150943396
1 0.2578125 0.46462264150943394 0.2578125 0.47877358490566035 0.2609375 0.4811320754716981 0.2609375 0.49056603773584906 0.2640625 0.49056603773584906 0.265625 0.49528301886792453 0.2609375 0.49764150943396224 0.2609375 0.5023584905660378 0.253125 0.5141509433962265 0.246875 0.5141509433962265 0.2453125 0.5094339622641509 0.240625 0.5094339622641509 0.2390625 0.5047169811320755 0.234375 0.5023584905660378 0.234375 0.49292452830188677 0.23125 0.49056603773584906 0.23125 0.47641509433962265 0.225 0.47641509433962265 0.2234375 0.4811320754716981 0.21875 0.4811320754716981 0.2171875 0.4882075471698113 0.2109375 0.4882075471698113 0.20625 0.49764150943396224 0.203125 0.49764150943396224 0.203125 0.5023584905660378 0.1953125 0.5141509433962265 0.1921875 0.5141509433962265 0.1921875 0.5235849056603774 0.1890625 0.5259433962264151 0.1890625 0.535377358490566 0.1859375 0.5377358490566038 0.1859375 0.5448113207547169 0.18125 0.5471698113207547 0.18125 0.5613207547169812 0.175 0.5683962264150944 0.1734375 0.5754716981132075 0.1703125 0.5754716981132075 0.1703125 0.589622641509434 0.1671875 0.5919811320754716 0.1703125 0.5966981132075472 0.1703125 0.6226415094339622 0.1671875 0.625 0.1671875 0.6438679245283019 0.1703125 0.6462264150943396 0.1703125 0.6650943396226415 0.1796875 0.6650943396226415 0.18125 0.6698113207547169 0.184375 0.6698113207547169 0.1859375 0.6768867924528302 0.1890625 0.6792452830188679 0.1890625 0.6863207547169812 0.1921875 0.6886792452830188 0.1921875 0.6933962264150944 0.1953125 0.6933962264150944 0.203125 0.7051886792452831 0.203125 0.7099056603773585 0.20625 0.7099056603773585 0.2140625 0.7216981132075472 0.2140625 0.7264150943396226 0.2203125 0.7264150943396226 0.225 0.7358490566037735 0.2296875 0.7382075471698113 0.2296875 0.7429245283018868 0.2390625 0.7429245283018868 0.246875 0.7547169811320755 0.246875 0.7594339622641509 0.253125 0.7594339622641509 0.2578125 0.7688679245283019 0.2640625 0.7688679245283019 0.265625 0.7759433962264151 0.2703125 0.7759433962264151 0.271875 0.7806603773584906 0.278125 0.7806603773584906 0.2796875 0.785377358490566 0.2921875 0.785377358490566 0.29375 0.7900943396226415 0.303125 0.7900943396226415 0.3046875 0.785377358490566 0.3109375 0.785377358490566 0.315625 0.7759433962264151 0.31875 0.7759433962264151 0.31875 0.7712264150943396 0.321875 0.7688679245283019 0.321875 0.7617924528301887 0.325 0.7594339622641509 0.325 0.75 0.3296875 0.7476415094339622 0.3296875 0.7382075471698113 0.3328125 0.7358490566037735 0.3328125 0.7287735849056604 0.3359375 0.7264150943396226 0.3359375 0.7169811320754716 0.3390625 0.714622641509434 0.3390625 0.7051886792452831 0.34375 0.7028301886792453 0.34375 0.6957547169811321 0.346875 0.6933962264150944 0.346875 0.6792452830188679 0.35 0.6768867924528302 0.35 0.6674528301886793 0.3546875 0.6650943396226415 0.3546875 0.6509433962264151 0.3578125 0.6485849056603774 0.3578125 0.6344339622641509 0.3609375 0.6320754716981132 0.3609375 0.5683962264150944 0.365625 0.5660377358490566 0.3671875 0.5731132075471698 0.3765625 0.5731132075471698 0.378125 0.5778301886792453 0.3828125 0.5778301886792453 0.3828125 0.5683962264150944 0.3796875 0.5660377358490566 0.3796875 0.5589622641509434 0.3765625 0.5542452830188679 0.371875 0.5518867924528302 0.371875 0.5424528301886793 0.365625 0.535377358490566 0.365625 0.5259433962264151 0.3625 0.5259433962264151 0.3578125 0.5188679245283019 0.3578125 0.5141509433962265 0.3515625 0.5141509433962265 0.34375 0.5023584905660378 0.34375 0.49764150943396224 0.340625 0.49764150943396224 0.3390625 0.49292452830188677 0.3234375 0.49292452830188677 0.321875 0.4882075471698113 0.315625 0.4882075471698113 0.3140625 0.4811320754716981 0.309375 0.4811320754716981 0.303125 0.4716981132075472 0.2984375 0.4716981132075472 0.296875 0.46462264150943394 0.2828125 0.46462264150943394 0.28125 0.45990566037735847 0.271875 0.45990566037735847 0.271875 0.46226415094339623 0.2703125 0.46462264150943394 0.2578125 0.46462264150943394
1 0.4109375 0.16981132075471697 0.409375 0.17688679245283018 0.40625 0.17688679245283018 0.403125 0.18160377358490565 0.403125 0.1957547169811321 0.3984375 0.2028301886792453 0.3953125 0.2028301886792453 0.39375 0.2099056603773585 0.3890625 0.2099056603773585 0.3828125 0.21933962264150944 0.3671875 0.21933962264150944 0.365625 0.21462264150943397 0.359375 0.21462264150943397 0.3625 0.22169811320754718 0.359375 0.2240566037735849 0.3578125 0.23113207547169812 0.3484375 0.23113207547169812 0.3453125 0.2358490566037736 0.3453125 0.28773584905660377 0.34375 0.29009433962264153 0.3375 0.29009433962264153 0.334375 0.28537735849056606 0.334375 0.294811320754717 0.3328125 0.2971698113207547 0.3265625 0.2971698113207547 0.325 0.3018867924528302 0.3203125 0.3018867924528302 0.3203125 0.33254716981132076 0.325 0.3278301886792453 0.3265625 0.33726415094339623 0.3390625 0.33726415094339623 0.340625 0.3419811320754717 0.3453125 0.3443396226415094 0.3453125 0.3490566037735849 0.340625 0.35141509433962265 0.3390625 0.3561320754716981 0.3359375 0.35141509433962265 0.33125 0.35141509433962265 0.3296875 0.3561320754716981 0.3265625 0.3561320754716981 0.3265625 0.36556603773584906 0.3390625 0.36556603773584906 0.340625 0.37028301886792453 0.34375 0.37028301886792453 0.3453125 0.36556603773584906 0.35 0.36556603773584906 0.35 0.35141509433962265 0.3515625 0.3490566037735849 0.3578125 0.3490566037735849 0.3578125 0.3443396226415094 0.3609375 0.3419811320754717 0.3625 0.3490566037735849 0.365625 0.3490566037735849 0.365625 0.33962264150943394 0.3671875 0.33726415094339623 0.371875 0.33726415094339623 0.3796875 0.3490566037735849 0.38125 0.3419811320754717 0.39375 0.3419811320754717 0.3953125 0.33726415094339623 0.3984375 0.33726415094339623 0.403125 0.3443396226415094 0.403125 0.3490566037735849 0.4015625 0.35141509433962265 0.384375 0.35141509433962265 0.384375 0.36556603773584906 0.378125 0.36792452830188677 0.3765625 0.37735849056603776 0.3703125 0.37735849056603776 0.36875 0.37264150943396224 0.3625 0.37264150943396224 0.3609375 0.37735849056603776 0.3484375 0.37735849056603776 0.3484375 0.39858490566037735 0.346875 0.4009433962264151 0.34375 0.39858490566037735 0.34375 0.3938679245283019 0.3265625 0.3938679245283019 0.3265625 0.39858490566037735 0.3328125 0.39858490566037735 0.334375 0.4033018867924528 0.34375 0.4033018867924528 0.3453125 0.4056603773584906 0.3453125 0.41509433962264153 0.34375 0.41745283018867924 0.33125 0.41745283018867924 0.3296875 0.41037735849056606 0.3234375 0.41037735849056606 0.31875 0.4033018867924528 0.321875 0.39858490566037735 0.321875 0.3938679245283019 0.3125 0.3938679245283019 0.3125 0.4080188679245283 0.309375 0.41037735849056606 0.309375 0.41509433962264153 0.3125 0.419811320754717 0.3296875 0.419811320754717 0.33125 0.42452830188679247 0.3375 0.4268867924528302 0.3375 0.4410377358490566 0.334375 0.44339622641509435 0.334375 0.4740566037735849 0.340625 0.4811320754716981 0.340625 0.4858490566037736 0.346875 0.4858490566037736 0.3515625 0.49528301886792453 0.3578125 0.49528301886792453 0.359375 0.5023584905660378 0.36875 0.5023584905660378 0.3703125 0.5070754716981132 0.3796875 0.5070754716981132 0.38125 0.5117924528301887 0.4125 0.5117924528301887 0.4140625 0.5188679245283019 0.4265625 0.5188679245283019 0.428125 0.5117924528301887 0.4453125 0.5117924528301887 0.446875 0.5070754716981132 0.459375 0.5070754716981132 0.4609375 0.5023584905660378 0.4734375 0.5023584905660378 0.475 0.49528301886792453 0.4890625 0.49528301886792453 0.490625 0.49056603773584906 0.4953125 0.49056603773584906 0.496875 0.4858490566037736 0.503125 0.4858490566037736 0.5046875 0.47877358490566035 0.509375 0.47877358490566035 0.5109375 0.4740566037735849 0.5171875 0.4740566037735849 0.521875 0.46226415094339623 0.525 0.46226415094339623 0.525 0.455188679245283 0.53125 0.44575471698113206 0.53125 0.4386792452830189 0.5359375 0.4363207547169811 0.5359375 0.3891509433962264 0.53125 0.3867924528301887 0.53125 0.37264150943396224 0.528125 0.37028301886792453 0.528125 0.3561320754716981 0.525 0.35377358490566035 0.525 0.33962264150943394 0.5203125 0.33726415094339623 0.5203125 0.31839622641509435 0.5171875 0.3160377358490566 0.5171875 0.2971698113207547 0.5140625 0.294811320754717 0.5140625 0.2641509433962264 0.509375 0.2617924528301887 0.509375 0.25235849056603776 0.50625 0.25 0.50625 0.24056603773584906 0.4953125 0.22877358490566038 0.4953125 0.2240566037735849 0.4921875 0.22169811320754718 0.4921875 0.21462264150943397 0.484375 0.20754716981132076 0.484375 0.2028301886792453 0.4796875 0.2028301886792453 0.478125 0.19811320754716982 0.475 0.19811320754716982 0.4703125 0.19103773584905662 0.4703125 0.18632075471698112 0.4640625 0.18632075471698112 0.4625 0.18160377358490565 0.453125 0.18160377358490565 0.4515625 0.17688679245283018 0.4453125 0.17452830188679244 0.4453125 0.16981132075471697 0.428125 0.16981132075471697 0.425 0.1650943396226415 0.425 0.16745283018867924 0.4234375 0.16981132075471697 0.4109375 0.16981132075471697
1 0.4453125 0.19339622641509435 0.4421875 0.19339622641509435 0.4359375 0.2028301886792453 0.434375 0.2099056603773585 0.43125 0.2099056603773585 0.425 0.21933962264150944 0.425 0.22877358490566038 0.4296875 0.22877358490566038 0.43125 0.23349056603773585 0.434375 0.23349056603773585 0.4359375 0.22877358490566038 0.4453125 0.22877358490566038 0.446875 0.23349056603773585 0.45625 0.23349056603773585 0.4578125 0.23820754716981132 0.4625 0.23820754716981132 0.4640625 0.24528301886792453 0.4671875 0.24528301886792453 0.471875 0.25471698113207547 0.46875 0.25707547169811323 0.4671875 0.2641509433962264 0.4640625 0.2641509433962264 0.4625 0.2688679245283019 0.4578125 0.2688679245283019 0.45625 0.27358490566037735 0.446875 0.27358490566037735 0.4453125 0.2806603773584906 0.4359375 0.2806603773584906 0.4359375 0.28773584905660377 0.440625 0.28773584905660377 0.4421875 0.294811320754717 0.4453125 0.294811320754717 0.453125 0.30660377358490565 0.453125 0.32075471698113206 0.4515625 0.3231132075471698 0.43125 0.3231132075471698 0.43125 0.3278301886792453 0.428125 0.330188679245283 0.4421875 0.35141509433962265 0.4421875 0.37028301886792453 0.4359375 0.37735849056603776 0.434375 0.38443396226415094 0.4140625 0.38443396226415094 0.4125 0.37735849056603776 0.40625 0.37735849056603776 0.4046875 0.37264150943396224 0.4 0.37264150943396224 0.3984375 0.36792452830188677 0.3890625 0.36792452830188677 0.3890625 0.3867924528301887 0.3921875 0.3891509433962264 0.3921875 0.4033018867924528 0.3953125 0.4056603773584906 0.3953125 0.419811320754717 0.4 0.4221698113207547 0.4 0.44575471698113206 0.3953125 0.4481132075471698 0.3953125 0.4528301886792453 0.3921875 0.455188679245283 0.390625 0.4481132075471698 0.3875 0.44339622641509435 0.384375 0.44339622641509435 0.3796875 0.4339622641509434 0.3734375 0.4339622641509434 0.371875 0.4268867924528302 0.365625 0.41745283018867924 0.3609375 0.41509433962264153 0.3609375 0.41037735849056606 0.3578125 0.4056603773584906 0.3515625 0.4056603773584906 0.3484375 0.41037735849056606 0.3484375 0.43160377358490565 0.3453125 0.4339622641509434 0.3453125 0.4410377358490566 0.340625 0.44339622641509435 0.3375 0.4481132075471698 0.3375 0.4528301886792453 0.334375 0.455188679245283 0.334375 0.4740566037735849 0.3375 0.47877358490566035 0.34375 0.47877358490566035 0.3453125 0.4858490566037736 0.3515625 0.49528301886792453 0.3609375 0.49528301886792453 0.3625 0.5023584905660378 0.36875 0.5023584905660378 0.3703125 0.5070754716981132 0.3828125 0.5070754716981132 0.384375 0.5117924528301887 0.440625 0.5117924528301887 0.4421875 0.5070754716981132 0.459375 0.5070754716981132 0.4609375 0.5023584905660378 0.4734375 0.5023584905660378 0.475 0.49528301886792453 0.4890625 0.49528301886792453 0.490625 0.49056603773584906 0.4953125 0.49056603773584906 0.496875 0.4858490566037736 0.503125 0.4858490566037736 0.5046875 0.47877358490566035 0.509375 0.47877358490566035 0.515625 0.4693396226415094 0.5203125 0.4693396226415094 0.5203125 0.45990566037735847 0.528125 0.4528301886792453 0.528125 0.4481132075471698 0.53125 0.44575471698113206 0.5328125 0.4363207547169811 0.5359375 0.4363207547169811 0.5359375 0.3938679245283019 0.53125 0.3915094339622642 0.53125 0.37264150943396224 0.528125 0.37028301886792453 0.528125 0.3561320754716981 0.525 0.35377358490566035 0.525 0.33962264150943394 0.5203125 0.33726415094339623 0.5203125 0.31839622641509435 0.5171875 0.3160377358490566 0.5171875 0.3018867924528302 0.5140625 0.29952830188679247 0.5140625 0.2641509433962264 0.509375 0.2617924528301887 0.509375 0.25235849056603776 0.50625 0.25 0.50625 0.24056603773584906 0.4953125 0.22877358490566038 0.4953125 0.2240566037735849 0.4921875 0.22169811320754718 0.4921875 0.21462264150943397 0.4890625 0.2099056603773585 0.4828125 0.2099056603773585 0.478125 0.19811320754716982 0.475 0.19811320754716982 0.4703125 0.19103773584905662 0.4703125 0.18632075471698112 0.4640625 0.18632075471698112 0.4625 0.18160377358490565 0.45 0.18160377358490565 0.45 0.18396226415094338 0.446875 0.18632075471698112 0.4453125 0.19339622641509435