5 0.421875 0.25977653631284914 0.4234375 0.26536312849162014 0.4328125 0.26536312849162014 0.4375 0.27932960893854747 0.4453125 0.27932960893854747 0.446875 0.2849162011173184 0.453125 0.2849162011173184 0.4546875 0.2905027932960894 0.459375 0.2905027932960894 0.4609375 0.29608938547486036 0.465625 0.29608938547486036 0.4671875 0.3016759776536313 0.471875 0.3016759776536313 0.4734375 0.30726256983240224 0.4765625 0.30726256983240224 0.48125 0.31564245810055863 0.48125 0.32122905027932963 0.484375 0.3268156424581006 0.4890625 0.3268156424581006 0.4921875 0.32122905027932963 0.4921875 0.3100558659217877 0.4859375 0.2988826815642458 0.48125 0.2988826815642458 0.4765625 0.2877094972067039 0.4671875 0.2877094972067039 0.465625 0.28212290502793297 0.4578125 0.28212290502793297 0.45625 0.276536312849162 0.45 0.276536312849162 0.4484375 0.2681564245810056 0.44375 0.2681564245810056 0.4390625 0.2569832402234637 0.428125 0.2569832402234637 0.4265625 0.25139664804469275 0.4140625 0.25139664804469275 0.4140625 0.2541899441340782 0.4171875 0.25977653631284914 0.421875 0.25977653631284914
5 0.2421875 0.2011173184357542 0.24375 0.20670391061452514 0.31875 0.20670391061452514 0.3203125 0.2122905027932961 0.35625 0.2122905027932961 0.3578125 0.21787709497206703 0.3890625 0.21787709497206703 0.390625 0.22346368715083798 0.409375 0.22346368715083798 0.4109375 0.23184357541899442 0.415625 0.23184357541899442 0.4171875 0.23743016759776536 0.4296875 0.23743016759776536 0.43125 0.2430167597765363 0.453125 0.2430167597765363 0.453125 0.24022346368715083 0.45 0.24022346368715083 0.4484375 0.2346368715083799 0.44375 0.2346368715083799 0.4421875 0.22625698324022347 0.4375 0.22625698324022347 0.4359375 0.2206703910614525 0.43125 0.2206703910614525 0.4296875 0.21508379888268156 0.4203125 0.21508379888268156 0.41875 0.20949720670391062 0.4078125 0.20949720670391062 0.40625 0.20391061452513967 0.3875 0.20391061452513967 0.3859375 0.19832402234636873 0.3375 0.19832402234636873 0.3359375 0.19273743016759776 0.2375 0.19273743016759776 0.2375 0.19553072625698323 0.234375 0.2011173184357542 0.2421875 0.2011173184357542
5 0.5953125 0.39664804469273746 0.6 0.40502793296089384 0.6 0.4106145251396648 0.609375 0.4106145251396648 0.6109375 0.41620111731843573 0.615625 0.41620111731843573 0.6171875 0.42178770949720673 0.621875 0.42178770949720673 0.6234375 0.4273743016759777 0.6296875 0.4273743016759777 0.6328125 0.41899441340782123 0.6296875 0.4134078212290503 0.6234375 0.4134078212290503 0.61875 0.3994413407821229 0.6140625 0.3994413407821229 0.6125 0.39385474860335196 0.6078125 0.39385474860335196 0.60625 0.388268156424581 0.6 0.388268156424581 0.5984375 0.38268156424581007 0.590625 0.38268156424581007 0.5890625 0.3770949720670391 0.58125 0.3770949720670391 0.58125 0.37988826815642457 0.590625 0.39664804469273746 0.5953125 0.39664804469273746
5 0.4640625 0 0.4640625 0.002793296089385475 0.4640625 0.09497206703910614 0.4671875 0.09776536312849161 0.4671875 0.12290502793296089 0.4703125 0.12569832402234637 0.4703125 0.1424581005586592 0.4734375 0.1452513966480447 0.4734375 0.15921787709497207 0.478125 0.16201117318435754 0.478125 0.18435754189944134 0.48125 0.1871508379888268 0.48125 0.19553072625698323 0.484375 0.19832402234636873 0.484375 0.20670391061452514 0.4875 0.20949720670391062 0.4875 0.22346368715083798 0.490625 0.22625698324022347 0.490625 0.23743016759776536 0.496875 0.24581005586592178 0.496875 0.2541899441340782 0.5 0.2569832402234637 0.5 0.26536312849162014 0.5046875 0.2681564245810056 0.5046875 0.2737430167597765 0.509375 0.2737430167597765 0.5109375 0.27932960893854747 0.51875 0.27932960893854747 0.521875 0.2737430167597765 0.521875 0.2569832402234637 0.515625 0.24860335195530725 0.515625 0.24022346368715083 0.5125 0.23743016759776536 0.5125 0.2206703910614525 0.509375 0.21787709497206703 0.509375 0.20391061452513967 0.503125 0.19553072625698323 0.503125 0.1787709497206704 0.4984375 0.17597765363128492 0.4984375 0.16759776536312848 0.4953125 0.164804469273743 0.4953125 0.1452513966480447 0.4921875 0.1424581005586592 0.4921875 0.12569832402234637 0.4890625 0.12290502793296089 0.4890625 0.10335195530726257 0.4859375 0.1005586592178771 0.4859375 0.05027932960893855 0.4890625 0.04748603351955307 0.4890625 0.013966480446927373 0.4859375 0.0111731843575419 0.4859375 0 0.4640625 0
2 0.89375 0 0.89375 0.002793296089385475 0.89375 0.027932960893854747 0.8875 0.030726256983240222 0.8859375 0.036312849162011177 0.878125 0.036312849162011177 0.8765625 0.04189944134078212 0.8703125 0.04189944134078212 0.8703125 0.04748603351955307 0.8671875 0.05027932960893855 0.8671875 0.05865921787709497 0.8640625 0.061452513966480445 0.8640625 0.09497206703910614 0.8609375 0.09776536312849161 0.8609375 0.13687150837988826 0.8578125 0.13966480446927373 0.8578125 0.14804469273743018 0.853125 0.1564245810055866 0.85 0.1564245810055866 0.84375 0.16759776536312848 0.84375 0.17597765363128492 0.840625 0.1787709497206704 0.840625 0.19553072625698323 0.8375 0.19832402234636873 0.8375 0.2122905027932961 0.834375 0.21508379888268156 0.834375 0.23184357541899442 0.8375 0.23743016759776536 0.8453125 0.23743016759776536 0.846875 0.2430167597765363 0.8953125 0.2430167597765363 0.896875 0.24860335195530725 0.915625 0.24860335195530725 0.9171875 0.2541899441340782 0.9328125 0.2541899441340782 0.934375 0.25977653631284914 0.9390625 0.25977653631284914 0.940625 0.2541899441340782 0.9453125 0.2541899441340782 0.9484375 0.24860335195530725 0.9484375 0.22625698324022347 0.953125 0.22346368715083798 0.953125 0.21508379888268156 0.95625 0.2122905027932961 0.95625 0.19832402234636873 0.959375 0.19553072625698323 0.959375 0.1871508379888268 0.95625 0.18435754189944134 0.95625 0.15083798882681565 0.959375 0.14804469273743018 0.959375 0.0893854748603352 0.95625 0.08659217877094973 0.95625 0.0782122905027933 0.95 0.0782122905027933 0.9421875 0.06424581005586592 0.9421875 0.05027932960893855 0.9390625 0.04748603351955307 0.9390625 0.030726256983240222 0.9328125 0.019553072625698324 0.928125 0.019553072625698324 0.9265625 0.013966480446927373 0.9171875 0.013966480446927373 0.9125 0.00558659217877095 0.9125 0 0.89375 0
2 0.8640625 0.2569832402234637 0.8625 0.26256983240223464 0.8546875 0.26256983240223464 0.8546875 0.2737430167597765 0.85 0.276536312849162 0.85 0.2849162011173184 0.853125 0.2849162011173184 0.8640625 0.30726256983240224 0.86875 0.30726256983240224 0.8703125 0.3128491620111732 0.8765625 0.3128491620111732 0.878125 0.32122905027932963 0.8828125 0.32122905027932963 0.884375 0.3268156424581006 0.90625 0.3268156424581006 0.9078125 0.3324022346368715 0.9296875 0.3324022346368715 0.93125 0.33798882681564246 0.9359375 0.33798882681564246 0.9375 0.3435754189944134 0.9421875 0.3435754189944134 0.95 0.36033519553072624 0.9546875 0.36312849162011174 0.9546875 0.3687150837988827 0.9578125 0.3715083798882682 0.9578125 0.37988826815642457 0.9609375 0.38268156424581007 0.9609375 0.41620111731843573 0.9640625 0.41899441340782123 0.9640625 0.43854748603351956 0.9734375 0.45251396648044695 0.9734375 0.46368715083798884 0.9796875 0.46368715083798884 0.98125 0.4692737430167598 0.9890625 0.4692737430167598 0.990625 0.4748603351955307 0.9984375 0.4748603351955307 0.9984375 0.3100558659217877 0.99375 0.3100558659217877 0.9921875 0.30446927374301674 0.9875 0.30446927374301674 0.9859375 0.2988826815642458 0.98125 0.2988826815642458 0.9796875 0.29329608938547486 0.9734375 0.29329608938547486 0.971875 0.2877094972067039 0.9640625 0.2877094972067039 0.959375 0.276536312849162 0.95 0.276536312849162 0.9484375 0.2681564245810056 0.940625 0.2681564245810056 0.9390625 0.26256983240223464 0.9171875 0.26256983240223464 0.915625 0.2569832402234637 0.9 0.2569832402234637 0.8984375 0.25139664804469275 0.8734375 0.25139664804469275 0.8734375 0.2541899441340782 0.871875 0.2569832402234637 0.8640625 0.2569832402234637
2 0.5734375 0.11452513966480447 0.5703125 0.12011173184357542 0.5703125 0.17039106145251395 0.5734375 0.17597765363128492 0.5765625 0.17597765363128492 0.578125 0.18435754189944134 0.584375 0.19273743016759776 0.584375 0.2011173184357542 0.5875 0.20391061452513967 0.5875 0.2122905027932961 0.590625 0.21508379888268156 0.590625 0.22346368715083798 0.59375 0.22625698324022347 0.59375 0.23743016759776536 0.6 0.24022346368715083 0.6 0.2541899441340782 0.603125 0.2541899441340782 0.6046875 0.25977653631284914 0.609375 0.25977653631284914 0.6171875 0.27932960893854747 0.621875 0.27932960893854747 0.6234375 0.2849162011173184 0.6296875 0.2849162011173184 0.63125 0.2877094972067039 0.63125 0.29608938547486036 0.634375 0.2988826815642458 0.634375 0.36033519553072624 0.6375 0.36312849162011174 0.6375 0.3687150837988827 0.640625 0.3743016759776536 0.6453125 0.3743016759776536 0.646875 0.37988826815642457 0.653125 0.37988826815642457 0.6546875 0.3854748603351955 0.659375 0.3854748603351955 0.6703125 0.40502793296089384 0.6703125 0.4106145251396648 0.6734375 0.41620111731843573 0.6796875 0.41620111731843573 0.68125 0.42178770949720673 0.6859375 0.42178770949720673 0.6875 0.4273743016759777 0.715625 0.4273743016759777 0.71875 0.42178770949720673 0.71875 0.35195530726256985 0.7078125 0.35195530726256985 0.70625 0.3463687150837989 0.6875 0.3463687150837989 0.6859375 0.3407821229050279 0.68125 0.3407821229050279 0.6765625 0.329608938547486 0.6734375 0.329608938547486 0.671875 0.3240223463687151 0.6671875 0.3240223463687151 0.665625 0.32122905027932963 0.665625 0.3100558659217877 0.659375 0.3016759776536313 0.659375 0.2681564245810056 0.6625 0.26536312849162014 0.6625 0.2569832402234637 0.6671875 0.24860335195530725 0.671875 0.24860335195530725 0.6734375 0.2430167597765363 0.6765625 0.2430167597765363 0.6796875 0.23743016759776536 0.6796875 0.2206703910614525 0.6765625 0.21508379888268156 0.6703125 0.21508379888268156 0.659375 0.19273743016759776 0.6546875 0.19273743016759776 0.653125 0.1871508379888268 0.65 0.1871508379888268 0.6484375 0.1787709497206704 0.6421875 0.16759776536312848 0.6375 0.16759776536312848 0.6328125 0.1564245810055866 0.628125 0.1564245810055866 0.6265625 0.15083798882681565 0.6203125 0.15083798882681565 0.615625 0.13966480446927373 0.6109375 0.13966480446927373 0.60625 0.12569832402234637 0.6 0.12569832402234637 0.5953125 0.11452513966480447 0.590625 0.11452513966480447 0.5859375 0.10335195530726257 0.578125 0.10335195530726257 0.578125 0.10614525139664804 0.5765625 0.11452513966480447 0.5734375 0.11452513966480447
2 0.5609375 0.8966480446927374 0.5546875 0.9050279329608939 0.5546875 0.9106145251396648 0.553125 0.9134078212290503 0.546875 0.9134078212290503 0.540625 0.9245810055865922 0.540625 0.9329608938547486 0.5375 0.9357541899441341 0.5375 0.9441340782122905 0.53125 0.952513966480447 0.53125 0.9581005586592178 0.5265625 0.9664804469273743 0.5234375 0.9664804469273743 0.5171875 0.9776536312849162 0.5171875 0.9860335195530726 0.5109375 0.9972067039106145 0.71875 0.9972067039106145 0.71875 0.9888268156424581 0.709375 0.9720670391061452 0.7046875 0.9720670391061452 0.703125 0.9664804469273743 0.7 0.9664804469273743 0.6953125 0.9581005586592178 0.6953125 0.952513966480447 0.690625 0.952513966480447 0.6796875 0.9329608938547486 0.6796875 0.9245810055865922 0.66875 0.9106145251396648 0.66875 0.9050279329608939 0.6640625 0.9050279329608939 0.6625 0.8994413407821229 0.646875 0.8994413407821229 0.6453125 0.9050279329608939 0.6375 0.9050279329608939 0.6359375 0.9134078212290503 0.6109375 0.9134078212290503 0.609375 0.9050279329608939 0.603125 0.8938547486033519 0.6 0.8938547486033519 0.5984375 0.888268156424581 0.59375 0.888268156424581 0.5921875 0.88268156424581 0.5875 0.88268156424581 0.5859375 0.8770949720670391 0.5640625 0.8770949720670391 0.5640625 0.8798882681564246 0.5609375 0.88268156424581 0.5609375 0.8966480446927374
2 0.6421875 0.8240223463687151 0.6375 0.8240223463687151 0.6296875 0.840782122905028 0.6234375 0.840782122905028 0.621875 0.8463687150837989 0.6171875 0.8463687150837989 0.6171875 0.8547486033519553 0.6125 0.8631284916201117 0.6078125 0.8631284916201117 0.6078125 0.8687150837988827 0.603125 0.8770949720670391 0.6 0.8770949720670391 0.6 0.8910614525139665 0.603125 0.8910614525139665 0.6109375 0.9050279329608939 0.6109375 0.9106145251396648 0.6359375 0.9106145251396648 0.6375 0.9022346368715084 0.6421875 0.9022346368715084 0.64375 0.8966480446927374 0.65625 0.8966480446927374 0.6578125 0.8910614525139665 0.665625 0.8910614525139665 0.665625 0.8631284916201117 0.6625 0.8603351955307262 0.6625 0.840782122905028 0.659375 0.8379888268156425 0.659375 0.8296089385474861 0.65625 0.8268156424581006 0.65625 0.8156424581005587 0.653125 0.8100558659217877 0.65 0.8100558659217877 0.65 0.8128491620111732 0.64375 0.8156424581005587 0.6421875 0.8240223463687151
2 0 0.553072625698324 0.003125 0.553072625698324 0.0046875 0.547486033519553 0.009375 0.547486033519553 0.0109375 0.5391061452513967 0.015625 0.5391061452513967 0.0171875 0.5335195530726257 0.021875 0.5335195530726257 0.0234375 0.5279329608938548 0.0296875 0.5279329608938548 0.0375 0.5111731843575419 0.0421875 0.5111731843575419 0.0453125 0.505586592178771 0.0453125 0.5 0.05 0.49162011173184356 0.05625 0.49162011173184356 0.0703125 0.46368715083798884 0.0765625 0.46368715083798884 0.0796875 0.4581005586592179 0.0796875 0.45251396648044695 0.0921875 0.4329608938547486 0.0921875 0.4245810055865922 0.0953125 0.41899441340782123 0.0921875 0.41620111731843573 0.0921875 0.40502793296089384 0.0859375 0.4022346368715084 0.0859375 0.39385474860335196 0.0828125 0.39106145251396646 0.0828125 0.38268156424581007 0.0796875 0.37988826815642457 0.0796875 0.3715083798882682 0.0765625 0.3687150837988827 0.0765625 0.36312849162011174 0.0734375 0.36312849162011174 0.071875 0.3575418994413408 0.0671875 0.3575418994413408 0.059375 0.3435754189944134 0.059375 0.33519553072625696 0.053125 0.3268156424581006 0.0546875 0.32122905027932963 0.059375 0.32122905027932963 0.059375 0.31564245810055863 0.053125 0.30726256983240224 0.053125 0.2988826815642458 0.0484375 0.29608938547486036 0.0484375 0.2877094972067039 0.04375 0.2877094972067039 0.0421875 0.28212290502793297 0.0234375 0.28212290502793297 0.021875 0.276536312849162 0.0140625 0.276536312849162 0.0125 0.2681564245810056 0.0046875 0.2681564245810056 0.003125 0.26256983240223464 0 0.26256983240223464 0 0.26536312849162014 0 0.553072625698324
2 0.0078125 0 0.0078125 0.002793296089385475 0.003125 0.013966480446927373 0 0.013966480446927373 0 0.2541899441340782 0.00625 0.2541899441340782 0.0078125 0.25977653631284914 0.0125 0.25977653631284914 0.0140625 0.26536312849162014 0.0296875 0.26536312849162014 0.03125 0.2737430167597765 0.0421875 0.2737430167597765 0.04375 0.27932960893854747 0.06875 0.27932960893854747 0.0703125 0.2849162011173184 0.0765625 0.2849162011173184 0.078125 0.27932960893854747 0.0921875 0.27932960893854747 0.09375 0.2737430167597765 0.0984375 0.2737430167597765 0.0984375 0.2681564245810056 0.103125 0.26536312849162014 0.1046875 0.25977653631284914 0.11875 0.25977653631284914 0.1234375 0.24860335195530725 0.1265625 0.24860335195530725 0.1265625 0.24022346368715083 0.1296875 0.23743016759776536 0.1296875 0.22625698324022347 0.1359375 0.21787709497206703 0.1375 0.20670391061452514 0.1421875 0.20670391061452514 0.146875 0.19553072625698323 0.153125 0.19553072625698323 0.1546875 0.18994413407821228 0.159375 0.18994413407821228 0.1609375 0.18435754189944134 0.165625 0.18435754189944134 0.165625 0.1787709497206704 0.1734375 0.164804469273743 0.1765625 0.164804469273743 0.1765625 0.1564245810055866 0.1828125 0.14804469273743018 0.1828125 0.13966480446927373 0.1890625 0.12849162011173185 0.1890625 0.10335195530726257 0.190625 0.1005586592178771 0.1984375 0.1005586592178771 0.2 0.09497206703910614 0.20625 0.09497206703910614 0.20625 0.055865921787709494 0.209375 0.05307262569832402 0.209375 0.019553072625698324 0.20625 0.01675977653631285 0.20625 0.008379888268156424 0.203125 0.00558659217877095 0.203125 0 0.0078125 0
2 0.9859375 0.0782122905027933 0.978125 0.0782122905027933 0.9765625 0.08379888268156424 0.9671875 0.08379888268156424 0.9671875 0.09497206703910614 0.9640625 0.09776536312849161 0.9640625 0.11731843575418995 0.9609375 0.12011173184357542 0.9640625 0.12569832402234637 0.9640625 0.1424581005586592 0.9609375 0.1452513966480447 0.9609375 0.18435754189944134 0.9640625 0.18994413407821228 0.96875 0.18994413407821228 0.9703125 0.19553072625698323 0.9765625 0.19553072625698323 0.978125 0.2011173184357542 0.9921875 0.2011173184357542 0.99375 0.20670391061452514 0.9984375 0.20670391061452514 0.9984375 0.07262569832402235 0.99375 0.0670391061452514 0.99375 0.06983240223463687 0.9875 0.07262569832402235 0.9859375 0.0782122905027933
2 0.7140625 0.04189944134078212 0.7140625 0.04748603351955307 0.7109375 0.05027932960893855 0.7109375 0.05865921787709497 0.7046875 0.061452513966480445 0.7046875 0.06983240223463687 0.7 0.07262569832402235 0.690625 0.0893854748603352 0.690625 0.09497206703910614 0.6765625 0.12011173184357542 0.6734375 0.12011173184357542 0.6734375 0.12849162011173185 0.6640625 0.1452513966480447 0.6640625 0.15363128491620112 0.6609375 0.1564245810055866 0.6609375 0.18994413407821228 0.6671875 0.19832402234636873 0.6671875 0.20670391061452514 0.671875 0.20670391061452514 0.6734375 0.2122905027932961 0.6796875 0.2122905027932961 0.68125 0.21787709497206703 0.6921875 0.21787709497206703 0.69375 0.2122905027932961 0.703125 0.2122905027932961 0.7046875 0.20670391061452514 0.709375 0.20670391061452514 0.7140625 0.19553072625698323 0.721875 0.19553072625698323 0.7234375 0.18994413407821228 0.7359375 0.18994413407821228 0.7375 0.18435754189944134 0.76875 0.18435754189944134 0.7734375 0.19553072625698323 0.7796875 0.19553072625698323 0.78125 0.2011173184357542 0.7859375 0.2011173184357542 0.790625 0.2122905027932961 0.7953125 0.2122905027932961 0.8 0.22346368715083798 0.8046875 0.22625698324022347 0.8046875 0.23184357541899442 0.815625 0.23184357541899442 0.815625 0.22625698324022347 0.8203125 0.21787709497206703 0.8265625 0.21787709497206703 0.8328125 0.20670391061452514 0.8328125 0.19832402234636873 0.8359375 0.19553072625698323 0.8359375 0.1787709497206704 0.8390625 0.17597765363128492 0.8390625 0.16759776536312848 0.8453125 0.15921787709497207 0.8453125 0.15083798882681565 0.85 0.1424581005586592 0.853125 0.1424581005586592 0.853125 0.12011173184357542 0.85625 0.11731843575418995 0.85625 0.09776536312849161 0.853125 0.09497206703910614 0.853125 0.0893854748603352 0.83125 0.0893854748603352 0.8296875 0.08379888268156424 0.8171875 0.08379888268156424 0.815625 0.0782122905027933 0.8046875 0.0782122905027933 0.803125 0.07262569832402235 0.796875 0.07262569832402235 0.7953125 0.0670391061452514 0.784375 0.0670391061452514 0.7828125 0.061452513966480445 0.7703125 0.061452513966480445 0.76875 0.055865921787709494 0.7609375 0.055865921787709494 0.759375 0.05027932960893855 0.7546875 0.05027932960893855 0.753125 0.04189944134078212 0.746875 0.04189944134078212 0.7453125 0.036312849162011177 0.7375 0.036312849162011177 0.7359375 0.030726256983240222 0.7234375 0.030726256983240222 0.7234375 0.0335195530726257 0.7171875 0.036312849162011177 0.7140625 0.04189944134078212
2 0.7234375 0 0.7234375 0.002793296089385475 0.7234375 0.0111731843575419 0.7265625 0.0111731843575419 0.728125 0.01675977653631285 0.7328125 0.01675977653631285 0.734375 0.0223463687150838 0.7421875 0.0223463687150838 0.746875 0.0335195530726257 0.753125 0.0335195530726257 0.7546875 0.03910614525139665 0.759375 0.03910614525139665 0.7609375 0.04748603351955307 0.765625 0.04748603351955307 0.7671875 0.05307262569832402 0.7796875 0.05307262569832402 0.78125 0.05865921787709497 0.7890625 0.05865921787709497 0.790625 0.06424581005586592 0.803125 0.06424581005586592 0.8046875 0.06983240223463687 0.8125 0.06983240223463687 0.8140625 0.07541899441340782 0.8359375 0.07541899441340782 0.8375 0.08100558659217877 0.85625 0.08100558659217877 0.859375 0.07541899441340782 0.859375 0.061452513966480445 0.8625 0.05865921787709497 0.8625 0.04189944134078212 0.8671875 0.0335195530726257 0.871875 0.0335195530726257 0.8734375 0.027932960893854747 0.8828125 0.027932960893854747 0.8859375 0.0223463687150838 0.8859375 0 0.7234375 0
1 0.340625 0.5251396648044693 0.3390625 0.5307262569832403 0.33125 0.5307262569832403 0.3265625 0.5418994413407822 0.3234375 0.5418994413407822 0.3234375 0.553072625698324 0.3203125 0.5558659217877095 0.3203125 0.5642458100558659 0.3171875 0.5670391061452514 0.3171875 0.5754189944134078 0.3140625 0.5782122905027933 0.3140625 0.6424581005586593 0.3171875 0.6452513966480447 0.3171875 0.659217877094972 0.3234375 0.6703910614525139 0.328125 0.6731843575418994 0.328125 0.6899441340782123 0.33125 0.6927374301675978 0.33125 0.7011173184357542 0.3359375 0.7011173184357542 0.340625 0.7122905027932961 0.3484375 0.7122905027932961 0.35 0.7178770949720671 0.3625 0.7178770949720671 0.3640625 0.7122905027932961 0.36875 0.7122905027932961 0.3734375 0.7011173184357542 0.3765625 0.7011173184357542 0.3828125 0.6899441340782123 0.3828125 0.6787709497206704 0.3859375 0.6759776536312849 0.3859375 0.6675977653631285 0.3890625 0.664804469273743 0.3890625 0.6508379888268156 0.3921875 0.6480446927374302 0.3921875 0.6396648044692738 0.3953125 0.6368715083798883 0.3953125 0.6256983240223464 0.3984375 0.6229050279329609 0.3984375 0.6033519553072626 0.403125 0.6005586592178771 0.403125 0.5726256983240223 0.3984375 0.5698324022346368 0.3984375 0.5614525139664804 0.3890625 0.547486033519553 0.3890625 0.5418994413407822 0.3859375 0.5391061452513967 0.3859375 0.5307262569832403 0.3828125 0.5251396648044693 0.378125 0.5251396648044693 0.371875 0.5139664804469274 0.35 0.5139664804469274 0.35 0.5167597765363129 0.3453125 0.5251396648044693 0.340625 0.5251396648044693
1 0.50625 0.2988826815642458 0.5 0.2988826815642458 0.496875 0.30446927374301674 0.496875 0.3128491620111732 0.49375 0.31564245810055863 0.49375 0.32122905027932963 0.4765625 0.35195530726256985 0.4703125 0.35195530726256985 0.4640625 0.36312849162011174 0.4640625 0.3743016759776536 0.4578125 0.38268156424581007 0.4578125 0.39106145251396646 0.4546875 0.39385474860335196 0.4546875 0.4022346368715084 0.4609375 0.40502793296089384 0.4609375 0.4106145251396648 0.4640625 0.4134078212290503 0.4640625 0.42178770949720673 0.4671875 0.4245810055865922 0.4671875 0.43854748603351956 0.4703125 0.441340782122905 0.4703125 0.46368715083798884 0.4734375 0.4664804469273743 0.4734375 0.4748603351955307 0.478125 0.4776536312849162 0.478125 0.4860335195530726 0.48125 0.49162011173184356 0.4859375 0.49162011173184356 0.490625 0.5 0.490625 0.505586592178771 0.5 0.5223463687150838 0.50625 0.5223463687150838 0.5078125 0.5335195530726257 0.5125 0.5335195530726257 0.5171875 0.5418994413407822 0.5171875 0.547486033519553 0.5265625 0.547486033519553 0.528125 0.553072625698324 0.5453125 0.553072625698324 0.546875 0.547486033519553 0.55625 0.547486033519553 0.5578125 0.5391061452513967 0.5625 0.5391061452513967 0.571875 0.5223463687150838 0.5734375 0.5111731843575419 0.5765625 0.5111731843575419 0.5765625 0.49441340782122906 0.5796875 0.49162011173184356 0.5796875 0.4720670391061452 0.5828125 0.4692737430167598 0.5828125 0.388268156424581 0.5796875 0.3854748603351955 0.5796875 0.3770949720670391 0.5765625 0.3715083798882682 0.5734375 0.3715083798882682 0.571875 0.36312849162011174 0.55625 0.33798882681564246 0.55625 0.329608938547486 0.553125 0.3268156424581006 0.553125 0.2877094972067039 0.54375 0.2877094972067039 0.5421875 0.29329608938547486 0.5234375 0.29329608938547486 0.521875 0.2877094972067039 0.5140625 0.2877094972067039 0.5140625 0.2905027932960894 0.5078125 0.29329608938547486 0.50625 0.2988826815642458
1 0.384375 0.4106145251396648 0.3765625 0.4245810055865922 0.3734375 0.4245810055865922 0.3734375 0.4748603351955307 0.3703125 0.4776536312849162 0.3703125 0.505586592178771 0.3734375 0.5111731843575419 0.3765625 0.5111731843575419 0.378125 0.5167597765363129 0.3828125 0.5167597765363129 0.39375 0.5363128491620112 0.39375 0.547486033519553 0.4 0.5586592178770949 0.40625 0.5586592178770949 0.4109375 0.5698324022346368 0.41875 0.5698324022346368 0.4203125 0.5754189944134078 0.4265625 0.5754189944134078 0.428125 0.5698324022346368 0.4328125 0.5698324022346368 0.434375 0.5642458100558659 0.4390625 0.5642458100558659 0.440625 0.5586592178770949 0.4484375 0.5586592178770949 0.45 0.553072625698324 0.459375 0.553072625698324 0.4609375 0.547486033519553 0.4859375 0.547486033519553 0.4859375 0.5418994413407822 0.4890625 0.5363128491620112 0.4859375 0.5335195530726257 0.4859375 0.5139664804469274 0.4828125 0.5111731843575419 0.4828125 0.5 0.4765625 0.4888268156424581 0.471875 0.4860335195530726 0.471875 0.4776536312849162 0.46875 0.4748603351955307 0.46875 0.46089385474860334 0.465625 0.4581005586592179 0.465625 0.441340782122905 0.4625 0.43854748603351956 0.4625 0.4301675977653631 0.453125 0.4134078212290503 0.440625 0.4134078212290503 0.4390625 0.40502793296089384 0.4171875 0.40502793296089384 0.415625 0.3994413407821229 0.390625 0.3994413407821229 0.390625 0.4022346368715084 0.384375 0.40502793296089384 0.384375 0.4106145251396648
1 0.45 0.5558659217877095 0.4484375 0.5614525139664804 0.44375 0.5614525139664804 0.4421875 0.5670391061452514 0.4375 0.5670391061452514 0.4359375 0.5726256983240223 0.43125 0.5726256983240223 0.4296875 0.5782122905027933 0.4234375 0.5782122905027933 0.4171875 0.5893854748603352 0.415625 0.5977653631284916 0.4109375 0.5977653631284916 0.4046875 0.6089385474860335 0.4046875 0.6229050279329609 0.4 0.6256983240223464 0.4 0.6424581005586593 0.396875 0.6452513966480447 0.396875 0.6536312849162011 0.39375 0.6564245810055865 0.39375 0.7122905027932961 0.396875 0.7150837988826816 0.396875 0.723463687150838 0.4 0.7262569832402235 0.4 0.7374301675977654 0.403125 0.7374301675977654 0.4078125 0.7458100558659218 0.4078125 0.7541899441340782 0.4125 0.7541899441340782 0.4140625 0.7597765363128491 0.421875 0.7597765363128491 0.4234375 0.7653631284916201 0.45625 0.7653631284916201 0.4578125 0.7597765363128491 0.471875 0.7597765363128491 0.478125 0.7486033519553073 0.4828125 0.7486033519553073 0.4828125 0.7402234636871509 0.4890625 0.7318435754189944 0.4890625 0.7206703910614525 0.4953125 0.7178770949720671 0.4984375 0.7122905027932961 0.4984375 0.6983240223463687 0.503125 0.6955307262569832 0.503125 0.5837988826815642 0.4984375 0.5810055865921788 0.4984375 0.5670391061452514 0.4953125 0.5642458100558659 0.4953125 0.5558659217877095 0.490625 0.5558659217877095 0.4890625 0.5502793296089385 0.4671875 0.5502793296089385 0.4671875 0.553072625698324 0.465625 0.5558659217877095 0.45 0.5558659217877095