5 0.725 0 0.725 0.004405286343612335 0.725 0.013215859030837005 0.7359375 0.039647577092511016 0.7375 0.06607929515418502 0.740625 0.07048458149779736 0.740625 0.07929515418502203 0.74375 0.08370044052863436 0.74375 0.09691629955947137 0.746875 0.1013215859030837 0.746875 0.14537444933920704 0.7625 0.14096916299559473 0.765625 0.1277533039647577 0.7609375 0.11894273127753303 0.7609375 0.10572687224669604 0.7546875 0.09691629955947137 0.753125 0.06167400881057269 0.75 0.05726872246696035 0.75 0.048458149779735685 0.746875 0.04405286343612335 0.7453125 0.030837004405286344 0.7421875 0.02643171806167401 0.7421875 0.01762114537444934 0.740625 0.01762114537444934 0.7359375 0 0.725 0
5 0.3859375 0.22026431718061673 0.390625 0.23788546255506607 0.3890625 0.2422907488986784 0.378125 0.2422907488986784 0.375 0.24669603524229075 0.375 0.31277533039647576 0.3796875 0.32158590308370044 0.3796875 0.47577092511013214 0.378125 0.4801762114537445 0.378125 0.5198237885462555 0.3796875 0.5286343612334802 0.378125 0.5330396475770925 0.378125 0.6079295154185022 0.375 0.6123348017621145 0.375 0.6387665198237885 0.378125 0.6431718061674009 0.378125 0.6475770925110133 0.375 0.6519823788546255 0.375 0.9074889867841409 0.371875 0.9118942731277533 0.371875 0.9162995594713657 0.375 0.920704845814978 0.375 0.9383259911894273 0.371875 0.9427312775330396 0.371875 0.9911894273127754 0.375 0.9955947136563876 0.39375 0.9955947136563876 0.396875 0.9911894273127754 0.396875 0.973568281938326 0.4 0.9691629955947136 0.4 0.7841409691629956 0.403125 0.7797356828193832 0.4046875 0.5682819383259912 0.4078125 0.5638766519823789 0.4046875 0.5594713656387665 0.4046875 0.5154185022026432 0.4078125 0.5110132158590308 0.4046875 0.5066079295154186 0.4046875 0.4713656387665198 0.4078125 0.4669603524229075 0.4078125 0.4185022026431718 0.4109375 0.41409691629955947 0.4109375 0.3436123348017621 0.4125 0.3303964757709251 0.415625 0.32599118942731276 0.415625 0.29955947136563876 0.41875 0.29515418502202645 0.41875 0.28634361233480177 0.415625 0.28193832599118945 0.415625 0.2775330396475771 0.41875 0.27312775330396477 0.41875 0.2643171806167401 0.4140625 0.2555066079295154 0.4125 0.2643171806167401 0.409375 0.2643171806167401 0.4078125 0.2599118942731278 0.4078125 0.2422907488986784 0.4046875 0.23788546255506607 0.4046875 0.21145374449339208 0.3984375 0.21145374449339208 0.396875 0.19823788546255505 0.39375 0.19383259911894274 0.39375 0.1894273127753304 0.390625 0.1894273127753304 0.390625 0.19383259911894274 0.3859375 0.2026431718061674 0.3859375 0.22026431718061673
5 0.696875 0.801762114537445 0.690625 0.8061674008810573 0.6828125 0.8325991189427313 0.6765625 0.8370044052863436 0.675 0.8458149779735683 0.671875 0.8458149779735683 0.6703125 0.8546255506607929 0.6640625 0.8590308370044053 0.6625 0.8678414096916299 0.659375 0.8678414096916299 0.6578125 0.8766519823788547 0.653125 0.8810572687224669 0.6515625 0.8898678414096917 0.6484375 0.8898678414096917 0.646875 0.8986784140969163 0.640625 0.9030837004405287 0.6359375 0.920704845814978 0.6328125 0.920704845814978 0.63125 0.9295154185022027 0.6234375 0.933920704845815 0.6203125 0.9515418502202643 0.6109375 0.9559471365638766 0.6046875 0.9779735682819384 0.6 0.9779735682819384 0.5984375 0.986784140969163 0.596875 0.986784140969163 0.596875 0.9955947136563876 0.628125 0.9955947136563876 0.6328125 0.9911894273127754 0.634375 0.9823788546255506 0.6390625 0.9823788546255506 0.6421875 0.9691629955947136 0.646875 0.9691629955947136 0.6484375 0.960352422907489 0.6546875 0.960352422907489 0.65625 0.9515418502202643 0.665625 0.947136563876652 0.6671875 0.9383259911894273 0.6703125 0.9383259911894273 0.671875 0.9295154185022027 0.6828125 0.9251101321585903 0.684375 0.9162995594713657 0.6890625 0.9162995594713657 0.690625 0.9074889867841409 0.696875 0.9074889867841409 0.6984375 0.8986784140969163 0.703125 0.8942731277533039 0.709375 0.8942731277533039 0.7109375 0.8854625550660793 0.715625 0.8854625550660793 0.7171875 0.8766519823788547 0.728125 0.8722466960352423 0.7296875 0.8634361233480177 0.734375 0.8634361233480177 0.7359375 0.8546255506607929 0.7390625 0.8546255506607929 0.7390625 0.8458149779735683 0.728125 0.8193832599118943 0.7265625 0.8061674008810573 0.7203125 0.7973568281938326 0.71875 0.7841409691629956 0.7140625 0.7841409691629956 0.7125 0.7797356828193832 0.7109375 0.7797356828193832 0.703125 0.7797356828193832 0.696875 0.801762114537445
5 0.496875 0.08370044052863436 0.49375 0.09691629955947137 0.496875 0.1013215859030837 0.51875 0.1013215859030837 0.5203125 0.11013215859030837 0.5375 0.11013215859030837 0.5390625 0.11894273127753303 0.5609375 0.12334801762114538 0.565625 0.14096916299559473 0.571875 0.14537444933920704 0.5734375 0.15418502202643172 0.578125 0.15418502202643172 0.584375 0.1762114537444934 0.5875 0.18061674008810572 0.5890625 0.19383259911894274 0.59375 0.19823788546255505 0.5953125 0.20704845814977973 0.5984375 0.20704845814977973 0.6 0.19823788546255505 0.6015625 0.19823788546255505 0.6015625 0.18061674008810572 0.5953125 0.16740088105726872 0.59375 0.14977973568281938 0.5875 0.14537444933920704 0.5828125 0.1277533039647577 0.5765625 0.12334801762114538 0.571875 0.10572687224669604 0.5625 0.1013215859030837 0.5609375 0.09251101321585903 0.55 0.09251101321585903 0.5484375 0.08370044052863436 0.5265625 0.08370044052863436 0.525 0.07488986784140969 0.5125 0.07488986784140969 0.5125 0.07929515418502203 0.5109375 0.08370044052863436 0.496875 0.08370044052863436
5 0.3125 0.9559471365638766 0.3109375 0.9559471365638766 0.3109375 0.9823788546255506 0.3078125 0.986784140969163 0.3078125 0.9955947136563876 0.3328125 0.9955947136563876 0.3328125 0.986784140969163 0.33125 0.973568281938326 0.325 0.960352422907489 0.3234375 0.9427312775330396 0.3203125 0.9383259911894273 0.3203125 0.933920704845815 0.3171875 0.933920704845815 0.3171875 0.9383259911894273 0.3140625 0.9427312775330396 0.3125 0.9559471365638766
5 0.5390625 0.6079295154185022 0.5359375 0.6123348017621145 0.534375 0.6299559471365639 0.528125 0.6431718061674009 0.5265625 0.6696035242290749 0.5203125 0.6828193832599119 0.51875 0.7004405286343612 0.509375 0.7180616740088106 0.5078125 0.7312775330396476 0.5046875 0.73568281938326 0.5046875 0.7444933920704846 0.5015625 0.748898678414097 0.5 0.775330396475771 0.49375 0.7841409691629956 0.4921875 0.8193832599118943 0.4890625 0.8237885462555066 0.4890625 0.8414096916299559 0.4859375 0.8458149779735683 0.484375 0.8590308370044053 0.4828125 0.8590308370044053 0.48125 0.8942731277533039 0.478125 0.8986784140969163 0.478125 0.9162995594713657 0.475 0.920704845814978 0.4734375 0.960352422907489 0.4703125 0.9647577092511013 0.4703125 0.9823788546255506 0.4671875 0.986784140969163 0.4671875 0.9955947136563876 0.490625 0.9955947136563876 0.4921875 0.9911894273127754 0.4921875 0.9559471365638766 0.4953125 0.9515418502202643 0.4953125 0.933920704845815 0.4984375 0.9295154185022027 0.5 0.8986784140969163 0.503125 0.8942731277533039 0.503125 0.8810572687224669 0.50625 0.8766519823788547 0.5078125 0.8370044052863436 0.5109375 0.8325991189427313 0.5125 0.8193832599118943 0.5140625 0.8193832599118943 0.5140625 0.8061674008810573 0.5171875 0.801762114537445 0.51875 0.7797356828193832 0.521875 0.775330396475771 0.521875 0.762114537444934 0.525 0.7577092511013216 0.5265625 0.73568281938326 0.5296875 0.7312775330396476 0.5296875 0.7180616740088106 0.5328125 0.7136563876651982 0.534375 0.6960352422907489 0.540625 0.6828193832599119 0.540625 0.6519823788546255 0.54375 0.6475770925110133 0.5453125 0.5903083700440529 0.5484375 0.5859030837004405 0.5453125 0.5859030837004405 0.54375 0.5859030837004405 0.5390625 0.5903083700440529 0.5390625 0.6079295154185022
5 0.303125 0.14977973568281938 0.303125 0.19823788546255505 0.30625 0.19823788546255505 0.3078125 0.20704845814977973 0.3125 0.20704845814977973 0.3140625 0.19823788546255505 0.315625 0.19823788546255505 0.315625 0.1145374449339207 0.3125 0.11013215859030837 0.3125 0.10572687224669604 0.3078125 0.10572687224669604 0.3078125 0.11013215859030837 0.30625 0.14537444933920704 0.303125 0.14977973568281938
5 0.53125 0 0.53125 0.004405286343612335 0.53125 0.02643171806167401 0.534375 0.030837004405286344 0.5359375 0.05726872246696035 0.5421875 0.07048458149779736 0.5421875 0.07929515418502203 0.5515625 0.07929515418502203 0.553125 0.0881057268722467 0.559375 0.0881057268722467 0.559375 0.048458149779735685 0.55625 0.04405286343612335 0.55625 0.02643171806167401 0.553125 0.022026431718061675 0.5515625 0 0.53125 0
5 0.5890625 0 0.5890625 0.004405286343612335 0.5890625 0.013215859030837005 0.590625 0.013215859030837005 0.5921875 0.02643171806167401 0.5953125 0.030837004405286344 0.5953125 0.04405286343612335 0.596875 0.03524229074889868 0.60625 0.03524229074889868 0.60625 0.030837004405286344 0.6015625 0.022026431718061675 0.6015625 0 0.5890625 0
5 0.5078125 0.7312775330396476 0.5046875 0.73568281938326 0.5046875 0.7444933920704846 0.5015625 0.748898678414097 0.5 0.775330396475771 0.49375 0.7841409691629956 0.4921875 0.8193832599118943 0.4890625 0.8237885462555066 0.4890625 0.8414096916299559 0.4859375 0.8458149779735683 0.4859375 0.8546255506607929 0.4828125 0.8590308370044053 0.48125 0.8942731277533039 0.478125 0.8986784140969163 0.478125 0.9162995594713657 0.475 0.920704845814978 0.4734375 0.9515418502202643 0.4703125 0.9559471365638766 0.4703125 0.9823788546255506 0.4671875 0.986784140969163 0.4671875 0.9955947136563876 0.490625 0.9955947136563876 0.4921875 0.9911894273127754 0.4921875 0.9559471365638766 0.4953125 0.9515418502202643 0.4953125 0.933920704845815 0.4984375 0.9295154185022027 0.5 0.8986784140969163 0.503125 0.8942731277533039 0.503125 0.8810572687224669 0.50625 0.8766519823788547 0.5078125 0.8370044052863436 0.5109375 0.8325991189427313 0.5125 0.8193832599118943 0.5140625 0.8193832599118943 0.5140625 0.8061674008810573 0.5171875 0.801762114537445 0.51875 0.7709251101321586 0.521875 0.7665198237885462 0.5234375 0.7533039647577092 0.525 0.7533039647577092 0.5265625 0.6872246696035242 0.5296875 0.6828193832599119 0.5265625 0.6828193832599119 0.525 0.6872246696035242 0.509375 0.7180616740088106 0.5078125 0.7312775330396476
0 0.6203125 0.19823788546255505 0.6109375 0.2026431718061674 0.60625 0.22026431718061673 0.6 0.22466960352422907 0.590625 0.2555066079295154 0.5875 0.2555066079295154 0.5859375 0.2643171806167401 0.58125 0.2687224669603524 0.5796875 0.29515418502202645 0.5765625 0.29955947136563876 0.5765625 0.31277533039647576 0.5734375 0.31718061674008813 0.5734375 0.3568281938325991 0.5765625 0.36123348017621143 0.5765625 0.3876651982378855 0.5796875 0.3920704845814978 0.5796875 0.43612334801762115 0.58125 0.44052863436123346 0.58125 0.45374449339207046 0.584375 0.4581497797356828 0.584375 0.47577092511013214 0.5875 0.4801762114537445 0.5890625 0.4977973568281938 0.5921875 0.5022026431718062 0.5921875 0.5110132158590308 0.5953125 0.5154185022026432 0.5953125 0.5198237885462555 0.609375 0.5198237885462555 0.6109375 0.5286343612334802 0.615625 0.5330396475770925 0.63125 0.5330396475770925 0.6328125 0.5418502202643172 0.646875 0.5418502202643172 0.6484375 0.5330396475770925 0.6546875 0.5286343612334802 0.6609375 0.5066079295154186 0.665625 0.5066079295154186 0.6671875 0.4889867841409692 0.6703125 0.4845814977973568 0.6703125 0.42731277533039647 0.6734375 0.42290748898678415 0.6734375 0.4185022026431718 0.6703125 0.41409691629955947 0.6734375 0.40969162995594716 0.6734375 0.3964757709251101 0.675 0.3920704845814978 0.6734375 0.3832599118942731 0.6703125 0.3788546255506608 0.6703125 0.3436123348017621 0.6734375 0.3392070484581498 0.675 0.30837004405286345 0.68125 0.29515418502202645 0.6828125 0.2775330396475771 0.6859375 0.27312775330396477 0.6875 0.2643171806167401 0.6921875 0.2599118942731278 0.6921875 0.24669603524229075 0.7046875 0.21585903083700442 0.7046875 0.19823788546255505 0.7015625 0.19383259911894274 0.7 0.18061674008810572 0.6953125 0.18061674008810572 0.69375 0.17180616740088106 0.6875 0.17180616740088106 0.6859375 0.16740088105726872 0.659375 0.16740088105726872 0.6578125 0.15859030837004406 0.634375 0.15859030837004406 0.634375 0.16299559471365638 0.6265625 0.17180616740088106 0.6203125 0.19823788546255505
0 0.3140625 0 0.3140625 0.004405286343612335 0.3140625 0.09691629955947137 0.3171875 0.1013215859030837 0.3171875 0.11894273127753303 0.325 0.13656387665198239 0.325 0.14096916299559473 0.3296875 0.14537444933920704 0.34375 0.14537444933920704 0.35 0.13215859030837004 0.353125 0.14537444933920704 0.353125 0.15418502202643172 0.359375 0.16740088105726872 0.3625 0.16740088105726872 0.3640625 0.1762114537444934 0.3703125 0.1762114537444934 0.371875 0.18502202643171806 0.384375 0.18502202643171806 0.3859375 0.1762114537444934 0.3890625 0.1762114537444934 0.390625 0.16740088105726872 0.396875 0.16299559471365638 0.3984375 0.15418502202643172 0.403125 0.15418502202643172 0.4046875 0.14537444933920704 0.4109375 0.14096916299559473 0.4125 0.12334801762114538 0.415625 0.11894273127753303 0.415625 0.10572687224669604 0.4234375 0.0881057268722467 0.4234375 0.07488986784140969 0.425 0.07048458149779736 0.4296875 0.06607929515418502 0.43125 0.048458149779735685 0.434375 0.04405286343612335 0.434375 0.030837004405286344 0.4390625 0.022026431718061675 0.4390625 0 0.3140625 0
0 0.4859375 0.1145374449339207 0.484375 0.12334801762114538 0.4734375 0.1277533039647577 0.46875 0.14537444933920704 0.4625 0.14977973568281938 0.4578125 0.16740088105726872 0.4515625 0.17180616740088106 0.45 0.18061674008810572 0.4484375 0.18061674008810572 0.446875 0.19823788546255505 0.44375 0.2026431718061674 0.44375 0.22026431718061673 0.440625 0.22466960352422907 0.440625 0.23788546255506607 0.4359375 0.24669603524229075 0.4359375 0.2599118942731278 0.4328125 0.2643171806167401 0.43125 0.3039647577092511 0.428125 0.30837004405286345 0.428125 0.3392070484581498 0.425 0.3436123348017621 0.425 0.3920704845814978 0.428125 0.3964757709251101 0.428125 0.41409691629955947 0.43125 0.4185022026431718 0.43125 0.43171806167400884 0.4390625 0.43171806167400884 0.440625 0.42290748898678415 0.4453125 0.42290748898678415 0.4484375 0.44493392070484583 0.4546875 0.4581497797356828 0.45625 0.47577092511013214 0.465625 0.4933920704845815 0.4671875 0.5066079295154186 0.4734375 0.5110132158590308 0.475 0.5198237885462555 0.48125 0.5198237885462555 0.4828125 0.5286343612334802 0.490625 0.5286343612334802 0.4921875 0.5198237885462555 0.4984375 0.5198237885462555 0.5 0.5110132158590308 0.503125 0.5110132158590308 0.503125 0.5022026431718062 0.50625 0.4977973568281938 0.5078125 0.4845814977973568 0.5265625 0.4845814977973568 0.528125 0.47577092511013214 0.534375 0.47577092511013214 0.5359375 0.4669603524229075 0.54375 0.46255506607929514 0.5453125 0.44052863436123346 0.5484375 0.43612334801762115 0.5484375 0.4185022026431718 0.5515625 0.41409691629955947 0.553125 0.4008810572687225 0.553125 0.3436123348017621 0.5515625 0.3303964757709251 0.553125 0.32599118942731276 0.553125 0.29515418502202645 0.5515625 0.2907488986784141 0.5515625 0.2422907488986784 0.5484375 0.23788546255506607 0.5484375 0.22026431718061673 0.5453125 0.21585903083700442 0.54375 0.17180616740088106 0.540625 0.16740088105726872 0.540625 0.15859030837004406 0.5375 0.15418502202643172 0.5375 0.14537444933920704 0.534375 0.14096916299559473 0.5328125 0.12334801762114538 0.5265625 0.12334801762114538 0.525 0.1145374449339207 0.509375 0.1145374449339207 0.5078125 0.10572687224669604 0.5015625 0.10572687224669604 0.5015625 0.11013215859030837 0.5 0.1145374449339207 0.4859375 0.1145374449339207
0 0.603125 0.05286343612334802 0.6015625 0.06167400881057269 0.5953125 0.06167400881057269 0.59375 0.07488986784140969 0.5890625 0.07488986784140969 0.5875 0.0881057268722467 0.58125 0.1013215859030837 0.58125 0.12334801762114538 0.5875 0.13656387665198239 0.5875 0.14096916299559473 0.590625 0.14096916299559473 0.5953125 0.14977973568281938 0.596875 0.16299559471365638 0.6 0.16740088105726872 0.6 0.1762114537444934 0.603125 0.18061674008810572 0.603125 0.18502202643171806 0.6125 0.18502202643171806 0.615625 0.16740088105726872 0.621875 0.16299559471365638 0.6234375 0.15418502202643172 0.6328125 0.15418502202643172 0.634375 0.14537444933920704 0.6390625 0.14537444933920704 0.6453125 0.12334801762114538 0.665625 0.12334801762114538 0.6671875 0.11894273127753303 0.665625 0.1013215859030837 0.659375 0.0881057268722467 0.659375 0.08370044052863436 0.65625 0.08370044052863436 0.6546875 0.07488986784140969 0.65 0.07048458149779736 0.6484375 0.06167400881057269 0.6421875 0.06167400881057269 0.640625 0.05286343612334802 0.6234375 0.05286343612334802 0.621875 0.048458149779735685 0.6203125 0.048458149779735685 0.60625 0.048458149779735685 0.603125 0.05286343612334802
2 0.7640625 0.2290748898678414 0.7671875 0.23348017621145375 0.7671875 0.27312775330396477 0.7703125 0.2775330396475771 0.7703125 0.29515418502202645 0.7734375 0.29955947136563876 0.775 0.32599118942731276 0.778125 0.3303964757709251 0.778125 0.34801762114537443 0.78125 0.3524229074889868 0.7828125 0.3656387665198238 0.7859375 0.3700440528634361 0.7859375 0.3788546255506608 0.7890625 0.3832599118942731 0.7890625 0.3876651982378855 0.7953125 0.3876651982378855 0.7953125 0.3700440528634361 0.7921875 0.3656387665198238 0.7921875 0.3392070484581498 0.7953125 0.33480176211453744 0.7953125 0.2687224669603524 0.7921875 0.2643171806167401 0.7921875 0.22026431718061673 0.7953125 0.21585903083700442 0.7953125 0.2026431718061674 0.7921875 0.19823788546255505 0.7921875 0.1894273127753304 0.7875 0.18502202643171806 0.7875 0.17180616740088106 0.7671875 0.17180616740088106 0.7671875 0.1762114537444934 0.7640625 0.18061674008810572 0.7640625 0.2290748898678414
2 0 0.33480176211453744 0.0015625 0.33480176211453744 0.003125 0.32599118942731276 0.028125 0.32599118942731276 0.0296875 0.33480176211453744 0.0328125 0.3392070484581498 0.0328125 0.3656387665198238 0.0359375 0.3700440528634361 0.0375 0.3876651982378855 0.040625 0.3920704845814978 0.0765625 0.3920704845814978 0.078125 0.4008810572687225 0.0953125 0.4008810572687225 0.096875 0.40969162995594716 0.0984375 0.4008810572687225 0.1046875 0.4008810572687225 0.10625 0.3920704845814978 0.1234375 0.3876651982378855 0.125 0.3788546255506608 0.1296875 0.3788546255506608 0.13125 0.3700440528634361 0.134375 0.3700440528634361 0.134375 0.3524229074889868 0.1328125 0.3524229074889868 0.115625 0.29955947136563876 0.1109375 0.2907488986784141 0.1109375 0.28634361233480177 0.1078125 0.28193832599118945 0.1078125 0.2687224669603524 0.0875 0.21585903083700442 0.0875 0.2026431718061674 0.0828125 0.19823788546255505 0.08125 0.1894273127753304 0.078125 0.18502202643171806 0.0765625 0.17180616740088106 0.071875 0.17180616740088106 0.06875 0.15859030837004406 0.0640625 0.15859030837004406 0.0625 0.14977973568281938 0.05625 0.14537444933920704 0.0546875 0.13656387665198239 0.0515625 0.13656387665198239 0.05 0.1277533039647577 0.04375 0.11894273127753303 0.0421875 0.10572687224669604 0.0359375 0.1013215859030837 0.03125 0.08370044052863436 0.0265625 0.08370044052863436 0.0234375 0.07048458149779736 0.0171875 0.07048458149779736 0.015625 0.06167400881057269 0.00625 0.06167400881057269 0.00625 0.06607929515418502 0.0046875 0.07048458149779736 0 0.07048458149779736 0 0.11894273127753303 0.003125 0.12334801762114538 0 0.1277533039647577 0 0.2422907488986784 0.0046875 0.2422907488986784 0.00625 0.2511013215859031 0.009375 0.2555066079295154 0.009375 0.2643171806167401 0.00625 0.2687224669603524 0.00625 0.2907488986784141 0 0.29955947136563876 0 0.33480176211453744
2 0.73125 0.8766519823788547 0.7203125 0.8810572687224669 0.71875 0.8898678414096917 0.7109375 0.8898678414096917 0.709375 0.8986784140969163 0.6984375 0.9030837004405287 0.696875 0.9118942731277533 0.69375 0.9118942731277533 0.6921875 0.920704845814978 0.6875 0.920704845814978 0.6859375 0.9295154185022027 0.675 0.933920704845815 0.6734375 0.9427312775330396 0.66875 0.9427312775330396 0.6671875 0.9515418502202643 0.659375 0.9559471365638766 0.6578125 0.9647577092511013 0.653125 0.9647577092511013 0.6515625 0.973568281938326 0.6421875 0.9779735682819384 0.640625 0.9911894273127754 0.6375 0.9955947136563876 0.6625 0.9955947136563876 0.6671875 0.9911894273127754 0.66875 0.9955947136563876 0.7625 0.9955947136563876 0.765625 0.9911894273127754 0.765625 0.973568281938326 0.771875 0.960352422907489 0.771875 0.8678414096916299 0.7671875 0.8678414096916299 0.765625 0.8590308370044053 0.7640625 0.8590308370044053 0.7625 0.8678414096916299 0.7609375 0.8590308370044053 0.7375 0.8590308370044053 0.7375 0.8634361233480177 0.7328125 0.8678414096916299 0.73125 0.8766519823788547
2 0.5734375 0.5198237885462555 0.5765625 0.5242290748898678 0.5765625 0.5286343612334802 0.5734375 0.5330396475770925 0.5734375 0.5814977973568282 0.5703125 0.5859030837004405 0.56875 0.6255506607929515 0.565625 0.6299559471365639 0.565625 0.6475770925110133 0.5625 0.6519823788546255 0.5609375 0.7312775330396476 0.5578125 0.73568281938326 0.5578125 0.7973568281938326 0.5546875 0.801762114537445 0.553125 0.8722466960352423 0.55 0.8766519823788547 0.55 0.9074889867841409 0.546875 0.9118942731277533 0.5453125 0.960352422907489 0.5421875 0.9647577092511013 0.5421875 0.9911894273127754 0.5453125 0.9955947136563876 0.5671875 0.9955947136563876 0.56875 0.9911894273127754 0.5875 0.9911894273127754 0.5921875 0.973568281938326 0.59375 0.973568281938326 0.5953125 0.933920704845815 0.5984375 0.9295154185022027 0.5984375 0.8810572687224669 0.6015625 0.8766519823788547 0.6015625 0.8546255506607929 0.6046875 0.8502202643171806 0.6046875 0.8237885462555066 0.60625 0.8193832599118943 0.60625 0.8061674008810573 0.609375 0.801762114537445 0.609375 0.7797356828193832 0.6125 0.775330396475771 0.6125 0.7268722466960352 0.609375 0.7224669603524229 0.609375 0.6828193832599119 0.6125 0.6784140969162996 0.6125 0.6740088105726872 0.609375 0.6696035242290749 0.609375 0.6431718061674009 0.60625 0.6387665198237885 0.6046875 0.6299559471365639 0.6046875 0.6123348017621145 0.6015625 0.6079295154185022 0.6015625 0.5859030837004405 0.5984375 0.5814977973568282 0.5984375 0.5550660792951542 0.5953125 0.5506607929515418 0.5953125 0.5374449339207048 0.5875 0.5198237885462555 0.5859375 0.5022026431718062 0.58125 0.5022026431718062 0.5796875 0.4933920704845815 0.5796875 0.4977973568281938 0.5734375 0.5110132158590308 0.5734375 0.5198237885462555
1 0.74375 0.21145374449339208 0.7421875 0.22026431718061673 0.7375 0.22466960352422907 0.734375 0.2422907488986784 0.728125 0.24669603524229075 0.7234375 0.2643171806167401 0.7109375 0.2687224669603524 0.709375 0.2775330396475771 0.70625 0.2775330396475771 0.7046875 0.28634361233480177 0.7015625 0.28634361233480177 0.7 0.29515418502202645 0.6953125 0.29955947136563876 0.69375 0.31718061674008813 0.690625 0.32158590308370044 0.690625 0.33480176211453744 0.6875 0.3392070484581498 0.6859375 0.3524229074889868 0.684375 0.3524229074889868 0.684375 0.3876651982378855 0.6828125 0.3920704845814978 0.684375 0.5506607929515418 0.690625 0.5638766519823789 0.690625 0.5947136563876652 0.69375 0.5991189427312775 0.6953125 0.6563876651982379 0.6984375 0.6607929515418502 0.6984375 0.6828193832599119 0.7015625 0.6872246696035242 0.703125 0.73568281938326 0.70625 0.7400881057268722 0.70625 0.7533039647577092 0.7140625 0.7709251101321586 0.7140625 0.775330396475771 0.7203125 0.7797356828193832 0.7375 0.8325991189427313 0.7421875 0.8325991189427313 0.74375 0.8414096916299559 0.7484375 0.8458149779735683 0.7484375 0.8502202643171806 0.7609375 0.8502202643171806 0.7625 0.8414096916299559 0.7734375 0.8414096916299559 0.775 0.8325991189427313 0.7890625 0.8281938325991189 0.790625 0.8193832599118943 0.7953125 0.8193832599118943 0.7984375 0.801762114537445 0.803125 0.7973568281938326 0.8046875 0.788546255506608 0.80625 0.788546255506608 0.8078125 0.762114537444934 0.8109375 0.7577092511013216 0.8125 0.7444933920704846 0.8140625 0.7444933920704846 0.815625 0.7092511013215859 0.81875 0.7048458149779736 0.8203125 0.6916299559471366 0.821875 0.6916299559471366 0.8234375 0.6607929515418502 0.8265625 0.6563876651982379 0.8265625 0.6431718061674009 0.8296875 0.6387665198237885 0.8296875 0.6079295154185022 0.8328125 0.6035242290748899 0.834375 0.5770925110132159 0.8375 0.5726872246696035 0.8375 0.5550660792951542 0.840625 0.5506607929515418 0.8421875 0.5110132158590308 0.8453125 0.5066079295154186 0.8453125 0.4801762114537445 0.8484375 0.47577092511013214 0.8484375 0.3700440528634361 0.8453125 0.3656387665198238 0.8453125 0.3524229074889868 0.8421875 0.34801762114537443 0.8421875 0.3303964757709251 0.840625 0.31718061674008813 0.8375 0.31277533039647576 0.8375 0.29955947136563876 0.8296875 0.28193832599118945 0.8296875 0.2687224669603524 0.8234375 0.2643171806167401 0.81875 0.24669603524229075 0.815625 0.2422907488986784 0.809375 0.2422907488986784 0.80625 0.2643171806167401 0.8015625 0.2687224669603524 0.796875 0.28634361233480177 0.79375 0.28634361233480177 0.79375 0.3788546255506608 0.7890625 0.3832599118942731 0.7875 0.3744493392070485 0.78125 0.3656387665198238 0.7796875 0.3436123348017621 0.7765625 0.3392070484581498 0.7765625 0.3303964757709251 0.7734375 0.32599118942731276 0.771875 0.28634361233480177 0.76875 0.28193832599118945 0.76875 0.24669603524229075 0.765625 0.2422907488986784 0.765625 0.22466960352422907 0.7625 0.22026431718061673 0.7609375 0.2026431718061674 0.7515625 0.2026431718061674 0.7515625 0.20704845814977973 0.75 0.21145374449339208 0.74375 0.21145374449339208
1 0.23125 0.6431718061674009 0.23125 0.6563876651982379 0.228125 0.6607929515418502 0.228125 0.7136563876651982 0.2265625 0.7180616740088106 0.2265625 0.7312775330396476 0.2234375 0.73568281938326 0.221875 0.748898678414097 0.2203125 0.748898678414097 0.2203125 0.7665198237885462 0.2171875 0.7797356828193832 0.215625 0.7797356828193832 0.215625 0.788546255506608 0.2078125 0.8061674008810573 0.20625 0.8149779735682819 0.2015625 0.8105726872246696 0.203125 0.7092511013215859 0.2015625 0.7048458149779736 0.196875 0.7048458149779736 0.1953125 0.6960352422907489 0.1921875 0.6916299559471366 0.190625 0.6740088105726872 0.1875 0.6696035242290749 0.1875 0.6651982378854625 0.184375 0.6607929515418502 0.1828125 0.6651982378854625 0.178125 0.6651982378854625 0.175 0.6828193832599119 0.1703125 0.6872246696035242 0.1640625 0.7092511013215859 0.1625 0.7092511013215859 0.1625 0.7224669603524229 0.159375 0.7268722466960352 0.1578125 0.7444933920704846 0.1546875 0.748898678414097 0.1546875 0.7577092511013216 0.1515625 0.762114537444934 0.15 0.8193832599118943 0.146875 0.8237885462555066 0.146875 0.8722466960352423 0.15 0.8766519823788547 0.15 0.8942731277533039 0.1515625 0.8986784140969163 0.1515625 0.9383259911894273 0.1578125 0.9515418502202643 0.159375 0.9911894273127754 0.1625 0.9955947136563876 0.2109375 0.9911894273127754 0.2125 0.9955947136563876 0.2265625 0.9955947136563876 0.228125 0.9911894273127754 0.240625 0.9911894273127754 0.2421875 0.9955947136563876 0.278125 0.9955947136563876 0.2796875 0.9911894273127754 0.28125 0.9955947136563876 0.3046875 0.9955947136563876 0.30625 0.9647577092511013 0.309375 0.960352422907489 0.3109375 0.947136563876652 0.3125 0.947136563876652 0.3125 0.933920704845815 0.315625 0.9295154185022027 0.3171875 0.8546255506607929 0.3125 0.8370044052863436 0.2953125 0.8370044052863436 0.2921875 0.8325991189427313 0.2859375 0.8061674008810573 0.2796875 0.7973568281938326 0.278125 0.7841409691629956 0.271875 0.775330396475771 0.271875 0.762114537444934 0.2671875 0.7533039647577092 0.2671875 0.7400881057268722 0.253125 0.7048458149779736 0.2515625 0.6651982378854625 0.2484375 0.6607929515418502 0.2515625 0.6563876651982379 0.2515625 0.6519823788546255 0.2453125 0.6387665198237885 0.24375 0.6299559471365639 0.2421875 0.6299559471365639 0.2375 0.6299559471365639 0.23125 0.6431718061674009
1 0.3109375 0.31277533039647576 0.3078125 0.31718061674008813 0.30625 0.4008810572687225 0.303125 0.4052863436123348 0.3015625 0.41409691629955947 0.296875 0.40969162995594716 0.296875 0.3964757709251101 0.29375 0.3920704845814978 0.29375 0.3832599118942731 0.290625 0.3788546255506608 0.290625 0.3700440528634361 0.2875 0.3700440528634361 0.2859375 0.36123348017621143 0.2765625 0.36123348017621143 0.275 0.3524229074889868 0.271875 0.34801762114537443 0.2734375 0.3392070484581498 0.275 0.3392070484581498 0.275 0.3303964757709251 0.271875 0.32599118942731276 0.2703125 0.29515418502202645 0.2578125 0.29955947136563876 0.24375 0.3436123348017621 0.2421875 0.3436123348017621 0.2421875 0.3568281938325991 0.2390625 0.36123348017621143 0.2375 0.3700440528634361 0.2375 0.3876651982378855 0.23125 0.3964757709251101 0.23125 0.43612334801762115 0.228125 0.44052863436123346 0.228125 0.44493392070484583 0.23125 0.44933920704845814 0.23125 0.45374449339207046 0.228125 0.4581497797356828 0.228125 0.46255506607929514 0.23125 0.4669603524229075 0.23125 0.4845814977973568 0.234375 0.4889867841409692 0.234375 0.5110132158590308 0.2375 0.5154185022026432 0.2375 0.5506607929515418 0.2390625 0.5550660792951542 0.2390625 0.5726872246696035 0.2421875 0.5770925110132159 0.2421875 0.5947136563876652 0.25 0.6123348017621145 0.25 0.6167400881057269 0.2546875 0.6211453744493393 0.2546875 0.6387665198237885 0.2578125 0.6431718061674009 0.2578125 0.6475770925110133 0.2546875 0.6519823788546255 0.2546875 0.6696035242290749 0.2578125 0.6740088105726872 0.2578125 0.6916299559471366 0.2609375 0.6960352422907489 0.2609375 0.7136563876651982 0.2640625 0.7136563876651982 0.265625 0.7180616740088106 0.265625 0.7312775330396476 0.271875 0.7400881057268722 0.2734375 0.7577092511013216 0.2765625 0.762114537444934 0.2765625 0.775330396475771 0.284375 0.7929515418502202 0.284375 0.7973568281938326 0.290625 0.8061674008810573 0.2921875 0.8193832599118943 0.2953125 0.8237885462555066 0.2953125 0.8281938325991189 0.325 0.8281938325991189 0.3265625 0.8193832599118943 0.33125 0.8193832599118943 0.334375 0.801762114537445 0.3390625 0.7973568281938326 0.340625 0.7797356828193832 0.35 0.7577092511013216 0.3515625 0.7180616740088106 0.3546875 0.7136563876651982 0.35625 0.7004405286343612 0.3578125 0.7004405286343612 0.359375 0.6431718061674009 0.3625 0.6387665198237885 0.3625 0.6123348017621145 0.365625 0.6079295154185022 0.3671875 0.5638766519823789 0.3703125 0.5594713656387665 0.3703125 0.5462555066079295 0.3734375 0.5418502202643172 0.3734375 0.5022026431718062 0.3765625 0.4977973568281938 0.3765625 0.3700440528634361 0.3734375 0.3656387665198238 0.3734375 0.3392070484581498 0.3703125 0.33480176211453744 0.3703125 0.3303964757709251 0.3671875 0.3303964757709251 0.36875 0.3568281938325991 0.3671875 0.36123348017621143 0.359375 0.36123348017621143 0.346875 0.32158590308370044 0.34375 0.31718061674008813 0.34375 0.30837004405286345 0.3375 0.30837004405286345 0.3375 0.31718061674008813 0.340625 0.32158590308370044 0.340625 0.32599118942731276 0.3375 0.3303964757709251 0.3359375 0.3392070484581498 0.3328125 0.3436123348017621 0.3296875 0.3392070484581498 0.328125 0.3303964757709251 0.325 0.32599118942731276 0.3234375 0.29955947136563876 0.31875 0.29515418502202645 0.3171875 0.28634361233480177 0.3171875 0.2907488986784141 0.3109375 0.29955947136563876 0.3109375 0.31277533039647576
1 0.5546875 0.3964757709251101 0.5546875 0.40969162995594716 0.55 0.4185022026431718 0.55 0.43612334801762115 0.546875 0.44052863436123346 0.546875 0.45374449339207046 0.54375 0.4669603524229075 0.5359375 0.4713656387665198 0.534375 0.4801762114537445 0.53125 0.4801762114537445 0.5296875 0.4889867841409692 0.509375 0.4889867841409692 0.50625 0.5110132158590308 0.5015625 0.5154185022026432 0.5 0.5242290748898678 0.49375 0.5242290748898678 0.4921875 0.5330396475770925 0.48125 0.5330396475770925 0.4796875 0.5242290748898678 0.475 0.5242290748898678 0.4734375 0.5154185022026432 0.4671875 0.5110132158590308 0.4640625 0.4933920704845815 0.459375 0.4889867841409692 0.4578125 0.4801762114537445 0.4546875 0.47577092511013214 0.453125 0.4581497797356828 0.446875 0.44493392070484583 0.4453125 0.43612334801762115 0.4328125 0.44052863436123346 0.4296875 0.42731277533039647 0.4265625 0.42290748898678415 0.4265625 0.41409691629955947 0.4234375 0.40969162995594716 0.4234375 0.3964757709251101 0.4203125 0.3920704845814978 0.4203125 0.3832599118942731 0.4171875 0.3832599118942731 0.415625 0.3920704845814978 0.4140625 0.3920704845814978 0.4125 0.4052863436123348 0.4140625 0.43171806167400884 0.4125 0.43612334801762115 0.4125 0.5418502202643172 0.4140625 0.5462555066079295 0.4140625 0.5947136563876652 0.4171875 0.5991189427312775 0.4171875 0.6255506607929515 0.4203125 0.6299559471365639 0.421875 0.6784140969162996 0.425 0.6828193832599119 0.425 0.6916299559471366 0.428125 0.6960352422907489 0.428125 0.7048458149779736 0.43125 0.7092511013215859 0.43125 0.7136563876651982 0.434375 0.7136563876651982 0.4390625 0.7312775330396476 0.446875 0.73568281938326 0.4484375 0.7444933920704846 0.4640625 0.7444933920704846 0.465625 0.7533039647577092 0.4765625 0.7533039647577092 0.478125 0.7444933920704846 0.4921875 0.7444933920704846 0.49375 0.73568281938326 0.503125 0.7312775330396476 0.509375 0.7048458149779736 0.5140625 0.7004405286343612 0.515625 0.6916299559471366 0.5171875 0.6916299559471366 0.51875 0.6740088105726872 0.525 0.6607929515418502 0.5265625 0.6343612334801763 0.5296875 0.6299559471365639 0.53125 0.6167400881057269 0.5328125 0.6167400881057269 0.534375 0.5991189427312775 0.5375 0.5947136563876652 0.5375 0.5859030837004405 0.540625 0.5814977973568282 0.540625 0.5682819383259912 0.54375 0.5638766519823789 0.5453125 0.5506607929515418 0.5453125 0.5374449339207048 0.5484375 0.5330396475770925 0.55 0.5198237885462555 0.5515625 0.5198237885462555 0.5515625 0.4933920704845815 0.553125 0.4801762114537445 0.55625 0.47577092511013214 0.55625 0.4669603524229075 0.559375 0.46255506607929514 0.559375 0.44052863436123346 0.5609375 0.43612334801762115 0.5609375 0.3744493392070485 0.5578125 0.3700440528634361 0.5578125 0.3744493392070485 0.5578125 0.3920704845814978 0.5546875 0.3964757709251101