5 0.3921875 0.7353689567430025 0.3921875 0.7531806615776081 0.3953125 0.7557251908396947 0.3953125 0.7760814249363868 0.4 0.7786259541984732 0.4 0.7888040712468194 0.40625 0.7989821882951654 0.4125 0.7989821882951654 0.4140625 0.7938931297709924 0.41875 0.7938931297709924 0.41875 0.7684478371501272 0.415625 0.7659033078880407 0.415625 0.7506361323155216 0.4125 0.7480916030534351 0.4125 0.7404580152671756 0.4078125 0.7379134860050891 0.4078125 0.727735368956743 0.4046875 0.72264631043257 0.4 0.72264631043257 0.39375 0.712468193384224 0.3890625 0.712468193384224 0.3890625 0.7150127226463104 0.3890625 0.732824427480916 0.3921875 0.7353689567430025
5 0.6203125 0 0.6203125 0.002544529262086514 0.61875 0.007633587786259542 0.615625 0.007633587786259542 0.609375 0.017811704834605598 0.609375 0.027989821882951654 0.6078125 0.030534351145038167 0.6015625 0.030534351145038167 0.6 0.04071246819338423 0.5953125 0.04071246819338423 0.59375 0.04580152671755725 0.584375 0.04580152671755725 0.584375 0.05089058524173028 0.58125 0.05343511450381679 0.58125 0.06615776081424936 0.578125 0.06870229007633588 0.5765625 0.07633587786259542 0.5734375 0.07633587786259542 0.5734375 0.08396946564885496 0.5640625 0.09669211195928754 0.5625 0.10432569974554708 0.55625 0.10432569974554708 0.546875 0.11959287531806616 0.5453125 0.1272264631043257 0.5421875 0.1272264631043257 0.5421875 0.13486005089058525 0.5359375 0.14249363867684478 0.5359375 0.15267175572519084 0.5328125 0.15521628498727735 0.5328125 0.1806615776081425 0.5375 0.1806615776081425 0.5390625 0.17557251908396945 0.5453125 0.17557251908396945 0.5453125 0.17048346055979643 0.55625 0.15267175572519084 0.559375 0.15267175572519084 0.5625 0.1475826972010178 0.5625 0.14249363867684478 0.56875 0.13486005089058525 0.56875 0.1272264631043257 0.571875 0.12468193384223919 0.571875 0.11450381679389313 0.5765625 0.11195928753180662 0.5875 0.089058524173028 0.590625 0.089058524173028 0.59375 0.08396946564885496 0.59375 0.07633587786259542 0.5953125 0.0737913486005089 0.6046875 0.0737913486005089 0.6046875 0.06870229007633588 0.609375 0.061068702290076333 0.6140625 0.061068702290076333 0.615625 0.05597964376590331 0.61875 0.05597964376590331 0.621875 0.05089058524173028 0.621875 0.04580152671755725 0.628125 0.03816793893129771 0.628125 0.030534351145038167 0.6328125 0.027989821882951654 0.6328125 0.022900763358778626 0.6359375 0.020356234096692113 0.6359375 0 0.6203125 0
5 0 0 0 0.002544529262086514 0 0.21374045801526717 0.0046875 0.21628498727735368 0.0046875 0.22646310432569974 0.0078125 0.22900763358778625 0.0078125 0.24427480916030533 0.0109375 0.24936386768447838 0.0265625 0.24936386768447838 0.028125 0.24427480916030533 0.034375 0.24427480916030533 0.034375 0.23918575063613232 0.0375 0.2366412213740458 0.0375 0.22391857506361323 0.040625 0.22137404580152673 0.040625 0.21119592875318066 0.0375 0.20865139949109415 0.0375 0.18829516539440203 0.034375 0.18575063613231552 0.034375 0.15521628498727735 0.03125 0.15267175572519084 0.03125 0 0 0
5 0.6859375 0.356234096692112 0.6984375 0.356234096692112 0.7 0.361323155216285 0.7125 0.361323155216285 0.7140625 0.36895674300254455 0.7234375 0.36895674300254455 0.725 0.37404580152671757 0.7375 0.37404580152671757 0.7390625 0.3791348600508906 0.7515625 0.3791348600508906 0.753125 0.3842239185750636 0.765625 0.3842239185750636 0.7671875 0.39185750636132316 0.775 0.39185750636132316 0.7765625 0.3969465648854962 0.7828125 0.3969465648854962 0.784375 0.4020356234096692 0.7921875 0.4020356234096692 0.79375 0.4071246819338422 0.803125 0.4071246819338422 0.8046875 0.41475826972010177 0.8203125 0.41475826972010177 0.821875 0.4198473282442748 0.834375 0.4198473282442748 0.8359375 0.42493638676844786 0.8453125 0.42493638676844786 0.846875 0.4300254452926209 0.85625 0.4300254452926209 0.8578125 0.4351145038167939 0.865625 0.4351145038167939 0.8671875 0.44274809160305345 0.8765625 0.44274809160305345 0.878125 0.44783715012722647 0.890625 0.44783715012722647 0.8921875 0.4529262086513995 0.9078125 0.4529262086513995 0.909375 0.4580152671755725 0.91875 0.4580152671755725 0.9203125 0.46564885496183206 0.9265625 0.46564885496183206 0.928125 0.4707379134860051 0.9328125 0.4707379134860051 0.9328125 0.46055979643765904 0.91875 0.44274809160305345 0.91875 0.43765903307888043 0.915625 0.43256997455470736 0.9 0.43256997455470736 0.8984375 0.42748091603053434 0.8859375 0.42748091603053434 0.884375 0.4223918575063613 0.875 0.4223918575063613 0.8703125 0.41475826972010177 0.8703125 0.40966921119592875 0.8609375 0.40966921119592875 0.859375 0.40458015267175573 0.85 0.40458015267175573 0.8484375 0.3994910941475827 0.84375 0.3994910941475827 0.8421875 0.3944020356234097 0.8296875 0.3944020356234097 0.828125 0.38676844783715014 0.815625 0.38676844783715014 0.8140625 0.3816793893129771 0.8046875 0.3816793893129771 0.803125 0.37659033078880405 0.79375 0.37659033078880405 0.7921875 0.37150127226463103 0.7765625 0.37150127226463103 0.775 0.3638676844783715 0.7484375 0.3638676844783715 0.746875 0.35877862595419846 0.734375 0.35877862595419846 0.7328125 0.35368956743002544 0.7203125 0.35368956743002544 0.71875 0.3486005089058524 0.703125 0.3486005089058524 0.7015625 0.34096692111959287 0.6828125 0.34096692111959287 0.6828125 0.3435114503816794 0.6828125 0.3511450381679389 0.6859375 0.356234096692112
5 0.0359375 0.8727735368956743 0.040625 0.8727735368956743 0.0421875 0.8804071246819338 0.0453125 0.8804071246819338 0.046875 0.8854961832061069 0.0515625 0.8854961832061069 0.05625 0.8956743002544529 0.0625 0.8956743002544529 0.0671875 0.9083969465648855 0.071875 0.9083969465648855 0.078125 0.9185750636132316 0.0828125 0.9185750636132316 0.084375 0.9211195928753181 0.084375 0.9312977099236641 0.0875 0.9363867684478372 0.09375 0.9363867684478372 0.0984375 0.9465648854961832 0.1046875 0.9465648854961832 0.10625 0.9541984732824428 0.109375 0.9567430025445293 0.109375 0.9643765903307888 0.115625 0.9720101781170484 0.115625 0.9821882951653944 0.11875 0.9821882951653944 0.1234375 0.989821882951654 0.1234375 0.9974554707379135 0.15625 0.9974554707379135 0.15625 0.9796437659033079 0.153125 0.9770992366412213 0.153125 0.9669211195928753 0.1421875 0.9541984732824428 0.1421875 0.9491094147582697 0.1390625 0.9440203562340967 0.134375 0.9440203562340967 0.1328125 0.9389312977099237 0.1296875 0.9389312977099237 0.11875 0.916030534351145 0.115625 0.916030534351145 0.1109375 0.905852417302799 0.10625 0.905852417302799 0.1046875 0.8982188295165394 0.1015625 0.8982188295165394 0.1 0.8931297709923665 0.0953125 0.8931297709923665 0.090625 0.8829516539440203 0.0859375 0.8804071246819338 0.0859375 0.8753180661577609 0.08125 0.8753180661577609 0.0796875 0.8702290076335878 0.0703125 0.8702290076335878 0.06875 0.8651399491094147 0.0421875 0.8651399491094147 0.0421875 0.8676844783715013 0.0359375 0.8702290076335878 0.0359375 0.8727735368956743
5 0.1234375 0 0.1234375 0.002544529262086514 0.121875 0.007633587786259542 0.115625 0.007633587786259542 0.1140625 0.01272264631043257 0.109375 0.01272264631043257 0.1046875 0.022900763358778626 0.0984375 0.022900763358778626 0.0984375 0.027989821882951654 0.090625 0.04071246819338423 0.0875 0.04071246819338423 0.084375 0.04580152671755725 0.084375 0.05089058524173028 0.0765625 0.06361323155216285 0.0734375 0.06361323155216285 0.0703125 0.06870229007633588 0.0703125 0.0737913486005089 0.059375 0.0916030534351145 0.053125 0.0916030534351145 0.0453125 0.10941475826972011 0.0421875 0.10941475826972011 0.0359375 0.11959287531806616 0.0359375 0.1297709923664122 0.0328125 0.13231552162849872 0.0328125 0.13994910941475827 0.0359375 0.14249363867684478 0.0359375 0.1475826972010178 0.0453125 0.1475826972010178 0.0453125 0.14249363867684478 0.05625 0.12468193384223919 0.059375 0.12468193384223919 0.059375 0.11959287531806616 0.0671875 0.10687022900763359 0.071875 0.10687022900763359 0.0734375 0.10178117048346055 0.0765625 0.10178117048346055 0.0765625 0.09669211195928754 0.0875 0.07888040712468193 0.090625 0.07888040712468193 0.09375 0.0737913486005089 0.09375 0.06870229007633588 0.0984375 0.061068702290076333 0.1046875 0.061068702290076333 0.115625 0.03816793893129771 0.11875 0.03816793893129771 0.1234375 0.027989821882951654 0.128125 0.027989821882951654 0.1296875 0.020356234096692113 0.1328125 0.020356234096692113 0.1390625 0.010178117048346057 0.1390625 0 0.1234375 0
5 0.3546875 0 0.3546875 0.002544529262086514 0.3546875 0.020356234096692113 0.35 0.022900763358778626 0.35 0.05089058524173028 0.346875 0.05343511450381679 0.346875 0.08396946564885496 0.34375 0.08651399491094147 0.34375 0.11704834605597965 0.340625 0.11959287531806616 0.340625 0.1297709923664122 0.3453125 0.1297709923664122 0.3484375 0.13486005089058525 0.35 0.1297709923664122 0.353125 0.1297709923664122 0.35625 0.12468193384223919 0.35625 0.06870229007633588 0.359375 0.06615776081424936 0.359375 0.030534351145038167 0.3625 0.027989821882951654 0.3625 0 0.3546875 0
5 0.546875 0 0.546875 0.002544529262086514 0.5453125 0.007633587786259542 0.5421875 0.007633587786259542 0.5328125 0.022900763358778626 0.5328125 0.03307888040712468 0.528125 0.035623409669211195 0.528125 0.043256997455470736 0.525 0.04580152671755725 0.525 0.05089058524173028 0.5171875 0.06361323155216285 0.5140625 0.06361323155216285 0.5140625 0.0737913486005089 0.503125 0.0916030534351145 0.5 0.0916030534351145 0.5 0.10687022900763359 0.490625 0.11959287531806616 0.490625 0.12468193384223919 0.4875 0.1272264631043257 0.4875 0.13486005089058525 0.4828125 0.13740458015267176 0.4828125 0.1628498727735369 0.4796875 0.16539440203562342 0.4796875 0.18575063613231552 0.4828125 0.19083969465648856 0.4890625 0.19083969465648856 0.4953125 0.1806615776081425 0.4953125 0.17048346055979643 0.4984375 0.16793893129770993 0.4984375 0.16030534351145037 0.503125 0.15776081424936386 0.503125 0.15012722646310434 0.509375 0.13994910941475827 0.509375 0.13231552162849872 0.5140625 0.12468193384223919 0.5171875 0.12468193384223919 0.5171875 0.11450381679389313 0.5203125 0.11195928753180662 0.5203125 0.10432569974554708 0.5234375 0.10178117048346055 0.5234375 0.09669211195928754 0.534375 0.08396946564885496 0.534375 0.07633587786259542 0.5375 0.0737913486005089 0.5375 0.06870229007633588 0.5421875 0.061068702290076333 0.5453125 0.061068702290076333 0.5453125 0.05343511450381679 0.5515625 0.043256997455470736 0.5515625 0.035623409669211195 0.55625 0.027989821882951654 0.559375 0.027989821882951654 0.559375 0.01272264631043257 0.5625 0.010178117048346057 0.5625 0 0.546875 0
5 0.671875 0 0.671875 0.002544529262086514 0.671875 0.010178117048346057 0.665625 0.01272264631043257 0.6640625 0.017811704834605598 0.6609375 0.017811704834605598 0.6578125 0.022900763358778626 0.6578125 0.027989821882951654 0.6515625 0.035623409669211195 0.6515625 0.043256997455470736 0.646875 0.04580152671755725 0.646875 0.05597964376590331 0.64375 0.058524173027989825 0.64375 0.0737913486005089 0.6375 0.08142493638676845 0.6375 0.089058524173028 0.6328125 0.09669211195928754 0.6296875 0.09669211195928754 0.6296875 0.10178117048346055 0.6265625 0.10432569974554708 0.6265625 0.11195928753180662 0.6203125 0.11450381679389313 0.61875 0.11959287531806616 0.615625 0.11959287531806616 0.615625 0.12468193384223919 0.6046875 0.14249363867684478 0.6015625 0.14249363867684478 0.6015625 0.1475826972010178 0.5953125 0.15521628498727735 0.5953125 0.1628498727735369 0.590625 0.17048346055979643 0.5875 0.17048346055979643 0.5875 0.1806615776081425 0.584375 0.183206106870229 0.584375 0.1984732824427481 0.5875 0.2035623409669211 0.590625 0.2035623409669211 0.5921875 0.20865139949109415 0.6046875 0.20865139949109415 0.615625 0.18575063613231552 0.61875 0.18575063613231552 0.6203125 0.1806615776081425 0.625 0.1806615776081425 0.6296875 0.16793893129770993 0.6328125 0.16793893129770993 0.6359375 0.1628498727735369 0.6359375 0.15521628498727735 0.6421875 0.1475826972010178 0.6421875 0.14249363867684478 0.646875 0.13486005089058525 0.65 0.13486005089058525 0.65625 0.12468193384223919 0.65625 0.11450381679389313 0.6609375 0.10687022900763359 0.6640625 0.10687022900763359 0.6640625 0.09669211195928754 0.6703125 0.089058524173028 0.6703125 0.08142493638676845 0.6734375 0.07888040712468193 0.6734375 0.06870229007633588 0.68125 0.061068702290076333 0.68125 0.05343511450381679 0.6875 0.043256997455470736 0.6875 0.035623409669211195 0.6921875 0.03307888040712468 0.6921875 0.022900763358778626 0.6953125 0.020356234096692113 0.6953125 0.01272264631043257 0.6984375 0.010178117048346057 0.6984375 0 0.671875 0
2 0.8921875 0 0.8921875 0.002544529262086514 0.8859375 0.01272264631043257 0.8859375 0.020356234096692113 0.88125 0.022900763358778626 0.88125 0.03816793893129771 0.8875 0.03816793893129771 0.8890625 0.043256997455470736 0.8953125 0.04580152671755725 0.8953125 0.05597964376590331 0.8984375 0.05597964376590331 0.903125 0.06361323155216285 0.903125 0.0737913486005089 0.9078125 0.0737913486005089 0.909375 0.07888040712468193 0.915625 0.07888040712468193 0.9203125 0.089058524173028 0.9265625 0.089058524173028 0.928125 0.0916030534351145 0.928125 0.10178117048346055 0.934375 0.10941475826972011 0.934375 0.11704834605597965 0.94375 0.11704834605597965 0.9453125 0.12468193384223919 0.95 0.12468193384223919 0.9515625 0.1297709923664122 0.9640625 0.1297709923664122 0.965625 0.13486005089058525 0.975 0.13486005089058525 0.9765625 0.13994910941475827 0.9828125 0.14249363867684478 0.9828125 0.1475826972010178 0.9953125 0.1475826972010178 0.9953125 0.14249363867684478 0.9984375 0.13994910941475827 0.9984375 0.07633587786259542 0.9921875 0.06615776081424936 0.9921875 0.05343511450381679 0.9953125 0.05089058524173028 0.9953125 0.04071246819338423 0.9984375 0.03816793893129771 0.9984375 0.007633587786259542 0.9953125 0.005089058524173028 0.9953125 0 0.93125 0 0.9296875 0.007633587786259542 0.9171875 0.007633587786259542 0.915625 0 0.8921875 0
2 0.290625 0.6793893129770993 0.2875 0.6819338422391857 0.2875 0.7099236641221374 0.284375 0.712468193384224 0.284375 0.7251908396946565 0.28125 0.727735368956743 0.28125 0.7430025445292621 0.2765625 0.7455470737913485 0.2765625 0.7938931297709924 0.28125 0.7964376590330788 0.28125 0.816793893129771 0.284375 0.821882951653944 0.2921875 0.821882951653944 0.29375 0.816793893129771 0.3 0.816793893129771 0.3046875 0.806615776081425 0.3109375 0.806615776081425 0.3109375 0.8015267175572519 0.3203125 0.7888040712468194 0.3203125 0.7786259541984732 0.321875 0.7760814249363868 0.328125 0.7760814249363868 0.328125 0.7684478371501272 0.33125 0.7659033078880407 0.33125 0.7455470737913485 0.334375 0.7430025445292621 0.334375 0.7353689567430025 0.33125 0.732824427480916 0.33125 0.7048346055979644 0.328125 0.7022900763358778 0.33125 0.6972010178117048 0.33125 0.6819338422391857 0.328125 0.6793893129770993 0.328125 0.6615776081424937 0.3171875 0.6437659033078881 0.3078125 0.6437659033078881 0.30625 0.638676844783715 0.2984375 0.638676844783715 0.2984375 0.6412213740458015 0.290625 0.648854961832061 0.290625 0.6793893129770993
2 0.2671875 0.6030534351145038 0.265625 0.6081424936386769 0.2625 0.6081424936386769 0.2625 0.6132315521628499 0.2515625 0.6310432569974554 0.2453125 0.6310432569974554 0.24375 0.638676844783715 0.2390625 0.638676844783715 0.2375 0.6437659033078881 0.23125 0.6437659033078881 0.2296875 0.648854961832061 0.225 0.648854961832061 0.225 0.6590330788804071 0.2203125 0.6615776081424937 0.2140625 0.6717557251908397 0.2140625 0.6972010178117048 0.2171875 0.6997455470737913 0.2171875 0.7099236641221374 0.2203125 0.712468193384224 0.2203125 0.7201017811704835 0.2265625 0.7201017811704835 0.228125 0.7251908396946565 0.2546875 0.7251908396946565 0.25625 0.7201017811704835 0.2609375 0.7201017811704835 0.2625 0.7150127226463104 0.265625 0.7150127226463104 0.2671875 0.7099236641221374 0.271875 0.7099236641221374 0.2734375 0.7022900763358778 0.2796875 0.7022900763358778 0.2828125 0.6972010178117048 0.2828125 0.6895674300254453 0.2859375 0.6870229007633588 0.2859375 0.6615776081424937 0.2890625 0.6590330788804071 0.2890625 0.638676844783715 0.2859375 0.6361323155216285 0.2859375 0.6259541984732825 0.2828125 0.6234096692111959 0.2828125 0.6157760814249363 0.2859375 0.6132315521628499 0.2859375 0.6081424936386769 0.2828125 0.6055979643765903 0.2828125 0.5928753180661578 0.2734375 0.5928753180661578 0.2734375 0.5954198473282443 0.271875 0.6030534351145038 0.2671875 0.6030534351145038
2 0.2140625 0.7735368956743003 0.2140625 0.7837150127226463 0.2171875 0.7862595419847328 0.2171875 0.7938931297709924 0.2203125 0.7989821882951654 0.225 0.8015267175572519 0.225 0.811704834605598 0.234375 0.8244274809160306 0.234375 0.8295165394402035 0.2390625 0.8320610687022901 0.2390625 0.8396946564885496 0.2484375 0.8524173027989822 0.2484375 0.8575063613231552 0.2515625 0.8575063613231552 0.253125 0.8625954198473282 0.2578125 0.8625954198473282 0.2609375 0.8676844783715013 0.2625 0.8625954198473282 0.265625 0.8625954198473282 0.26875 0.8575063613231552 0.26875 0.8524173027989822 0.271875 0.8498727735368957 0.271875 0.8422391857506362 0.275 0.8396946564885496 0.275 0.8091603053435115 0.271875 0.806615776081425 0.271875 0.8015267175572519 0.265625 0.7913486005089059 0.2625 0.7913486005089059 0.2578125 0.7837150127226463 0.2578125 0.7786259541984732 0.2546875 0.7735368956743003 0.2453125 0.7735368956743003 0.240625 0.7633587786259542 0.234375 0.7633587786259542 0.2328125 0.7608142493638677 0.2328125 0.7557251908396947 0.2296875 0.7531806615776081 0.2296875 0.7455470737913485 0.2265625 0.7430025445292621 0.2265625 0.7353689567430025 0.2234375 0.732824427480916 0.2234375 0.72264631043257 0.2203125 0.72264631043257 0.215625 0.7150127226463104 0.215625 0.7048346055979644 0.2109375 0.7048346055979644 0.2109375 0.7073791348600509 0.2109375 0.7709923664122137 0.2140625 0.7735368956743003
2 0.3640625 0.178117048346056 0.3625 0.183206106870229 0.3578125 0.183206106870229 0.353125 0.19338422391857507 0.35 0.19338422391857507 0.3484375 0.2010178117048346 0.34375 0.2010178117048346 0.3421875 0.21119592875318066 0.3359375 0.21119592875318066 0.3359375 0.2595419847328244 0.3390625 0.2595419847328244 0.35 0.2824427480916031 0.353125 0.2824427480916031 0.3578125 0.2900763358778626 0.3578125 0.2951653944020356 0.3640625 0.3053435114503817 0.3765625 0.3053435114503817 0.3796875 0.3104325699745547 0.38125 0.3053435114503817 0.390625 0.3053435114503817 0.3953125 0.2951653944020356 0.3984375 0.2951653944020356 0.3984375 0.28498727735368956 0.4015625 0.2824427480916031 0.4015625 0.2748091603053435 0.4046875 0.272264631043257 0.4046875 0.26717557251908397 0.40625 0.26463104325699743 0.4125 0.26463104325699743 0.415625 0.2595419847328244 0.4171875 0.24936386768447838 0.421875 0.24936386768447838 0.4296875 0.2366412213740458 0.4296875 0.21628498727735368 0.4265625 0.21119592875318066 0.4234375 0.21119592875318066 0.421875 0.20610687022900764 0.4171875 0.20610687022900764 0.415625 0.2010178117048346 0.409375 0.2010178117048346 0.4078125 0.19338422391857507 0.4015625 0.18575063613231552 0.4015625 0.178117048346056 0.3921875 0.178117048346056 0.390625 0.17048346055979643 0.371875 0.17048346055979643 0.371875 0.17302798982188294 0.3703125 0.178117048346056 0.3640625 0.178117048346056
2 0.9 0.26717557251908397 0.8984375 0.2748091603053435 0.8921875 0.2748091603053435 0.8859375 0.28498727735368956 0.8890625 0.2900763358778626 0.8890625 0.3053435114503817 0.8921875 0.30788804071246817 0.8921875 0.3231552162849873 0.8953125 0.3256997455470738 0.8953125 0.3511450381679389 0.8921875 0.35368956743002544 0.890625 0.3638676844783715 0.8859375 0.3638676844783715 0.884375 0.37150127226463103 0.8578125 0.37150127226463103 0.85625 0.3638676844783715 0.8328125 0.3638676844783715 0.83125 0.35877862595419846 0.81875 0.35877862595419846 0.8171875 0.35368956743002544 0.8125 0.35368956743002544 0.8109375 0.35877862595419846 0.8078125 0.35877862595419846 0.8078125 0.36895674300254455 0.8109375 0.36895674300254455 0.815625 0.3791348600508906 0.8203125 0.3791348600508906 0.821875 0.3842239185750636 0.834375 0.3842239185750636 0.8359375 0.39185750636132316 0.8453125 0.39185750636132316 0.846875 0.3969465648854962 0.85625 0.3969465648854962 0.8578125 0.4020356234096692 0.8625 0.4020356234096692 0.8640625 0.4071246819338422 0.8703125 0.4071246819338422 0.871875 0.40966921119592875 0.871875 0.4198473282442748 0.8765625 0.4198473282442748 0.878125 0.42493638676844786 0.890625 0.42493638676844786 0.8921875 0.4300254452926209 0.8984375 0.4300254452926209 0.9 0.4351145038167939 0.9125 0.4351145038167939 0.9140625 0.44274809160305345 0.9203125 0.4529262086513995 0.9265625 0.4529262086513995 0.93125 0.46055979643765904 0.93125 0.46564885496183206 0.940625 0.48091603053435117 0.946875 0.48091603053435117 0.9484375 0.48854961832061067 0.953125 0.48854961832061067 0.9546875 0.49363867684478374 0.9609375 0.49363867684478374 0.9625 0.49872773536895676 0.971875 0.49872773536895676 0.9734375 0.5038167938931297 0.9859375 0.5038167938931297 0.9890625 0.49872773536895676 0.9890625 0.4681933842239186 0.9859375 0.46564885496183206 0.9859375 0.43765903307888043 0.98125 0.4351145038167939 0.98125 0.40966921119592875 0.978125 0.4071246819338422 0.978125 0.38676844783715014 0.975 0.3842239185750636 0.978125 0.3791348600508906 0.978125 0.3638676844783715 0.975 0.361323155216285 0.975 0.33587786259541985 0.971875 0.3333333333333333 0.971875 0.29770992366412213 0.9671875 0.2951653944020356 0.9671875 0.28498727735368956 0.9609375 0.2748091603053435 0.9546875 0.2748091603053435 0.953125 0.272264631043257 0.953125 0.26717557251908397 0.93125 0.26717557251908397 0.9296875 0.26208651399491095 0.9171875 0.26208651399491095 0.9171875 0.26463104325699743 0.915625 0.26717557251908397 0.9 0.26717557251908397
2 0.14375 0.25699745547073793 0.1328125 0.27989821882951654 0.1296875 0.27989821882951654 0.1234375 0.2900763358778626 0.1234375 0.2951653944020356 0.11875 0.30279898218829515 0.115625 0.30279898218829515 0.109375 0.31297709923664124 0.109375 0.3231552162849873 0.1046875 0.33078880407124683 0.1015625 0.33078880407124683 0.1015625 0.3460559796437659 0.0921875 0.35877862595419846 0.0921875 0.37404580152671757 0.0875 0.37659033078880405 0.08125 0.38676844783715014 0.08125 0.39185750636132316 0.078125 0.3944020356234097 0.078125 0.4020356234096692 0.0703125 0.40966921119592875 0.0703125 0.4198473282442748 0.0640625 0.42748091603053434 0.0640625 0.44274809160305345 0.0609375 0.44529262086513993 0.0609375 0.4580152671755725 0.05625 0.46055979643765904 0.05625 0.4707379134860051 0.053125 0.4732824427480916 0.053125 0.5089058524173028 0.05 0.5114503816793893 0.05 0.5216284987277354 0.046875 0.5241730279898219 0.046875 0.549618320610687 0.0421875 0.5521628498727735 0.0421875 0.5954198473282443 0.046875 0.5979643765903307 0.046875 0.6055979643765903 0.05 0.6081424936386769 0.05 0.6183206106870229 0.05625 0.628498727735369 0.0625 0.628498727735369 0.0640625 0.6361323155216285 0.06875 0.6361323155216285 0.0703125 0.6412213740458015 0.0796875 0.6412213740458015 0.0875 0.6234096692111959 0.096875 0.6234096692111959 0.0984375 0.628498727735369 0.1078125 0.628498727735369 0.1125 0.6183206106870229 0.11875 0.6183206106870229 0.1203125 0.6132315521628499 0.128125 0.6132315521628499 0.1296875 0.6055979643765903 0.1359375 0.6055979643765903 0.1375 0.6005089058524173 0.1453125 0.6005089058524173 0.146875 0.5954198473282443 0.153125 0.5954198473282443 0.1578125 0.5826972010178118 0.1640625 0.5826972010178118 0.1640625 0.5750636132315522 0.1671875 0.5725190839694656 0.1671875 0.5648854961832062 0.1703125 0.5623409669211196 0.1703125 0.5521628498727735 0.18125 0.539440203562341 0.18125 0.5190839694656488 0.184375 0.5165394402035624 0.184375 0.5012722646310432 0.1875 0.49872773536895676 0.1875 0.4910941475826972 0.1921875 0.48854961832061067 0.1921875 0.4732824427480916 0.1953125 0.4707379134860051 0.1953125 0.455470737913486 0.1984375 0.4529262086513995 0.1984375 0.4173027989821883 0.2015625 0.41475826972010177 0.2015625 0.3638676844783715 0.1984375 0.361323155216285 0.1984375 0.32061068702290074 0.1953125 0.31806615776081426 0.1953125 0.30788804071246817 0.1921875 0.3053435114503817 0.1921875 0.29770992366412213 0.1875 0.2951653944020356 0.1875 0.27989821882951654 0.184375 0.27735368956743 0.184375 0.26717557251908397 0.18125 0.26463104325699743 0.18125 0.25699745547073793 0.178125 0.2544529262086514 0.178125 0.24681933842239187 0.1734375 0.24427480916030533 0.1734375 0.23918575063613232 0.1578125 0.23918575063613232 0.1578125 0.24173027989821882 0.15 0.25699745547073793 0.14375 0.25699745547073793
2 0 0.8676844783715013 0.0125 0.8676844783715013 0.0140625 0.8727735368956743 0.0203125 0.8727735368956743 0.021875 0.8676844783715013 0.0265625 0.8676844783715013 0.028125 0.8625954198473282 0.065625 0.8625954198473282 0.0671875 0.8575063613231552 0.0765625 0.8575063613231552 0.0765625 0.8524173027989822 0.08125 0.8447837150127226 0.0859375 0.8447837150127226 0.0859375 0.8371501272264631 0.090625 0.8346055979643766 0.090625 0.8244274809160306 0.1015625 0.806615776081425 0.1046875 0.806615776081425 0.10625 0.7989821882951654 0.1140625 0.7989821882951654 0.115625 0.7938931297709924 0.121875 0.7938931297709924 0.125 0.7888040712468194 0.125 0.7735368956743003 0.128125 0.7709923664122137 0.128125 0.712468193384224 0.125 0.7099236641221374 0.125 0.6768447837150128 0.1296875 0.6692111959287532 0.1328125 0.6692111959287532 0.1328125 0.6615776081424937 0.1265625 0.6615776081424937 0.121875 0.648854961832061 0.115625 0.648854961832061 0.1140625 0.6437659033078881 0.1015625 0.6437659033078881 0.1 0.638676844783715 0.0875 0.638676844783715 0.0859375 0.6437659033078881 0.08125 0.6437659033078881 0.0796875 0.648854961832061 0.0703125 0.648854961832061 0.06875 0.6437659033078881 0.0609375 0.6437659033078881 0.059375 0.638676844783715 0.053125 0.638676844783715 0.0515625 0.6310432569974554 0.0484375 0.628498727735369 0.0484375 0.6208651399491094 0.040625 0.6132315521628499 0.040625 0.5979643765903307 0.0375 0.5954198473282443 0.0375 0.5521628498727735 0.040625 0.549618320610687 0.040625 0.5343511450381679 0.0453125 0.5318066157760815 0.0453125 0.5190839694656488 0.0484375 0.5165394402035624 0.0484375 0.5012722646310432 0.0515625 0.4961832061068702 0.0484375 0.49363867684478374 0.0484375 0.48346055979643765 0.0515625 0.48091603053435117 0.0515625 0.4681933842239186 0.0546875 0.46564885496183206 0.0546875 0.455470737913486 0.059375 0.4529262086513995 0.059375 0.44529262086513993 0.0625 0.44274809160305345 0.0625 0.42748091603053434 0.065625 0.42493638676844786 0.065625 0.4173027989821883 0.06875 0.41475826972010177 0.06875 0.40966921119592875 0.071875 0.4071246819338422 0.071875 0.3994910941475827 0.0796875 0.39185750636132316 0.0796875 0.3816793893129771 0.0859375 0.3791348600508906 0.0859375 0.3638676844783715 0.090625 0.361323155216285 0.096875 0.3511450381679389 0.096875 0.33587786259541985 0.1015625 0.3282442748091603 0.1046875 0.3282442748091603 0.1046875 0.32061068702290074 0.1078125 0.31806615776081426 0.1078125 0.30279898218829515 0.1109375 0.30025445292620867 0.1109375 0.2900763358778626 0.1125 0.2875318066157761 0.11875 0.2875318066157761 0.121875 0.2824427480916031 0.1234375 0.272264631043257 0.128125 0.272264631043257 0.128125 0.26208651399491095 0.1328125 0.2595419847328244 0.1328125 0.24681933842239187 0.1234375 0.24681933842239187 0.121875 0.23918575063613232 0.0984375 0.23918575063613232 0.0984375 0.24173027989821882 0.096875 0.24681933842239187 0.0875 0.24681933842239187 0.0859375 0.25190839694656486 0.0828125 0.24681933842239187 0.0703125 0.24681933842239187 0.06875 0.25190839694656486 0.0421875 0.25190839694656486 0.040625 0.25699745547073793 0.0359375 0.25699745547073793 0.034375 0.26208651399491095 0.028125 0.26208651399491095 0.0265625 0.26717557251908397 0.021875 0.26717557251908397 0.0203125 0.2748091603053435 0.0078125 0.2748091603053435 0.00625 0.27989821882951654 0 0.27989821882951654 0 0.7989821882951654 0.003125 0.7989821882951654 0.0046875 0.806615776081425 0 0.8091603053435115 0 0.8676844783715013
2 0.3890625 0 0.3890625 0.002544529262086514 0.3890625 0.015267175572519083 0.3859375 0.017811704834605598 0.3859375 0.09414758269720101 0.3890625 0.09669211195928754 0.3890625 0.11195928753180662 0.3921875 0.11450381679389313 0.3921875 0.12468193384223919 0.3953125 0.1297709923664122 0.3984375 0.1297709923664122 0.403125 0.13994910941475827 0.4078125 0.13994910941475827 0.409375 0.1475826972010178 0.4125 0.1475826972010178 0.4140625 0.15267175572519084 0.41875 0.15267175572519084 0.4203125 0.15776081424936386 0.4328125 0.15776081424936386 0.4328125 0.15012722646310434 0.4390625 0.1475826972010178 0.440625 0.13994910941475827 0.45 0.13994910941475827 0.4515625 0.1475826972010178 0.453125 0.1475826972010178 0.453125 0.14249363867684478 0.4578125 0.13994910941475827 0.4578125 0.13231552162849872 0.4640625 0.12468193384223919 0.465625 0.11704834605597965 0.471875 0.11704834605597965 0.4734375 0.11195928753180662 0.478125 0.11195928753180662 0.48125 0.10687022900763359 0.48125 0.0916030534351145 0.4859375 0.089058524173028 0.490625 0.07888040712468193 0.4953125 0.07888040712468193 0.496875 0.0737913486005089 0.503125 0.0737913486005089 0.503125 0.06361323155216285 0.50625 0.061068702290076333 0.50625 0.05343511450381679 0.509375 0.05089058524173028 0.509375 0.04580152671755725 0.5109375 0.043256997455470736 0.5171875 0.043256997455470736 0.5265625 0.027989821882951654 0.528125 0.020356234096692113 0.53125 0.020356234096692113 0.534375 0.015267175572519083 0.534375 0.007633587786259542 0.5375 0.005089058524173028 0.5375 0 0.3890625 0
2 0.234375 0.29770992366412213 0.225 0.31297709923664124 0.2234375 0.32061068702290074 0.2203125 0.32061068702290074 0.21875 0.3256997455470738 0.2140625 0.3256997455470738 0.2078125 0.33587786259541985 0.2078125 0.4020356234096692 0.203125 0.40458015267175573 0.203125 0.4351145038167939 0.2 0.43765903307888043 0.2 0.4529262086513995 0.196875 0.455470737913486 0.196875 0.4707379134860051 0.19375 0.4732824427480916 0.19375 0.48091603053435117 0.196875 0.48346055979643765 0.196875 0.49363867684478374 0.2 0.49872773536895676 0.1921875 0.5114503816793893 0.1890625 0.5114503816793893 0.1890625 0.5216284987277354 0.1859375 0.5241730279898219 0.1859375 0.539440203562341 0.178125 0.5521628498727735 0.175 0.5521628498727735 0.171875 0.5572519083969466 0.171875 0.5725190839694656 0.1640625 0.5852417302798982 0.1609375 0.5852417302798982 0.159375 0.5928753180661578 0.1546875 0.5928753180661578 0.15 0.6030534351145038 0.140625 0.6030534351145038 0.1390625 0.6081424936386769 0.134375 0.6081424936386769 0.1328125 0.6157760814249363 0.1234375 0.6157760814249363 0.115625 0.628498727735369 0.121875 0.628498727735369 0.1234375 0.6361323155216285 0.128125 0.6361323155216285 0.134375 0.6463104325699746 0.1390625 0.6463104325699746 0.140625 0.6513994910941476 0.15 0.6513994910941476 0.1515625 0.6590330788804071 0.1703125 0.6590330788804071 0.1703125 0.6539440203562341 0.1734375 0.6513994910941476 0.175 0.6590330788804071 0.178125 0.6590330788804071 0.1796875 0.6513994910941476 0.1875 0.6513994910941476 0.1890625 0.6463104325699746 0.1953125 0.6463104325699746 0.196875 0.6513994910941476 0.21875 0.6513994910941476 0.2203125 0.6463104325699746 0.2265625 0.6463104325699746 0.228125 0.6412213740458015 0.2328125 0.6412213740458015 0.234375 0.6361323155216285 0.24375 0.6361323155216285 0.24375 0.6310432569974554 0.2484375 0.6234096692111959 0.2515625 0.6234096692111959 0.253125 0.6183206106870229 0.2578125 0.6183206106870229 0.2625 0.6055979643765903 0.265625 0.6055979643765903 0.265625 0.5979643765903307 0.271875 0.5903307888040712 0.271875 0.5801526717557252 0.275 0.5776081424936387 0.275 0.5648854961832062 0.2796875 0.5623409669211196 0.2796875 0.5419847328244275 0.2828125 0.539440203562341 0.2828125 0.4681933842239186 0.2796875 0.46564885496183206 0.2796875 0.455470737913486 0.275 0.4529262086513995 0.275 0.43256997455470736 0.271875 0.4300254452926209 0.271875 0.40458015267175573 0.26875 0.4020356234096692 0.26875 0.37659033078880405 0.265625 0.37404580152671757 0.265625 0.35877862595419846 0.2609375 0.356234096692112 0.2609375 0.33587786259541985 0.265625 0.3333333333333333 0.265625 0.33078880407124683 0.2609375 0.3282442748091603 0.2609375 0.30788804071246817 0.2546875 0.29770992366412213 0.2453125 0.29770992366412213 0.24375 0.2900763358778626 0.2390625 0.2900763358778626 0.2390625 0.2926208651399491 0.2375 0.29770992366412213 0.234375 0.29770992366412213
2 0.146875 0.8244274809160306 0.1453125 0.8320610687022901 0.140625 0.8320610687022901 0.1390625 0.8371501272264631 0.134375 0.8371501272264631 0.1328125 0.8422391857506362 0.1296875 0.8422391857506362 0.1234375 0.8524173027989822 0.1234375 0.8804071246819338 0.1296875 0.8880407124681934 0.1296875 0.8956743002544529 0.134375 0.8982188295165394 0.134375 0.9033078880407125 0.1375 0.9083969465648855 0.1421875 0.9083969465648855 0.14375 0.9134860050890585 0.15 0.9134860050890585 0.1515625 0.9185750636132316 0.15625 0.9185750636132316 0.1578125 0.9236641221374046 0.1640625 0.9236641221374046 0.165625 0.9312977099236641 0.2125 0.9312977099236641 0.2140625 0.9236641221374046 0.2234375 0.9236641221374046 0.225 0.9185750636132316 0.2328125 0.9185750636132316 0.234375 0.9134860050890585 0.240625 0.9134860050890585 0.246875 0.9033078880407125 0.2484375 0.8956743002544529 0.2515625 0.8956743002544529 0.2515625 0.8702290076335878 0.2484375 0.8702290076335878 0.240625 0.8575063613231552 0.240625 0.8524173027989822 0.234375 0.8524173027989822 0.2328125 0.8473282442748091 0.228125 0.8473282442748091 0.2265625 0.8422391857506362 0.2203125 0.8422391857506362 0.21875 0.8371501272264631 0.2140625 0.8371501272264631 0.2125 0.8320610687022901 0.203125 0.8320610687022901 0.2015625 0.8244274809160306 0.19375 0.8244274809160306 0.1921875 0.8193384223918575 0.1609375 0.8193384223918575 0.1609375 0.821882951653944 0.159375 0.8244274809160306 0.146875 0.8244274809160306
1 0.9265625 0.14249363867684478 0.9234375 0.14249363867684478 0.9234375 0.1475826972010178 0.9140625 0.16030534351145037 0.9140625 0.1806615776081425 0.921875 0.1806615776081425 0.9234375 0.18575063613231552 0.9296875 0.18575063613231552 0.93125 0.1806615776081425 0.9671875 0.1806615776081425 0.96875 0.17557251908396945 0.975 0.17557251908396945 0.975 0.16030534351145037 0.978125 0.15521628498727735 0.971875 0.1475826972010178 0.971875 0.14249363867684478 0.965625 0.14249363867684478 0.9640625 0.13740458015267176 0.959375 0.13740458015267176 0.9578125 0.13231552162849872 0.934375 0.13231552162849872 0.934375 0.13486005089058525 0.928125 0.13740458015267176 0.9265625 0.14249363867684478
1 0.8421875 0.6895674300254453 0.8359375 0.6895674300254453 0.8328125 0.6946564885496184 0.8328125 0.7099236641221374 0.8296875 0.712468193384224 0.8296875 0.7201017811704835 0.825 0.727735368956743 0.821875 0.727735368956743 0.8203125 0.7353689567430025 0.8046875 0.7353689567430025 0.803125 0.7404580152671756 0.790625 0.7404580152671756 0.7875 0.7455470737913485 0.790625 0.7506361323155216 0.790625 0.7659033078880407 0.79375 0.7684478371501272 0.79375 0.7760814249363868 0.7984375 0.7786259541984732 0.7984375 0.7888040712468194 0.8015625 0.7913486005089059 0.8015625 0.8396946564885496 0.796875 0.8473282442748091 0.79375 0.8473282442748091 0.7921875 0.8524173027989822 0.759375 0.8524173027989822 0.7578125 0.8473282442748091 0.753125 0.8473282442748091 0.7515625 0.8422391857506362 0.7421875 0.8422391857506362 0.740625 0.8371501272264631 0.73125 0.8371501272264631 0.7296875 0.8320610687022901 0.7234375 0.8295165394402035 0.7234375 0.8244274809160306 0.7140625 0.8244274809160306 0.7125 0.8193384223918575 0.69375 0.8193384223918575 0.6921875 0.8142493638676844 0.6796875 0.8142493638676844 0.6796875 0.8625954198473282 0.6828125 0.8651399491094147 0.6828125 0.8804071246819338 0.6859375 0.8829516539440203 0.6859375 0.8905852417302799 0.6890625 0.8931297709923665 0.6890625 0.9033078880407125 0.6921875 0.9033078880407125 0.696875 0.910941475826972 0.696875 0.9185750636132316 0.7 0.9211195928753181 0.7 0.9312977099236641 0.703125 0.9338422391857506 0.703125 0.9414758269720102 0.70625 0.9414758269720102 0.7109375 0.9491094147582697 0.7109375 0.9592875318066157 0.7203125 0.9720101781170484 0.7203125 0.9821882951653944 0.7234375 0.9821882951653944 0.728125 0.989821882951654 0.728125 0.9974554707379135 0.9046875 0.9974554707379135 0.9078125 0.9923664122137404 0.9078125 0.9847328244274809 0.9125 0.9821882951653944 0.9125 0.9720101781170484 0.915625 0.9694656488549618 0.915625 0.9618320610687023 0.91875 0.9592875318066157 0.91875 0.9440203562340967 0.921875 0.9414758269720102 0.921875 0.916030534351145 0.9265625 0.9134860050890585 0.9265625 0.8651399491094147 0.9296875 0.8625954198473282 0.9296875 0.8244274809160306 0.9328125 0.821882951653944 0.9296875 0.816793893129771 0.9296875 0.7735368956743003 0.9265625 0.7709923664122137 0.9265625 0.7633587786259542 0.921875 0.7608142493638677 0.921875 0.7455470737913485 0.91875 0.7430025445292621 0.91875 0.7353689567430025 0.915625 0.732824427480916 0.915625 0.72264631043257 0.9078125 0.7150127226463104 0.9078125 0.7048346055979644 0.9015625 0.6946564885496184 0.8953125 0.6946564885496184 0.89375 0.6895674300254453 0.8875 0.6870229007633588 0.8875 0.6819338422391857 0.878125 0.6819338422391857 0.8765625 0.6768447837150128 0.85 0.6768447837150128 0.85 0.6793893129770993 0.84375 0.6819338422391857 0.8421875 0.6895674300254453
1 0.5 0.19338422391857507 0.4984375 0.2010178117048346 0.4828125 0.2010178117048346 0.48125 0.20610687022900764 0.46875 0.20610687022900764 0.4671875 0.21119592875318066 0.459375 0.21119592875318066 0.4578125 0.21628498727735368 0.4515625 0.21628498727735368 0.4515625 0.22137404580152673 0.446875 0.22900763358778625 0.440625 0.22900763358778625 0.4265625 0.25699745547073793 0.4234375 0.25699745547073793 0.41875 0.26717557251908397 0.4140625 0.26717557251908397 0.4125 0.2748091603053435 0.409375 0.2748091603053435 0.40625 0.27989821882951654 0.40625 0.2875318066157761 0.4 0.29770992366412213 0.4 0.3053435114503817 0.3921875 0.31297709923664124 0.3921875 0.3231552162849873 0.3890625 0.3256997455470738 0.3890625 0.3333333333333333 0.3859375 0.33587786259541985 0.3859375 0.3511450381679389 0.38125 0.35368956743002544 0.38125 0.36895674300254455 0.378125 0.37150127226463103 0.378125 0.3969465648854962 0.375 0.3994910941475827 0.375 0.4198473282442748 0.3640625 0.43256997455470736 0.3640625 0.44274809160305345 0.3578125 0.45038167938931295 0.3578125 0.4580152671755725 0.3546875 0.46055979643765904 0.3546875 0.4707379134860051 0.35 0.4732824427480916 0.35 0.48854961832061067 0.346875 0.4910941475826972 0.346875 0.5674300254452926 0.35 0.5699745547073791 0.35 0.6005089058524173 0.3546875 0.6030534351145038 0.3546875 0.6234096692111959 0.3578125 0.6259541984732825 0.3578125 0.6361323155216285 0.3609375 0.638676844783715 0.3609375 0.6463104325699746 0.3640625 0.648854961832061 0.3640625 0.6590330788804071 0.3671875 0.6615776081424937 0.3671875 0.6692111959287532 0.3703125 0.6692111959287532 0.378125 0.6819338422391857 0.378125 0.6870229007633588 0.384375 0.6870229007633588 0.3953125 0.7048346055979644 0.3953125 0.7099236641221374 0.4015625 0.7099236641221374 0.40625 0.7201017811704835 0.4125 0.7201017811704835 0.4140625 0.7251908396946565 0.41875 0.7251908396946565 0.4203125 0.732824427480916 0.4296875 0.732824427480916 0.43125 0.7379134860050891 0.4359375 0.7379134860050891 0.4375 0.7430025445292621 0.446875 0.7430025445292621 0.4484375 0.7480916030534351 0.50625 0.7480916030534351 0.509375 0.7531806615776081 0.5109375 0.7480916030534351 0.571875 0.7480916030534351 0.5734375 0.7430025445292621 0.61875 0.7430025445292621 0.6203125 0.7379134860050891 0.6671875 0.7379134860050891 0.66875 0.732824427480916 0.6921875 0.732824427480916 0.69375 0.7251908396946565 0.70625 0.7251908396946565 0.7078125 0.7201017811704835 0.7125 0.7201017811704835 0.7140625 0.7150127226463104 0.71875 0.7150127226463104 0.7203125 0.7099236641221374 0.7234375 0.7099236641221374 0.725 0.7022900763358778 0.7296875 0.7022900763358778 0.734375 0.6921119592875318 0.7375 0.6921119592875318 0.7375 0.6819338422391857 0.74375 0.6743002544529262 0.74375 0.6666666666666666 0.7484375 0.6590330788804071 0.7515625 0.6590330788804071 0.7515625 0.6539440203562341 0.7546875 0.6513994910941476 0.7546875 0.6437659033078881 0.7578125 0.6412213740458015 0.7578125 0.6157760814249363 0.7609375 0.6132315521628499 0.7609375 0.5928753180661578 0.7578125 0.5903307888040712 0.7578125 0.5699745547073791 0.7546875 0.5674300254452926 0.7546875 0.5572519083969466 0.7515625 0.55470737913486 0.7515625 0.5470737913486005 0.746875 0.544529262086514 0.746875 0.5292620865139949 0.74375 0.5267175572519084 0.74375 0.5190839694656488 0.740625 0.5165394402035624 0.740625 0.5114503816793893 0.7375 0.5063613231552163 0.734375 0.5063613231552163 0.7296875 0.49872773536895676 0.7296875 0.4910941475826972 0.7234375 0.48091603053435117 0.7234375 0.4732824427480916 0.71875 0.4707379134860051 0.71875 0.46055979643765904 0.715625 0.4580152671755725 0.715625 0.44529262086513993 0.70625 0.4300254452926209 0.70625 0.4223918575063613 0.7015625 0.4198473282442748 0.7015625 0.40966921119592875 0.6921875 0.3969465648854962 0.6921875 0.38676844783715014 0.6890625 0.38676844783715014 0.68125 0.37404580152671757 0.68125 0.3638676844783715 0.678125 0.35877862595419846 0.6734375 0.356234096692112 0.6734375 0.3486005089058524 0.6703125 0.3460559796437659 0.6703125 0.33587786259541985 0.65625 0.31806615776081426 0.65625 0.30788804071246817 0.653125 0.3053435114503817 0.653125 0.29770992366412213 0.65 0.2951653944020356 0.65 0.2900763358778626 0.646875 0.2900763358778626 0.6421875 0.2824427480916031 0.6421875 0.2748091603053435 0.6390625 0.272264631043257 0.6390625 0.26717557251908397 0.634375 0.26717557251908397 0.6328125 0.25699745547073793 0.6296875 0.25699745547073793 0.628125 0.25190839694656486 0.6234375 0.25190839694656486 0.61875 0.24427480916030533 0.61875 0.23918575063613232 0.6125 0.23918575063613232 0.6109375 0.22900763358778625 0.60625 0.22900763358778625 0.6046875 0.22391857506361323 0.5984375 0.22391857506361323 0.596875 0.21628498727735368 0.5921875 0.21628498727735368 0.590625 0.21119592875318066 0.584375 0.21119592875318066 0.5828125 0.20610687022900764 0.578125 0.20610687022900764 0.5765625 0.2010178117048346 0.5671875 0.2010178117048346 0.565625 0.19338422391857507 0.553125 0.19338422391857507 0.5515625 0.18829516539440203 0.5328125 0.18829516539440203 0.5328125 0.19083969465648856 0.53125 0.19338422391857507 0.5 0.19338422391857507
1 0.965625 0.5470737913486005 0.9640625 0.5521628498727735 0.959375 0.5521628498727735 0.9578125 0.5572519083969466 0.9515625 0.5572519083969466 0.95 0.5648854961832062 0.9453125 0.5648854961832062 0.94375 0.5699745547073791 0.9375 0.5699745547073791 0.934375 0.5750636132315522 0.934375 0.5826972010178118 0.9375 0.5852417302798982 0.9375 0.5903307888040712 0.9484375 0.6030534351145038 0.9484375 0.6132315521628499 0.9515625 0.6157760814249363 0.9515625 0.6234096692111959 0.946875 0.6310432569974554 0.940625 0.6310432569974554 0.9390625 0.638676844783715 0.934375 0.638676844783715 0.93125 0.6437659033078881 0.93125 0.6641221374045801 0.9203125 0.6768447837150128 0.9203125 0.6921119592875318 0.9171875 0.6972010178117048 0.9203125 0.6997455470737913 0.9203125 0.7099236641221374 0.9234375 0.7150127226463104 0.9265625 0.7150127226463104 0.928125 0.7201017811704835 0.9328125 0.7201017811704835 0.934375 0.7251908396946565 0.946875 0.7251908396946565 0.9484375 0.732824427480916 0.953125 0.732824427480916 0.9546875 0.7379134860050891 0.9609375 0.7379134860050891 0.96875 0.7531806615776081 0.975 0.7531806615776081 0.9765625 0.7608142493638677 0.98125 0.7608142493638677 0.9828125 0.7659033078880407 0.9953125 0.7659033078880407 0.9984375 0.7608142493638677 0.9984375 0.6259541984732825 0.9921875 0.6234096692111959 0.9921875 0.6157760814249363 0.9984375 0.6055979643765903 0.9984375 0.5521628498727735 0.9953125 0.5470737913486005 0.990625 0.5470737913486005 0.9890625 0.5419847328244275 0.9796875 0.5419847328244275 0.9796875 0.544529262086514 0.978125 0.5470737913486005 0.965625 0.5470737913486005
1 0.525 0.7786259541984732 0.5234375 0.7862595419847328 0.5140625 0.7862595419847328 0.5125 0.7913486005089059 0.5078125 0.7913486005089059 0.503125 0.8015267175572519 0.5 0.8015267175572519 0.5 0.806615776081425 0.4953125 0.8142493638676844 0.4875 0.8015267175572519 0.4875 0.816793893129771 0.4921875 0.811704834605598 0.49375 0.821882951653944 0.4875 0.8244274809160306 0.4859375 0.8320610687022901 0.4796875 0.8320610687022901 0.478125 0.8371501272264631 0.475 0.8346055979643766 0.475 0.8193384223918575 0.46875 0.8193384223918575 0.4671875 0.8142493638676844 0.459375 0.8142493638676844 0.459375 0.8498727735368957 0.4546875 0.8524173027989822 0.4546875 0.8676844783715013 0.4515625 0.8702290076335878 0.4515625 0.8854961832061069 0.4484375 0.8880407124681934 0.4484375 0.9185750636132316 0.4515625 0.9211195928753181 0.4515625 0.9312977099236641 0.4546875 0.9338422391857506 0.4546875 0.9465648854961832 0.4578125 0.9465648854961832 0.459375 0.9541984732824428 0.46875 0.9694656488549618 0.4734375 0.9720101781170484 0.4734375 0.9770992366412213 0.478125 0.9770992366412213 0.490625 0.9974554707379135 0.596875 0.9974554707379135 0.6 0.9923664122137404 0.6 0.9720101781170484 0.596875 0.9694656488549618 0.596875 0.9440203562340967 0.59375 0.9414758269720102 0.59375 0.8600508905852418 0.590625 0.8575063613231552 0.590625 0.8371501272264631 0.5859375 0.8346055979643766 0.5859375 0.8193384223918575 0.5828125 0.816793893129771 0.5828125 0.8015267175572519 0.5796875 0.7989821882951654 0.5796875 0.7862595419847328 0.5765625 0.7837150127226463 0.5765625 0.7786259541984732 0.571875 0.7760814249363868 0.571875 0.7684478371501272 0.56875 0.7633587786259542 0.5390625 0.7633587786259542 0.5390625 0.7659033078880407 0.53125 0.7786259541984732 0.525 0.7786259541984732
1 0.2984375 0.8193384223918575 0.296875 0.8244274809160306 0.29375 0.8244274809160306 0.29375 0.8295165394402035 0.290625 0.8320610687022901 0.290625 0.8396946564885496 0.28125 0.8524173027989822 0.28125 0.8575063613231552 0.2765625 0.8600508905852418 0.2671875 0.8753180661577609 0.265625 0.8829516539440203 0.2625 0.8829516539440203 0.25625 0.8931297709923665 0.25625 0.9033078880407125 0.253125 0.905852417302799 0.253125 0.9414758269720102 0.25625 0.9440203562340967 0.25625 0.9872773536895675 0.2625 0.9974554707379135 0.4359375 0.9974554707379135 0.4359375 0.9847328244274809 0.4328125 0.9821882951653944 0.4328125 0.9720101781170484 0.4296875 0.9694656488549618 0.4296875 0.9618320610687023 0.421875 0.9541984732824428 0.421875 0.9440203562340967 0.41875 0.9414758269720102 0.41875 0.9338422391857506 0.415625 0.9312977099236641 0.415625 0.926208651399491 0.4125 0.9211195928753181 0.409375 0.9211195928753181 0.4015625 0.9083969465648855 0.4015625 0.8982188295165394 0.3984375 0.8931297709923665 0.39375 0.8905852417302799 0.39375 0.8829516539440203 0.390625 0.8804071246819338 0.390625 0.8702290076335878 0.384375 0.8625954198473282 0.384375 0.8524173027989822 0.38125 0.8524173027989822 0.3765625 0.8422391857506362 0.371875 0.8422391857506362 0.3703125 0.8371501272264631 0.3671875 0.8371501272264631 0.3625 0.8295165394402035 0.3625 0.8244274809160306 0.3578125 0.8244274809160306 0.35625 0.8193384223918575 0.3328125 0.8193384223918575 0.33125 0.8142493638676844 0.3125 0.8142493638676844 0.3125 0.816793893129771 0.3109375 0.8193384223918575 0.2984375 0.8193384223918575
1 0.2 0 0.2 0.002544529262086514 0.19375 0.01272264631043257 0.19375 0.03307888040712468 0.1890625 0.035623409669211195 0.1828125 0.04580152671755725 0.1828125 0.05597964376590331 0.1796875 0.058524173027989825 0.1796875 0.06615776081424936 0.175 0.06870229007633588 0.175 0.07888040712468193 0.171875 0.08142493638676845 0.171875 0.12468193384223919 0.175 0.1272264631043257 0.175 0.13486005089058525 0.178125 0.13486005089058525 0.1828125 0.14249363867684478 0.1828125 0.1475826972010178 0.1890625 0.15012722646310434 0.1890625 0.15776081424936386 0.1921875 0.15776081424936386 0.196875 0.16539440203562342 0.196875 0.17557251908396945 0.203125 0.18575063613231552 0.20625 0.18575063613231552 0.2078125 0.19083969465648856 0.2125 0.19083969465648856 0.2140625 0.1984732824427481 0.21875 0.1984732824427481 0.225 0.20865139949109415 0.2296875 0.20865139949109415 0.23125 0.21374045801526717 0.265625 0.21374045801526717 0.2671875 0.22137404580152673 0.275 0.22137404580152673 0.2765625 0.21374045801526717 0.2859375 0.21374045801526717 0.290625 0.2035623409669211 0.296875 0.2035623409669211 0.3 0.1984732824427481 0.3 0.18829516539440203 0.30625 0.1806615776081425 0.30625 0.17048346055979643 0.3109375 0.16793893129770993 0.3109375 0.15521628498727735 0.3140625 0.15267175572519084 0.3140625 0.13740458015267176 0.3171875 0.13486005089058525 0.3171875 0.11959287531806616 0.3140625 0.11704834605597965 0.3140625 0.09669211195928754 0.3109375 0.09414758269720101 0.3109375 0.08142493638676845 0.30625 0.07888040712468193 0.30625 0.04580152671755725 0.303125 0.043256997455470736 0.303125 0.017811704834605598 0.3 0.015267175572519083 0.3 0 0.2 0
1 0.753125 0.10941475826972011 0.7515625 0.11450381679389313 0.7453125 0.11450381679389313 0.74375 0.11959287531806616 0.734375 0.11959287531806616 0.7328125 0.1272264631043257 0.728125 0.1272264631043257 0.7140625 0.15012722646310434 0.7140625 0.15776081424936386 0.7109375 0.16030534351145037 0.7109375 0.16793893129770993 0.7078125 0.17048346055979643 0.7078125 0.1806615776081425 0.703125 0.183206106870229 0.703125 0.1984732824427481 0.7 0.2010178117048346 0.7 0.24936386768447838 0.703125 0.25190839694656486 0.703125 0.2595419847328244 0.7078125 0.26208651399491095 0.7078125 0.272264631043257 0.7140625 0.2824427480916031 0.71875 0.2824427480916031 0.7203125 0.2875318066157761 0.7234375 0.2875318066157761 0.725 0.2951653944020356 0.73125 0.3053435114503817 0.740625 0.3053435114503817 0.7453125 0.31297709923664124 0.7453125 0.31806615776081426 0.7515625 0.31806615776081426 0.753125 0.3231552162849873 0.7578125 0.3231552162849873 0.759375 0.3282442748091603 0.7828125 0.3282442748091603 0.784375 0.3333333333333333 0.8140625 0.3333333333333333 0.815625 0.3384223918575064 0.825 0.3384223918575064 0.8265625 0.3460559796437659 0.834375 0.3460559796437659 0.8359375 0.3511450381679389 0.8421875 0.3511450381679389 0.84375 0.356234096692112 0.865625 0.356234096692112 0.8671875 0.361323155216285 0.8796875 0.361323155216285 0.88125 0.356234096692112 0.8875 0.356234096692112 0.890625 0.3511450381679389 0.890625 0.32061068702290074 0.8875 0.31806615776081426 0.8875 0.30788804071246817 0.8796875 0.30025445292620867 0.8796875 0.2900763358778626 0.8765625 0.2875318066157761 0.8765625 0.27989821882951654 0.8703125 0.272264631043257 0.8703125 0.26208651399491095 0.8671875 0.26208651399491095 0.8625 0.2544529262086514 0.8625 0.24681933842239187 0.859375 0.24427480916030533 0.859375 0.2340966921119593 0.853125 0.22646310432569974 0.853125 0.21628498727735368 0.85 0.21628498727735368 0.8453125 0.20865139949109415 0.8453125 0.2010178117048346 0.8421875 0.1984732824427481 0.8421875 0.18829516539440203 0.8390625 0.18575063613231552 0.8390625 0.17048346055979643 0.834375 0.16793893129770993 0.834375 0.16030534351145037 0.828125 0.15267175572519084 0.828125 0.14249363867684478 0.825 0.13740458015267176 0.821875 0.13740458015267176 0.8171875 0.1272264631043257 0.8125 0.1272264631043257 0.8109375 0.11959287531806616 0.8046875 0.11959287531806616 0.803125 0.11450381679389313 0.7984375 0.11450381679389313 0.796875 0.10941475826972011 0.790625 0.10941475826972011 0.7890625 0.10432569974554708 0.7671875 0.10432569974554708 0.7671875 0.10687022900763359 0.765625 0.10941475826972011 0.753125 0.10941475826972011
1 0.8859375 0.5852417302798982 0.8859375 0.5903307888040712 0.88125 0.5928753180661578 0.88125 0.6005089058524173 0.8859375 0.6030534351145038 0.8859375 0.6234096692111959 0.88125 0.6259541984732825 0.88125 0.6361323155216285 0.878125 0.638676844783715 0.878125 0.6463104325699746 0.875 0.648854961832061 0.875 0.6590330788804071 0.878125 0.6641221374045801 0.884375 0.6641221374045801 0.8890625 0.6743002544529262 0.89375 0.6743002544529262 0.8953125 0.6793893129770993 0.9015625 0.6793893129770993 0.903125 0.6870229007633588 0.9046875 0.6870229007633588 0.90625 0.6793893129770993 0.9125 0.6793893129770993 0.9125 0.6717557251908397 0.91875 0.6641221374045801 0.91875 0.6157760814249363 0.915625 0.6132315521628499 0.915625 0.5979643765903307 0.9125 0.5954198473282443 0.9125 0.5801526717557252 0.9078125 0.5776081424936387 0.9078125 0.5699745547073791 0.9046875 0.5674300254452926 0.9046875 0.5572519083969466 0.8984375 0.5470737913486005 0.8921875 0.5470737913486005 0.890625 0.5419847328244275 0.88125 0.5419847328244275 0.88125 0.544529262086514 0.88125 0.5826972010178118 0.8859375 0.5852417302798982
1 0.7421875 0.6921119592875318 0.7375 0.6997455470737913 0.734375 0.6997455470737913 0.7328125 0.7048346055979644 0.728125 0.7048346055979644 0.728125 0.7099236641221374 0.7234375 0.7175572519083969 0.7203125 0.7175572519083969 0.71875 0.72264631043257 0.7140625 0.72264631043257 0.7125 0.727735368956743 0.703125 0.727735368956743 0.7015625 0.7353689567430025 0.6890625 0.7353689567430025 0.6875 0.7404580152671756 0.6578125 0.7404580152671756 0.65625 0.7455470737913485 0.6296875 0.7455470737913485 0.628125 0.7506361323155216 0.6203125 0.7506361323155216 0.6203125 0.7608142493638677 0.625 0.7608142493638677 0.6296875 0.7709923664122137 0.6359375 0.7709923664122137 0.6375 0.7760814249363868 0.6421875 0.7760814249363868 0.64375 0.7837150127226463 0.65 0.7837150127226463 0.6515625 0.7888040712468194 0.6640625 0.7888040712468194 0.665625 0.7938931297709924 0.6703125 0.7938931297709924 0.675 0.8015267175572519 0.675 0.806615776081425 0.684375 0.806615776081425 0.6859375 0.811704834605598 0.7015625 0.811704834605598 0.703125 0.816793893129771 0.715625 0.816793893129771 0.7171875 0.821882951653944 0.7265625 0.821882951653944 0.728125 0.8295165394402035 0.7375 0.8295165394402035 0.7390625 0.8346055979643766 0.746875 0.8346055979643766 0.7484375 0.8396946564885496 0.7578125 0.8396946564885496 0.759375 0.8447837150127226 0.765625 0.8447837150127226 0.7671875 0.8498727735368957 0.7859375 0.8498727735368957 0.7875 0.8447837150127226 0.7921875 0.8447837150127226 0.79375 0.8396946564885496 0.796875 0.8396946564885496 0.796875 0.7913486005089059 0.7921875 0.7888040712468194 0.7921875 0.7786259541984732 0.7890625 0.7760814249363868 0.7890625 0.7684478371501272 0.7859375 0.7659033078880407 0.7859375 0.7557251908396947 0.7828125 0.7531806615776081 0.7828125 0.7404580152671756 0.775 0.732824427480916 0.775 0.72264631043257 0.76875 0.7150127226463104 0.76875 0.7048346055979644 0.765625 0.7022900763358778 0.765625 0.6768447837150128 0.7609375 0.6743002544529262 0.7609375 0.6666666666666666 0.75625 0.6615776081424937 0.75625 0.6641221374045801 0.7421875 0.6819338422391857 0.7421875 0.6921119592875318