5 0 0.32400932400932403 0.00625 0.32400932400932403 0.0078125 0.31934731934731936 0.028125 0.31934731934731936 0.0296875 0.3146853146853147 0.046875 0.3146853146853147 0.0484375 0.3076923076923077 0.065625 0.3076923076923077 0.0671875 0.30303030303030304 0.0796875 0.30303030303030304 0.08125 0.29836829836829837 0.090625 0.29836829836829837 0.0921875 0.2913752913752914 0.1046875 0.2913752913752914 0.10625 0.2867132867132867 0.1125 0.2867132867132867 0.1171875 0.27505827505827507 0.1203125 0.27505827505827507 0.1203125 0.2680652680652681 0.115625 0.26573426573426573 0.115625 0.26107226107226106 0.1125 0.2564102564102564 0.084375 0.2564102564102564 0.084375 0.25874125874125875 0.0828125 0.26107226107226106 0.0671875 0.26107226107226106 0.065625 0.2680652680652681 0.0125 0.2680652680652681 0.0109375 0.2727272727272727 0 0.2727272727272727 0 0.32400932400932403
5 0.190625 0.10955710955710955 0.1859375 0.12121212121212122 0.1796875 0.12121212121212122 0.178125 0.1258741258741259 0.171875 0.1258741258741259 0.1703125 0.13053613053613053 0.165625 0.13053613053613053 0.165625 0.1351981351981352 0.1609375 0.13752913752913754 0.159375 0.14219114219114218 0.15 0.14219114219114218 0.1484375 0.14685314685314685 0.14375 0.14685314685314685 0.1421875 0.15384615384615385 0.1359375 0.15384615384615385 0.134375 0.1585081585081585 0.128125 0.1585081585081585 0.1203125 0.17482517482517482 0.1140625 0.17482517482517482 0.1125 0.1794871794871795 0.10625 0.1794871794871795 0.1046875 0.1864801864801865 0.1 0.1864801864801865 0.0984375 0.19114219114219114 0.0921875 0.19114219114219114 0.0875 0.20279720279720279 0.08125 0.20279720279720279 0.0765625 0.21212121212121213 0.0703125 0.21212121212121213 0.06875 0.2191142191142191 0.0625 0.2191142191142191 0.0609375 0.22377622377622378 0.0515625 0.22377622377622378 0.04375 0.2400932400932401 0.0375 0.2400932400932401 0.0328125 0.2517482517482518 0.0296875 0.2517482517482518 0.0296875 0.26573426573426573 0.0578125 0.26573426573426573 0.059375 0.25874125874125875 0.06875 0.25874125874125875 0.0703125 0.2540792540792541 0.0796875 0.2540792540792541 0.08125 0.2494172494172494 0.0875 0.2494172494172494 0.0890625 0.24242424242424243 0.09375 0.24242424242424243 0.0953125 0.23776223776223776 0.1015625 0.23776223776223776 0.10625 0.2261072261072261 0.1125 0.2261072261072261 0.1140625 0.22144522144522144 0.1203125 0.22144522144522144 0.121875 0.21678321678321677 0.1265625 0.21678321678321677 0.128125 0.2097902097902098 0.134375 0.2097902097902098 0.1359375 0.20512820512820512 0.1421875 0.20512820512820512 0.15 0.1888111888111888 0.153125 0.1888111888111888 0.15625 0.18414918414918416 0.15625 0.17482517482517482 0.1609375 0.16783216783216784 0.1640625 0.16783216783216784 0.165625 0.16083916083916083 0.18125 0.16083916083916083 0.1828125 0.1561771561771562 0.1890625 0.1561771561771562 0.19375 0.1445221445221445 0.196875 0.1445221445221445 0.196875 0.13752913752913754 0.2 0.1351981351981352 0.2 0.1258741258741259 0.2046875 0.11888111888111888 0.2078125 0.11888111888111888 0.2078125 0.11421911421911422 0.2109375 0.11188811188811189 0.2109375 0.1048951048951049 0.1984375 0.1048951048951049 0.1984375 0.10722610722610723 0.196875 0.10955710955710955 0.190625 0.10955710955710955
5 0.259375 0.6596736596736597 0.259375 0.6666666666666666 0.25625 0.668997668997669 0.25625 0.7808857808857809 0.259375 0.7832167832167832 0.259375 0.8578088578088578 0.2640625 0.8601398601398601 0.2640625 0.8787878787878788 0.2671875 0.8811188811188811 0.2671875 0.8951048951048951 0.2703125 0.8974358974358975 0.2703125 0.9067599067599068 0.275 0.9090909090909091 0.275 0.9230769230769231 0.278125 0.9254079254079254 0.278125 0.9347319347319347 0.28125 0.9370629370629371 0.28125 0.951048951048951 0.284375 0.951048951048951 0.2890625 0.958041958041958 0.2890625 0.972027972027972 0.2921875 0.9743589743589743 0.2921875 0.9836829836829837 0.296875 0.986013986013986 0.296875 0.9976689976689976 0.3171875 0.9976689976689976 0.3203125 0.9906759906759907 0.3171875 0.9883449883449883 0.3171875 0.9743589743589743 0.3140625 0.9743589743589743 0.309375 0.9673659673659674 0.309375 0.958041958041958 0.30625 0.9557109557109557 0.30625 0.9463869463869464 0.3015625 0.9440559440559441 0.3015625 0.9370629370629371 0.2984375 0.9347319347319347 0.2984375 0.9254079254079254 0.2953125 0.9230769230769231 0.2953125 0.9137529137529138 0.290625 0.9114219114219114 0.290625 0.9044289044289044 0.2875 0.9020979020979021 0.2875 0.8881118881118881 0.284375 0.8857808857808858 0.284375 0.8717948717948718 0.2796875 0.8694638694638694 0.2796875 0.8484848484848485 0.2765625 0.8461538461538461 0.2765625 0.8158508158508159 0.2734375 0.8135198135198135 0.2734375 0.6643356643356644 0.2703125 0.6643356643356644 0.265625 0.6573426573426573 0.265625 0.6526806526806527 0.2640625 0.6526806526806527 0.2640625 0.655011655011655 0.2625 0.6596736596736597 0.259375 0.6596736596736597
5 0.9890625 0.12121212121212122 0.9890625 0.1351981351981352 0.9859375 0.13752913752913754 0.9859375 0.17249417249417248 0.9828125 0.17482517482517482 0.9828125 0.1888111888111888 0.978125 0.19114219114219114 0.978125 0.20046620046620048 0.975 0.20279720279720279 0.975 0.2331002331002331 0.971875 0.23543123543123542 0.971875 0.2494172494172494 0.9671875 0.2517482517482518 0.9671875 0.26573426573426573 0.9640625 0.2680652680652681 0.9640625 0.28205128205128205 0.9609375 0.28438228438228436 0.9609375 0.29836829836829837 0.95625 0.3006993006993007 0.95625 0.31934731934731936 0.953125 0.32167832167832167 0.953125 0.34032634032634035 0.95 0.34265734265734266 0.9484375 0.34965034965034963 0.9453125 0.34965034965034963 0.9453125 0.372960372960373 0.9421875 0.3752913752913753 0.9421875 0.37995337995337997 0.9453125 0.38461538461538464 0.9421875 0.38694638694638694 0.9421875 0.4172494172494173 0.9375 0.42424242424242425 0.934375 0.42424242424242425 0.934375 0.4289044289044289 0.9375 0.4289044289044289 0.9390625 0.43356643356643354 0.934375 0.4358974358974359 0.934375 0.44988344988344986 0.93125 0.4522144522144522 0.93125 0.46153846153846156 0.928125 0.46386946386946387 0.928125 0.5104895104895105 0.9234375 0.5128205128205128 0.9234375 0.5314685314685315 0.9203125 0.5337995337995338 0.9203125 0.5477855477855478 0.9171875 0.5501165501165501 0.9171875 0.5641025641025641 0.9125 0.5664335664335665 0.9125 0.5804195804195804 0.909375 0.5827505827505828 0.909375 0.6013986013986014 0.90625 0.6037296037296037 0.90625 0.6293706293706294 0.9015625 0.6317016317016317 0.9015625 0.6456876456876457 0.8984375 0.6480186480186481 0.8984375 0.662004662004662 0.8953125 0.6643356643356644 0.8953125 0.6899766899766899 0.890625 0.6923076923076923 0.890625 0.6993006993006993 0.8875 0.7016317016317016 0.8875 0.7389277389277389 0.884375 0.7412587412587412 0.884375 0.7552447552447552 0.8796875 0.7575757575757576 0.8796875 0.7645687645687645 0.8765625 0.7668997668997669 0.8765625 0.7878787878787878 0.8734375 0.7902097902097902 0.8734375 0.8088578088578089 0.86875 0.8111888111888111 0.86875 0.8205128205128205 0.865625 0.8228438228438228 0.865625 0.8298368298368298 0.8625 0.8321678321678322 0.8625 0.8624708624708625 0.8578125 0.8648018648018648 0.8578125 0.9184149184149184 0.8546875 0.9207459207459208 0.8546875 0.9673659673659674 0.8515625 0.9696969696969697 0.8515625 0.9976689976689976 0.878125 0.9976689976689976 0.8796875 0.993006993006993 0.8828125 0.993006993006993 0.8828125 0.986013986013986 0.8859375 0.9836829836829837 0.8859375 0.9627039627039627 0.8890625 0.9603729603729604 0.8890625 0.9207459207459208 0.89375 0.9184149184149184 0.89375 0.9090909090909091 0.896875 0.9067599067599068 0.896875 0.8811188811188811 0.9 0.8787878787878788 0.9 0.8484848484848485 0.9046875 0.8461538461538461 0.9046875 0.8321678321678322 0.9015625 0.8321678321678322 0.9 0.8275058275058275 0.9046875 0.8251748251748252 0.9046875 0.7948717948717948 0.9078125 0.7925407925407926 0.9078125 0.7622377622377622 0.9109375 0.7599067599067599 0.9109375 0.7412587412587412 0.915625 0.7389277389277389 0.915625 0.717948717948718 0.91875 0.7156177156177156 0.91875 0.6923076923076923 0.921875 0.6899766899766899 0.921875 0.675990675990676 0.9265625 0.6736596736596736 0.9265625 0.6643356643356644 0.9328125 0.6573426573426573 0.9328125 0.627039627039627 0.9375 0.6247086247086248 0.9375 0.6037296037296037 0.940625 0.6013986013986014 0.940625 0.5874125874125874 0.94375 0.585081585081585 0.94375 0.5664335664335665 0.9484375 0.5641025641025641 0.9484375 0.5547785547785548 0.9515625 0.5524475524475524 0.9515625 0.5454545454545454 0.9546875 0.5431235431235432 0.9546875 0.48951048951048953 0.959375 0.48717948717948717 0.959375 0.46853146853146854 0.95625 0.46853146853146854 0.9546875 0.46386946386946387 0.959375 0.46153846153846156 0.959375 0.4522144522144522 0.9625 0.44988344988344986 0.9625 0.43123543123543123 0.965625 0.4289044289044289 0.965625 0.3986013986013986 0.9703125 0.3962703962703963 0.9703125 0.38694638694638694 0.9734375 0.38461538461538464 0.9734375 0.3706293706293706 0.9765625 0.3682983682983683 0.9765625 0.358974358974359 0.98125 0.35664335664335667 0.98125 0.337995337995338 0.9875 0.3356643356643357 0.9890625 0.331002331002331 0.9921875 0.331002331002331 0.9921875 0.30536130536130535 0.9953125 0.30303030303030304 0.9953125 0.2937062937062937 0.9921875 0.289044289044289 0.9953125 0.2867132867132867 0.9953125 0.2680652680652681 0.9984375 0.26573426573426573 0.9984375 0.22377622377622378 0.9953125 0.2191142191142191 0.9984375 0.21678321678321677 0.9984375 0.0979020979020979 0.99375 0.0979020979020979 0.99375 0.10023310023310024 0.99375 0.11888111888111888 0.9890625 0.12121212121212122
5 0 0.682983682983683 0.00625 0.682983682983683 0.0078125 0.6783216783216783 0.0140625 0.6783216783216783 0.01875 0.6666666666666666 0.025 0.6666666666666666 0.0296875 0.6573426573426573 0.0328125 0.6573426573426573 0.034375 0.6503496503496503 0.0390625 0.6503496503496503 0.040625 0.6456876456876457 0.04375 0.6456876456876457 0.0515625 0.6293706293706294 0.0578125 0.6293706293706294 0.0625 0.6177156177156177 0.065625 0.6177156177156177 0.0671875 0.6130536130536131 0.071875 0.6130536130536131 0.0734375 0.6083916083916084 0.0765625 0.6083916083916084 0.0765625 0.5990675990675991 0.0796875 0.5967365967365967 0.0796875 0.5874125874125874 0.0828125 0.585081585081585 0.0828125 0.578088578088578 0.0796875 0.5757575757575758 0.0796875 0.5617715617715617 0.0765625 0.5594405594405595 0.0765625 0.5501165501165501 0.071875 0.5477855477855478 0.071875 0.5384615384615384 0.06875 0.5337995337995338 0.0625 0.5337995337995338 0.059375 0.5291375291375291 0.059375 0.5314685314685315 0.0578125 0.5337995337995338 0.0515625 0.5337995337995338 0.04375 0.5501165501165501 0.040625 0.5501165501165501 0.0375 0.5547785547785548 0.0375 0.5641025641025641 0.0328125 0.5710955710955711 0.0296875 0.5710955710955711 0.0296875 0.5757575757575758 0.021875 0.5874125874125874 0.01875 0.5874125874125874 0.01875 0.5920745920745921 0.0109375 0.6037296037296037 0.0046875 0.6037296037296037 0.003125 0.6107226107226107 0 0.6107226107226107 0 0.682983682983683
5 0.865625 0 0.865625 0.002331002331002331 0.865625 0.009324009324009324 0.8625 0.011655011655011656 0.8625 0.030303030303030304 0.8578125 0.03263403263403263 0.8578125 0.10256410256410256 0.8546875 0.1048951048951049 0.8546875 0.13986013986013987 0.8515625 0.14219114219114218 0.8515625 0.20512820512820512 0.846875 0.20745920745920746 0.846875 0.25874125874125875 0.84375 0.26107226107226106 0.84375 0.32400932400932403 0.840625 0.32634032634032634 0.840625 0.36363636363636365 0.8359375 0.36596736596736595 0.8359375 0.40093240093240096 0.8328125 0.40326340326340326 0.8328125 0.47086247086247085 0.8296875 0.4731934731934732 0.8296875 0.49417249417249415 0.825 0.4965034965034965 0.825 0.5198135198135199 0.821875 0.5221445221445221 0.821875 0.5361305361305362 0.825 0.5384615384615384 0.825 0.5757575757575758 0.8296875 0.578088578088578 0.8296875 0.585081585081585 0.8390625 0.585081585081585 0.8390625 0.578088578088578 0.8453125 0.5687645687645687 0.8453125 0.5058275058275058 0.85 0.5034965034965035 0.85 0.46386946386946387 0.853125 0.46153846153846156 0.853125 0.44755244755244755 0.85 0.44522144522144524 0.85 0.4405594405594406 0.853125 0.4382284382284382 0.853125 0.3543123543123543 0.85625 0.351981351981352 0.85625 0.32634032634032634 0.8609375 0.32400932400932403 0.8609375 0.26107226107226106 0.8640625 0.25874125874125875 0.8640625 0.2191142191142191 0.8671875 0.21678321678321677 0.8671875 0.20745920745920746 0.8640625 0.20512820512820512 0.8640625 0.1794871794871795 0.8671875 0.17715617715617715 0.86875 0.16783216783216784 0.871875 0.16783216783216784 0.871875 0.13053613053613053 0.875 0.1282051282051282 0.875 0.055944055944055944 0.878125 0.053613053613053616 0.878125 0 0.865625 0
5 0.93125 0.5058275058275058 0.93125 0.5104895104895105 0.9265625 0.5174825174825175 0.9234375 0.5174825174825175 0.9234375 0.5268065268065268 0.9265625 0.5268065268065268 0.928125 0.5314685314685315 0.9234375 0.5337995337995338 0.9234375 0.5431235431235432 0.9203125 0.5454545454545454 0.9203125 0.5594405594405595 0.9171875 0.5617715617715617 0.915625 0.5710955710955711 0.9125 0.5710955710955711 0.9125 0.585081585081585 0.909375 0.5874125874125874 0.909375 0.6013986013986014 0.90625 0.6037296037296037 0.90625 0.6177156177156177 0.909375 0.62004662004662 0.909375 0.6247086247086248 0.90625 0.627039627039627 0.90625 0.6410256410256411 0.9015625 0.6433566433566433 0.9015625 0.6503496503496503 0.8984375 0.6526806526806527 0.8984375 0.682983682983683 0.8953125 0.6853146853146853 0.89375 0.6923076923076923 0.890625 0.6923076923076923 0.890625 0.6993006993006993 0.8875 0.7016317016317016 0.8875 0.7435897435897436 0.884375 0.745920745920746 0.884375 0.7552447552447552 0.8796875 0.7575757575757576 0.8796875 0.7645687645687645 0.8765625 0.7668997668997669 0.8765625 0.7808857808857809 0.8734375 0.7832167832167832 0.8734375 0.8088578088578089 0.86875 0.8111888111888111 0.86875 0.8298368298368298 0.8625 0.8391608391608392 0.8625 0.8694638694638694 0.8578125 0.8717948717948718 0.8578125 0.9114219114219114 0.8546875 0.9137529137529138 0.8546875 0.9603729603729604 0.8515625 0.9627039627039627 0.8515625 0.9976689976689976 0.878125 0.9976689976689976 0.8796875 0.993006993006993 0.8828125 0.993006993006993 0.8828125 0.9790209790209791 0.8859375 0.9766899766899767 0.8859375 0.9533799533799534 0.8890625 0.951048951048951 0.8890625 0.9207459207459208 0.89375 0.9184149184149184 0.89375 0.8974358974358975 0.896875 0.8951048951048951 0.896875 0.8717948717948718 0.9 0.8694638694638694 0.9 0.8228438228438228 0.9046875 0.8205128205128205 0.9046875 0.7902097902097902 0.9078125 0.7878787878787878 0.9078125 0.7575757575757576 0.9109375 0.7552447552447552 0.9109375 0.7296037296037297 0.915625 0.7272727272727273 0.915625 0.7086247086247086 0.91875 0.7062937062937062 0.91875 0.6923076923076923 0.921875 0.6899766899766899 0.921875 0.675990675990676 0.9265625 0.6736596736596736 0.9265625 0.6643356643356644 0.9296875 0.662004662004662 0.9296875 0.6363636363636364 0.9328125 0.634032634032634 0.9328125 0.6107226107226107 0.9375 0.6083916083916084 0.9375 0.5944055944055944 0.940625 0.5920745920745921 0.940625 0.5664335664335665 0.94375 0.5641025641025641 0.94375 0.5547785547785548 0.9484375 0.5524475524475524 0.9484375 0.5384615384615384 0.9515625 0.5361305361305362 0.9484375 0.5291375291375291 0.9515625 0.5268065268065268 0.9515625 0.48484848484848486 0.934375 0.48484848484848486 0.934375 0.48717948717948717 0.934375 0.5034965034965035 0.93125 0.5058275058275058
5 0 0.3962703962703963 0.003125 0.3962703962703963 0.0046875 0.40093240093240096 0.028125 0.40093240093240096 0.0296875 0.40559440559440557 0.046875 0.40559440559440557 0.0484375 0.40093240093240096 0.065625 0.40093240093240096 0.0671875 0.3962703962703963 0.0796875 0.3962703962703963 0.08125 0.40093240093240096 0.1375 0.40093240093240096 0.1390625 0.3962703962703963 0.153125 0.3962703962703963 0.153125 0.3916083916083916 0.15625 0.38927738927738925 0.15625 0.3752913752913753 0.15 0.3752913752913753 0.1484375 0.3706293706293706 0.1328125 0.3706293706293706 0.13125 0.36596736596736595 0.0953125 0.36596736596736595 0.09375 0.358974358974359 0.0890625 0.36596736596736595 0.0875 0.358974358974359 0.0046875 0.358974358974359 0.003125 0.3543123543123543 0 0.3543123543123543 0 0.35664335664335667 0 0.3962703962703963
5 0.8109375 0.6177156177156177 0.8078125 0.62004662004662 0.8078125 0.634032634032634 0.803125 0.6363636363636364 0.803125 0.6456876456876457 0.8 0.6480186480186481 0.8 0.6573426573426573 0.796875 0.6596736596736597 0.796875 0.6666666666666666 0.7921875 0.668997668997669 0.7921875 0.6783216783216783 0.7890625 0.6806526806526807 0.7890625 0.6946386946386947 0.7859375 0.696969696969697 0.7859375 0.7062937062937062 0.78125 0.7086247086247086 0.78125 0.7156177156177156 0.778125 0.717948717948718 0.778125 0.7319347319347319 0.775 0.7342657342657343 0.775 0.7435897435897436 0.7703125 0.745920745920746 0.7703125 0.7599067599067599 0.7671875 0.7622377622377622 0.7671875 0.7715617715617715 0.7640625 0.7738927738927739 0.7640625 0.7878787878787878 0.759375 0.7902097902097902 0.759375 0.8041958041958042 0.75625 0.8065268065268065 0.75625 0.8251748251748252 0.753125 0.8275058275058275 0.753125 0.8414918414918415 0.7453125 0.8484848484848485 0.7453125 0.8624708624708625 0.7421875 0.8648018648018648 0.740625 0.8717948717948718 0.7375 0.8717948717948718 0.7375 0.8857808857808858 0.734375 0.8881118881118881 0.734375 0.8951048951048951 0.73125 0.8974358974358975 0.73125 0.9114219114219114 0.7265625 0.9137529137529138 0.7265625 0.9277389277389277 0.7234375 0.9300699300699301 0.7234375 0.9393939393939394 0.7203125 0.9417249417249417 0.7203125 0.951048951048951 0.715625 0.9533799533799534 0.7140625 0.9627039627039627 0.709375 0.9627039627039627 0.7078125 0.9696969696969697 0.7046875 0.9696969696969697 0.7046875 0.9766899766899767 0.7015625 0.9790209790209791 0.7015625 0.9976689976689976 0.71875 0.9976689976689976 0.7203125 0.993006993006993 0.725 0.993006993006993 0.725 0.986013986013986 0.7296875 0.9836829836829837 0.7296875 0.9790209790209791 0.7328125 0.9766899766899767 0.7328125 0.9627039627039627 0.7375 0.9557109557109557 0.740625 0.9557109557109557 0.740625 0.9370629370629371 0.74375 0.9347319347319347 0.74375 0.9254079254079254 0.7484375 0.9184149184149184 0.7515625 0.9184149184149184 0.7515625 0.9044289044289044 0.7546875 0.9020979020979021 0.7546875 0.8764568764568764 0.7578125 0.8741258741258742 0.7578125 0.8648018648018648 0.7625 0.8624708624708625 0.7625 0.8484848484848485 0.765625 0.8461538461538461 0.765625 0.8321678321678322 0.7703125 0.8251748251748252 0.7734375 0.8251748251748252 0.7734375 0.8158508158508159 0.7765625 0.8135198135198135 0.7765625 0.8065268065268065 0.7796875 0.8041958041958042 0.7796875 0.7832167832167832 0.784375 0.7808857808857809 0.784375 0.7738927738927739 0.7875 0.7715617715617715 0.7875 0.7622377622377622 0.790625 0.7599067599067599 0.790625 0.7505827505827506 0.7953125 0.7482517482517482 0.7953125 0.7412587412587412 0.7984375 0.7389277389277389 0.7984375 0.717948717948718 0.803125 0.710955710955711 0.80625 0.710955710955711 0.80625 0.696969696969697 0.809375 0.6946386946386947 0.809375 0.6806526806526807 0.8125 0.6783216783216783 0.8125 0.6643356643356644 0.8171875 0.662004662004662 0.8171875 0.6480186480186481 0.8203125 0.6456876456876457 0.8203125 0.6363636363636364 0.8234375 0.634032634032634 0.825 0.6247086247086248 0.828125 0.6247086247086248 0.828125 0.6153846153846154 0.83125 0.6130536130536131 0.828125 0.6083916083916084 0.828125 0.6037296037296037 0.8140625 0.6037296037296037 0.8140625 0.6060606060606061 0.8109375 0.6107226107226107 0.8109375 0.6177156177156177
5 0.8984375 0.4731934731934732 0.8984375 0.47785547785547783 0.89375 0.48484848484848486 0.890625 0.48484848484848486 0.890625 0.49417249417249415 0.8875 0.4965034965034965 0.8875 0.5034965034965035 0.884375 0.5058275058275058 0.884375 0.5151515151515151 0.8796875 0.5174825174825175 0.8796875 0.5268065268065268 0.8765625 0.5291375291375291 0.8765625 0.5361305361305362 0.8734375 0.5384615384615384 0.871875 0.5454545454545454 0.86875 0.5454545454545454 0.86875 0.5524475524475524 0.865625 0.5547785547785548 0.865625 0.5641025641025641 0.8609375 0.5710955710955711 0.8578125 0.5710955710955711 0.8578125 0.5804195804195804 0.8515625 0.5874125874125874 0.8515625 0.6013986013986014 0.8546875 0.6037296037296037 0.8546875 0.6130536130536131 0.8515625 0.6153846153846154 0.8515625 0.6247086247086248 0.846875 0.627039627039627 0.846875 0.634032634032634 0.84375 0.6363636363636364 0.84375 0.6456876456876457 0.840625 0.6480186480186481 0.840625 0.6666666666666666 0.8359375 0.668997668997669 0.8359375 0.6736596736596736 0.8328125 0.675990675990676 0.8328125 0.6899766899766899 0.8296875 0.6923076923076923 0.8296875 0.6993006993006993 0.825 0.7016317016317016 0.825 0.7156177156177156 0.821875 0.717948717948718 0.821875 0.7319347319347319 0.81875 0.7342657342657343 0.81875 0.7552447552447552 0.8140625 0.7575757575757576 0.8140625 0.7715617715617715 0.8109375 0.7738927738927739 0.8109375 0.8041958041958042 0.8078125 0.8065268065268065 0.8078125 0.8251748251748252 0.803125 0.8275058275058275 0.803125 0.8694638694638694 0.8 0.8717948717948718 0.8 0.9020979020979021 0.796875 0.9044289044289044 0.796875 0.9184149184149184 0.7921875 0.9207459207459208 0.7921875 0.9393939393939394 0.7890625 0.9417249417249417 0.7890625 0.9766899766899767 0.7859375 0.9790209790209791 0.7859375 0.993006993006993 0.7890625 0.9976689976689976 0.8125 0.9976689976689976 0.8140625 0.993006993006993 0.8171875 0.993006993006993 0.8171875 0.9696969696969697 0.8203125 0.9673659673659674 0.8203125 0.9300699300699301 0.8234375 0.9277389277389277 0.8234375 0.9137529137529138 0.828125 0.9114219114219114 0.828125 0.8881118881118881 0.83125 0.8857808857808858 0.83125 0.8717948717948718 0.834375 0.8694638694638694 0.834375 0.8484848484848485 0.8390625 0.8461538461538461 0.8390625 0.8158508158508159 0.8421875 0.8135198135198135 0.8421875 0.7995337995337995 0.8453125 0.7972027972027972 0.8453125 0.7738927738927739 0.85 0.7715617715617715 0.85 0.7412587412587412 0.853125 0.7389277389277389 0.853125 0.717948717948718 0.85625 0.7156177156177156 0.85625 0.7016317016317016 0.8609375 0.6993006993006993 0.8609375 0.6923076923076923 0.8640625 0.6899766899766899 0.8640625 0.675990675990676 0.8671875 0.6736596736596736 0.8671875 0.6643356643356644 0.875 0.6573426573426573 0.875 0.6363636363636364 0.878125 0.6317016317016317 0.875 0.627039627039627 0.878125 0.6247086247086248 0.878125 0.6153846153846154 0.8828125 0.6130536130536131 0.8828125 0.5944055944055944 0.8890625 0.585081585081585 0.8890625 0.578088578088578 0.89375 0.5757575757575758 0.89375 0.5547785547785548 0.896875 0.5524475524475524 0.896875 0.5454545454545454 0.9 0.5431235431235432 0.9 0.5337995337995338 0.9046875 0.5314685314685315 0.9046875 0.5128205128205128 0.9078125 0.5104895104895105 0.9078125 0.48951048951048953 0.9109375 0.48717948717948717 0.9125 0.47785547785547783 0.915625 0.47785547785547783 0.915625 0.4568764568764569 0.9015625 0.4568764568764569 0.9015625 0.4592074592074592 0.9015625 0.47086247086247085 0.8984375 0.4731934731934732
5 0.865625 0 0.865625 0.002331002331002331 0.8625 0.006993006993006993 0.8625 0.030303030303030304 0.8578125 0.03263403263403263 0.8578125 0.06993006993006994 0.8546875 0.07226107226107226 0.8546875 0.08624708624708624 0.8578125 0.09090909090909091 0.8546875 0.09324009324009325 0.8546875 0.1351981351981352 0.8515625 0.13752913752913754 0.8515625 0.20046620046620048 0.846875 0.20279720279720279 0.846875 0.2494172494172494 0.84375 0.2517482517482518 0.84375 0.32400932400932403 0.840625 0.32634032634032634 0.840625 0.3682983682983683 0.8359375 0.3706293706293706 0.8359375 0.4125874125874126 0.8328125 0.4149184149184149 0.8328125 0.47086247086247085 0.8296875 0.4731934731934732 0.8296875 0.5034965034965035 0.825 0.5058275058275058 0.825 0.5641025641025641 0.828125 0.5641025641025641 0.8328125 0.5710955710955711 0.8328125 0.5757575757575758 0.834375 0.5757575757575758 0.8359375 0.5687645687645687 0.8390625 0.5687645687645687 0.8421875 0.5641025641025641 0.8421875 0.5384615384615384 0.8453125 0.5361305361305362 0.8453125 0.48951048951048953 0.85 0.48717948717948717 0.85 0.44755244755244755 0.853125 0.44522144522144524 0.853125 0.4358974358974359 0.85 0.43356643356643354 0.85 0.4149184149184149 0.853125 0.4125874125874126 0.853125 0.3543123543123543 0.85625 0.351981351981352 0.85625 0.32634032634032634 0.8609375 0.32400932400932403 0.8609375 0.26107226107226106 0.8640625 0.25874125874125875 0.8640625 0.2191142191142191 0.8671875 0.21678321678321677 0.8671875 0.19114219114219114 0.8640625 0.1864801864801865 0.8671875 0.18414918414918416 0.8671875 0.17016317016317017 0.871875 0.16783216783216784 0.871875 0.13752913752913754 0.875 0.1351981351981352 0.875 0.055944055944055944 0.878125 0.053613053613053616 0.878125 0 0.865625 0
2 0.0703125 0.42424242424242425 0.06875 0.43123543123543123 0.0625 0.43123543123543123 0.05625 0.4405594405594406 0.05625 0.47086247086247085 0.059375 0.4731934731934732 0.059375 0.48717948717948717 0.0625 0.48951048951048953 0.0625 0.5034965034965035 0.0671875 0.5058275058275058 0.0671875 0.5151515151515151 0.0734375 0.5221445221445221 0.0734375 0.5314685314685315 0.0765625 0.5314685314685315 0.08125 0.5384615384615384 0.08125 0.5477855477855478 0.084375 0.5501165501165501 0.084375 0.5641025641025641 0.0890625 0.5664335664335665 0.0890625 0.585081585081585 0.0921875 0.5874125874125874 0.0921875 0.6013986013986014 0.0953125 0.6037296037296037 0.0953125 0.6130536130536131 0.1 0.6153846153846154 0.1 0.6293706293706294 0.103125 0.6317016317016317 0.103125 0.6456876456876457 0.10625 0.6480186480186481 0.10625 0.6573426573426573 0.1109375 0.6596736596736597 0.1109375 0.6783216783216783 0.1140625 0.6806526806526807 0.1140625 0.7062937062937062 0.1171875 0.7086247086247086 0.1171875 0.7272727272727273 0.121875 0.7296037296037297 0.121875 0.7389277389277389 0.125 0.7412587412587412 0.125 0.7552447552447552 0.128125 0.7575757575757576 0.128125 0.7645687645687645 0.1328125 0.7668997668997669 0.1328125 0.7762237762237763 0.1390625 0.7832167832167832 0.1390625 0.7878787878787878 0.159375 0.7878787878787878 0.1609375 0.7925407925407926 0.1671875 0.7925407925407926 0.16875 0.7972027972027972 0.1859375 0.7972027972027972 0.1875 0.7925407925407926 0.196875 0.7925407925407926 0.1984375 0.7878787878787878 0.2109375 0.7878787878787878 0.2109375 0.7832167832167832 0.215625 0.7762237762237763 0.21875 0.7762237762237763 0.2203125 0.7715617715617715 0.225 0.7715617715617715 0.2265625 0.7645687645687645 0.2328125 0.7645687645687645 0.2359375 0.7599067599067599 0.2359375 0.7505827505827506 0.24375 0.7435897435897436 0.24375 0.7342657342657343 0.246875 0.7319347319347319 0.246875 0.717948717948718 0.2515625 0.7156177156177156 0.2515625 0.7086247086247086 0.246875 0.7062937062937062 0.246875 0.6806526806526807 0.2515625 0.6783216783216783 0.2515625 0.6596736596736597 0.2578125 0.6503496503496503 0.2578125 0.627039627039627 0.2546875 0.6247086247086248 0.2546875 0.62004662004662 0.2515625 0.6153846153846154 0.2484375 0.6153846153846154 0.24375 0.6083916083916084 0.24375 0.6037296037296037 0.2375 0.6037296037296037 0.2296875 0.5920745920745921 0.2296875 0.5874125874125874 0.2265625 0.5874125874125874 0.221875 0.578088578088578 0.215625 0.578088578088578 0.2140625 0.5710955710955711 0.2015625 0.5710955710955711 0.2 0.5664335664335665 0.19375 0.5664335664335665 0.1921875 0.5617715617715617 0.1828125 0.5617715617715617 0.18125 0.5547785547785548 0.175 0.5454545454545454 0.1703125 0.5431235431235432 0.1703125 0.5291375291375291 0.175 0.5268065268065268 0.175 0.5174825174825175 0.18125 0.5104895104895105 0.1828125 0.5034965034965035 0.1859375 0.5034965034965035 0.1859375 0.4965034965034965 0.1921875 0.48717948717948717 0.1921875 0.4731934731934732 0.1890625 0.46853146853146854 0.16875 0.46853146853146854 0.1671875 0.46386946386946387 0.146875 0.46386946386946387 0.1453125 0.4568764568764569 0.1359375 0.4568764568764569 0.134375 0.4522144522144522 0.125 0.4522144522144522 0.1203125 0.44522144522144524 0.1203125 0.4405594405594406 0.1171875 0.4405594405594406 0.1125 0.43356643356643354 0.1125 0.42424242424242425 0.109375 0.4195804195804196 0.0921875 0.4195804195804196 0.090625 0.4149184149184149 0.08125 0.4149184149184149 0.08125 0.4172494172494173 0.0765625 0.42424242424242425 0.0703125 0.42424242424242425
2 0 0.2540792540792541 0.003125 0.2540792540792541 0.0046875 0.2494172494172494 0.0109375 0.2494172494172494 0.0109375 0.24475524475524477 0.015625 0.23776223776223776 0.021875 0.23776223776223776 0.0296875 0.22144522144522144 0.0359375 0.22144522144522144 0.0375 0.21678321678321677 0.04375 0.21678321678321677 0.0453125 0.2097902097902098 0.0546875 0.2097902097902098 0.059375 0.20046620046620048 0.065625 0.20046620046620048 0.065625 0.19114219114219114 0.071875 0.18414918414918416 0.071875 0.17016317016317017 0.0765625 0.16783216783216784 0.0765625 0.13752913752913754 0.0796875 0.1351981351981352 0.0796875 0.10955710955710955 0.0828125 0.10722610722610723 0.0828125 0.06526806526806526 0.0796875 0.06293706293706294 0.0796875 0.04895104895104895 0.0765625 0.046620046620046623 0.0765625 0.039627039627039624 0.071875 0.037296037296037296 0.071875 0.03263403263403263 0.0265625 0.03263403263403263 0.0265625 0.03496503496503497 0.025 0.039627039627039624 0 0.039627039627039624 0 0.2540792540792541
2 0.51875 0.03263403263403263 0.5171875 0.039627039627039624 0.5078125 0.039627039627039624 0.5046875 0.04428904428904429 0.5046875 0.06293706293706294 0.5078125 0.06526806526806526 0.5078125 0.06993006993006994 0.5125 0.07226107226107226 0.5125 0.08624708624708624 0.515625 0.08857808857808858 0.515625 0.10722610722610723 0.51875 0.10955710955710955 0.51875 0.17249417249417248 0.515625 0.17482517482517482 0.515625 0.19347319347319347 0.51875 0.1958041958041958 0.51875 0.20046620046620048 0.521875 0.20046620046620048 0.5296875 0.21212121212121213 0.5296875 0.21678321678321677 0.534375 0.2191142191142191 0.534375 0.2261072261072261 0.5375 0.22843822843822845 0.5375 0.23776223776223776 0.5453125 0.24475524475524477 0.5453125 0.2540792540792541 0.5515625 0.26107226107226106 0.5515625 0.26573426573426573 0.55625 0.2680652680652681 0.55625 0.27505827505827507 0.559375 0.2773892773892774 0.559375 0.2913752913752914 0.5625 0.2937062937062937 0.5625 0.30303030303030304 0.5671875 0.30536130536130535 0.5671875 0.3146853146853147 0.5734375 0.32167832167832167 0.5734375 0.331002331002331 0.5765625 0.331002331002331 0.58125 0.337995337995338 0.58125 0.3473193473193473 0.5890625 0.3543123543123543 0.5890625 0.36363636363636365 0.5921875 0.36596736596736595 0.5921875 0.372960372960373 0.5953125 0.3752913752913753 0.5953125 0.38461538461538464 0.6 0.38694638694638694 0.6 0.3962703962703963 0.60625 0.40559440559440557 0.6109375 0.40792540792540793 0.6109375 0.4219114219114219 0.6140625 0.42424242424242425 0.6140625 0.4382284382284382 0.6171875 0.4405594405594406 0.6171875 0.47086247086247085 0.6140625 0.4731934731934732 0.6140625 0.5034965034965035 0.6109375 0.5058275058275058 0.6109375 0.5198135198135199 0.60625 0.5221445221445221 0.60625 0.5268065268065268 0.5984375 0.5384615384615384 0.5953125 0.5384615384615384 0.5953125 0.5431235431235432 0.5875 0.5547785547785548 0.584375 0.5547785547785548 0.5828125 0.5617715617715617 0.578125 0.5617715617715617 0.5765625 0.5664335664335665 0.5734375 0.5664335664335665 0.5703125 0.5710955710955711 0.5703125 0.5967365967365967 0.5734375 0.5990675990675991 0.5734375 0.6177156177156177 0.578125 0.62004662004662 0.578125 0.6293706293706294 0.58125 0.6317016317016317 0.58125 0.6456876456876457 0.584375 0.6480186480186481 0.584375 0.6666666666666666 0.5890625 0.668997668997669 0.5890625 0.6899766899766899 0.5921875 0.6923076923076923 0.5921875 0.7435897435897436 0.5890625 0.745920745920746 0.5890625 0.7552447552447552 0.584375 0.7575757575757576 0.584375 0.7645687645687645 0.58125 0.7668997668997669 0.58125 0.7715617715617715 0.5796875 0.7738927738927739 0.5734375 0.7738927738927739 0.5671875 0.7832167832167832 0.5671875 0.7972027972027972 0.5703125 0.7995337995337995 0.5703125 0.8041958041958042 0.5796875 0.8041958041958042 0.58125 0.8088578088578089 0.6125 0.8088578088578089 0.6171875 0.7972027972027972 0.6203125 0.7972027972027972 0.6203125 0.7902097902097902 0.6234375 0.7878787878787878 0.6234375 0.7785547785547785 0.628125 0.7715617715617715 0.634375 0.7715617715617715 0.6359375 0.7645687645687645 0.6484375 0.7645687645687645 0.65 0.7599067599067599 0.659375 0.7599067599067599 0.6609375 0.7552447552447552 0.6640625 0.7552447552447552 0.6640625 0.7412587412587412 0.659375 0.7389277389277389 0.659375 0.7296037296037297 0.65625 0.7272727272727273 0.65625 0.717948717948718 0.659375 0.7156177156177156 0.659375 0.7016317016317016 0.6609375 0.6993006993006993 0.6671875 0.6993006993006993 0.66875 0.6946386946386947 0.678125 0.6946386946386947 0.6796875 0.6993006993006993 0.6890625 0.6993006993006993 0.690625 0.7062937062937062 0.696875 0.7062937062937062 0.6984375 0.6993006993006993 0.703125 0.6993006993006993 0.7046875 0.6946386946386947 0.7078125 0.6946386946386947 0.7109375 0.6899766899766899 0.7109375 0.6806526806526807 0.7125 0.6783216783216783 0.71875 0.6783216783216783 0.71875 0.668997668997669 0.721875 0.6666666666666666 0.721875 0.6480186480186481 0.7265625 0.6410256410256411 0.7296875 0.6410256410256411 0.7296875 0.6317016317016317 0.7328125 0.6293706293706294 0.7328125 0.62004662004662 0.734375 0.6177156177156177 0.740625 0.6177156177156177 0.7453125 0.6083916083916084 0.7515625 0.6083916083916084 0.7515625 0.5990675990675991 0.7546875 0.5967365967365967 0.7546875 0.5547785547785548 0.7578125 0.5524475524475524 0.7578125 0.5221445221445221 0.7625 0.5198135198135199 0.7625 0.5128205128205128 0.76875 0.5034965034965035 0.76875 0.4965034965034965 0.7734375 0.49417249417249415 0.7734375 0.48484848484848486 0.7765625 0.4825174825174825 0.7765625 0.4568764568764569 0.7734375 0.45454545454545453 0.7734375 0.4405594405594406 0.76875 0.4382284382284382 0.76875 0.3986013986013986 0.7734375 0.3962703962703963 0.7734375 0.3706293706293706 0.7765625 0.3682983682983683 0.7765625 0.3543123543123543 0.7734375 0.351981351981352 0.7734375 0.337995337995338 0.76875 0.3356643356643357 0.76875 0.317016317016317 0.765625 0.3146853146853147 0.765625 0.30536130536130535 0.7578125 0.29836829836829837 0.7578125 0.2937062937062937 0.753125 0.2937062937062937 0.746875 0.28438228438228436 0.7421875 0.28438228438228436 0.740625 0.2773892773892774 0.7375 0.2773892773892774 0.7328125 0.2703962703962704 0.7328125 0.26107226107226106 0.7296875 0.25874125874125875 0.7296875 0.24475524475524477 0.725 0.24242424242424243 0.725 0.23543123543123542 0.7203125 0.23543123543123542 0.71875 0.22843822843822845 0.715625 0.22843822843822845 0.7140625 0.22377622377622378 0.709375 0.22377622377622378 0.7078125 0.2191142191142191 0.7046875 0.2191142191142191 0.7 0.20745920745920746 0.69375 0.20745920745920746 0.6890625 0.20046620046620048 0.6890625 0.1958041958041958 0.6859375 0.19347319347319347 0.6859375 0.1864801864801865 0.6796875 0.1864801864801865 0.675 0.17482517482517482 0.665625 0.17482517482517482 0.6640625 0.17016317016317017 0.65 0.17016317016317017 0.6484375 0.16317016317016317 0.64375 0.16317016317016317 0.6375 0.15384615384615385 0.6328125 0.15384615384615385 0.63125 0.14685314685314685 0.628125 0.14685314685314685 0.6234375 0.13986013986013987 0.6234375 0.13053613053613053 0.6203125 0.1282051282051282 0.6203125 0.12121212121212122 0.6140625 0.12121212121212122 0.609375 0.10955710955710955 0.603125 0.10955710955710955 0.6015625 0.1048951048951049 0.5953125 0.1048951048951049 0.590625 0.09324009324009325 0.584375 0.09324009324009325 0.5828125 0.09090909090909091 0.5828125 0.08158508158508158 0.5765625 0.07226107226107226 0.571875 0.06993006993006994 0.571875 0.06526806526806526 0.565625 0.055944055944055944 0.5609375 0.053613053613053616 0.5609375 0.04895104895104895 0.55625 0.04895104895104895 0.5546875 0.04428904428904429 0.5484375 0.04428904428904429 0.54375 0.037296037296037296 0.54375 0.03263403263403263 0.540625 0.03263403263403263 0.5390625 0.027972027972027972 0.5265625 0.027972027972027972 0.5265625 0.030303030303030304 0.525 0.03263403263403263 0.51875 0.03263403263403263
2 0.1609375 0.17016317016317017 0.1609375 0.17715617715617715 0.1578125 0.1794871794871795 0.1578125 0.1888111888111888 0.153125 0.1958041958041958 0.15 0.1958041958041958 0.15 0.20046620046620048 0.1421875 0.21212121212121213 0.1390625 0.21212121212121213 0.1390625 0.21678321678321677 0.13125 0.22843822843822845 0.125 0.22843822843822845 0.125 0.2331002331002331 0.1203125 0.2400932400932401 0.1171875 0.2400932400932401 0.1171875 0.25874125874125875 0.121875 0.26107226107226106 0.121875 0.26573426573426573 0.128125 0.27505827505827507 0.1484375 0.27505827505827507 0.15 0.2703962703962704 0.15625 0.2703962703962704 0.1578125 0.26573426573426573 0.1671875 0.26573426573426573 0.16875 0.25874125874125875 0.1890625 0.25874125874125875 0.190625 0.2540792540792541 0.2140625 0.2540792540792541 0.215625 0.25874125874125875 0.2328125 0.25874125874125875 0.2359375 0.2540792540792541 0.2359375 0.24475524475524477 0.2328125 0.24242424242424243 0.2328125 0.22843822843822845 0.2296875 0.2261072261072261 0.2296875 0.2191142191142191 0.225 0.21678321678321677 0.225 0.20279720279720279 0.221875 0.20046620046620048 0.221875 0.1958041958041958 0.21875 0.19114219114219114 0.215625 0.19114219114219114 0.2140625 0.1864801864801865 0.209375 0.1864801864801865 0.2078125 0.1794871794871795 0.2015625 0.1794871794871795 0.2 0.17482517482517482 0.1875 0.17482517482517482 0.1859375 0.17016317016317017 0.171875 0.17016317016317017 0.1703125 0.16317016317016317 0.165625 0.16317016317016317 0.165625 0.1655011655011655 0.1640625 0.17016317016317017 0.1609375 0.17016317016317017
2 0.121875 0.9533799533799534 0.115625 0.9627039627039627 0.1109375 0.9627039627039627 0.109375 0.9696969696969697 0.10625 0.9696969696969697 0.10625 0.9836829836829837 0.1109375 0.986013986013986 0.1109375 0.993006993006993 0.1140625 0.9976689976689976 0.1703125 0.9976689976689976 0.1703125 0.986013986013986 0.1640625 0.9766899766899767 0.1640625 0.9696969696969697 0.159375 0.9673659673659674 0.159375 0.9627039627039627 0.15 0.9627039627039627 0.1484375 0.958041958041958 0.14375 0.958041958041958 0.1421875 0.9533799533799534 0.1359375 0.9533799533799534 0.134375 0.9463869463869464 0.128125 0.9463869463869464 0.128125 0.9487179487179487 0.1265625 0.9533799533799534 0.121875 0.9533799533799534
2 0.2015625 0.47785547785547783 0.196875 0.48484848484848486 0.19375 0.48484848484848486 0.190625 0.48951048951048953 0.190625 0.49417249417249415 0.1859375 0.5011655011655012 0.1828125 0.5011655011655012 0.1828125 0.5104895104895105 0.175 0.5221445221445221 0.171875 0.5221445221445221 0.171875 0.5431235431235432 0.175 0.5431235431235432 0.1828125 0.5547785547785548 0.1828125 0.5594405594405595 0.1890625 0.5594405594405595 0.190625 0.5641025641025641 0.2 0.5641025641025641 0.2015625 0.5687645687645687 0.21875 0.5687645687645687 0.21875 0.5337995337995338 0.215625 0.5337995337995338 0.2140625 0.5291375291375291 0.21875 0.5268065268065268 0.21875 0.4731934731934732 0.215625 0.4731934731934732 0.2140625 0.46853146853146854 0.2046875 0.46853146853146854 0.2046875 0.47086247086247085 0.2015625 0.4731934731934732 0.2015625 0.47785547785547783
2 0.0703125 0.4149184149184149 0.065625 0.42424242424242425 0.0625 0.42424242424242425 0.0625 0.4289044289044289 0.059375 0.43123543123543123 0.059375 0.4382284382284382 0.05625 0.4405594405594406 0.05625 0.47785547785547783 0.059375 0.4801864801864802 0.059375 0.49417249417249415 0.0625 0.4965034965034965 0.0625 0.5034965034965035 0.0671875 0.5058275058275058 0.0671875 0.5151515151515151 0.0734375 0.5221445221445221 0.0734375 0.5314685314685315 0.0765625 0.5314685314685315 0.08125 0.5384615384615384 0.08125 0.5477855477855478 0.084375 0.5501165501165501 0.084375 0.5641025641025641 0.0890625 0.5664335664335665 0.0890625 0.585081585081585 0.0921875 0.5874125874125874 0.0921875 0.5967365967365967 0.0953125 0.5990675990675991 0.0953125 0.6083916083916084 0.1 0.6107226107226107 0.1 0.6293706293706294 0.103125 0.6317016317016317 0.103125 0.6456876456876457 0.10625 0.6480186480186481 0.10625 0.6573426573426573 0.1109375 0.6596736596736597 0.1109375 0.6783216783216783 0.1140625 0.6806526806526807 0.1140625 0.7062937062937062 0.1171875 0.7086247086247086 0.1171875 0.7272727272727273 0.121875 0.7296037296037297 0.121875 0.7389277389277389 0.125 0.7412587412587412 0.125 0.7552447552447552 0.128125 0.7575757575757576 0.128125 0.7645687645687645 0.1328125 0.7668997668997669 0.1328125 0.7762237762237763 0.1390625 0.7832167832167832 0.1390625 0.7878787878787878 0.159375 0.7878787878787878 0.1609375 0.7925407925407926 0.1671875 0.7925407925407926 0.16875 0.7972027972027972 0.1859375 0.7972027972027972 0.1875 0.7925407925407926 0.196875 0.7925407925407926 0.1984375 0.7878787878787878 0.2109375 0.7878787878787878 0.2109375 0.7832167832167832 0.215625 0.7762237762237763 0.221875 0.7762237762237763 0.2265625 0.7645687645687645 0.2328125 0.7645687645687645 0.2375 0.7552447552447552 0.240625 0.7552447552447552 0.240625 0.7505827505827506 0.24375 0.7482517482517482 0.24375 0.7342657342657343 0.246875 0.7319347319347319 0.246875 0.7249417249417249 0.2515625 0.7226107226107226 0.2515625 0.7086247086247086 0.246875 0.7062937062937062 0.246875 0.6806526806526807 0.2515625 0.6783216783216783 0.2515625 0.6596736596736597 0.2546875 0.6573426573426573 0.2546875 0.6480186480186481 0.2578125 0.6456876456876457 0.2578125 0.627039627039627 0.2546875 0.6247086247086248 0.2546875 0.62004662004662 0.2515625 0.6153846153846154 0.2484375 0.6153846153846154 0.246875 0.6107226107226107 0.2421875 0.6107226107226107 0.240625 0.6037296037296037 0.2375 0.6037296037296037 0.2296875 0.5920745920745921 0.2296875 0.5874125874125874 0.2265625 0.5874125874125874 0.221875 0.578088578088578 0.215625 0.578088578088578 0.2140625 0.5710955710955711 0.2015625 0.5710955710955711 0.2 0.5664335664335665 0.190625 0.5664335664335665 0.1890625 0.5617715617715617 0.1828125 0.5617715617715617 0.18125 0.5547785547785548 0.175 0.5454545454545454 0.1703125 0.5431235431235432 0.1703125 0.5291375291375291 0.175 0.5268065268065268 0.175 0.5174825174825175 0.18125 0.5104895104895105 0.18125 0.5058275058275058 0.1890625 0.4988344988344988 0.1890625 0.48951048951048953 0.19375 0.4825174825174825 0.196875 0.4825174825174825 0.196875 0.4731934731934732 0.19375 0.4731934731934732 0.1921875 0.46853146853146854 0.171875 0.46853146853146854 0.1703125 0.46386946386946387 0.1546875 0.46386946386946387 0.153125 0.4568764568764569 0.1390625 0.4568764568764569 0.1375 0.4522144522144522 0.128125 0.4522144522144522 0.1265625 0.44755244755244755 0.1203125 0.44522144522144524 0.1203125 0.4405594405594406 0.115625 0.4382284382284382 0.115625 0.43123543123543123 0.1125 0.4289044289044289 0.1125 0.42424242424242425 0.109375 0.4195804195804196 0.1 0.4195804195804196 0.0984375 0.4149184149184149 0.0921875 0.4149184149184149 0.090625 0.40792540792540793 0.078125 0.40792540792540793 0.078125 0.41025641025641024 0.0765625 0.4149184149184149 0.0703125 0.4149184149184149
1 0.35625 0.7086247086247086 0.3515625 0.7086247086247086 0.35 0.7132867132867133 0.340625 0.7132867132867133 0.3390625 0.717948717948718 0.3359375 0.717948717948718 0.3359375 0.7226107226107226 0.33125 0.7296037296037297 0.321875 0.7296037296037297 0.3171875 0.7412587412587412 0.3140625 0.7412587412587412 0.3078125 0.7505827505827506 0.30625 0.7575757575757576 0.3 0.7575757575757576 0.2984375 0.7622377622377622 0.2921875 0.7622377622377622 0.2921875 0.7715617715617715 0.2890625 0.7738927738927739 0.2890625 0.7808857808857809 0.2859375 0.7832167832167832 0.284375 0.7902097902097902 0.28125 0.7902097902097902 0.28125 0.8578088578088578 0.2859375 0.8601398601398601 0.2859375 0.8741258741258742 0.2890625 0.8764568764568764 0.2890625 0.8904428904428905 0.2921875 0.8927738927738927 0.2921875 0.9067599067599068 0.2953125 0.9067599067599068 0.3 0.9137529137529138 0.3 0.9277389277389277 0.303125 0.9300699300699301 0.303125 0.9347319347319347 0.3078125 0.9370629370629371 0.3078125 0.9440559440559441 0.3109375 0.9463869463869464 0.3109375 0.9557109557109557 0.31875 0.9627039627039627 0.31875 0.9673659673659674 0.321875 0.9696969696969697 0.321875 0.9766899766899767 0.33125 0.9766899766899767 0.3328125 0.9790209790209791 0.3328125 0.9836829836829837 0.3359375 0.9883449883449883 0.3328125 0.993006993006993 0.3890625 0.993006993006993 0.390625 0.9976689976689976 0.459375 0.9976689976689976 0.4609375 0.993006993006993 0.465625 0.993006993006993 0.465625 0.986013986013986 0.4703125 0.9836829836829837 0.4703125 0.9790209790209791 0.478125 0.9673659673659674 0.48125 0.9673659673659674 0.48125 0.958041958041958 0.4875 0.951048951048951 0.4875 0.9417249417249417 0.4921875 0.9393939393939394 0.4921875 0.9207459207459208 0.4984375 0.9114219114219114 0.4984375 0.8974358974358975 0.503125 0.8951048951048951 0.503125 0.8111888111888111 0.4984375 0.8088578088578089 0.4984375 0.7948717948717948 0.4953125 0.7925407925407926 0.4953125 0.7832167832167832 0.4875 0.7762237762237763 0.4875 0.7668997668997669 0.48125 0.7599067599067599 0.48125 0.7505827505827506 0.475 0.7505827505827506 0.4734375 0.745920745920746 0.4640625 0.745920745920746 0.4625 0.7412587412587412 0.45 0.7412587412587412 0.4484375 0.7342657342657343 0.4390625 0.7342657342657343 0.4375 0.7296037296037297 0.428125 0.7296037296037297 0.4265625 0.7249417249417249 0.421875 0.7226107226107226 0.421875 0.717948717948718 0.41875 0.7132867132867133 0.4125 0.7132867132867133 0.4109375 0.710955710955711 0.4109375 0.7016317016317016 0.3734375 0.7016317016317016 0.371875 0.696969696969697 0.3625 0.696969696969697 0.3625 0.6993006993006993 0.3578125 0.7016317016317016 0.35625 0.7086247086247086
1 0.4171875 0 0.4171875 0.002331002331002331 0.415625 0.006993006993006993 0.4125 0.006993006993006993 0.4125 0.013986013986013986 0.409375 0.016317016317016316 0.4078125 0.023310023310023312 0.3984375 0.023310023310023312 0.39375 0.03263403263403263 0.3875 0.03263403263403263 0.3875 0.037296037296037296 0.3828125 0.04428904428904429 0.3796875 0.04428904428904429 0.3765625 0.04895104895104895 0.3765625 0.06993006993006994 0.3796875 0.07226107226107226 0.3796875 0.08624708624708624 0.378125 0.08857808857808858 0.36875 0.08857808857808858 0.3625 0.0979020979020979 0.3625 0.10722610722610723 0.3578125 0.10955710955710955 0.3578125 0.11888111888111888 0.3609375 0.11888111888111888 0.365625 0.1282051282051282 0.4328125 0.1282051282051282 0.434375 0.1351981351981352 0.440625 0.1351981351981352 0.4421875 0.13986013986013987 0.4484375 0.13986013986013987 0.45 0.1445221445221445 0.459375 0.1445221445221445 0.4640625 0.1561771561771562 0.4703125 0.1561771561771562 0.471875 0.16083916083916083 0.4765625 0.16083916083916083 0.478125 0.16783216783216784 0.484375 0.16783216783216784 0.4859375 0.17249417249417248 0.4921875 0.17249417249417248 0.49375 0.17715617715617715 0.50625 0.17715617715617715 0.50625 0.17016317016317017 0.5109375 0.16783216783216784 0.5109375 0.0979020979020979 0.50625 0.09557109557109557 0.50625 0.08158508158508158 0.4984375 0.07459207459207459 0.4984375 0.06526806526806526 0.4953125 0.06293706293706294 0.4953125 0.055944055944055944 0.4921875 0.053613053613053616 0.4921875 0.04895104895104895 0.4828125 0.04895104895104895 0.48125 0.04428904428904429 0.478125 0.04428904428904429 0.4765625 0.04195804195804196 0.4765625 0.03263403263403263 0.4703125 0.030303030303030304 0.4703125 0.023310023310023312 0.465625 0.02097902097902098 0.465625 0.016317016317016316 0.45625 0.016317016317016316 0.4484375 0.004662004662004662 0.4484375 0 0.4171875 0
1 0.5375 0.5874125874125874 0.5375 0.5920745920745921 0.5328125 0.5990675990675991 0.5265625 0.5990675990675991 0.525 0.6037296037296037 0.51875 0.6037296037296037 0.5171875 0.6107226107226107 0.5125 0.6107226107226107 0.5109375 0.6153846153846154 0.5 0.6153846153846154 0.4953125 0.627039627039627 0.4890625 0.627039627039627 0.4875 0.6317016317016317 0.4828125 0.6317016317016317 0.48125 0.6363636363636364 0.478125 0.6363636363636364 0.4765625 0.6433566433566433 0.4671875 0.6433566433566433 0.465625 0.6480186480186481 0.4609375 0.6480186480186481 0.459375 0.6526806526806527 0.453125 0.6526806526806527 0.453125 0.662004662004662 0.45625 0.6643356643356644 0.45625 0.682983682983683 0.4609375 0.6853146853146853 0.4609375 0.6899766899766899 0.4640625 0.6923076923076923 0.4640625 0.6993006993006993 0.4671875 0.7016317016317016 0.4671875 0.7062937062937062 0.4703125 0.7062937062937062 0.475 0.7132867132867133 0.475 0.7226107226107226 0.478125 0.7249417249417249 0.478125 0.7319347319347319 0.4828125 0.7342657342657343 0.4828125 0.7389277389277389 0.4859375 0.7412587412587412 0.4859375 0.7482517482517482 0.4890625 0.7505827505827506 0.4890625 0.7552447552447552 0.4921875 0.7552447552447552 0.5 0.7668997668997669 0.5 0.7715617715617715 0.503125 0.7715617715617715 0.5046875 0.7762237762237763 0.5109375 0.7762237762237763 0.5125 0.7808857808857809 0.521875 0.7808857808857809 0.5234375 0.7878787878787878 0.54375 0.7878787878787878 0.5453125 0.7808857808857809 0.5546875 0.7808857808857809 0.55625 0.7762237762237763 0.565625 0.7762237762237763 0.5703125 0.7645687645687645 0.5765625 0.7645687645687645 0.5796875 0.7599067599067599 0.5796875 0.7505827505827506 0.5828125 0.7482517482517482 0.5828125 0.7412587412587412 0.5875 0.7389277389277389 0.5875 0.6923076923076923 0.5828125 0.6899766899766899 0.5828125 0.6643356643356644 0.5796875 0.662004662004662 0.5796875 0.6526806526806527 0.5765625 0.6503496503496503 0.5765625 0.6363636363636364 0.571875 0.634032634032634 0.571875 0.6153846153846154 0.56875 0.6130536130536131 0.56875 0.6037296037296037 0.565625 0.6013986013986014 0.565625 0.5944055944055944 0.5609375 0.5920745920745921 0.5609375 0.5827505827505828 0.5484375 0.5827505827505828 0.5484375 0.585081585081585 0.546875 0.5874125874125874 0.5375 0.5874125874125874
1 0.3546875 0.14219114219114218 0.35 0.15384615384615385 0.34375 0.15384615384615385 0.3421875 0.1585081585081585 0.3359375 0.1585081585081585 0.328125 0.17482517482517482 0.325 0.17482517482517482 0.321875 0.1794871794871795 0.321875 0.1888111888111888 0.31875 0.19114219114219114 0.31875 0.20046620046620048 0.3140625 0.20279720279720279 0.3140625 0.2097902097902098 0.3078125 0.2191142191142191 0.3078125 0.2261072261072261 0.303125 0.22843822843822845 0.303125 0.2331002331002331 0.296875 0.2400932400932401 0.296875 0.2494172494172494 0.2921875 0.2517482517482518 0.2921875 0.25874125874125875 0.2890625 0.26107226107226106 0.2890625 0.2703962703962704 0.2859375 0.2727272727272727 0.2859375 0.28205128205128205 0.278125 0.289044289044289 0.278125 0.29836829836829837 0.2671875 0.31002331002331 0.265625 0.317016317016317 0.259375 0.317016317016317 0.2546875 0.32634032634032634 0.2484375 0.32634032634032634 0.2484375 0.331002331002331 0.240625 0.34265734265734266 0.2375 0.34265734265734266 0.2375 0.3473193473193473 0.234375 0.34965034965034963 0.234375 0.35664335664335667 0.23125 0.358974358974359 0.23125 0.37995337995337997 0.2265625 0.3822843822843823 0.2265625 0.40559440559440557 0.2234375 0.40792540792540793 0.2234375 0.5477855477855478 0.2265625 0.5501165501165501 0.2265625 0.5641025641025641 0.2296875 0.5641025641025641 0.234375 0.5710955710955711 0.234375 0.5804195804195804 0.2421875 0.5874125874125874 0.2421875 0.5920745920745921 0.2484375 0.6013986013986014 0.253125 0.6037296037296037 0.253125 0.6083916083916084 0.25625 0.6130536130536131 0.2625 0.6130536130536131 0.2640625 0.6177156177156177 0.26875 0.6177156177156177 0.2703125 0.6247086247086248 0.2734375 0.6247086247086248 0.275 0.6293706293706294 0.2796875 0.6293706293706294 0.28125 0.634032634032634 0.2875 0.634032634032634 0.2921875 0.6456876456876457 0.3015625 0.6456876456876457 0.303125 0.6503496503496503 0.3125 0.6503496503496503 0.3140625 0.6573426573426573 0.3203125 0.6573426573426573 0.321875 0.662004662004662 0.328125 0.662004662004662 0.3296875 0.6666666666666666 0.353125 0.6666666666666666 0.3546875 0.6736596736596736 0.4046875 0.6736596736596736 0.4046875 0.668997668997669 0.409375 0.662004662004662 0.41875 0.662004662004662 0.4203125 0.6573426573426573 0.4296875 0.6573426573426573 0.43125 0.6503496503496503 0.440625 0.6503496503496503 0.4421875 0.6456876456876457 0.4546875 0.6456876456876457 0.45625 0.6410256410256411 0.465625 0.6410256410256411 0.4671875 0.634032634032634 0.4765625 0.634032634032634 0.4828125 0.6247086247086248 0.4875 0.6247086247086248 0.4890625 0.6177156177156177 0.4953125 0.6177156177156177 0.496875 0.6130536130536131 0.503125 0.6130536130536131 0.5046875 0.6083916083916084 0.5140625 0.6083916083916084 0.515625 0.6013986013986014 0.521875 0.6013986013986014 0.5265625 0.5920745920745921 0.5328125 0.5920745920745921 0.534375 0.585081585081585 0.5390625 0.585081585081585 0.5453125 0.5757575757575758 0.55 0.5757575757575758 0.5515625 0.5687645687645687 0.5578125 0.5687645687645687 0.559375 0.5641025641025641 0.565625 0.5641025641025641 0.5703125 0.5524475524475524 0.5765625 0.5524475524475524 0.578125 0.5477855477855478 0.5828125 0.5477855477855478 0.584375 0.5431235431235432 0.5875 0.5431235431235432 0.5875 0.5384615384615384 0.5953125 0.5268065268065268 0.5984375 0.5268065268065268 0.5984375 0.5221445221445221 0.6015625 0.5198135198135199 0.6015625 0.5128205128205128 0.6046875 0.5104895104895105 0.6046875 0.5011655011655012 0.609375 0.4988344988344988 0.609375 0.46853146853146854 0.6125 0.4662004662004662 0.6125 0.44755244755244755 0.609375 0.44522144522144524 0.609375 0.43123543123543123 0.6046875 0.4289044289044289 0.6046875 0.4195804195804196 0.6015625 0.4172494172494173 0.6015625 0.40792540792540793 0.5984375 0.40559440559440557 0.5984375 0.3986013986013986 0.59375 0.3962703962703963 0.59375 0.38694638694638694 0.5875 0.37995337995337997 0.5875 0.3706293706293706 0.5828125 0.3682983682983683 0.5828125 0.358974358974359 0.5765625 0.34965034965034963 0.571875 0.3473193473193473 0.571875 0.34265734265734266 0.565625 0.3356643356643357 0.565625 0.32634032634032634 0.5609375 0.32400932400932403 0.5609375 0.31002331002331 0.5578125 0.3076923076923077 0.5578125 0.3006993006993007 0.5546875 0.29836829836829837 0.5546875 0.289044289044289 0.55 0.2867132867132867 0.55 0.2773892773892774 0.546875 0.27505827505827507 0.546875 0.2680652680652681 0.54375 0.26573426573426573 0.54375 0.26107226107226106 0.5390625 0.25874125874125875 0.5390625 0.2517482517482518 0.5359375 0.2494172494172494 0.5359375 0.24475524475524477 0.5328125 0.2400932400932401 0.528125 0.23776223776223776 0.528125 0.22843822843822845 0.521875 0.2191142191142191 0.5171875 0.21678321678321677 0.5171875 0.21212121212121213 0.5140625 0.20745920745920746 0.5078125 0.20745920745920746 0.503125 0.20046620046620048 0.503125 0.1958041958041958 0.5 0.1958041958041958 0.4921875 0.18414918414918416 0.4921875 0.1794871794871795 0.4859375 0.1794871794871795 0.484375 0.17482517482517482 0.478125 0.17482517482517482 0.4765625 0.17016317016317017 0.4671875 0.17016317016317017 0.4625 0.1585081585081585 0.45625 0.1585081585081585 0.4546875 0.15384615384615385 0.45 0.15384615384615385 0.4484375 0.14685314685314685 0.4421875 0.14685314685314685 0.440625 0.14219114219114218 0.428125 0.14219114219114218 0.4265625 0.13752913752913754 0.3625 0.13752913752913754 0.3625 0.13986013986013987 0.3609375 0.14219114219114218 0.3546875 0.14219114219114218