5 0.78125 0 0.78125 0.002793296089385475 0.78125 0.0111731843575419 0.79375 0.0335195530726257 0.7984375 0.0335195530726257 0.8 0.03910614525139665 0.803125 0.03910614525139665 0.8046875 0.04748603351955307 0.8234375 0.08100558659217877 0.8265625 0.08100558659217877 0.83125 0.0893854748603352 0.83125 0.09497206703910614 0.85 0.12849162011173185 0.8546875 0.13128491620111732 0.8546875 0.13687150837988826 0.8578125 0.13966480446927373 0.8578125 0.14804469273743018 0.8734375 0.17318435754189945 0.8734375 0.18435754189944134 0.8765625 0.18435754189944134 0.88125 0.19273743016759776 0.88125 0.2011173184357542 0.89375 0.2206703910614525 0.89375 0.23184357541899442 0.9 0.2430167597765363 0.903125 0.2430167597765363 0.9171875 0.2681564245810056 0.9171875 0.2737430167597765 0.9203125 0.276536312849162 0.9203125 0.2849162011173184 0.9265625 0.2849162011173184 0.93125 0.29329608938547486 0.93125 0.3016759776536313 0.940625 0.31564245810055863 0.940625 0.3268156424581006 0.94375 0.329608938547486 0.94375 0.33798882681564246 0.9578125 0.3575418994413408 0.9578125 0.3687150837988827 0.9640625 0.3770949720670391 0.9640625 0.3854748603351955 0.9734375 0.4022346368715084 0.978125 0.40502793296089384 0.978125 0.41620111731843573 0.99375 0.4441340782122905 0.9984375 0.4441340782122905 0.9984375 0.3715083798882682 0.9890625 0.3547486033519553 0.9890625 0.3463687150837989 0.9796875 0.3324022346368715 0.9796875 0.3240223463687151 0.9765625 0.32122905027932963 0.9765625 0.31564245810055863 0.9734375 0.31564245810055863 0.9625 0.29608938547486036 0.9625 0.2877094972067039 0.953125 0.2737430167597765 0.953125 0.2681564245810056 0.95 0.2681564245810056 0.9421875 0.2541899441340782 0.9421875 0.24581005586592178 0.9328125 0.23184357541899442 0.9328125 0.22625698324022347 0.91875 0.20670391061452514 0.91875 0.19832402234636873 0.9140625 0.19832402234636873 0.90625 0.18435754189944134 0.90625 0.17318435754189945 0.8953125 0.15921787709497207 0.8953125 0.15083798882681565 0.8859375 0.13687150837988826 0.8859375 0.13128491620111732 0.8765625 0.11452513966480447 0.871875 0.11173184357541899 0.871875 0.10335195530726257 0.8671875 0.10335195530726257 0.8625 0.09497206703910614 0.8625 0.0893854748603352 0.859375 0.08659217877094973 0.859375 0.0782122905027933 0.853125 0.0670391061452514 0.85 0.0670391061452514 0.8296875 0.025139664804469275 0.8265625 0.019553072625698324 0.8234375 0.019553072625698324 0.815625 0.00558659217877095 0.815625 0 0.78125 0
5 0.68125 0 0.68125 0.002793296089385475 0.68125 0.08100558659217877 0.684375 0.08379888268156424 0.684375 0.11731843575418995 0.6875 0.12011173184357542 0.6875 0.17039106145251395 0.690625 0.17318435754189945 0.690625 0.20670391061452514 0.69375 0.20949720670391062 0.69375 0.24860335195530725 0.696875 0.25139664804469275 0.696875 0.3016759776536313 0.7 0.30446927374301674 0.7 0.3324022346368715 0.7046875 0.33519553072625696 0.7046875 0.34916201117318435 0.7078125 0.35195530726256985 0.7078125 0.3743016759776536 0.7140625 0.3854748603351955 0.721875 0.3854748603351955 0.721875 0.3770949720670391 0.7265625 0.3743016759776536 0.7265625 0.3575418994413408 0.721875 0.3547486033519553 0.721875 0.31564245810055863 0.71875 0.3128491620111732 0.71875 0.2877094972067039 0.715625 0.2849162011173184 0.715625 0.25139664804469275 0.7125 0.24860335195530725 0.7125 0.21508379888268156 0.709375 0.2122905027932961 0.709375 0.1787709497206704 0.70625 0.17597765363128492 0.70625 0.13966480446927373 0.703125 0.13687150837988826 0.703125 0.09776536312849161 0.6984375 0.09497206703910614 0.6984375 0.04189944134078212 0.6953125 0.03910614525139665 0.6953125 0 0.68125 0
5 0.5140625 0 0.5140625 0.002793296089385475 0.5140625 0.15363128491620112 0.5109375 0.1564245810055866 0.5109375 0.17039106145251395 0.5078125 0.17318435754189945 0.5078125 0.18994413407821228 0.5140625 0.2011173184357542 0.51875 0.2011173184357542 0.5203125 0.20670391061452514 0.5328125 0.20670391061452514 0.5328125 0 0.5140625 0
5 0.7171875 0 0.7171875 0.002793296089385475 0.7171875 0.0111731843575419 0.7140625 0.013966480446927373 0.7140625 0.027932960893854747 0.7109375 0.030726256983240222 0.7109375 0.05307262569832402 0.7078125 0.055865921787709494 0.7078125 0.17039106145251395 0.7109375 0.17318435754189945 0.7109375 0.2011173184357542 0.7140625 0.20391061452513967 0.7140625 0.23743016759776536 0.7171875 0.24022346368715083 0.7171875 0.26536312849162014 0.7203125 0.2681564245810056 0.7203125 0.2849162011173184 0.7234375 0.2877094972067039 0.7234375 0.3016759776536313 0.728125 0.30446927374301674 0.728125 0.3128491620111732 0.73125 0.31564245810055863 0.73125 0.3268156424581006 0.734375 0.329608938547486 0.734375 0.3435754189944134 0.73125 0.34916201117318435 0.7359375 0.34916201117318435 0.7390625 0.3547486033519553 0.740625 0.34916201117318435 0.7453125 0.34916201117318435 0.75 0.33798882681564246 0.753125 0.33798882681564246 0.75625 0.3324022346368715 0.75625 0.31564245810055863 0.753125 0.3128491620111732 0.753125 0.2988826815642458 0.75 0.2988826815642458 0.7453125 0.2905027932960894 0.7453125 0.28212290502793297 0.7421875 0.27932960893854747 0.7421875 0.26256983240223464 0.7390625 0.25977653631284914 0.7390625 0.24581005586592178 0.7359375 0.2430167597765363 0.7359375 0.2346368715083799 0.7328125 0.23184357541899442 0.7328125 0.20949720670391062 0.7296875 0.20670391061452514 0.7296875 0.19273743016759776 0.7265625 0.18994413407821228 0.7265625 0.09776536312849161 0.7296875 0.09497206703910614 0.7296875 0.07262569832402235 0.7328125 0.06983240223463687 0.7328125 0.05027932960893855 0.7359375 0.04748603351955307 0.7359375 0.036312849162011177 0.7390625 0.0335195530726257 0.7390625 0.019553072625698324 0.7421875 0.013966480446927373 0.7390625 0.0111731843575419 0.7390625 0 0.7171875 0
2 0.384375 0.15921787709497207 0.41875 0.15921787709497207 0.4203125 0.15363128491620112 0.4265625 0.15363128491620112 0.4296875 0.15921787709497207 0.43125 0.15363128491620112 0.4390625 0.15363128491620112 0.4390625 0.15083798882681565 0.4328125 0.13966480446927373 0.4234375 0.13966480446927373 0.421875 0.13128491620111732 0.4171875 0.13128491620111732 0.415625 0.12569832402234637 0.4109375 0.12569832402234637 0.409375 0.12011173184357542 0.4046875 0.12011173184357542 0.403125 0.11452513966480447 0.396875 0.11452513966480447 0.3953125 0.10893854748603352 0.390625 0.10893854748603352 0.390625 0.11173184357541899 0.384375 0.12011173184357542 0.384375 0.15921787709497207
2 0.4375 0.10614525139664804 0.434375 0.10893854748603352 0.434375 0.12849162011173185 0.4375 0.13128491620111732 0.4375 0.1424581005586592 0.45 0.164804469273743 0.453125 0.164804469273743 0.4546875 0.17039106145251395 0.459375 0.17039106145251395 0.4609375 0.17597765363128492 0.46875 0.17597765363128492 0.4703125 0.18435754189944134 0.4828125 0.18435754189944134 0.4828125 0.16201117318435754 0.4796875 0.15921787709497207 0.4796875 0.15083798882681565 0.4765625 0.1452513966480447 0.471875 0.1424581005586592 0.471875 0.13128491620111732 0.465625 0.12290502793296089 0.465625 0.11452513966480447 0.459375 0.10614525139664804 0.459375 0.08379888268156424 0.45625 0.08100558659217877 0.45625 0.07262569832402235 0.446875 0.07262569832402235 0.446875 0.07541899441340782 0.4375 0.0893854748603352 0.4375 0.10614525139664804
2 0.8734375 0.5391061452513967 0.8703125 0.5418994413407822 0.8703125 0.553072625698324 0.8671875 0.5558659217877095 0.8671875 0.5754189944134078 0.8640625 0.5782122905027933 0.8640625 0.5865921787709497 0.8671875 0.5893854748603352 0.8671875 0.5949720670391061 0.8734375 0.6061452513966481 0.8796875 0.6061452513966481 0.88125 0.6089385474860335 0.88125 0.61731843575419 0.8859375 0.61731843575419 0.8875 0.6229050279329609 0.8921875 0.6229050279329609 0.8953125 0.61731843575419 0.8953125 0.5893854748603352 0.8984375 0.5865921787709497 0.8984375 0.5726256983240223 0.903125 0.5698324022346368 0.903125 0.5614525139664804 0.8984375 0.5586592178770949 0.8984375 0.5502793296089385 0.8953125 0.547486033519553 0.8953125 0.5418994413407822 0.890625 0.5418994413407822 0.8828125 0.5251396648044693 0.878125 0.5251396648044693 0.878125 0.5279329608938548 0.8734375 0.5307262569832403 0.8734375 0.5391061452513967
2 0.565625 0.5502793296089385 0.5609375 0.5502793296089385 0.55625 0.5614525139664804 0.55 0.5614525139664804 0.5484375 0.5670391061452514 0.54375 0.5670391061452514 0.5421875 0.5726256983240223 0.5375 0.5726256983240223 0.5328125 0.5837988826815642 0.528125 0.5837988826815642 0.5265625 0.5893854748603352 0.5203125 0.5893854748603352 0.5203125 0.5949720670391061 0.5046875 0.6201117318435754 0.5046875 0.6424581005586593 0.5140625 0.659217877094972 0.51875 0.659217877094972 0.5203125 0.664804469273743 0.5265625 0.664804469273743 0.528125 0.6675977653631285 0.528125 0.6899441340782123 0.53125 0.6927374301675978 0.53125 0.7178770949720671 0.534375 0.7206703910614525 0.534375 0.7318435754189944 0.5390625 0.7318435754189944 0.540625 0.7374301675977654 0.55625 0.7374301675977654 0.5640625 0.7513966480446927 0.5640625 0.7849162011173184 0.5671875 0.7877094972067039 0.5671875 0.7960893854748603 0.5703125 0.7988826815642458 0.5703125 0.8128491620111732 0.5828125 0.8128491620111732 0.584375 0.8212290502793296 0.5859375 0.8212290502793296 0.5875 0.8128491620111732 0.603125 0.8128491620111732 0.6046875 0.8072625698324022 0.6125 0.8072625698324022 0.6140625 0.8016759776536313 0.6265625 0.8016759776536313 0.63125 0.8100558659217877 0.63125 0.8212290502793296 0.6375 0.8296089385474861 0.6375 0.8379888268156425 0.64375 0.8491620111731844 0.659375 0.8491620111731844 0.6609375 0.8435754189944135 0.665625 0.8435754189944135 0.665625 0.8296089385474861 0.6625 0.8268156424581006 0.6625 0.8044692737430168 0.659375 0.8016759776536313 0.659375 0.7932960893854749 0.65625 0.7905027932960894 0.65625 0.7681564245810056 0.653125 0.7653631284916201 0.653125 0.7513966480446927 0.6484375 0.7486033519553073 0.6484375 0.7402234636871509 0.6453125 0.7374301675977654 0.6453125 0.7206703910614525 0.6421875 0.7178770949720671 0.6421875 0.7039106145251397 0.6390625 0.7011173184357542 0.6390625 0.6731843575418994 0.6328125 0.6620111731843575 0.628125 0.6620111731843575 0.6265625 0.6564245810055865 0.6234375 0.6564245810055865 0.603125 0.6145251396648045 0.6 0.6145251396648045 0.5953125 0.6061452513966481 0.5953125 0.5977653631284916 0.5890625 0.5865921787709497 0.5890625 0.5670391061452514 0.5859375 0.5642458100558659 0.5859375 0.5418994413407822 0.5828125 0.5363128491620112 0.5734375 0.5363128491620112 0.5734375 0.5391061452513967 0.5671875 0.5418994413407822 0.565625 0.5502793296089385
2 0.590625 0.08379888268156424 0.5828125 0.10335195530726257 0.578125 0.10335195530726257 0.5765625 0.10893854748603352 0.5734375 0.10893854748603352 0.5609375 0.13128491620111732 0.5609375 0.1424581005586592 0.5578125 0.1452513966480447 0.5578125 0.15921787709497207 0.5546875 0.16201117318435754 0.5546875 0.17597765363128492 0.55 0.1787709497206704 0.55 0.18435754189944134 0.546875 0.1871508379888268 0.546875 0.19553072625698323 0.54375 0.19832402234636873 0.54375 0.21787709497206703 0.5546875 0.23743016759776536 0.5828125 0.23743016759776536 0.584375 0.23184357541899442 0.5890625 0.23184357541899442 0.590625 0.22346368715083798 0.5953125 0.22346368715083798 0.6 0.2122905027932961 0.603125 0.2122905027932961 0.603125 0.20391061452513967 0.609375 0.19553072625698323 0.609375 0.17318435754189945 0.6125 0.17039106145251395 0.6125 0.1452513966480447 0.615625 0.1424581005586592 0.615625 0.0893854748603352 0.6125 0.08659217877094973 0.6125 0.0782122905027933 0.609375 0.07262569832402235 0.6 0.07262569832402235 0.6 0.07541899441340782 0.5953125 0.08379888268156424 0.590625 0.08379888268156424
2 0.3875 0.16201117318435754 0.3859375 0.16759776536312848 0.38125 0.16759776536312848 0.3796875 0.17318435754189945 0.3734375 0.17318435754189945 0.371875 0.1787709497206704 0.3671875 0.1787709497206704 0.365625 0.1871508379888268 0.3609375 0.1871508379888268 0.359375 0.19273743016759776 0.35 0.19273743016759776 0.35 0.2011173184357542 0.35625 0.2011173184357542 0.3578125 0.20670391061452514 0.3828125 0.20670391061452514 0.384375 0.2011173184357542 0.3953125 0.2011173184357542 0.396875 0.19553072625698323 0.40625 0.19553072625698323 0.4078125 0.18994413407821228 0.421875 0.18994413407821228 0.4234375 0.18435754189944134 0.453125 0.18435754189944134 0.453125 0.1787709497206704 0.45625 0.17318435754189945 0.453125 0.16759776536312848 0.446875 0.16759776536312848 0.4453125 0.16201117318435754 0.4375 0.16201117318435754 0.4359375 0.1564245810055866 0.4 0.1564245810055866 0.4 0.15921787709497207 0.3984375 0.16201117318435754 0.3875 0.16201117318435754
1 0.4171875 0.19273743016759776 0.415625 0.19832402234636873 0.4078125 0.19832402234636873 0.403125 0.20949720670391062 0.4 0.20949720670391062 0.390625 0.22625698324022347 0.390625 0.23184357541899442 0.384375 0.24022346368715083 0.384375 0.24860335195530725 0.378125 0.2569832402234637 0.378125 0.26536312849162014 0.3734375 0.2681564245810056 0.3734375 0.27932960893854747 0.3703125 0.28212290502793297 0.3703125 0.3016759776536313 0.3671875 0.30446927374301674 0.3671875 0.39106145251396646 0.3703125 0.39385474860335196 0.3703125 0.41620111731843573 0.3734375 0.41899441340782123 0.3734375 0.4329608938547486 0.378125 0.43575418994413406 0.378125 0.44972067039106145 0.38125 0.45251396648044695 0.38125 0.4692737430167598 0.384375 0.4720670391061452 0.384375 0.48044692737430167 0.3875 0.48324022346368717 0.3875 0.49162011173184356 0.390625 0.49441340782122906 0.390625 0.505586592178771 0.39375 0.5083798882681564 0.39375 0.5223463687150838 0.396875 0.5251396648044693 0.396875 0.5335195530726257 0.4046875 0.5418994413407822 0.4046875 0.553072625698324 0.4078125 0.5558659217877095 0.4078125 0.5642458100558659 0.4234375 0.5893854748603352 0.4234375 0.5949720670391061 0.4296875 0.5949720670391061 0.43125 0.6005586592178771 0.4390625 0.6005586592178771 0.440625 0.6061452513966481 0.4484375 0.6061452513966481 0.45 0.611731843575419 0.4859375 0.611731843575419 0.4875 0.6061452513966481 0.4984375 0.6061452513966481 0.5 0.6005586592178771 0.50625 0.6005586592178771 0.5109375 0.5865921787709497 0.515625 0.5865921787709497 0.5171875 0.5810055865921788 0.521875 0.5810055865921788 0.528125 0.5698324022346368 0.5328125 0.5698324022346368 0.5375 0.5586592178770949 0.5421875 0.5586592178770949 0.54375 0.553072625698324 0.5484375 0.553072625698324 0.55 0.547486033519553 0.55625 0.547486033519553 0.55625 0.5418994413407822 0.5609375 0.5335195530726257 0.565625 0.5335195530726257 0.5703125 0.5223463687150838 0.5796875 0.5223463687150838 0.58125 0.5167597765363129 0.5859375 0.5167597765363129 0.5859375 0.5083798882681564 0.5921875 0.4972067039106145 0.5921875 0.4888268156424581 0.6 0.4748603351955307 0.60625 0.4748603351955307 0.60625 0.4664804469273743 0.609375 0.46368715083798884 0.609375 0.441340782122905 0.6125 0.43854748603351956 0.6125 0.4245810055865922 0.615625 0.42178770949720673 0.615625 0.3463687150837989 0.6125 0.3435754189944134 0.6125 0.3240223463687151 0.609375 0.32122905027932963 0.609375 0.3100558659217877 0.60625 0.30726256983240224 0.60625 0.2988826815642458 0.603125 0.29329608938547486 0.6 0.29329608938547486 0.5921875 0.276536312849162 0.5875 0.276536312849162 0.5828125 0.26256983240223464 0.5734375 0.26256983240223464 0.571875 0.2569832402234637 0.5640625 0.2569832402234637 0.5625 0.25139664804469275 0.5578125 0.25139664804469275 0.55625 0.24581005586592178 0.55 0.24581005586592178 0.5484375 0.24022346368715083 0.54375 0.24022346368715083 0.5421875 0.2346368715083799 0.5375 0.2346368715083799 0.5359375 0.22625698324022347 0.53125 0.22625698324022347 0.5265625 0.21508379888268156 0.5140625 0.21508379888268156 0.5125 0.20949720670391062 0.5 0.20949720670391062 0.4984375 0.20391061452513967 0.4875 0.20391061452513967 0.4859375 0.19832402234636873 0.4734375 0.19832402234636873 0.471875 0.19273743016759776 0.4578125 0.19273743016759776 0.45625 0.1871508379888268 0.4375 0.1871508379888268 0.4375 0.18994413407821228 0.4359375 0.19273743016759776 0.4171875 0.19273743016759776
1 0.896875 0.547486033519553 0.9 0.553072625698324 0.9046875 0.5558659217877095 0.9046875 0.5698324022346368 0.896875 0.5782122905027933 0.896875 0.5949720670391061 0.89375 0.5977653631284916 0.89375 0.6061452513966481 0.890625 0.6089385474860335 0.890625 0.61731843575419 0.884375 0.6201117318435754 0.8765625 0.6033519553072626 0.8703125 0.6033519553072626 0.86875 0.5977653631284916 0.8640625 0.5977653631284916 0.8578125 0.6089385474860335 0.8578125 0.6229050279329609 0.853125 0.6312849162011173 0.85 0.6312849162011173 0.85 0.6368715083798883 0.846875 0.6396648044692738 0.846875 0.6480446927374302 0.8375 0.6620111731843575 0.8375 0.6759776536312849 0.83125 0.6871508379888268 0.83125 0.6955307262569832 0.8265625 0.7039106145251397 0.8234375 0.7039106145251397 0.8109375 0.7262569832402235 0.8109375 0.7318435754189944 0.803125 0.7458100558659218 0.8 0.7458100558659218 0.7984375 0.7513966480446927 0.79375 0.7513966480446927 0.7921875 0.7569832402234636 0.7875 0.7569832402234636 0.7859375 0.7625698324022346 0.7734375 0.7625698324022346 0.771875 0.7681564245810056 0.7234375 0.7681564245810056 0.721875 0.7625698324022346 0.7140625 0.7625698324022346 0.7125 0.7569832402234636 0.7078125 0.7569832402234636 0.703125 0.7458100558659218 0.696875 0.7458100558659218 0.6796875 0.7094972067039106 0.6734375 0.7094972067039106 0.659375 0.6843575418994413 0.659375 0.6787709497206704 0.6546875 0.6787709497206704 0.653125 0.6731843575418994 0.646875 0.6731843575418994 0.64375 0.6787709497206704 0.64375 0.7011173184357542 0.646875 0.7039106145251397 0.646875 0.7178770949720671 0.65 0.7206703910614525 0.65 0.7318435754189944 0.6546875 0.7346368715083799 0.6546875 0.7486033519553073 0.6578125 0.7513966480446927 0.6578125 0.7597765363128491 0.6609375 0.7625698324022346 0.6609375 0.7737430167597765 0.6640625 0.776536312849162 0.6640625 0.7849162011173184 0.6671875 0.7877094972067039 0.6671875 0.7960893854748603 0.6703125 0.7988826815642458 0.6703125 0.8072625698324022 0.6734375 0.8100558659217877 0.6734375 0.8212290502793296 0.678125 0.8240223463687151 0.678125 0.8491620111731844 0.684375 0.8575418994413407 0.684375 0.8687150837988827 0.6875 0.8715083798882681 0.6875 0.8798882681564246 0.7 0.9022346368715084 0.70625 0.9022346368715084 0.7078125 0.9106145251396648 0.7171875 0.9273743016759777 0.721875 0.9273743016759777 0.728125 0.9385474860335196 0.7328125 0.9385474860335196 0.734375 0.9441340782122905 0.7390625 0.9441340782122905 0.740625 0.9497206703910615 0.7484375 0.9497206703910615 0.75 0.9581005586592178 0.771875 0.9581005586592178 0.7734375 0.9636871508379888 0.803125 0.9636871508379888 0.8046875 0.9581005586592178 0.81875 0.9581005586592178 0.8203125 0.9497206703910615 0.8265625 0.9497206703910615 0.828125 0.9441340782122905 0.8328125 0.9441340782122905 0.840625 0.9273743016759777 0.8453125 0.9273743016759777 0.8484375 0.9217877094972067 0.8484375 0.9134078212290503 0.853125 0.9106145251396648 0.853125 0.9050279329608939 0.86875 0.8798882681564246 0.86875 0.8715083798882681 0.871875 0.8687150837988827 0.871875 0.8631284916201117 0.8765625 0.8603351955307262 0.8828125 0.8491620111731844 0.8828125 0.840782122905028 0.8859375 0.8379888268156425 0.8859375 0.8296089385474861 0.8890625 0.8268156424581006 0.8890625 0.8156424581005587 0.8984375 0.8016759776536313 0.9 0.7905027932960894 0.903125 0.7905027932960894 0.90625 0.7849162011173184 0.90625 0.7681564245810056 0.909375 0.7653631284916201 0.909375 0.7569832402234636 0.9125 0.7541899441340782 0.9125 0.7458100558659218 0.915625 0.7430167597765364 0.915625 0.7150837988826816 0.91875 0.7122905027932961 0.91875 0.6787709497206704 0.921875 0.6759776536312849 0.921875 0.6201117318435754 0.91875 0.61731843575419 0.91875 0.5977653631284916 0.915625 0.5949720670391061 0.915625 0.5726256983240223 0.909375 0.5642458100558659 0.909375 0.5558659217877095 0.903125 0.547486033519553 0.903125 0.5363128491620112 0.89375 0.5363128491620112 0.89375 0.5391061452513967 0.896875 0.5418994413407822 0.896875 0.547486033519553
1 0.796875 0.3407821229050279 0.7953125 0.3463687150837989 0.790625 0.3463687150837989 0.7890625 0.35195530726256985 0.784375 0.35195530726256985 0.778125 0.36312849162011174 0.7765625 0.3715083798882682 0.7703125 0.3715083798882682 0.76875 0.3770949720670391 0.7578125 0.3770949720670391 0.75625 0.38268156424581007 0.746875 0.38268156424581007 0.7421875 0.39385474860335196 0.734375 0.39385474860335196 0.7328125 0.3994413407821229 0.7234375 0.3994413407821229 0.721875 0.40502793296089384 0.6671875 0.40502793296089384 0.665625 0.4134078212290503 0.6609375 0.4134078212290503 0.659375 0.41899441340782123 0.6546875 0.41899441340782123 0.653125 0.4245810055865922 0.6375 0.4245810055865922 0.6359375 0.4301675977653631 0.6234375 0.4301675977653631 0.6140625 0.44692737430167595 0.6140625 0.46368715083798884 0.6109375 0.4664804469273743 0.6109375 0.4748603351955307 0.59375 0.5 0.59375 0.5111731843575419 0.590625 0.5139664804469274 0.590625 0.5586592178770949 0.59375 0.5614525139664804 0.59375 0.5754189944134078 0.596875 0.5782122905027933 0.596875 0.5949720670391061 0.6 0.6005586592178771 0.603125 0.6005586592178771 0.6203125 0.6312849162011173 0.6203125 0.6368715083798883 0.6234375 0.6424581005586593 0.6265625 0.6424581005586593 0.63125 0.6536312849162011 0.6359375 0.6536312849162011 0.640625 0.664804469273743 0.6453125 0.664804469273743 0.646875 0.6703910614525139 0.653125 0.6703910614525139 0.6546875 0.6759776536312849 0.659375 0.6759776536312849 0.6609375 0.6843575418994413 0.665625 0.6843575418994413 0.684375 0.7178770949720671 0.6890625 0.7178770949720671 0.7 0.7430167597765364 0.70625 0.7430167597765364 0.7078125 0.7486033519553073 0.7125 0.7486033519553073 0.7171875 0.7597765363128491 0.7328125 0.7597765363128491 0.734375 0.7653631284916201 0.75625 0.7653631284916201 0.7578125 0.7597765363128491 0.7765625 0.7597765363128491 0.778125 0.7541899441340782 0.7859375 0.7541899441340782 0.7875 0.7486033519553073 0.7921875 0.7486033519553073 0.79375 0.7430167597765364 0.7984375 0.7430167597765364 0.8 0.7374301675977654 0.803125 0.7374301675977654 0.80625 0.7318435754189944 0.80625 0.7262569832402235 0.8234375 0.6955307262569832 0.8265625 0.6955307262569832 0.8296875 0.6899441340782123 0.8296875 0.6787709497206704 0.8328125 0.6759776536312849 0.8328125 0.6675977653631285 0.8359375 0.664804469273743 0.8359375 0.6564245810055865 0.8421875 0.6480446927374302 0.8421875 0.6396648044692738 0.8453125 0.6368715083798883 0.8453125 0.6312849162011173 0.85 0.6229050279329609 0.853125 0.6229050279329609 0.853125 0.6145251396648045 0.85625 0.611731843575419 0.85625 0.5977653631284916 0.859375 0.5949720670391061 0.859375 0.5782122905027933 0.8625 0.5754189944134078 0.8625 0.5670391061452514 0.865625 0.5642458100558659 0.865625 0.5502793296089385 0.86875 0.547486033519553 0.86875 0.5307262569832403 0.871875 0.5279329608938548 0.871875 0.43575418994413406 0.86875 0.4329608938547486 0.86875 0.41899441340782123 0.865625 0.41620111731843573 0.865625 0.40502793296089384 0.8625 0.4022346368715084 0.8625 0.39385474860335196 0.859375 0.39106145251396646 0.859375 0.38268156424581007 0.85625 0.37988826815642457 0.85625 0.3715083798882682 0.8390625 0.3407821229050279 0.83125 0.3407821229050279 0.8296875 0.33519553072625696 0.8078125 0.33519553072625696 0.8078125 0.33798882681564246 0.80625 0.3407821229050279 0.796875 0.3407821229050279