5 0.7296875 0.35667396061269147 0.7328125 0.35667396061269147 0.740625 0.37199124726477023 0.7453125 0.3741794310722101 0.7453125 0.3785557986870897 0.7484375 0.38293216630196936 0.7515625 0.38293216630196936 0.75625 0.38949671772428884 0.75625 0.3938730853391685 0.759375 0.3938730853391685 0.7640625 0.40043763676148797 0.7640625 0.4048140043763676 0.7671875 0.40919037199124725 0.771875 0.4113785557986871 0.771875 0.41575492341356673 0.775 0.4201312910284464 0.778125 0.4201312910284464 0.7828125 0.42669584245076586 0.7828125 0.4310722100656455 0.7859375 0.43544857768052514 0.790625 0.437636761487965 0.790625 0.44638949671772427 0.7984375 0.45295404814004375 0.7984375 0.4573304157549234 0.8046875 0.4638949671772429 0.8046875 0.4682713347921225 0.8265625 0.4682713347921225 0.828125 0.4726477024070022 0.834375 0.4726477024070022 0.8359375 0.47702407002188185 0.840625 0.47702407002188185 0.8421875 0.48358862144420134 0.8453125 0.48358862144420134 0.846875 0.487964989059081 0.853125 0.487964989059081 0.8546875 0.49452954048140046 0.8609375 0.5032822757111597 0.865625 0.5054704595185996 0.865625 0.5098468271334792 0.86875 0.5142231947483589 0.8734375 0.5164113785557987 0.8734375 0.5207877461706784 0.8765625 0.5251641137855579 0.8796875 0.5251641137855579 0.884375 0.5317286652078774 0.884375 0.5361050328227571 0.8875 0.5404814004376368 0.8921875 0.5426695842450766 0.8921875 0.5514223194748359 0.8953125 0.5536105032822757 0.8953125 0.562363238512035 0.9 0.5645514223194749 0.9 0.5733041575492341 0.903125 0.5754923413566739 0.903125 0.5820568927789934 0.90625 0.5842450765864332 0.90625 0.6039387308533917 0.9234375 0.6039387308533917 0.9234375 0.5908096280087527 0.9203125 0.5886214442013129 0.9203125 0.5798687089715536 0.9171875 0.5776805251641138 0.9171875 0.5689277899343544 0.9125 0.5667396061269147 0.9125 0.5579868708971554 0.909375 0.5557986870897156 0.909375 0.5492341356673961 0.90625 0.5492341356673961 0.9046875 0.5426695842450766 0.9015625 0.5404814004376368 0.9015625 0.5317286652078774 0.8984375 0.5295404814004376 0.8984375 0.5229759299781181 0.8953125 0.5229759299781181 0.890625 0.5120350109409191 0.8859375 0.5098468271334792 0.8859375 0.5010940919037199 0.8828125 0.49671772428884026 0.8765625 0.49671772428884026 0.875 0.49015317286652077 0.8671875 0.48358862144420134 0.8671875 0.47921225382932164 0.8640625 0.474835886214442 0.8578125 0.474835886214442 0.85625 0.47045951859956237 0.85 0.47045951859956237 0.8453125 0.45951859956236324 0.8375 0.4573304157549234 0.8375 0.45295404814004375 0.834375 0.4485776805251641 0.828125 0.4485776805251641 0.8265625 0.4442013129102845 0.8203125 0.4442013129102845 0.81875 0.437636761487965 0.8125 0.437636761487965 0.8109375 0.43326039387308535 0.8046875 0.43326039387308535 0.803125 0.42669584245076586 0.796875 0.4179431072210066 0.7921875 0.41575492341356673 0.7921875 0.4113785557986871 0.7890625 0.40700218818380746 0.784375 0.4048140043763676 0.784375 0.40043763676148797 0.778125 0.3938730853391685 0.778125 0.38949671772428884 0.771875 0.38949671772428884 0.7703125 0.3851203501094092 0.7671875 0.3851203501094092 0.7625 0.3785557986870897 0.7625 0.3741794310722101 0.759375 0.37199124726477023 0.759375 0.36323851203501095 0.75625 0.36323851203501095 0.7515625 0.3544857768052516 0.7484375 0.3544857768052516 0.746875 0.3479212253829322 0.740625 0.3479212253829322 0.7359375 0.3413566739606127 0.7359375 0.33698030634573306 0.7265625 0.33698030634573306 0.7265625 0.33916849015317285 0.7265625 0.3522975929978118 0.7296875 0.35667396061269147
5 0.165625 0.6542669584245077 0.165625 0.6630196936542669 0.1703125 0.6652078774617067 0.1703125 0.6827133479212254 0.1734375 0.6849015317286652 0.1734375 0.6980306345733042 0.178125 0.700218818380744 0.178125 0.7089715536105032 0.18125 0.7111597374179431 0.18125 0.7308533916849015 0.1984375 0.7308533916849015 0.1984375 0.7067833698030634 0.1953125 0.7045951859956237 0.1953125 0.6914660831509847 0.190625 0.6892778993435449 0.190625 0.6805251641137856 0.1875 0.6783369803063457 0.1875 0.6652078774617067 0.1828125 0.6630196936542669 0.1828125 0.6389496717724289 0.1703125 0.6389496717724289 0.1703125 0.6411378555798687 0.1703125 0.6520787746170679 0.165625 0.6542669584245077
5 0.5828125 0 0.5828125 0.002188183807439825 0.5828125 0.0087527352297593 0.5875 0.010940919037199124 0.5875 0.030634573304157548 0.590625 0.03282275711159737 0.590625 0.0525164113785558 0.5953125 0.05470459518599562 0.5953125 0.061269146608315096 0.5984375 0.06345733041575492 0.5984375 0.0787746170678337 0.6015625 0.08096280087527352 0.6015625 0.09409190371991247 0.60625 0.0962800875273523 0.60625 0.1137855579868709 0.609375 0.11597374179431072 0.609375 0.13129102844638948 0.61875 0.13129102844638948 0.61875 0.12253829321663019 0.6234375 0.12035010940919037 0.6234375 0.11597374179431072 0.628125 0.10940919037199125 0.63125 0.10940919037199125 0.63125 0.10065645514223195 0.634375 0.09846827133479212 0.634375 0.07439824945295405 0.63125 0.07221006564551423 0.63125 0.04814004376367615 0.6265625 0.045951859956236324 0.6265625 0.03282275711159737 0.6234375 0.030634573304157548 0.6234375 0.0175054704595186 0.61875 0.015317286652078774 0.61875 0 0.5828125 0
5 0.60625 0.15973741794310722 0.6046875 0.16849015317286653 0.6015625 0.16849015317286653 0.6015625 0.1772428884026258 0.5984375 0.17943107221006566 0.5984375 0.18818380743982493 0.59375 0.19474835886214442 0.590625 0.19474835886214442 0.590625 0.20350109409190373 0.5875 0.20568927789934355 0.5875 0.2100656455142232 0.5796875 0.21663019693654267 0.5796875 0.22538293216630198 0.575 0.23194748358862144 0.571875 0.23194748358862144 0.571875 0.2363238512035011 0.56875 0.23851203501094093 0.56875 0.25164113785557984 0.5859375 0.25164113785557984 0.5859375 0.24288840262582057 0.590625 0.2363238512035011 0.59375 0.2363238512035011 0.59375 0.23194748358862144 0.6015625 0.2210065645514223 0.6046875 0.2210065645514223 0.6046875 0.21663019693654267 0.609375 0.2100656455142232 0.6125 0.2100656455142232 0.6125 0.2013129102844639 0.61875 0.1925601750547046 0.61875 0.175054704595186 0.6234375 0.17286652078774617 0.6234375 0.15317286652078774 0.61875 0.15098468271334792 0.61875 0.13347921225382933 0.609375 0.13347921225382933 0.609375 0.13566739606126915 0.609375 0.1575492341356674 0.60625 0.15973741794310722
5 0.684375 0.3413566739606127 0.68125 0.3435448577680525 0.68125 0.3610503282275711 0.678125 0.36323851203501095 0.678125 0.3785557986870897 0.6734375 0.38074398249452956 0.6734375 0.3938730853391685 0.6703125 0.39606126914660833 0.6703125 0.40919037199124725 0.665625 0.4113785557986871 0.665625 0.4310722100656455 0.6703125 0.43326039387308535 0.6703125 0.45076586433260396 0.665625 0.45295404814004375 0.665625 0.4682713347921225 0.6625 0.47045951859956237 0.6625 0.48358862144420134 0.659375 0.48577680525164113 0.659375 0.49452954048140046 0.6546875 0.49671772428884026 0.6546875 0.5098468271334792 0.6515625 0.5120350109409191 0.6515625 0.5207877461706784 0.646875 0.5229759299781181 0.646875 0.5295404814004376 0.64375 0.5317286652078774 0.64375 0.5404814004376368 0.640625 0.5426695842450766 0.6390625 0.5492341356673961 0.6359375 0.5492341356673961 0.6359375 0.5557986870897156 0.6328125 0.5579868708971554 0.6328125 0.5667396061269147 0.628125 0.5689277899343544 0.628125 0.5733041575492341 0.625 0.5776805251641138 0.6421875 0.5776805251641138 0.646875 0.5667396061269147 0.65 0.5667396061269147 0.653125 0.562363238512035 0.653125 0.5536105032822757 0.6578125 0.5514223194748359 0.6578125 0.5426695842450766 0.6609375 0.5404814004376368 0.6609375 0.5317286652078774 0.6640625 0.5295404814004376 0.6640625 0.5164113785557987 0.66875 0.5142231947483589 0.66875 0.5010940919037199 0.671875 0.4989059080962801 0.671875 0.49015317286652077 0.6765625 0.487964989059081 0.6765625 0.47921225382932164 0.6796875 0.47702407002188185 0.6796875 0.47045951859956237 0.6828125 0.4682713347921225 0.6828125 0.45951859956236324 0.6875 0.4573304157549234 0.6875 0.4485776805251641 0.690625 0.44638949671772427 0.690625 0.4179431072210066 0.6875 0.41575492341356673 0.6875 0.39606126914660833 0.690625 0.3938730853391685 0.690625 0.38074398249452956 0.6953125 0.3785557986870897 0.6953125 0.33260393873085337 0.6921875 0.33260393873085337 0.6890625 0.3282275711159737 0.6890625 0.3304157549234136 0.684375 0.33260393873085337 0.684375 0.3413566739606127
5 0.7109375 0.36980306345733044 0.7109375 0.38293216630196936 0.715625 0.3851203501094092 0.715625 0.4048140043763676 0.71875 0.40700218818380746 0.71875 0.4310722100656455 0.721875 0.43326039387308535 0.721875 0.5207877461706784 0.71875 0.5229759299781181 0.71875 0.5470459518599562 0.715625 0.5492341356673961 0.715625 0.5667396061269147 0.7109375 0.5689277899343544 0.7109375 0.5820568927789934 0.7078125 0.5842450765864332 0.7078125 0.5929978118161926 0.703125 0.5951859956236324 0.703125 0.6039387308533917 0.7 0.6061269146608315 0.7 0.6258205689277899 0.70625 0.6258205689277899 0.7078125 0.6192560175054704 0.7140625 0.6192560175054704 0.7140625 0.612691466083151 0.7171875 0.6105032822757112 0.7171875 0.6017505470459519 0.7203125 0.5995623632385121 0.7203125 0.5908096280087527 0.725 0.5886214442013129 0.725 0.5798687089715536 0.728125 0.5776805251641138 0.728125 0.5645514223194749 0.7328125 0.562363238512035 0.7328125 0.5536105032822757 0.7359375 0.5514223194748359 0.7359375 0.5120350109409191 0.7390625 0.5098468271334792 0.7390625 0.49671772428884026 0.7359375 0.49452954048140046 0.7359375 0.49015317286652077 0.7390625 0.487964989059081 0.7390625 0.4485776805251641 0.7359375 0.44638949671772427 0.7359375 0.4179431072210066 0.7328125 0.41575492341356673 0.7328125 0.3851203501094092 0.728125 0.38293216630196936 0.728125 0.36980306345733044 0.725 0.3676148796498906 0.725 0.3544857768052516 0.7203125 0.3522975929978118 0.7203125 0.3435448577680525 0.7171875 0.3413566739606127 0.7171875 0.33260393873085337 0.7078125 0.33260393873085337 0.7078125 0.3347921225382932 0.7078125 0.3676148796498906 0.7109375 0.36980306345733044
5 0.625 0 0.625 0.002188183807439825 0.625 0.015317286652078774 0.628125 0.0175054704595186 0.628125 0.0350109409190372 0.6328125 0.037199124726477024 0.6328125 0.045951859956236324 0.6359375 0.04814004376367615 0.6359375 0.0525164113785558 0.6390625 0.0525164113785558 0.646875 0.06345733041575492 0.646875 0.06783369803063458 0.6515625 0.0700218818380744 0.6515625 0.0787746170678337 0.6625 0.08971553610503283 0.6625 0.09409190371991247 0.665625 0.09846827133479212 0.6703125 0.10065645514223195 0.6703125 0.10940919037199125 0.678125 0.11597374179431072 0.678125 0.12472647702407003 0.684375 0.12691466083150985 0.684375 0.13566739606126915 0.6875 0.13566739606126915 0.6921875 0.1422319474835886 0.6921875 0.14660831509846828 0.6953125 0.14660831509846828 0.7 0.15317286652078774 0.7 0.1575492341356674 0.709375 0.1575492341356674 0.709375 0.1487964989059081 0.7140625 0.14660831509846828 0.7140625 0.1422319474835886 0.709375 0.1400437636761488 0.709375 0.13347921225382933 0.70625 0.13129102844638948 0.70625 0.12253829321663019 0.7015625 0.12035010940919037 0.7015625 0.10722100656455143 0.6953125 0.09846827133479212 0.6953125 0.08971553610503283 0.6875 0.087527352297593 0.6875 0.08096280087527352 0.684375 0.08096280087527352 0.6828125 0.07439824945295405 0.6765625 0.06783369803063458 0.6765625 0.05908096280087528 0.6734375 0.05908096280087528 0.66875 0.0525164113785558 0.66875 0.04814004376367615 0.665625 0.04814004376367615 0.6609375 0.04157549234135667 0.6609375 0.03282275711159737 0.653125 0.0262582056892779 0.653125 0.02188183807439825 0.65 0.0175054704595186 0.6453125 0.015317286652078774 0.6453125 0.010940919037199124 0.6390625 0.00437636761487965 0.6390625 0 0.625 0
5 0.7671875 0.17943107221006566 0.7671875 0.19912472647702406 0.771875 0.2013129102844639 0.771875 0.22538293216630198 0.775 0.2275711159737418 0.775 0.26695842450765866 0.7796875 0.26914660831509846 0.7796875 0.2735229759299781 0.7890625 0.2735229759299781 0.7890625 0.2647702407002188 0.7921875 0.26258205689277897 0.7921875 0.212253829321663 0.7890625 0.2100656455142232 0.7890625 0.17943107221006566 0.784375 0.1772428884026258 0.784375 0.15973741794310722 0.78125 0.1575492341356674 0.78125 0.15317286652078774 0.778125 0.1487964989059081 0.7640625 0.1487964989059081 0.7640625 0.15098468271334792 0.7640625 0.1772428884026258 0.7671875 0.17943107221006566
5 0.865625 0.18818380743982493 0.86875 0.19037199124726478 0.86875 0.2363238512035011 0.8734375 0.23851203501094093 0.8734375 0.26258205689277897 0.8765625 0.2647702407002188 0.8765625 0.29321663019693656 0.88125 0.29540481400437635 0.88125 0.3085339168490153 0.8875 0.29978118161925604 0.890625 0.29978118161925604 0.890625 0.23194748358862144 0.8859375 0.22975929978118162 0.8859375 0.19474835886214442 0.8828125 0.1925601750547046 0.8828125 0.175054704595186 0.875 0.16411378555798686 0.86875 0.16411378555798686 0.86875 0.16630196936542668 0.865625 0.16849015317286653 0.865625 0.18818380743982493
4 0.496875 0.8424507658643327 0.496875 0.8468271334792122 0.4921875 0.8533916849015317 0.4890625 0.8533916849015317 0.4875 0.8643326039387309 0.45625 0.8643326039387309 0.4546875 0.8599562363238512 0.425 0.8599562363238512 0.41875 0.8687089715536105 0.4171875 0.87527352297593 0.4140625 0.87527352297593 0.4125 0.8796498905908097 0.403125 0.8796498905908097 0.4015625 0.8862144420131292 0.365625 0.8862144420131292 0.3640625 0.8905908096280087 0.3546875 0.8905908096280087 0.353125 0.8949671772428884 0.346875 0.8949671772428884 0.3453125 0.9015317286652079 0.328125 0.9015317286652079 0.3265625 0.9059080962800875 0.271875 0.9059080962800875 0.271875 0.9102844638949672 0.2671875 0.912472647702407 0.265625 0.9168490153172867 0.2609375 0.9168490153172867 0.259375 0.9212253829321663 0.253125 0.9212253829321663 0.2515625 0.9277899343544858 0.240625 0.9277899343544858 0.2359375 0.9387308533916849 0.221875 0.9387308533916849 0.2203125 0.9431072210065645 0.2109375 0.9431072210065645 0.2109375 0.9518599562363238 0.2203125 0.9518599562363238 0.221875 0.9562363238512035 0.2359375 0.9562363238512035 0.2375 0.9518599562363238 0.246875 0.9518599562363238 0.2484375 0.9452954048140044 0.2546875 0.9452954048140044 0.25625 0.9409190371991247 0.2625 0.9409190371991247 0.2640625 0.9452954048140044 0.2703125 0.9452954048140044 0.271875 0.9562363238512035 0.2671875 0.9584245076586433 0.2671875 0.962800875273523 0.259375 0.973741794310722 0.25625 0.973741794310722 0.25625 0.9781181619256017 0.2515625 0.9846827133479212 0.2484375 0.9846827133479212 0.2484375 0.9978118161925602 0.5109375 0.9978118161925602 0.5125 0.9934354485776805 0.521875 0.9934354485776805 0.5234375 0.9978118161925602 0.6125 0.9978118161925602 0.6140625 0.9934354485776805 0.61875 0.9934354485776805 0.615625 0.9890590809628009 0.615625 0.9846827133479212 0.6125 0.9803063457330415 0.609375 0.9803063457330415 0.6078125 0.973741794310722 0.596875 0.962800875273523 0.596875 0.9584245076586433 0.59375 0.9540481400437637 0.5890625 0.9518599562363238 0.5890625 0.9474835886214442 0.5859375 0.9431072210065645 0.5828125 0.9431072210065645 0.578125 0.936542669584245 0.578125 0.9321663019693655 0.575 0.9277899343544858 0.5703125 0.925601750547046 0.5703125 0.9212253829321663 0.5609375 0.9212253829321663 0.5609375 0.925601750547046 0.55625 0.9321663019693655 0.55 0.9321663019693655 0.5484375 0.9387308533916849 0.5453125 0.9387308533916849 0.54375 0.9474835886214442 0.5390625 0.9474835886214442 0.5375 0.9540481400437637 0.534375 0.9540481400437637 0.53125 0.9584245076586433 0.53125 0.9671772428884027 0.5265625 0.9693654266958425 0.525 0.973741794310722 0.5203125 0.973741794310722 0.51875 0.9803063457330415 0.5078125 0.9803063457330415 0.50625 0.973741794310722 0.4890625 0.973741794310722 0.484375 0.9649890590809628 0.4796875 0.962800875273523 0.4796875 0.9540481400437637 0.4765625 0.9518599562363238 0.4765625 0.9431072210065645 0.4796875 0.9409190371991247 0.4796875 0.9321663019693655 0.4765625 0.9277899343544858 0.4796875 0.925601750547046 0.48125 0.9190371991247265 0.484375 0.9190371991247265 0.4859375 0.9146608315098468 0.4953125 0.9146608315098468 0.496875 0.9102844638949672 0.503125 0.9102844638949672 0.5046875 0.9037199124726477 0.5109375 0.9037199124726477 0.5125 0.899343544857768 0.51875 0.899343544857768 0.51875 0.8949671772428884 0.5234375 0.888402625820569 0.5328125 0.888402625820569 0.534375 0.8840262582056893 0.540625 0.8840262582056893 0.540625 0.8796498905908097 0.54375 0.8774617067833698 0.54375 0.8533916849015317 0.540625 0.8512035010940919 0.540625 0.838074398249453 0.515625 0.838074398249453 0.5125 0.8424507658643327 0.5109375 0.838074398249453 0.5078125 0.838074398249453 0.5078125 0.8402625820568927 0.50625 0.8424507658643327 0.496875 0.8424507658643327
2 0.9109375 0.7308533916849015 0.90625 0.7330415754923414 0.90625 0.7833698030634574 0.9109375 0.7855579868708972 0.9109375 0.7943107221006565 0.91875 0.8008752735229759 0.91875 0.8052516411378556 0.9234375 0.8052516411378556 0.925 0.8096280087527352 0.928125 0.8096280087527352 0.93125 0.8052516411378556 0.93125 0.7964989059080962 0.9359375 0.7943107221006565 0.9359375 0.7899343544857768 0.9421875 0.7833698030634574 0.9421875 0.7702407002188184 0.946875 0.7680525164113785 0.946875 0.737417943107221 0.9421875 0.7352297592997812 0.9421875 0.7264770240700219 0.9359375 0.7177242888402626 0.9140625 0.7177242888402626 0.9140625 0.7199124726477024 0.9109375 0.7221006564551422 0.9109375 0.7308533916849015
2 0.0046875 0 0.0046875 0.002188183807439825 0.003125 0.006564551422319475 0 0.006564551422319475 0 0.087527352297593 0.0046875 0.08971553610503283 0.0046875 0.1137855579868709 0 0.11597374179431072 0 0.45076586433260396 0.003125 0.45076586433260396 0.0046875 0.44638949671772427 0.0140625 0.44638949671772427 0.015625 0.4420131291028446 0.021875 0.4420131291028446 0.0234375 0.43544857768052514 0.0296875 0.43544857768052514 0.03125 0.44638949671772427 0.034375 0.45076586433260396 0.040625 0.45076586433260396 0.0421875 0.4573304157549234 0.0453125 0.45951859956236324 0.0453125 0.47702407002188185 0.0484375 0.47702407002188185 0.05 0.48358862144420134 0.0515625 0.48358862144420134 0.053125 0.47702407002188185 0.05625 0.47702407002188185 0.059375 0.4726477024070022 0.059375 0.4638949671772429 0.0640625 0.4573304157549234 0.0671875 0.4573304157549234 0.0671875 0.45295404814004375 0.071875 0.44638949671772427 0.075 0.44638949671772427 0.078125 0.4420131291028446 0.078125 0.42669584245076586 0.0828125 0.4201312910284464 0.0859375 0.4201312910284464 0.0859375 0.40700218818380746 0.0890625 0.4048140043763676 0.090625 0.3982494529540481 0.09375 0.3982494529540481 0.09375 0.3851203501094092 0.0890625 0.38293216630196936 0.0890625 0.3741794310722101 0.0859375 0.37199124726477023 0.0859375 0.3588621444201313 0.08125 0.35667396061269147 0.08125 0.3479212253829322 0.078125 0.34573304157549234 0.078125 0.33698030634573306 0.075 0.3347921225382932 0.075 0.32166301969365424 0.0703125 0.31947483588621445 0.0703125 0.31072210065645517 0.0671875 0.3085339168490153 0.0671875 0.30196936542669583 0.0625 0.29978118161925604 0.0625 0.2910284463894967 0.059375 0.2888402625820569 0.059375 0.2800875273522976 0.05625 0.2778993435448578 0.05625 0.2647702407002188 0.0515625 0.26258205689277897 0.0515625 0.212253829321663 0.0484375 0.2100656455142232 0.0484375 0.175054704595186 0.04375 0.17286652078774617 0.04375 0.1422319474835886 0.0484375 0.1400437636761488 0.0484375 0.11159737417943107 0.0515625 0.10940919037199125 0.0515625 0.08971553610503283 0.05625 0.087527352297593 0.05625 0.0700218818380744 0.059375 0.06783369803063458 0.059375 0.0437636761487965 0.0625 0.04157549234135667 0.0625 0.028446389496717725 0.0671875 0.0262582056892779 0.0671875 0.0175054704595186 0.0703125 0.015317286652078774 0.0703125 0 0.0046875 0
2 0.3734375 0 0.3734375 0.002188183807439825 0.3875 0.02188183807439825 0.3875 0.030634573304157548 0.390625 0.030634573304157548 0.3953125 0.037199124726477024 0.3953125 0.04157549234135667 0.3984375 0.04157549234135667 0.403125 0.04814004376367615 0.403125 0.0525164113785558 0.40625 0.05689277899343545 0.409375 0.05689277899343545 0.4140625 0.06345733041575492 0.4140625 0.06783369803063458 0.4171875 0.06783369803063458 0.421875 0.07439824945295405 0.421875 0.08315098468271334 0.4296875 0.08971553610503283 0.4296875 0.09846827133479212 0.4328125 0.10065645514223195 0.4328125 0.10940919037199125 0.4375 0.11159737417943107 0.4375 0.12035010940919037 0.440625 0.12472647702407003 0.44375 0.12035010940919037 0.446875 0.12035010940919037 0.446875 0.08971553610503283 0.4421875 0.087527352297593 0.4421875 0.07439824945295405 0.4390625 0.07221006564551423 0.4390625 0.05908096280087528 0.4359375 0.05689277899343545 0.4359375 0.04814004376367615 0.43125 0.045951859956236324 0.43125 0.037199124726477024 0.4234375 0.030634573304157548 0.4234375 0.02188183807439825 0.4171875 0.015317286652078774 0.4171875 0.010940919037199124 0.4140625 0.010940919037199124 0.409375 0.00437636761487965 0.409375 0 0.3734375 0
1 0.7984375 0 0.7984375 0.002188183807439825 0.796875 0.006564551422319475 0.79375 0.006564551422319475 0.79375 0.07221006564551423 0.7984375 0.07439824945295405 0.7984375 0.09409190371991247 0.8015625 0.0962800875273523 0.8015625 0.1050328227571116 0.8125 0.11597374179431072 0.8125 0.12472647702407003 0.8171875 0.12691466083150985 0.8171875 0.13129102844638948 0.821875 0.13129102844638948 0.828125 0.1400437636761488 0.834375 0.1400437636761488 0.8359375 0.14660831509846828 0.840625 0.14660831509846828 0.8421875 0.15098468271334792 0.853125 0.15098468271334792 0.8546875 0.1575492341356674 0.8859375 0.1575492341356674 0.8875 0.15098468271334792 0.8984375 0.15098468271334792 0.90625 0.13566739606126915 0.909375 0.13566739606126915 0.9125 0.13129102844638948 0.9125 0.12253829321663019 0.9171875 0.12035010940919037 0.9171875 0.11159737417943107 0.9234375 0.1050328227571116 0.925 0.09846827133479212 0.928125 0.09846827133479212 0.93125 0.09409190371991247 0.9328125 0.087527352297593 0.9359375 0.087527352297593 0.9390625 0.08315098468271334 0.9390625 0.06345733041575492 0.9421875 0.061269146608315096 0.9421875 0.010940919037199124 0.9390625 0.0087527352297593 0.9390625 0 0.7984375 0
1 0.04375 0.7177242888402626 0.0390625 0.7177242888402626 0.0375 0.7221006564551422 0.034375 0.7221006564551422 0.03125 0.7264770240700219 0.03125 0.7352297592997812 0.0265625 0.737417943107221 0.0265625 0.7461706783369803 0.0234375 0.7483588621444202 0.0265625 0.7527352297592997 0.0265625 0.7680525164113785 0.03125 0.7702407002188184 0.0296875 0.774617067833698 0.0265625 0.774617067833698 0.0265625 0.7833698030634574 0.03125 0.7855579868708972 0.03125 0.8315098468271335 0.0265625 0.8336980306345733 0.0265625 0.8402625820568927 0.03125 0.8424507658643327 0.03125 0.8468271334792122 0.0375 0.8468271334792122 0.0390625 0.8512035010940919 0.04375 0.8512035010940919 0.0453125 0.8468271334792122 0.0484375 0.8468271334792122 0.05 0.8512035010940919 0.05625 0.8512035010940919 0.0578125 0.8468271334792122 0.0671875 0.8468271334792122 0.06875 0.8402625820568927 0.075 0.8402625820568927 0.08125 0.8315098468271335 0.0828125 0.824945295404814 0.0859375 0.824945295404814 0.0890625 0.8205689277899344 0.090625 0.8140043763676149 0.09375 0.8140043763676149 0.1 0.8052516411378556 0.1015625 0.7943107221006565 0.1078125 0.7943107221006565 0.1078125 0.774617067833698 0.1125 0.7724288840262582 0.1125 0.7592997811816192 0.1078125 0.7571115973741794 0.1078125 0.7483588621444202 0.1046875 0.7461706783369803 0.1046875 0.7330415754923414 0.1 0.7308533916849015 0.1 0.7221006564551422 0.090625 0.7221006564551422 0.0890625 0.7199124726477024 0.0890625 0.7067833698030634 0.05 0.7067833698030634 0.05 0.7089715536105032 0.0453125 0.7111597374179431 0.04375 0.7177242888402626
1 0.41875 0 0.41875 0.002188183807439825 0.41875 0.0087527352297593 0.421875 0.010940919037199124 0.421875 0.019693654266958426 0.425 0.02188183807439825 0.425 0.0262582056892779 0.4296875 0.028446389496717725 0.4296875 0.0350109409190372 0.4328125 0.037199124726477024 0.4328125 0.045951859956236324 0.4375 0.04814004376367615 0.4375 0.0525164113785558 0.440625 0.05689277899343545 0.4546875 0.05689277899343545 0.45625 0.061269146608315096 0.465625 0.061269146608315096 0.4671875 0.06783369803063458 0.4796875 0.06783369803063458 0.4796875 0.05470459518599562 0.484375 0.0525164113785558 0.484375 0.03282275711159737 0.4875 0.030634573304157548 0.4875 0 0.41875 0
1 0.6421875 0.6652078774617067 0.6359375 0.6652078774617067 0.63125 0.6739606126914661 0.625 0.6739606126914661 0.625 0.6783369803063457 0.6203125 0.6805251641137856 0.61875 0.6849015317286652 0.609375 0.6849015317286652 0.6078125 0.6914660831509847 0.590625 0.6914660831509847 0.5859375 0.700218818380744 0.571875 0.700218818380744 0.571875 0.7045951859956237 0.56875 0.7067833698030634 0.56875 0.7155361050328227 0.5609375 0.7221006564551422 0.5609375 0.7308533916849015 0.5578125 0.7330415754923414 0.5578125 0.7417943107221007 0.553125 0.7439824945295405 0.553125 0.7614879649890591 0.55 0.7636761487964989 0.55 0.7943107221006565 0.5453125 0.7964989059080962 0.5453125 0.8315098468271335 0.55 0.8336980306345733 0.55 0.8577680525164114 0.553125 0.8599562363238512 0.553125 0.8730853391684902 0.5578125 0.87527352297593 0.5578125 0.8840262582056893 0.5640625 0.8927789934354485 0.56875 0.8949671772428884 0.56875 0.899343544857768 0.571875 0.9015317286652079 0.571875 0.9102844638949672 0.575 0.9102844638949672 0.5828125 0.9212253829321663 0.5828125 0.925601750547046 0.5875 0.9277899343544858 0.5875 0.936542669584245 0.5984375 0.9474835886214442 0.5984375 0.9518599562363238 0.6015625 0.9562363238512035 0.60625 0.9584245076586433 0.60625 0.962800875273523 0.6125 0.962800875273523 0.6203125 0.973741794310722 0.6203125 0.9781181619256017 0.6265625 0.9781181619256017 0.628125 0.9824945295404814 0.6578125 0.9824945295404814 0.659375 0.9781181619256017 0.6796875 0.9781181619256017 0.68125 0.9715536105032823 0.690625 0.9715536105032823 0.6921875 0.9671772428884027 0.7015625 0.9671772428884027 0.703125 0.962800875273523 0.709375 0.962800875273523 0.7109375 0.9562363238512035 0.7171875 0.9562363238512035 0.7203125 0.9518599562363238 0.721875 0.9452954048140044 0.728125 0.9452954048140044 0.734375 0.936542669584245 0.7390625 0.936542669584245 0.740625 0.9299781181619255 0.746875 0.9299781181619255 0.7484375 0.925601750547046 0.7515625 0.925601750547046 0.753125 0.9190371991247265 0.759375 0.9190371991247265 0.765625 0.9102844638949672 0.7671875 0.9037199124726477 0.7703125 0.9037199124726477 0.7734375 0.899343544857768 0.775 0.8927789934354485 0.778125 0.8927789934354485 0.778125 0.8862144420131292 0.784375 0.8774617067833698 0.784375 0.8687089715536105 0.7890625 0.8665207877461707 0.7890625 0.8599562363238512 0.7921875 0.8577680525164114 0.7921875 0.8424507658643327 0.796875 0.8402625820568927 0.796875 0.8227571115973742 0.8 0.8205689277899344 0.8 0.7527352297592997 0.796875 0.75054704595186 0.796875 0.737417943107221 0.79375 0.737417943107221 0.7890625 0.7308533916849015 0.7890625 0.7264770240700219 0.7859375 0.7264770240700219 0.778125 0.7155361050328227 0.778125 0.7111597374179431 0.7734375 0.7089715536105032 0.7734375 0.700218818380744 0.7703125 0.6958424507658644 0.7671875 0.6958424507658644 0.765625 0.6914660831509847 0.759375 0.6892778993435449 0.759375 0.6849015317286652 0.753125 0.6849015317286652 0.7515625 0.6805251641137856 0.740625 0.6805251641137856 0.7375 0.6849015317286652 0.7375 0.6892778993435449 0.734375 0.6914660831509847 0.7328125 0.6849015317286652 0.7265625 0.6849015317286652 0.725 0.6805251641137856 0.7203125 0.6783369803063457 0.7203125 0.6739606126914661 0.715625 0.6739606126914661 0.709375 0.6652078774617067 0.7 0.6652078774617067 0.696875 0.6695842450765864 0.6953125 0.6652078774617067 0.6890625 0.6652078774617067 0.6875 0.6586433260393874 0.684375 0.6586433260393874 0.6828125 0.6542669584245077 0.6515625 0.6542669584245077 0.6515625 0.6564551422319475 0.64375 0.6586433260393874 0.6421875 0.6652078774617067
1 0.9046875 0.6170678336980306 0.9 0.6170678336980306 0.8984375 0.6214442013129103 0.8953125 0.6214442013129103 0.8953125 0.6258205689277899 0.8921875 0.6280087527352297 0.8921875 0.6455142231947484 0.8875 0.6477024070021882 0.8875 0.6564551422319475 0.8921875 0.6586433260393874 0.8921875 0.6717724288840262 0.8953125 0.6739606126914661 0.8953125 0.6783369803063457 0.9125 0.6783369803063457 0.9140625 0.6827133479212254 0.91875 0.6849015317286652 0.91875 0.6892778993435449 0.921875 0.6936542669584245 0.9390625 0.6936542669584245 0.940625 0.6980306345733042 0.946875 0.6980306345733042 0.9515625 0.7089715536105032 0.9578125 0.7089715536105032 0.9609375 0.7045951859956237 0.9609375 0.6805251641137856 0.965625 0.6783369803063457 0.965625 0.6323851203501094 0.9609375 0.6301969365426696 0.9609375 0.6214442013129103 0.9546875 0.612691466083151 0.95 0.6105032822757112 0.95 0.6061269146608315 0.9296875 0.6061269146608315 0.928125 0.6017505470459519 0.9140625 0.6017505470459519 0.9140625 0.6039387308533917 0.90625 0.6061269146608315 0.9046875 0.6170678336980306
1 0.4625 0.7067833698030634 0.459375 0.7111597374179431 0.459375 0.7308533916849015 0.4625 0.7330415754923414 0.4625 0.7417943107221007 0.4671875 0.7439824945295405 0.4671875 0.75054704595186 0.4703125 0.7527352297592997 0.4703125 0.7571115973741794 0.4765625 0.7571115973741794 0.48125 0.7636761487964989 0.48125 0.7680525164113785 0.484375 0.7680525164113785 0.4859375 0.7724288840262582 0.4921875 0.7724288840262582 0.49375 0.7768052516411379 0.4984375 0.7768052516411379 0.5 0.7833698030634574 0.503125 0.7833698030634574 0.5078125 0.7899343544857768 0.5078125 0.7943107221006565 0.5109375 0.7943107221006565 0.515625 0.8008752735229759 0.515625 0.8052516411378556 0.5375 0.8052516411378556 0.5375 0.8008752735229759 0.54375 0.7943107221006565 0.54375 0.7702407002188184 0.5484375 0.7680525164113785 0.5484375 0.7483588621444202 0.5515625 0.7461706783369803 0.5515625 0.7330415754923414 0.5421875 0.7330415754923414 0.540625 0.737417943107221 0.5125 0.737417943107221 0.5109375 0.7330415754923414 0.5046875 0.7330415754923414 0.503125 0.7264770240700219 0.496875 0.7264770240700219 0.4953125 0.7221006564551422 0.4890625 0.7221006564551422 0.484375 0.7155361050328227 0.484375 0.7111597374179431 0.48125 0.7111597374179431 0.4765625 0.7045951859956237 0.4765625 0.700218818380744 0.4671875 0.700218818380744 0.4671875 0.7024070021881839 0.465625 0.7067833698030634 0.4625 0.7067833698030634
1 0.28125 0.6542669584245077 0.271875 0.6542669584245077 0.2703125 0.6586433260393874 0.2609375 0.6586433260393874 0.259375 0.6652078774617067 0.253125 0.6652078774617067 0.2515625 0.6695842450765864 0.240625 0.6695842450765864 0.2328125 0.6849015317286652 0.2265625 0.6849015317286652 0.2265625 0.6892778993435449 0.221875 0.6914660831509847 0.215625 0.700218818380744 0.2140625 0.7067833698030634 0.2109375 0.7067833698030634 0.2109375 0.7199124726477024 0.2078125 0.7221006564551422 0.2109375 0.7264770240700219 0.2109375 0.7352297592997812 0.2171875 0.7352297592997812 0.221875 0.7461706783369803 0.228125 0.7461706783369803 0.2296875 0.75054704595186 0.234375 0.7527352297592997 0.234375 0.7571115973741794 0.2390625 0.7571115973741794 0.240625 0.7614879649890591 0.246875 0.7614879649890591 0.2484375 0.7680525164113785 0.253125 0.7702407002188184 0.253125 0.787746170678337 0.2484375 0.7899343544857768 0.2484375 0.7986870897155361 0.2453125 0.8008752735229759 0.2453125 0.8096280087527352 0.2484375 0.811816192560175 0.2484375 0.8205689277899344 0.253125 0.8227571115973742 0.253125 0.8402625820568927 0.25625 0.8424507658643327 0.25625 0.8577680525164114 0.2609375 0.8599562363238512 0.2609375 0.8665207877461707 0.2640625 0.8687089715536105 0.2640625 0.8730853391684902 0.2671875 0.8774617067833698 0.271875 0.8796498905908097 0.271875 0.888402625820569 0.278125 0.888402625820569 0.2796875 0.8927789934354485 0.321875 0.8927789934354485 0.3234375 0.888402625820569 0.3453125 0.888402625820569 0.346875 0.8840262582056893 0.35625 0.8840262582056893 0.35625 0.8796498905908097 0.359375 0.8774617067833698 0.359375 0.8687089715536105 0.3640625 0.8665207877461707 0.3640625 0.8533916849015317 0.3671875 0.8512035010940919 0.3671875 0.8424507658643327 0.371875 0.8402625820568927 0.3765625 0.8315098468271335 0.3796875 0.8315098468271335 0.3796875 0.8227571115973742 0.3828125 0.8205689277899344 0.3828125 0.811816192560175 0.3859375 0.8096280087527352 0.3859375 0.8008752735229759 0.390625 0.7986870897155361 0.390625 0.774617067833698 0.39375 0.7724288840262582 0.39375 0.7330415754923414 0.390625 0.7308533916849015 0.390625 0.700218818380744 0.3859375 0.6980306345733042 0.3859375 0.6914660831509847 0.3828125 0.6892778993435449 0.3828125 0.6805251641137856 0.375 0.6695842450765864 0.36875 0.6695842450765864 0.3640625 0.6630196936542669 0.3640625 0.6586433260393874 0.3578125 0.6586433260393874 0.35625 0.6542669584245077 0.3359375 0.6542669584245077 0.334375 0.6477024070021882 0.3234375 0.6477024070021882 0.321875 0.6433260393873085 0.290625 0.6433260393873085 0.290625 0.6455142231947484 0.2828125 0.6477024070021882 0.28125 0.6542669584245077
1 0.79375 0.31072210065645517 0.79375 0.3150984682713348 0.790625 0.3172866520787746 0.790625 0.3304157549234136 0.7859375 0.33260393873085337 0.784375 0.33698030634573306 0.7796875 0.33698030634573306 0.778125 0.33260393873085337 0.775 0.33260393873085337 0.7703125 0.32603938730853393 0.7703125 0.32166301969365424 0.7484375 0.32166301969365424 0.7484375 0.32603938730853393 0.74375 0.33260393873085337 0.740625 0.33260393873085337 0.740625 0.3413566739606127 0.74375 0.3413566739606127 0.7484375 0.3479212253829322 0.7484375 0.3522975929978118 0.7515625 0.3522975929978118 0.75625 0.3610503282275711 0.7609375 0.36323851203501095 0.7609375 0.3676148796498906 0.7640625 0.36980306345733044 0.7640625 0.3785557986870897 0.775 0.38949671772428884 0.775 0.3938730853391685 0.78125 0.3938730853391685 0.7859375 0.40043763676148797 0.7859375 0.4048140043763676 0.7890625 0.4048140043763676 0.79375 0.4113785557986871 0.79375 0.41575492341356673 0.796875 0.41575492341356673 0.8015625 0.424507658643326 0.8078125 0.424507658643326 0.8125 0.43544857768052514 0.8203125 0.437636761487965 0.8203125 0.4420131291028446 0.8265625 0.4420131291028446 0.828125 0.44638949671772427 0.834375 0.44638949671772427 0.8359375 0.45076586433260396 0.840625 0.45076586433260396 0.8421875 0.4573304157549234 0.8453125 0.4573304157549234 0.846875 0.4617067833698031 0.853125 0.4617067833698031 0.8546875 0.4682713347921225 0.8671875 0.4682713347921225 0.86875 0.4617067833698031 0.871875 0.4617067833698031 0.875 0.4573304157549234 0.875 0.36323851203501095 0.871875 0.3610503282275711 0.871875 0.3435448577680525 0.8671875 0.3413566739606127 0.8671875 0.33260393873085337 0.8640625 0.3282275711159737 0.8546875 0.3282275711159737 0.853125 0.32166301969365424 0.8421875 0.32166301969365424 0.840625 0.3282275711159737 0.8359375 0.3282275711159737 0.834375 0.32166301969365424 0.83125 0.32166301969365424 0.8296875 0.3172866520787746 0.8203125 0.3172866520787746 0.815625 0.3063457330415755 0.809375 0.3063457330415755 0.8078125 0.30196936542669583 0.8015625 0.30196936542669583 0.8015625 0.3041575492341357 0.796875 0.31072210065645517 0.79375 0.31072210065645517
1 0.1875 0.7439824945295405 0.178125 0.7439824945295405 0.1765625 0.7483588621444202 0.1703125 0.7483588621444202 0.16875 0.7527352297592997 0.165625 0.7527352297592997 0.165625 0.7571115973741794 0.1625 0.7592997811816192 0.1625 0.7724288840262582 0.159375 0.774617067833698 0.159375 0.8205689277899344 0.1703125 0.8358862144420132 0.1765625 0.8358862144420132 0.178125 0.8402625820568927 0.1828125 0.8402625820568927 0.184375 0.8468271334792122 0.1953125 0.8468271334792122 0.196875 0.8402625820568927 0.2171875 0.8402625820568927 0.21875 0.8358862144420132 0.225 0.8358862144420132 0.2296875 0.824945295404814 0.2328125 0.824945295404814 0.2328125 0.8161925601750547 0.2359375 0.8140043763676149 0.2359375 0.8008752735229759 0.2390625 0.7986870897155361 0.2390625 0.7899343544857768 0.24375 0.787746170678337 0.24375 0.7702407002188184 0.2390625 0.7680525164113785 0.2390625 0.7636761487964989 0.2359375 0.7592997811816192 0.2296875 0.7592997811816192 0.225 0.7483588621444202 0.21875 0.7483588621444202 0.2171875 0.7439824945295405 0.2109375 0.7439824945295405 0.209375 0.737417943107221 0.203125 0.737417943107221 0.2015625 0.7330415754923414 0.196875 0.7330415754923414 0.196875 0.7352297592997812 0.1890625 0.737417943107221 0.1875 0.7439824945295405
1 0.090625 0 0.090625 0.002188183807439825 0.0890625 0.006564551422319475 0.0828125 0.006564551422319475 0.0796875 0.010940919037199124 0.0796875 0.019693654266958426 0.0765625 0.02188183807439825 0.0765625 0.0350109409190372 0.071875 0.037199124726477024 0.071875 0.0525164113785558 0.06875 0.05470459518599562 0.0671875 0.06345733041575492 0.0640625 0.06345733041575492 0.0640625 0.0787746170678337 0.0609375 0.08096280087527352 0.0609375 0.09846827133479212 0.0578125 0.10065645514223195 0.0578125 0.13129102844638948 0.053125 0.13347921225382933 0.053125 0.21444201312910285 0.0578125 0.21663019693654267 0.0578125 0.24726477024070023 0.0609375 0.24945295404814005 0.0609375 0.2735229759299781 0.0640625 0.27571115973741794 0.0640625 0.2888402625820569 0.06875 0.2910284463894967 0.06875 0.29978118161925604 0.071875 0.30196936542669583 0.071875 0.3085339168490153 0.0765625 0.31072210065645517 0.0765625 0.31947483588621445 0.0796875 0.32166301969365424 0.0796875 0.3304157549234136 0.0828125 0.33260393873085337 0.0828125 0.34573304157549234 0.0875 0.3479212253829322 0.0875 0.35667396061269147 0.090625 0.3588621444201313 0.090625 0.3676148796498906 0.09375 0.3676148796498906 0.0984375 0.3741794310722101 0.0984375 0.38293216630196936 0.1015625 0.3851203501094092 0.1015625 0.3982494529540481 0.10625 0.40043763676148797 0.10625 0.40919037199124725 0.109375 0.4113785557986871 0.109375 0.4201312910284464 0.115625 0.4201312910284464 0.1203125 0.42669584245076586 0.1203125 0.4310722100656455 0.1234375 0.4310722100656455 0.128125 0.437636761487965 0.128125 0.4420131291028446 0.13125 0.4420131291028446 0.1359375 0.45076586433260396 0.1453125 0.45076586433260396 0.146875 0.4573304157549234 0.1578125 0.4573304157549234 0.159375 0.4617067833698031 0.165625 0.4638949671772429 0.165625 0.4682713347921225 0.1828125 0.4682713347921225 0.184375 0.4726477024070022 0.1984375 0.4726477024070022 0.2 0.47702407002188185 0.2140625 0.47702407002188185 0.215625 0.48358862144420134 0.228125 0.48358862144420134 0.2296875 0.487964989059081 0.2515625 0.487964989059081 0.253125 0.48358862144420134 0.2703125 0.48358862144420134 0.271875 0.47702407002188185 0.278125 0.47702407002188185 0.2796875 0.4726477024070022 0.284375 0.4726477024070022 0.2859375 0.4682713347921225 0.2921875 0.4682713347921225 0.29375 0.4617067833698031 0.3 0.4617067833698031 0.3046875 0.45076586433260396 0.3078125 0.45076586433260396 0.3125 0.4420131291028446 0.315625 0.4420131291028446 0.3171875 0.43544857768052514 0.321875 0.43544857768052514 0.3234375 0.4310722100656455 0.3265625 0.4310722100656455 0.3265625 0.42669584245076586 0.3375 0.41575492341356673 0.3375 0.4113785557986871 0.3421875 0.4048140043763676 0.3453125 0.4048140043763676 0.3453125 0.40043763676148797 0.35 0.3938730853391685 0.353125 0.3938730853391685 0.353125 0.38949671772428884 0.35625 0.387308533916849 0.35625 0.38074398249452956 0.359375 0.3785557986870897 0.359375 0.3741794310722101 0.3671875 0.3676148796498906 0.36875 0.35667396061269147 0.371875 0.35667396061269147 0.371875 0.3479212253829322 0.3765625 0.3413566739606127 0.3796875 0.3413566739606127 0.3796875 0.33698030634573306 0.3875 0.32603938730853393 0.390625 0.32603938730853393 0.390625 0.3172866520787746 0.39375 0.3150984682713348 0.39375 0.31072210065645517 0.3984375 0.3085339168490153 0.4046875 0.29978118161925604 0.4046875 0.2910284463894967 0.409375 0.2888402625820569 0.409375 0.27571115973741794 0.4125 0.2735229759299781 0.4125 0.2647702407002188 0.4171875 0.26258205689277897 0.4171875 0.2538293216630197 0.4203125 0.25164113785557984 0.4203125 0.24288840262582057 0.425 0.2363238512035011 0.428125 0.2363238512035011 0.428125 0.23194748358862144 0.43125 0.22975929978118162 0.4328125 0.2210065645514223 0.4359375 0.2210065645514223 0.4359375 0.20568927789934355 0.4390625 0.20350109409190373 0.4390625 0.18599562363238512 0.4421875 0.1838074398249453 0.4421875 0.16849015317286653 0.4390625 0.16630196936542668 0.4390625 0.12691466083150985 0.4359375 0.12472647702407003 0.4359375 0.11159737417943107 0.43125 0.10940919037199125 0.43125 0.10065645514223195 0.428125 0.0962800875273523 0.4234375 0.09409190371991247 0.4234375 0.08533916849015317 0.4203125 0.08315098468271334 0.4203125 0.07439824945295405 0.4125 0.06783369803063458 0.4125 0.06345733041575492 0.4046875 0.061269146608315096 0.4046875 0.05470459518599562 0.4015625 0.0525164113785558 0.4015625 0.04814004376367615 0.3984375 0.0437636761487965 0.3765625 0.0437636761487965 0.375 0.04814004376367615 0.35 0.04814004376367615 0.3453125 0.04157549234135667 0.3453125 0.037199124726477024 0.3390625 0.037199124726477024 0.334375 0.028446389496717725 0.3234375 0.028446389496717725 0.321875 0.02188183807439825 0.3171875 0.02188183807439825 0.315625 0.0175054704595186 0.3109375 0.015317286652078774 0.3109375 0.010940919037199124 0.3046875 0.010940919037199124 0.3 0.00437636761487965 0.3 0 0.2265625 0 0.225 0.006564551422319475 0.2 0.006564551422319475 0.1984375 0 0.1703125 0 0.16875 0.006564551422319475 0.140625 0.006564551422319475 0.1390625 0 0.090625 0
1 0 0.8512035010940919 0.003125 0.8512035010940919 0.0046875 0.8402625820568927 0.021875 0.8402625820568927 0.0234375 0.8468271334792122 0.0328125 0.8468271334792122 0.034375 0.8512035010940919 0.0625 0.8512035010940919 0.0640625 0.8468271334792122 0.0703125 0.8468271334792122 0.071875 0.8402625820568927 0.075 0.8402625820568927 0.0765625 0.8358862144420132 0.08125 0.8358862144420132 0.0828125 0.8315098468271335 0.0859375 0.8315098468271335 0.0859375 0.8271334792122538 0.090625 0.8205689277899344 0.09375 0.8205689277899344 0.09375 0.811816192560175 0.1 0.8096280087527352 0.1 0.8008752735229759 0.1078125 0.7943107221006565 0.1078125 0.7855579868708972 0.1125 0.7833698030634574 0.1125 0.7527352297592997 0.1078125 0.75054704595186 0.1078125 0.7221006564551422 0.1 0.7155361050328227 0.1 0.7067833698030634 0.09375 0.6980306345733042 0.09375 0.6914660831509847 0.090625 0.6914660831509847 0.0859375 0.6805251641137856 0.08125 0.6783369803063457 0.08125 0.6739606126914661 0.0765625 0.6739606126914661 0.075 0.6695842450765864 0.034375 0.6695842450765864 0.034375 0.6717724288840262 0.0328125 0.6739606126914661 0 0.6739606126914661 0 0.8512035010940919
1 0 0.962800875273523 0.003125 0.962800875273523 0.00625 0.9671772428884027 0.0078125 0.962800875273523 0.01875 0.962800875273523 0.01875 0.9584245076586433 0.025 0.9518599562363238 0.025 0.9474835886214442 0.0328125 0.9409190371991247 0.0328125 0.9168490153172867 0.0296875 0.912472647702407 0.0328125 0.9102844638949672 0.0328125 0.9059080962800875 0.0296875 0.9037199124726477 0.0296875 0.8905908096280087 0.025 0.888402625820569 0.025 0.8687089715536105 0.021875 0.8665207877461707 0.021875 0.8599562363238512 0.01875 0.8577680525164114 0.01875 0.8533916849015317 0.0078125 0.8533916849015317 0.0046875 0.849015317286652 0.0046875 0.8512035010940919 0 0.8533916849015317 0 0.8774617067833698 0.0046875 0.8796498905908097 0.0046875 0.8927789934354485 0 0.8949671772428884 0 0.962800875273523
1 0.55 0.6695842450765864 0.5484375 0.6739606126914661 0.5421875 0.6739606126914661 0.540625 0.6805251641137856 0.534375 0.6805251641137856 0.5328125 0.6849015317286652 0.5234375 0.6849015317286652 0.521875 0.6914660831509847 0.5125 0.6914660831509847 0.5109375 0.6958424507658644 0.48125 0.6958424507658644 0.478125 0.700218818380744 0.478125 0.7045951859956237 0.4859375 0.7111597374179431 0.4859375 0.7155361050328227 0.4890625 0.7199124726477024 0.4921875 0.7199124726477024 0.49375 0.7242888402625821 0.4984375 0.7242888402625821 0.5 0.7308533916849015 0.50625 0.7308533916849015 0.5078125 0.7352297592997812 0.540625 0.7352297592997812 0.5421875 0.7308533916849015 0.5515625 0.7308533916849015 0.553125 0.7242888402625821 0.55625 0.7242888402625821 0.559375 0.7199124726477024 0.559375 0.7111597374179431 0.5640625 0.7045951859956237 0.5671875 0.7045951859956237 0.5671875 0.6958424507658644 0.571875 0.6892778993435449 0.575 0.6892778993435449 0.575 0.6805251641137856 0.578125 0.6783369803063457 0.578125 0.6739606126914661 0.5859375 0.6717724288840262 0.5859375 0.6586433260393874 0.5640625 0.6586433260393874 0.5640625 0.6608315098468271 0.559375 0.6695842450765864 0.55 0.6695842450765864
1 0.5453125 0.2888402625820569 0.5390625 0.29540481400437635 0.5375 0.30196936542669583 0.5234375 0.30196936542669583 0.51875 0.2910284463894967 0.5109375 0.2888402625820569 0.5109375 0.2844638949671772 0.49375 0.2844638949671772 0.49375 0.2888402625820569 0.4890625 0.2910284463894967 0.4875 0.29540481400437635 0.48125 0.29540481400437635 0.48125 0.29978118161925604 0.4765625 0.3063457330415755 0.4703125 0.3063457330415755 0.46875 0.31072210065645517 0.4625 0.31072210065645517 0.4625 0.3150984682713348 0.4578125 0.32166301969365424 0.425 0.32166301969365424 0.4234375 0.3282275711159737 0.41875 0.3282275711159737 0.4171875 0.33260393873085337 0.4140625 0.33260393873085337 0.409375 0.3435448577680525 0.40625 0.3435448577680525 0.403125 0.3479212253829322 0.4015625 0.3544857768052516 0.3953125 0.3544857768052516 0.3921875 0.3588621444201313 0.3921875 0.3676148796498906 0.384375 0.3741794310722101 0.384375 0.38293216630196936 0.38125 0.3851203501094092 0.38125 0.3938730853391685 0.3765625 0.39606126914660833 0.3765625 0.4048140043763676 0.3734375 0.40700218818380746 0.3734375 0.4201312910284464 0.36875 0.4223194748358862 0.36875 0.44638949671772427 0.365625 0.4485776805251641 0.365625 0.4573304157549234 0.36875 0.45951859956236324 0.36875 0.4989059080962801 0.3734375 0.5010940919037199 0.3734375 0.5361050328227571 0.3765625 0.5382932166301969 0.3765625 0.562363238512035 0.38125 0.5645514223194749 0.38125 0.5776805251641138 0.384375 0.5798687089715536 0.384375 0.5886214442013129 0.3875 0.5908096280087527 0.3875 0.6039387308533917 0.3921875 0.6061269146608315 0.3921875 0.6105032822757112 0.3953125 0.612691466083151 0.3953125 0.6192560175054704 0.3984375 0.6192560175054704 0.4 0.6258205689277899 0.403125 0.6280087527352297 0.403125 0.6367614879649891 0.4140625 0.6477024070021882 0.4140625 0.6520787746170679 0.4203125 0.6520787746170679 0.425 0.6586433260393874 0.425 0.6630196936542669 0.428125 0.6630196936542669 0.4296875 0.6673960612691466 0.4359375 0.6673960612691466 0.4375 0.6717724288840262 0.4421875 0.6717724288840262 0.44375 0.6783369803063457 0.446875 0.6783369803063457 0.4484375 0.6827133479212254 0.4546875 0.6827133479212254 0.45625 0.6892778993435449 0.4734375 0.6892778993435449 0.475 0.6936542669584245 0.50625 0.6936542669584245 0.5078125 0.6892778993435449 0.521875 0.6892778993435449 0.5234375 0.6827133479212254 0.5328125 0.6827133479212254 0.534375 0.6783369803063457 0.540625 0.6783369803063457 0.5421875 0.6717724288840262 0.5484375 0.6717724288840262 0.55 0.6673960612691466 0.559375 0.6673960612691466 0.5640625 0.6564551422319475 0.5671875 0.6564551422319475 0.5703125 0.6520787746170679 0.571875 0.6455142231947484 0.575 0.6455142231947484 0.58125 0.6367614879649891 0.5828125 0.6301969365426696 0.5859375 0.6301969365426696 0.5890625 0.6258205689277899 0.590625 0.6192560175054704 0.59375 0.6192560175054704 0.596875 0.6148796498905909 0.596875 0.6061269146608315 0.6015625 0.5995623632385121 0.6046875 0.5995623632385121 0.6046875 0.5908096280087527 0.6078125 0.5886214442013129 0.6078125 0.5798687089715536 0.615625 0.5733041575492341 0.615625 0.5689277899343544 0.6203125 0.562363238512035 0.6234375 0.562363238512035 0.6234375 0.5579868708971554 0.628125 0.5514223194748359 0.63125 0.5514223194748359 0.63125 0.5382932166301969 0.634375 0.5361050328227571 0.634375 0.5273522975929978 0.6390625 0.5251641137855579 0.6390625 0.5164113785557987 0.6421875 0.5142231947483589 0.6421875 0.49671772428884026 0.6453125 0.49452954048140046 0.6453125 0.4638949671772429 0.65 0.4617067833698031 0.65 0.40700218818380746 0.6453125 0.4048140043763676 0.6453125 0.3741794310722101 0.6421875 0.37199124726477023 0.6421875 0.36323851203501095 0.6390625 0.3588621444201313 0.6359375 0.3588621444201313 0.63125 0.3522975929978118 0.63125 0.3479212253829322 0.628125 0.3479212253829322 0.6234375 0.3413566739606127 0.6234375 0.33698030634573306 0.61875 0.3347921225382932 0.61875 0.3282275711159737 0.615625 0.32603938730853393 0.615625 0.32166301969365424 0.6125 0.3172866520787746 0.60625 0.3172866520787746 0.6046875 0.31072210065645517 0.6015625 0.31072210065645517 0.6 0.3063457330415755 0.5953125 0.3063457330415755 0.59375 0.30196936542669583 0.590625 0.30196936542669583 0.5859375 0.2910284463894967 0.58125 0.2888402625820569 0.58125 0.2844638949671772 0.5765625 0.2844638949671772 0.575 0.2800875273522976 0.55 0.2800875273522976 0.55 0.28227571115973743 0.5453125 0.2844638949671772 0.5453125 0.2888402625820569