5 0.73125 0 0.73125 0.002793296089385475 0.73125 0.0111731843575419 0.7265625 0.019553072625698324 0.7234375 0.019553072625698324 0.7234375 0.027932960893854747 0.7203125 0.030726256983240222 0.7203125 0.03910614525139665 0.7171875 0.04189944134078212 0.7171875 0.05307262569832402 0.7140625 0.055865921787709494 0.7140625 0.06424581005586592 0.7109375 0.0670391061452514 0.7109375 0.07541899441340782 0.7078125 0.0782122905027933 0.7078125 0.09497206703910614 0.7125 0.09497206703910614 0.7125 0.0893854748603352 0.7171875 0.08100558659217877 0.721875 0.08100558659217877 0.721875 0.07262569832402235 0.7296875 0.06424581005586592 0.7296875 0.055865921787709494 0.7359375 0.04748603351955307 0.7359375 0.04189944134078212 0.7421875 0.03910614525139665 0.7453125 0.0335195530726257 0.7453125 0.013966480446927373 0.7484375 0.008379888268156424 0.7453125 0.00558659217877095 0.7453125 0 0.73125 0
5 0.6671875 0.13687150837988826 0.6703125 0.13966480446927373 0.6703125 0.17597765363128492 0.6734375 0.1787709497206704 0.6734375 0.19553072625698323 0.6796875 0.19553072625698323 0.68125 0.19832402234636873 0.68125 0.23184357541899442 0.684375 0.2346368715083799 0.684375 0.2905027932960894 0.6875 0.29329608938547486 0.6875 0.3128491620111732 0.690625 0.31564245810055863 0.690625 0.3547486033519553 0.69375 0.3575418994413408 0.69375 0.3854748603351955 0.696875 0.388268156424581 0.696875 0.4441340782122905 0.7 0.44692737430167595 0.7 0.4692737430167598 0.7046875 0.4720670391061452 0.7046875 0.48044692737430167 0.709375 0.48044692737430167 0.709375 0.41899441340782123 0.70625 0.41620111731843573 0.70625 0.3770949720670391 0.703125 0.3743016759776536 0.703125 0.329608938547486 0.6984375 0.3268156424581006 0.6984375 0.29329608938547486 0.6953125 0.2905027932960894 0.6953125 0.24022346368715083 0.6921875 0.23743016759776536 0.6921875 0.20391061452513967 0.6890625 0.2011173184357542 0.6890625 0.1787709497206704 0.6859375 0.17597765363128492 0.6859375 0.15083798882681565 0.6828125 0.14804469273743018 0.6828125 0.11452513966480447 0.6796875 0.11173184357541899 0.6796875 0.10335195530726257 0.6765625 0.1005586592178771 0.6765625 0.0782122905027933 0.671875 0.07541899441340782 0.671875 0.0670391061452514 0.6703125 0.0670391061452514 0.6703125 0.06983240223463687 0.6671875 0.07262569832402235 0.6671875 0.13687150837988826
5 0.278125 0.2681564245810056 0.2765625 0.276536312849162 0.2734375 0.276536312849162 0.2703125 0.28212290502793297 0.2703125 0.2905027932960894 0.2671875 0.29329608938547486 0.2671875 0.3016759776536313 0.2640625 0.30446927374301674 0.2640625 0.3128491620111732 0.2578125 0.3240223463687151 0.2578125 0.3324022346368715 0.253125 0.3407821229050279 0.25 0.3407821229050279 0.240625 0.3575418994413408 0.240625 0.3687150837988827 0.2375 0.3715083798882682 0.2375 0.3854748603351955 0.234375 0.388268156424581 0.234375 0.4022346368715084 0.23125 0.40502793296089384 0.23125 0.4273743016759777 0.234375 0.4329608938547486 0.2390625 0.4329608938547486 0.2390625 0.40502793296089384 0.2421875 0.4022346368715084 0.2421875 0.388268156424581 0.2484375 0.37988826815642457 0.25 0.3687150837988827 0.253125 0.3687150837988827 0.253125 0.3575418994413408 0.2578125 0.34916201117318435 0.2625 0.34916201117318435 0.2625 0.3407821229050279 0.271875 0.3268156424581006 0.271875 0.31564245810055863 0.2765625 0.3128491620111732 0.2765625 0.30446927374301674 0.2796875 0.3016759776536313 0.2796875 0.29329608938547486 0.2859375 0.2849162011173184 0.2859375 0.2681564245810056 0.2921875 0.2569832402234637 0.2890625 0.25139664804469275 0.28125 0.25139664804469275 0.28125 0.2541899441340782 0.28125 0.26536312849162014 0.278125 0.2681564245810056
5 0.7546875 0.10893854748603352 0.7546875 0.12849162011173185 0.75 0.13128491620111732 0.75 0.1424581005586592 0.746875 0.1452513966480447 0.746875 0.17039106145251395 0.74375 0.17597765363128492 0.746875 0.1787709497206704 0.746875 0.18994413407821228 0.75 0.19553072625698323 0.753125 0.19553072625698323 0.7546875 0.18994413407821228 0.759375 0.18994413407821228 0.7625 0.18435754189944134 0.7625 0.16759776536312848 0.765625 0.164804469273743 0.765625 0.15083798882681565 0.76875 0.14804469273743018 0.765625 0.13966480446927373 0.76875 0.13687150837988826 0.76875 0.10335195530726257 0.765625 0.09776536312849161 0.7578125 0.09776536312849161 0.7578125 0.1005586592178771 0.7578125 0.10614525139664804 0.7546875 0.10893854748603352
5 0.4640625 0 0.4640625 0.002793296089385475 0.4640625 0.07541899441340782 0.4609375 0.0782122905027933 0.4609375 0.10614525139664804 0.4640625 0.11173184357541899 0.4609375 0.11452513966480447 0.4609375 0.12290502793296089 0.4640625 0.12569832402234637 0.4640625 0.1424581005586592 0.4671875 0.1452513966480447 0.4671875 0.15363128491620112 0.471875 0.15363128491620112 0.471875 0.0782122905027933 0.4765625 0.07541899441340782 0.4765625 0 0.4640625 0
5 0.596875 0 0.596875 0.002793296089385475 0.596875 0.0111731843575419 0.59375 0.013966480446927373 0.59375 0.0335195530726257 0.590625 0.036312849162011177 0.590625 0.05865921787709497 0.5875 0.061452513966480445 0.5875 0.07541899441340782 0.584375 0.0782122905027933 0.584375 0.1005586592178771 0.58125 0.10335195530726257 0.58125 0.11173184357541899 0.578125 0.11452513966480447 0.578125 0.12849162011173185 0.5734375 0.13128491620111732 0.5734375 0.14804469273743018 0.5703125 0.15083798882681565 0.5703125 0.164804469273743 0.5640625 0.17318435754189945 0.5640625 0.2011173184357542 0.56875 0.2011173184357542 0.56875 0.19273743016759776 0.5734375 0.18435754189944134 0.5765625 0.18435754189944134 0.5765625 0.1787709497206704 0.5796875 0.17597765363128492 0.5796875 0.16201117318435754 0.5828125 0.15921787709497207 0.5828125 0.1452513966480447 0.5859375 0.1424581005586592 0.5859375 0.12569832402234637 0.5890625 0.12290502793296089 0.5890625 0.11452513966480447 0.5921875 0.11173184357541899 0.5921875 0.09776536312849161 0.5953125 0.09497206703910614 0.5953125 0.0782122905027933 0.5984375 0.07541899441340782 0.5984375 0.055865921787709494 0.603125 0.05307262569832402 0.603125 0.036312849162011177 0.60625 0.0335195530726257 0.60625 0 0.596875 0
5 0.3203125 0.1871508379888268 0.315625 0.19832402234636873 0.3109375 0.19832402234636873 0.2984375 0.2206703910614525 0.29375 0.2206703910614525 0.290625 0.22625698324022347 0.290625 0.23184357541899442 0.28125 0.24581005586592178 0.28125 0.2541899441340782 0.278125 0.2569832402234637 0.278125 0.2737430167597765 0.2703125 0.28212290502793297 0.2703125 0.2905027932960894 0.2671875 0.29329608938547486 0.2671875 0.3016759776536313 0.2640625 0.30446927374301674 0.2640625 0.3128491620111732 0.2578125 0.3240223463687151 0.2578125 0.3324022346368715 0.253125 0.3407821229050279 0.25 0.3407821229050279 0.240625 0.3575418994413408 0.240625 0.3687150837988827 0.2375 0.3715083798882682 0.2375 0.3854748603351955 0.234375 0.388268156424581 0.234375 0.4022346368715084 0.23125 0.40502793296089384 0.23125 0.4273743016759777 0.234375 0.4329608938547486 0.2390625 0.4329608938547486 0.2390625 0.40502793296089384 0.2421875 0.4022346368715084 0.2421875 0.39385474860335196 0.2453125 0.39106145251396646 0.2453125 0.38268156424581007 0.2484375 0.37988826815642457 0.2484375 0.3715083798882682 0.253125 0.3687150837988827 0.253125 0.36312849162011174 0.25625 0.36033519553072624 0.25625 0.35195530726256985 0.2625 0.34916201117318435 0.2625 0.3407821229050279 0.271875 0.3268156424581006 0.271875 0.31564245810055863 0.2765625 0.3128491620111732 0.2765625 0.30446927374301674 0.2828125 0.29608938547486036 0.2828125 0.2877094972067039 0.2859375 0.2849162011173184 0.2859375 0.276536312849162 0.2890625 0.2737430167597765 0.2890625 0.26256983240223464 0.3 0.2430167597765363 0.303125 0.2430167597765363 0.309375 0.23184357541899442 0.309375 0.22625698324022347 0.3234375 0.2011173184357542 0.3296875 0.2011173184357542 0.33125 0.19553072625698323 0.3359375 0.19553072625698323 0.3390625 0.18994413407821228 0.3359375 0.18435754189944134 0.3359375 0.1787709497206704 0.328125 0.1787709497206704 0.328125 0.18156424581005587 0.3265625 0.1871508379888268 0.3203125 0.1871508379888268
5 0.7640625 0 0.7640625 0.002793296089385475 0.7640625 0.027932960893854747 0.7671875 0.030726256983240222 0.7671875 0.04748603351955307 0.7703125 0.05027932960893855 0.7703125 0.07541899441340782 0.7734375 0.0782122905027933 0.7734375 0.10614525139664804 0.778125 0.10893854748603352 0.778125 0.12290502793296089 0.78125 0.12569832402234637 0.78125 0.1424581005586592 0.784375 0.1452513966480447 0.784375 0.17597765363128492 0.7890625 0.17597765363128492 0.790625 0.18435754189944134 0.7953125 0.18435754189944134 0.7953125 0.1787709497206704 0.7984375 0.17597765363128492 0.7984375 0.15083798882681565 0.7953125 0.14804469273743018 0.7953125 0.12569832402234637 0.7921875 0.12290502793296089 0.7921875 0.09776536312849161 0.7890625 0.09497206703910614 0.7890625 0.08379888268156424 0.7859375 0.08100558659217877 0.7859375 0.061452513966480445 0.7828125 0.05865921787709497 0.7828125 0.036312849162011177 0.7796875 0.0335195530726257 0.7796875 0.013966480446927373 0.7765625 0.0111731843575419 0.7765625 0 0.7640625 0
5 0.653125 0.09776536312849161 0.65 0.09776536312849161 0.646875 0.10335195530726257 0.646875 0.12290502793296089 0.64375 0.12569832402234637 0.64375 0.15363128491620112 0.640625 0.1564245810055866 0.640625 0.19553072625698323 0.6375 0.19832402234636873 0.6375 0.22346368715083798 0.634375 0.22625698324022347 0.634375 0.24860335195530725 0.63125 0.25139664804469275 0.63125 0.27932960893854747 0.628125 0.28212290502793297 0.628125 0.3268156424581006 0.6328125 0.3268156424581006 0.6359375 0.32122905027932963 0.6359375 0.28212290502793297 0.6390625 0.27932960893854747 0.6390625 0.2569832402234637 0.6421875 0.2541899441340782 0.6421875 0.2346368715083799 0.6453125 0.23184357541899442 0.6453125 0.20391061452513967 0.6484375 0.2011173184357542 0.6484375 0.16759776536312848 0.653125 0.164804469273743 0.653125 0.13128491620111732 0.65625 0.12849162011173185 0.65625 0.09776536312849161 0.659375 0.09497206703910614 0.659375 0.08379888268156424 0.6578125 0.08379888268156424 0.6578125 0.08659217877094973 0.6546875 0.0893854748603352 0.653125 0.09776536312849161
5 0.9 0 0.9 0.002793296089385475 0.9 0.01675977653631285 0.9046875 0.019553072625698324 0.9046875 0.027932960893854747 0.9078125 0.030726256983240222 0.9078125 0.04748603351955307 0.9109375 0.05027932960893855 0.9109375 0.05865921787709497 0.9171875 0.0670391061452514 0.9171875 0.07541899441340782 0.9203125 0.0782122905027933 0.9203125 0.08659217877094973 0.9234375 0.0893854748603352 0.9234375 0.1005586592178771 0.9265625 0.1005586592178771 0.93125 0.10893854748603352 0.93125 0.11731843575418995 0.940625 0.13128491620111732 0.940625 0.13687150837988826 0.94375 0.1424581005586592 0.9484375 0.1424581005586592 0.9484375 0.13128491620111732 0.9453125 0.12849162011173185 0.9453125 0.12011173184357542 0.9421875 0.11731843575418995 0.9421875 0.10335195530726257 0.9390625 0.1005586592178771 0.9390625 0.0893854748603352 0.9359375 0.08659217877094973 0.9359375 0.0782122905027933 0.9328125 0.07541899441340782 0.9328125 0.0670391061452514 0.9296875 0.06424581005586592 0.9296875 0.055865921787709494 0.9265625 0.05307262569832402 0.9265625 0.04189944134078212 0.921875 0.03910614525139665 0.921875 0.030726256983240222 0.91875 0.027932960893854747 0.91875 0.019553072625698324 0.915625 0.01675977653631285 0.915625 0.008379888268156424 0.9125 0.00558659217877095 0.9125 0 0.9 0
5 0.678125 0 0.678125 0.002793296089385475 0.6765625 0.008379888268156424 0.6703125 0.008379888268156424 0.6703125 0.0223463687150838 0.6609375 0.036312849162011177 0.6609375 0.04748603351955307 0.6546875 0.055865921787709494 0.6546875 0.06424581005586592 0.653125 0.0670391061452514 0.646875 0.0670391061452514 0.646875 0.07541899441340782 0.6375 0.0893854748603352 0.6375 0.09497206703910614 0.6140625 0.13128491620111732 0.6140625 0.13687150837988826 0.60625 0.15083798882681565 0.603125 0.1564245810055866 0.6 0.1564245810055866 0.5921875 0.17318435754189945 0.5875 0.17318435754189945 0.584375 0.1787709497206704 0.584375 0.18435754189944134 0.5765625 0.19832402234636873 0.5734375 0.19832402234636873 0.571875 0.20391061452513967 0.5671875 0.20391061452513967 0.5609375 0.21508379888268156 0.5609375 0.22346368715083798 0.5578125 0.22625698324022347 0.5578125 0.23184357541899442 0.55625 0.2346368715083799 0.55 0.2346368715083799 0.54375 0.24581005586592178 0.54375 0.2541899441340782 0.534375 0.2681564245810056 0.534375 0.2737430167597765 0.5265625 0.2877094972067039 0.5234375 0.2877094972067039 0.5078125 0.31564245810055863 0.5078125 0.3268156424581006 0.5046875 0.329608938547486 0.5046875 0.33798882681564246 0.496875 0.3463687150837989 0.496875 0.3547486033519553 0.4875 0.3715083798882682 0.4875 0.37988826815642457 0.48125 0.388268156424581 0.48125 0.39664804469273746 0.478125 0.3994413407821229 0.478125 0.4106145251396648 0.4734375 0.4134078212290503 0.4671875 0.4245810055865922 0.4671875 0.4329608938547486 0.4609375 0.441340782122905 0.4609375 0.44972067039106145 0.4578125 0.45251396648044695 0.4578125 0.46368715083798884 0.453125 0.4720670391061452 0.45 0.4720670391061452 0.45 0.48044692737430167 0.44375 0.4888268156424581 0.44375 0.4972067039106145 0.440625 0.5 0.440625 0.5167597765363129 0.4375 0.5195530726256983 0.4375 0.5279329608938548 0.434375 0.5307262569832403 0.434375 0.5391061452513967 0.43125 0.5418994413407822 0.43125 0.5586592178770949 0.428125 0.5614525139664804 0.428125 0.5754189944134078 0.4234375 0.5782122905027933 0.4234375 0.611731843575419 0.4328125 0.611731843575419 0.4359375 0.6061452513966481 0.4359375 0.5782122905027933 0.4390625 0.5754189944134078 0.4390625 0.5558659217877095 0.4421875 0.553072625698324 0.4421875 0.5363128491620112 0.4453125 0.5335195530726257 0.4453125 0.5251396648044693 0.45 0.5167597765363129 0.453125 0.5167597765363129 0.453125 0.5083798882681564 0.45625 0.505586592178771 0.45625 0.49441340782122906 0.459375 0.49162011173184356 0.459375 0.48324022346368717 0.46875 0.4692737430167598 0.46875 0.46089385474860334 0.471875 0.4581005586592179 0.471875 0.44692737430167595 0.4796875 0.43854748603351956 0.4796875 0.4301675977653631 0.4859375 0.42178770949720673 0.4859375 0.4134078212290503 0.4890625 0.4106145251396648 0.4890625 0.3994413407821229 0.4984375 0.3854748603351955 0.5 0.3743016759776536 0.503125 0.3743016759776536 0.50625 0.3687150837988827 0.50625 0.3575418994413408 0.515625 0.3435754189944134 0.515625 0.33519553072625696 0.5234375 0.32122905027932963 0.5265625 0.32122905027932963 0.5265625 0.3100558659217877 0.5421875 0.2849162011173184 0.5421875 0.276536312849162 0.5453125 0.2737430167597765 0.5453125 0.2681564245810056 0.55 0.25977653631284914 0.553125 0.25977653631284914 0.56875 0.23184357541899442 0.5703125 0.22346368715083798 0.5765625 0.22346368715083798 0.596875 0.18435754189944134 0.603125 0.18435754189944134 0.603125 0.1787709497206704 0.6234375 0.1424581005586592 0.6265625 0.1424581005586592 0.6296875 0.13687150837988826 0.6296875 0.13128491620111732 0.65 0.09497206703910614 0.653125 0.09497206703910614 0.653125 0.0893854748603352 0.6625 0.07541899441340782 0.6625 0.0670391061452514 0.665625 0.06424581005586592 0.665625 0.055865921787709494 0.66875 0.05307262569832402 0.66875 0.04189944134078212 0.671875 0.03910614525139665 0.671875 0.030726256983240222 0.6796875 0.0223463687150838 0.6796875 0.013966480446927373 0.6859375 0.00558659217877095 0.6859375 0 0.678125 0
5 0.715625 0.0893854748603352 0.7078125 0.0893854748603352 0.70625 0.08379888268156424 0.68125 0.08379888268156424 0.678125 0.0893854748603352 0.678125 0.1005586592178771 0.6828125 0.1005586592178771 0.684375 0.10614525139664804 0.70625 0.10614525139664804 0.709375 0.1005586592178771 0.7109375 0.10614525139664804 0.715625 0.10614525139664804 0.7171875 0.1005586592178771 0.7421875 0.1005586592178771 0.74375 0.09497206703910614 0.759375 0.09497206703910614 0.759375 0.0782122905027933 0.7234375 0.0782122905027933 0.7234375 0.08100558659217877 0.7171875 0.08379888268156424 0.715625 0.0893854748603352
5 0.740625 0.09776536312849161 0.7390625 0.10335195530726257 0.73125 0.10335195530726257 0.728125 0.10893854748603352 0.728125 0.11731843575418995 0.7234375 0.12011173184357542 0.7234375 0.12849162011173185 0.7203125 0.13128491620111732 0.7203125 0.1424581005586592 0.7140625 0.15083798882681565 0.7140625 0.15921787709497207 0.7109375 0.16201117318435754 0.7109375 0.17597765363128492 0.7078125 0.1787709497206704 0.7078125 0.19553072625698323 0.715625 0.19553072625698323 0.721875 0.18435754189944134 0.721875 0.17318435754189945 0.7265625 0.17039106145251395 0.7265625 0.16201117318435754 0.7296875 0.15921787709497207 0.7296875 0.15083798882681565 0.7328125 0.14804469273743018 0.7328125 0.13966480446927373 0.7359375 0.13687150837988826 0.7359375 0.13128491620111732 0.7390625 0.12849162011173185 0.7390625 0.12011173184357542 0.7453125 0.11173184357541899 0.7453125 0.10335195530726257 0.7484375 0.1005586592178771 0.7484375 0.0893854748603352 0.746875 0.0893854748603352 0.746875 0.09217877094972067 0.7453125 0.09776536312849161 0.740625 0.09776536312849161
1 0.4078125 0.6201117318435754 0.403125 0.6312849162011173 0.396875 0.6312849162011173 0.396875 0.6424581005586593 0.3828125 0.6675977653631285 0.378125 0.6675977653631285 0.3765625 0.6731843575418994 0.3734375 0.6731843575418994 0.3703125 0.6787709497206704 0.3703125 0.6843575418994413 0.3671875 0.6871508379888268 0.3671875 0.7067039106145251 0.3734375 0.7178770949720671 0.3890625 0.7178770949720671 0.390625 0.723463687150838 0.396875 0.7262569832402235 0.396875 0.7318435754189944 0.403125 0.7318435754189944 0.4078125 0.7402234636871509 0.4078125 0.7486033519553073 0.4109375 0.7513966480446927 0.4109375 0.7597765363128491 0.4234375 0.7821229050279329 0.4234375 0.7905027932960894 0.4296875 0.7905027932960894 0.43125 0.7960893854748603 0.4359375 0.7960893854748603 0.4375 0.8016759776536313 0.453125 0.8016759776536313 0.459375 0.7905027932960894 0.459375 0.7821229050279329 0.4625 0.7793296089385475 0.4625 0.7681564245810056 0.465625 0.7653631284916201 0.465625 0.7513966480446927 0.46875 0.7486033519553073 0.46875 0.7402234636871509 0.471875 0.7374301675977654 0.471875 0.7262569832402235 0.4765625 0.723463687150838 0.4765625 0.6983240223463687 0.4796875 0.6955307262569832 0.4796875 0.6675977653631285 0.4828125 0.6620111731843575 0.4796875 0.6564245810055865 0.4734375 0.6564245810055865 0.4625 0.6368715083798883 0.4625 0.6312849162011173 0.459375 0.6256983240223464 0.4546875 0.6256983240223464 0.453125 0.6201117318435754 0.440625 0.6201117318435754 0.4390625 0.6145251396648045 0.4203125 0.6145251396648045 0.4203125 0.61731843575419 0.41875 0.6201117318435754 0.4078125 0.6201117318435754
1 0.6640625 0.276536312849162 0.6625 0.28212290502793297 0.6578125 0.28212290502793297 0.653125 0.29329608938547486 0.65 0.29329608938547486 0.65 0.30726256983240224 0.646875 0.3100558659217877 0.646875 0.33798882681564246 0.65 0.3407821229050279 0.65 0.34916201117318435 0.653125 0.34916201117318435 0.6578125 0.3575418994413408 0.6578125 0.3687150837988827 0.6609375 0.3715083798882682 0.6609375 0.37988826815642457 0.6671875 0.388268156424581 0.6671875 0.39664804469273746 0.665625 0.3994413407821229 0.65 0.3994413407821229 0.646875 0.40502793296089384 0.646875 0.41620111731843573 0.65 0.41899441340782123 0.65 0.4273743016759777 0.6546875 0.4301675977653631 0.6546875 0.43854748603351956 0.6578125 0.441340782122905 0.6578125 0.46368715083798884 0.6609375 0.4664804469273743 0.6609375 0.49162011173184356 0.6671875 0.5 0.6671875 0.505586592178771 0.6703125 0.5111731843575419 0.6765625 0.5111731843575419 0.684375 0.49162011173184356 0.6921875 0.49162011173184356 0.69375 0.4860335195530726 0.703125 0.4860335195530726 0.703125 0.4720670391061452 0.6984375 0.4692737430167598 0.6984375 0.441340782122905 0.6953125 0.43854748603351956 0.6953125 0.40502793296089384 0.6984375 0.3994413407821229 0.6953125 0.39664804469273746 0.6953125 0.3715083798882682 0.6921875 0.3687150837988827 0.6921875 0.3240223463687151 0.6890625 0.32122905027932963 0.6890625 0.30446927374301674 0.6859375 0.3016759776536313 0.6859375 0.28212290502793297 0.6796875 0.2737430167597765 0.6796875 0.2681564245810056 0.6703125 0.2681564245810056 0.6703125 0.2709497206703911 0.66875 0.276536312849162 0.6640625 0.276536312849162
1 0.78125 0.24022346368715083 0.778125 0.24581005586592178 0.778125 0.2541899441340782 0.7734375 0.2569832402234637 0.7671875 0.2681564245810056 0.7671875 0.2737430167597765 0.753125 0.2988826815642458 0.75 0.2988826815642458 0.740625 0.31564245810055863 0.740625 0.32122905027932963 0.7375 0.3240223463687151 0.7375 0.3324022346368715 0.734375 0.33519553072625696 0.734375 0.3435754189944134 0.7265625 0.3575418994413408 0.7234375 0.3575418994413408 0.7234375 0.3687150837988827 0.7203125 0.3715083798882682 0.7203125 0.37988826815642457 0.7171875 0.38268156424581007 0.7171875 0.39664804469273746 0.7140625 0.3994413407821229 0.7140625 0.46368715083798884 0.7171875 0.4664804469273743 0.7171875 0.48044692737430167 0.7203125 0.48324022346368717 0.7203125 0.505586592178771 0.7234375 0.5083798882681564 0.7234375 0.5223463687150838 0.728125 0.5251396648044693 0.728125 0.5335195530726257 0.73125 0.5363128491620112 0.73125 0.553072625698324 0.734375 0.5558659217877095 0.734375 0.5698324022346368 0.7375 0.5726256983240223 0.7375 0.5810055865921788 0.740625 0.5837988826815642 0.740625 0.5949720670391061 0.74375 0.5977653631284916 0.74375 0.6061452513966481 0.746875 0.6089385474860335 0.746875 0.61731843575419 0.7546875 0.6256983240223464 0.7546875 0.6368715083798883 0.7609375 0.6452513966480447 0.7609375 0.6536312849162011 0.7671875 0.6620111731843575 0.7671875 0.6703910614525139 0.7703125 0.6731843575418994 0.7703125 0.6843575418994413 0.7734375 0.6871508379888268 0.7734375 0.6955307262569832 0.7796875 0.6955307262569832 0.78125 0.7011173184357542 0.7859375 0.7011173184357542 0.7875 0.7067039106145251 0.8125 0.7067039106145251 0.8140625 0.7011173184357542 0.81875 0.7011173184357542 0.8203125 0.6955307262569832 0.8265625 0.6955307262569832 0.8328125 0.6843575418994413 0.8328125 0.6787709497206704 0.8421875 0.664804469273743 0.8421875 0.6564245810055865 0.8484375 0.6480446927374302 0.8484375 0.6396648044692738 0.853125 0.6368715083798883 0.853125 0.6256983240223464 0.865625 0.6061452513966481 0.865625 0.5977653631284916 0.86875 0.5949720670391061 0.86875 0.5837988826815642 0.8734375 0.5754189944134078 0.8765625 0.5754189944134078 0.8765625 0.5670391061452514 0.8796875 0.5642458100558659 0.8796875 0.5558659217877095 0.8828125 0.553072625698324 0.8828125 0.5418994413407822 0.8859375 0.5391061452513967 0.8859375 0.5307262569832403 0.8890625 0.5279329608938548 0.8890625 0.5195530726256983 0.8921875 0.5167597765363129 0.8921875 0.49441340782122906 0.8953125 0.49162011173184356 0.8953125 0.48324022346368717 0.8984375 0.48044692737430167 0.8984375 0.44692737430167595 0.903125 0.4441340782122905 0.903125 0.41899441340782123 0.8984375 0.41620111731843573 0.8984375 0.39385474860335196 0.8953125 0.39106145251396646 0.8953125 0.3770949720670391 0.8921875 0.3743016759776536 0.8921875 0.36312849162011174 0.8890625 0.36033519553072624 0.8890625 0.35195530726256985 0.8828125 0.3435754189944134 0.8828125 0.33519553072625696 0.8796875 0.3324022346368715 0.8796875 0.3240223463687151 0.8765625 0.32122905027932963 0.8765625 0.3100558659217877 0.8734375 0.3100558659217877 0.86875 0.3016759776536313 0.86875 0.29329608938547486 0.859375 0.27932960893854747 0.859375 0.2681564245810056 0.853125 0.25977653631284914 0.853125 0.25139664804469275 0.85 0.25139664804469275 0.8453125 0.24022346368715083 0.834375 0.24022346368715083 0.8328125 0.2346368715083799 0.8234375 0.2346368715083799 0.821875 0.22625698324022347 0.790625 0.22625698324022347 0.790625 0.22905027932960895 0.7859375 0.24022346368715083 0.78125 0.24022346368715083
1 0.49375 0.0670391061452514 0.4890625 0.0782122905027933 0.484375 0.0782122905027933 0.478125 0.0893854748603352 0.478125 0.11731843575418995 0.48125 0.12290502793296089 0.4984375 0.12290502793296089 0.5 0.11731843575418995 0.50625 0.11731843575418995 0.5078125 0.11173184357541899 0.51875 0.11173184357541899 0.5234375 0.1005586592178771 0.5265625 0.1005586592178771 0.5296875 0.09497206703910614 0.5296875 0.08379888268156424 0.5328125 0.08100558659217877 0.5328125 0.0670391061452514 0.5296875 0.061452513966480445 0.5109375 0.061452513966480445 0.5109375 0.06424581005586592 0.509375 0.0670391061452514 0.49375 0.0670391061452514
1 0.290625 0.164804469273743 0.2875 0.16759776536312848 0.2875 0.18994413407821228 0.284375 0.19273743016759776 0.284375 0.2011173184357542 0.2875 0.20391061452513967 0.2875 0.2122905027932961 0.29375 0.22346368715083798 0.303125 0.22346368715083798 0.3046875 0.23184357541899442 0.315625 0.23184357541899442 0.3171875 0.22346368715083798 0.321875 0.22346368715083798 0.3234375 0.21787709497206703 0.3296875 0.21787709497206703 0.3359375 0.20670391061452514 0.3359375 0.19273743016759776 0.3328125 0.1871508379888268 0.3359375 0.18435754189944134 0.3359375 0.16201117318435754 0.3328125 0.1564245810055866 0.3140625 0.1564245810055866 0.3125 0.15083798882681565 0.29375 0.15083798882681565 0.29375 0.15363128491620112 0.290625 0.1564245810055866 0.290625 0.164804469273743
1 0.4203125 0.41620111731843573 0.4171875 0.41899441340782123 0.4171875 0.44972067039106145 0.4203125 0.45251396648044695 0.4203125 0.46368715083798884 0.4234375 0.4664804469273743 0.4234375 0.48044692737430167 0.428125 0.48324022346368717 0.428125 0.5111731843575419 0.43125 0.5167597765363129 0.4359375 0.5167597765363129 0.4390625 0.5111731843575419 0.4390625 0.5 0.4421875 0.4972067039106145 0.4421875 0.4888268156424581 0.4484375 0.48044692737430167 0.45 0.4692737430167598 0.453125 0.4692737430167598 0.453125 0.46089385474860334 0.45625 0.4581005586592179 0.45625 0.44692737430167595 0.459375 0.4441340782122905 0.459375 0.41899441340782123 0.453125 0.4106145251396648 0.453125 0.3994413407821229 0.45 0.3994413407821229 0.4453125 0.388268156424581 0.440625 0.388268156424581 0.4390625 0.38268156424581007 0.43125 0.38268156424581007 0.43125 0.3854748603351955 0.4203125 0.3994413407821229 0.4203125 0.41620111731843573
1 0.4140625 0.7094972067039106 0.4125 0.7150837988826816 0.4078125 0.7150837988826816 0.4046875 0.7206703910614525 0.4046875 0.7318435754189944 0.4078125 0.7346368715083799 0.4078125 0.7430167597765364 0.4109375 0.7458100558659218 0.4109375 0.7541899441340782 0.4171875 0.7625698324022346 0.4171875 0.7737430167597765 0.4234375 0.7821229050279329 0.4234375 0.7905027932960894 0.4265625 0.7905027932960894 0.428125 0.7960893854748603 0.4359375 0.7960893854748603 0.4375 0.8016759776536313 0.453125 0.8016759776536313 0.459375 0.7905027932960894 0.459375 0.7821229050279329 0.4625 0.7793296089385475 0.4625 0.7625698324022346 0.465625 0.7597765363128491 0.465625 0.7513966480446927 0.46875 0.7486033519553073 0.46875 0.7402234636871509 0.471875 0.7374301675977654 0.471875 0.7262569832402235 0.4765625 0.723463687150838 0.4765625 0.7094972067039106 0.4734375 0.7094972067039106 0.471875 0.7039106145251397 0.4671875 0.7039106145251397 0.465625 0.6983240223463687 0.4578125 0.6983240223463687 0.45625 0.6927374301675978 0.44375 0.6927374301675978 0.44375 0.6955307262569832 0.4359375 0.7094972067039106 0.4140625 0.7094972067039106
1 0.35 0.5726256983240223 0.34375 0.5837988826815642 0.34375 0.61731843575419 0.346875 0.6201117318435754 0.346875 0.6284916201117319 0.35 0.6312849162011173 0.35 0.6368715083798883 0.353125 0.6368715083798883 0.3578125 0.6480446927374302 0.365625 0.6480446927374302 0.3671875 0.6536312849162011 0.3796875 0.6536312849162011 0.38125 0.6480446927374302 0.3859375 0.6480446927374302 0.3921875 0.6368715083798883 0.3921875 0.6312849162011173 0.3953125 0.6284916201117319 0.3953125 0.6145251396648045 0.3921875 0.611731843575419 0.3921875 0.5893854748603352 0.3859375 0.5782122905027933 0.38125 0.5782122905027933 0.3796875 0.5726256983240223 0.3671875 0.5726256983240223 0.365625 0.5670391061452514 0.3609375 0.5670391061452514 0.3609375 0.5698324022346368 0.359375 0.5726256983240223 0.35 0.5726256983240223
1 0.55 0.7039106145251397 0.55 0.7122905027932961 0.546875 0.7150837988826816 0.546875 0.7541899441340782 0.54375 0.7569832402234636 0.54375 0.7737430167597765 0.546875 0.776536312849162 0.546875 0.8016759776536313 0.5546875 0.8100558659217877 0.5546875 0.8212290502793296 0.559375 0.8212290502793296 0.5734375 0.8463687150837989 0.5734375 0.8547486033519553 0.5765625 0.8547486033519553 0.58125 0.8631284916201117 0.58125 0.8687150837988827 0.5875 0.8770949720670391 0.5875 0.8854748603351955 0.590625 0.888268156424581 0.590625 0.8966480446927374 0.6 0.9134078212290503 0.6 0.9217877094972067 0.603125 0.9217877094972067 0.6078125 0.9329608938547486 0.6125 0.9329608938547486 0.6140625 0.9385474860335196 0.6328125 0.9385474860335196 0.6375 0.9273743016759777 0.6421875 0.9273743016759777 0.6453125 0.9217877094972067 0.6453125 0.9134078212290503 0.6484375 0.9106145251396648 0.65 0.9022346368715084 0.653125 0.9022346368715084 0.653125 0.8938547486033519 0.65625 0.8910614525139665 0.65625 0.88268156424581 0.659375 0.8798882681564246 0.659375 0.8631284916201117 0.6625 0.8603351955307262 0.6625 0.8519553072625698 0.665625 0.8491620111731844 0.665625 0.840782122905028 0.66875 0.8379888268156425 0.66875 0.8296089385474861 0.671875 0.8268156424581006 0.671875 0.8156424581005587 0.6765625 0.8128491620111732 0.6765625 0.7988826815642458 0.6796875 0.7960893854748603 0.6796875 0.7625698324022346 0.6734375 0.7625698324022346 0.671875 0.7569832402234636 0.6640625 0.7569832402234636 0.6625 0.7625698324022346 0.6578125 0.7625698324022346 0.65625 0.7681564245810056 0.628125 0.7681564245810056 0.6265625 0.7625698324022346 0.6203125 0.7625698324022346 0.61875 0.7569832402234636 0.6140625 0.7569832402234636 0.6125 0.7513966480446927 0.6078125 0.7513966480446927 0.5984375 0.7346368715083799 0.59375 0.7346368715083799 0.5921875 0.7262569832402235 0.5875 0.7262569832402235 0.565625 0.6871508379888268 0.5546875 0.6871508379888268 0.5546875 0.6899441340782123 0.5546875 0.7011173184357542 0.55 0.7039106145251397
1 0.290625 0.164804469273743 0.2875 0.16759776536312848 0.2875 0.18994413407821228 0.284375 0.19273743016759776 0.284375 0.2011173184357542 0.2875 0.20391061452513967 0.2875 0.2122905027932961 0.290625 0.21787709497206703 0.303125 0.21787709497206703 0.3046875 0.2206703910614525 0.3046875 0.23184357541899442 0.315625 0.23184357541899442 0.3171875 0.22346368715083798 0.321875 0.22346368715083798 0.3234375 0.21787709497206703 0.3296875 0.21787709497206703 0.3359375 0.20670391061452514 0.3359375 0.16201117318435754 0.3328125 0.1564245810055866 0.3140625 0.1564245810055866 0.3125 0.15083798882681565 0.29375 0.15083798882681565 0.29375 0.15363128491620112 0.290625 0.1564245810055866 0.290625 0.164804469273743
1 0.290625 0.17039106145251395 0.2875 0.17318435754189945 0.2875 0.2122905027932961 0.29375 0.22346368715083798 0.303125 0.22346368715083798 0.3078125 0.23743016759776536 0.3109375 0.23184357541899442 0.315625 0.23184357541899442 0.3171875 0.22346368715083798 0.321875 0.22346368715083798 0.3234375 0.21787709497206703 0.3296875 0.21787709497206703 0.3359375 0.20670391061452514 0.3359375 0.19273743016759776 0.3328125 0.1871508379888268 0.3359375 0.18435754189944134 0.3359375 0.16201117318435754 0.3328125 0.1564245810055866 0.3109375 0.1564245810055866 0.309375 0.15083798882681565 0.29375 0.15083798882681565 0.29375 0.15363128491620112 0.290625 0.1564245810055866 0.290625 0.17039106145251395
1 0.23125 0.05027932960893855 0.2296875 0.055865921787709494 0.2234375 0.055865921787709494 0.2140625 0.07262569832402235 0.2140625 0.11173184357541899 0.2171875 0.11452513966480447 0.2171875 0.12290502793296089 0.2203125 0.12569832402234637 0.2203125 0.13687150837988826 0.2234375 0.13966480446927373 0.2234375 0.14804469273743018 0.228125 0.15083798882681565 0.228125 0.15921787709497207 0.240625 0.1787709497206704 0.240625 0.18435754189944134 0.25 0.2011173184357542 0.2546875 0.20391061452513967 0.2546875 0.2122905027932961 0.2640625 0.22625698324022347 0.2640625 0.23184357541899442 0.2765625 0.23184357541899442 0.2765625 0.22625698324022347 0.2828125 0.21787709497206703 0.2828125 0.19273743016759776 0.2859375 0.18994413407821228 0.2859375 0.16759776536312848 0.2890625 0.164804469273743 0.2890625 0.1452513966480447 0.2921875 0.1424581005586592 0.2921875 0.12569832402234637 0.2953125 0.12290502793296089 0.2953125 0.08379888268156424 0.2921875 0.08100558659217877 0.2921875 0.0670391061452514 0.2828125 0.05027932960893855 0.2734375 0.05027932960893855 0.271875 0.04189944134078212 0.2375 0.04189944134078212 0.2375 0.0446927374301676 0.2359375 0.05027932960893855 0.23125 0.05027932960893855
1 0.6703125 0.8491620111731844 0.6640625 0.8575418994413407 0.6640625 0.8687150837988827 0.6609375 0.8715083798882681 0.6609375 0.8854748603351955 0.6578125 0.888268156424581 0.6578125 0.8966480446927374 0.653125 0.9050279329608939 0.65 0.9050279329608939 0.65 0.9162011173184358 0.640625 0.9301675977653632 0.640625 0.9385474860335196 0.6375 0.9413407821229051 0.6375 0.9497206703910615 0.64375 0.9608938547486033 0.64375 0.9692737430167597 0.646875 0.9720670391061452 0.646875 0.9804469273743017 0.65 0.9860335195530726 0.653125 0.9860335195530726 0.6578125 0.9972067039106145 0.6828125 0.9972067039106145 0.684375 0.9916201117318436 0.6890625 0.9916201117318436 0.6890625 0.9832402234636871 0.6921875 0.9804469273743017 0.6921875 0.9720670391061452 0.6953125 0.9692737430167597 0.6953125 0.9608938547486033 0.6984375 0.9581005586592178 0.7 0.9497206703910615 0.703125 0.9497206703910615 0.709375 0.9385474860335196 0.709375 0.9301675977653632 0.7125 0.9273743016759777 0.7125 0.9189944134078212 0.71875 0.9106145251396648 0.71875 0.8994413407821229 0.721875 0.8966480446927374 0.721875 0.8631284916201117 0.71875 0.8603351955307262 0.71875 0.8463687150837989 0.715625 0.840782122905028 0.7109375 0.840782122905028 0.709375 0.835195530726257 0.7 0.835195530726257 0.6984375 0.8296089385474861 0.690625 0.8296089385474861 0.6890625 0.8240223463687151 0.678125 0.8240223463687151 0.678125 0.8268156424581006 0.6703125 0.835195530726257 0.6703125 0.8491620111731844
1 0.3078125 0.2988826815642458 0.3078125 0.30726256983240224 0.3109375 0.3100558659217877 0.3109375 0.3268156424581006 0.3140625 0.329608938547486 0.3140625 0.33798882681564246 0.3171875 0.3435754189944134 0.321875 0.3435754189944134 0.3234375 0.34916201117318435 0.3359375 0.34916201117318435 0.3453125 0.3324022346368715 0.3453125 0.31564245810055863 0.3421875 0.3100558659217877 0.3375 0.3100558659217877 0.3328125 0.2988826815642458 0.328125 0.2988826815642458 0.3265625 0.29329608938547486 0.3234375 0.29329608938547486 0.321875 0.2877094972067039 0.3109375 0.2877094972067039 0.3109375 0.2905027932960894 0.3109375 0.29608938547486036 0.3078125 0.2988826815642458
1 0.29375 0.36312849162011174 0.29375 0.39664804469273746 0.296875 0.3994413407821229 0.296875 0.4106145251396648 0.3 0.41620111731843573 0.30625 0.41620111731843573 0.3078125 0.42178770949720673 0.3296875 0.42178770949720673 0.3328125 0.41620111731843573 0.3328125 0.40502793296089384 0.3359375 0.4022346368715084 0.3359375 0.3770949720670391 0.3328125 0.3743016759776536 0.3328125 0.36312849162011174 0.3265625 0.35195530726256985 0.3203125 0.35195530726256985 0.31875 0.3463687150837989 0.3046875 0.3463687150837989 0.3046875 0.34916201117318435 0.3 0.35195530726256985 0.29375 0.36312849162011174
1 0.684375 0.5558659217877095 0.68125 0.5614525139664804 0.68125 0.6229050279329609 0.678125 0.6256983240223464 0.678125 0.664804469273743 0.68125 0.6675977653631285 0.68125 0.6955307262569832 0.678125 0.7011173184357542 0.68125 0.7067039106145251 0.678125 0.7122905027932961 0.68125 0.7150837988826816 0.68125 0.7318435754189944 0.690625 0.7458100558659218 0.690625 0.7541899441340782 0.69375 0.7597765363128491 0.6984375 0.7597765363128491 0.7 0.7653631284916201 0.7046875 0.7681564245810056 0.7046875 0.7737430167597765 0.7140625 0.7877094972067039 0.7140625 0.7960893854748603 0.7234375 0.8100558659217877 0.7234375 0.8212290502793296 0.7265625 0.8212290502793296 0.728125 0.8268156424581006 0.7359375 0.8268156424581006 0.7375 0.8324022346368715 0.759375 0.8324022346368715 0.7609375 0.8268156424581006 0.765625 0.8268156424581006 0.76875 0.8212290502793296 0.76875 0.8100558659217877 0.771875 0.8072625698324022 0.771875 0.7988826815642458 0.7765625 0.7960893854748603 0.7765625 0.7821229050279329 0.7796875 0.7793296089385475 0.7796875 0.7681564245810056 0.7828125 0.7653631284916201 0.7828125 0.7513966480446927 0.7859375 0.7486033519553073 0.7859375 0.7262569832402235 0.7890625 0.723463687150838 0.7890625 0.7150837988826816 0.7859375 0.7094972067039106 0.78125 0.7094972067039106 0.7796875 0.7039106145251397 0.7734375 0.7039106145251397 0.76875 0.6955307262569832 0.76875 0.6871508379888268 0.765625 0.6843575418994413 0.765625 0.6675977653631285 0.759375 0.659217877094972 0.759375 0.6508379888268156 0.753125 0.6424581005586593 0.753125 0.6312849162011173 0.75 0.6312849162011173 0.7453125 0.6229050279329609 0.7453125 0.6145251396648045 0.7421875 0.611731843575419 0.7421875 0.6033519553072626 0.7390625 0.6005586592178771 0.7390625 0.5893854748603352 0.7359375 0.5865921787709497 0.7359375 0.5782122905027933 0.7296875 0.5698324022346368 0.7296875 0.5614525139664804 0.7265625 0.5558659217877095 0.7234375 0.5558659217877095 0.721875 0.5502793296089385 0.7140625 0.5502793296089385 0.7140625 0.553072625698324 0.7125 0.5558659217877095 0.684375 0.5558659217877095
1 0.603125 0.4776536312849162 0.59375 0.4776536312849162 0.5828125 0.5 0.578125 0.5 0.5765625 0.5083798882681564 0.5703125 0.5083798882681564 0.5609375 0.5251396648044693 0.5609375 0.5391061452513967 0.5578125 0.5418994413407822 0.5578125 0.5586592178770949 0.546875 0.5726256983240223 0.546875 0.6284916201117319 0.55 0.6312849162011173 0.55 0.6424581005586593 0.5546875 0.6452513966480447 0.5546875 0.6536312849162011 0.5578125 0.6564245810055865 0.5578125 0.664804469273743 0.5640625 0.6731843575418994 0.5640625 0.6843575418994413 0.5671875 0.6899441340782123 0.5734375 0.6927374301675978 0.5734375 0.7011173184357542 0.5765625 0.7011173184357542 0.584375 0.7178770949720671 0.5890625 0.7178770949720671 0.59375 0.7262569832402235 0.59375 0.7318435754189944 0.5984375 0.7318435754189944 0.6 0.7374301675977654 0.60625 0.7374301675977654 0.6109375 0.7486033519553073 0.615625 0.7486033519553073 0.6171875 0.7541899441340782 0.621875 0.7541899441340782 0.6234375 0.7597765363128491 0.6296875 0.7597765363128491 0.63125 0.7653631284916201 0.6484375 0.7653631284916201 0.65 0.7597765363128491 0.659375 0.7597765363128491 0.6640625 0.7486033519553073 0.66875 0.7486033519553073 0.6734375 0.7374301675977654 0.6765625 0.7374301675977654 0.6765625 0.6089385474860335 0.6796875 0.6061452513966481 0.6796875 0.5977653631284916 0.6765625 0.5949720670391061 0.6765625 0.5893854748603352 0.6796875 0.5865921787709497 0.6796875 0.5782122905027933 0.6765625 0.5754189944134078 0.6765625 0.5558659217877095 0.671875 0.553072625698324 0.671875 0.5363128491620112 0.66875 0.5335195530726257 0.66875 0.5251396648044693 0.665625 0.5223463687150838 0.665625 0.5139664804469274 0.659375 0.505586592178771 0.659375 0.5 0.653125 0.4888268156424581 0.646875 0.4888268156424581 0.6421875 0.4776536312849162 0.6375 0.4776536312849162 0.6359375 0.4720670391061452 0.628125 0.4720670391061452 0.621875 0.46089385474860334 0.6140625 0.46089385474860334 0.6140625 0.46368715083798884 0.6078125 0.4664804469273743 0.603125 0.4776536312849162
1 0.4265625 0.39385474860335196 0.4234375 0.39385474860335196 0.4203125 0.3994413407821229 0.4203125 0.42178770949720673 0.4171875 0.4245810055865922 0.4171875 0.43854748603351956 0.4203125 0.441340782122905 0.4203125 0.46368715083798884 0.4234375 0.4664804469273743 0.4234375 0.4748603351955307 0.4265625 0.4748603351955307 0.43125 0.48324022346368717 0.43125 0.4972067039106145 0.434375 0.5 0.434375 0.505586592178771 0.4421875 0.49162011173184356 0.4421875 0.48324022346368717 0.4484375 0.4748603351955307 0.4484375 0.4664804469273743 0.453125 0.46368715083798884 0.453125 0.45251396648044695 0.45625 0.44972067039106145 0.45625 0.4134078212290503 0.453125 0.4106145251396648 0.453125 0.40502793296089384 0.45 0.40502793296089384 0.4453125 0.39664804469273746 0.4453125 0.388268156424581 0.440625 0.388268156424581 0.4390625 0.38268156424581007 0.434375 0.38268156424581007 0.434375 0.3854748603351955 0.428125 0.388268156424581 0.4265625 0.39385474860335196
1 0.496875 0.1787709497206704 0.496875 0.18435754189944134 0.5 0.1871508379888268 0.4984375 0.19273743016759776 0.484375 0.19273743016759776 0.4765625 0.20949720670391062 0.4640625 0.20949720670391062 0.4625 0.21508379888268156 0.4546875 0.21508379888268156 0.453125 0.2206703910614525 0.45 0.2206703910614525 0.446875 0.22625698324022347 0.446875 0.23184357541899442 0.4375 0.24581005586592178 0.4375 0.26536312849162014 0.434375 0.2681564245810056 0.434375 0.2737430167597765 0.4375 0.27932960893854747 0.434375 0.2849162011173184 0.4375 0.2877094972067039 0.4375 0.3547486033519553 0.440625 0.3575418994413408 0.440625 0.3687150837988827 0.44375 0.3715083798882682 0.44375 0.37988826815642457 0.4609375 0.40502793296089384 0.4609375 0.4106145251396648 0.4640625 0.41620111731843573 0.471875 0.41620111731843573 0.4734375 0.4106145251396648 0.4765625 0.4106145251396648 0.4765625 0.3994413407821229 0.4828125 0.39106145251396646 0.4828125 0.38268156424581007 0.4890625 0.3743016759776536 0.4890625 0.36312849162011174 0.4984375 0.34916201117318435 0.5 0.33798882681564246 0.503125 0.33798882681564246 0.50625 0.3324022346368715 0.50625 0.3240223463687151 0.509375 0.32122905027932963 0.509375 0.31564245810055863 0.515625 0.30726256983240224 0.515625 0.2988826815642458 0.521875 0.29608938547486036 0.5234375 0.2905027932960894 0.5265625 0.2905027932960894 0.5328125 0.27932960893854747 0.5328125 0.2681564245810056 0.5390625 0.26536312849162014 0.5390625 0.2569832402234637 0.55 0.23743016759776536 0.553125 0.23743016759776536 0.55625 0.23184357541899442 0.55625 0.22625698324022347 0.559375 0.22346368715083798 0.559375 0.21508379888268156 0.5625 0.2122905027932961 0.5625 0.20391061452513967 0.55625 0.19273743016759776 0.55 0.19273743016759776 0.5484375 0.1871508379888268 0.540625 0.1871508379888268 0.5390625 0.1787709497206704 0.534375 0.1787709497206704 0.5328125 0.17318435754189945 0.5140625 0.17318435754189945 0.5109375 0.16759776536312848 0.5109375 0.17039106145251395 0.509375 0.1787709497206704 0.496875 0.1787709497206704
1 0.4890625 0.0782122905027933 0.484375 0.0782122905027933 0.478125 0.0893854748603352 0.478125 0.11731843575418995 0.48125 0.12290502793296089 0.4859375 0.12290502793296089 0.4890625 0.12849162011173185 0.490625 0.12290502793296089 0.503125 0.12290502793296089 0.5046875 0.11731843575418995 0.515625 0.11731843575418995 0.5171875 0.12011173184357542 0.5171875 0.13687150837988826 0.53125 0.1564245810055866 0.53125 0.164804469273743 0.5375 0.17597765363128492 0.5453125 0.17597765363128492 0.546875 0.18435754189944134 0.559375 0.18435754189944134 0.559375 0.1787709497206704 0.55 0.1787709497206704 0.5484375 0.17597765363128492 0.5484375 0.1452513966480447 0.5453125 0.1424581005586592 0.5453125 0.12569832402234637 0.5421875 0.12290502793296089 0.5421875 0.10893854748603352 0.5359375 0.09776536312849161 0.5296875 0.09497206703910614 0.5296875 0.0893854748603352 0.5328125 0.08659217877094973 0.5328125 0.0782122905027933 0.5359375 0.07541899441340782 0.5359375 0.0670391061452514 0.53125 0.0670391061452514 0.5296875 0.061452513966480445 0.5 0.061452513966480445 0.5 0.06424581005586592 0.49375 0.0670391061452514 0.4890625 0.0782122905027933