1 0.6984375 0.5364705882352941 0.6953125 0.5411764705882353 0.6953125 0.5458823529411765 0.6921875 0.548235294117647 0.6921875 0.5552941176470588 0.6875 0.5576470588235294 0.6875 0.5623529411764706 0.684375 0.5647058823529412 0.684375 0.571764705882353 0.68125 0.5741176470588235 0.68125 0.5835294117647059 0.6765625 0.5858823529411765 0.6765625 0.6047058823529412 0.6734375 0.6070588235294118 0.6734375 0.6211764705882353 0.6765625 0.6235294117647059 0.6765625 0.6447058823529411 0.68125 0.6470588235294118 0.68125 0.6611764705882353 0.684375 0.6635294117647059 0.684375 0.6752941176470588 0.6875 0.6776470588235294 0.6875 0.6988235294117647 0.6921875 0.7011764705882353 0.6921875 0.7152941176470589 0.6953125 0.7176470588235294 0.6953125 0.7247058823529412 0.6984375 0.7270588235294118 0.6984375 0.7364705882352941 0.703125 0.7388235294117647 0.703125 0.7482352941176471 0.70625 0.7505882352941177 0.70625 0.7576470588235295 0.709375 0.76 0.709375 0.7647058823529411 0.7140625 0.7670588235294118 0.7140625 0.7741176470588236 0.7171875 0.7764705882352941 0.7171875 0.7858823529411765 0.725 0.7929411764705883 0.725 0.7976470588235294 0.7375 0.7976470588235294 0.7375 0.788235294117647 0.740625 0.7858823529411765 0.740625 0.7764705882352941 0.7484375 0.7694117647058824 0.7484375 0.76 0.759375 0.7482352941176471 0.759375 0.7435294117647059 0.7640625 0.7364705882352941 0.7703125 0.7364705882352941 0.7734375 0.731764705882353 0.7734375 0.7176470588235294 0.7703125 0.7152941176470589 0.7703125 0.7105882352941176 0.7734375 0.7082352941176471 0.7734375 0.7011764705882353 0.778125 0.6988235294117647 0.778125 0.6941176470588235 0.78125 0.691764705882353 0.7859375 0.7035294117647058 0.7984375 0.7035294117647058 0.8 0.6988235294117647 0.803125 0.6988235294117647 0.803125 0.6847058823529412 0.7984375 0.6823529411764706 0.7984375 0.6305882352941177 0.7953125 0.6282352941176471 0.7953125 0.5647058823529412 0.7921875 0.5623529411764706 0.7921875 0.5576470588235294 0.7828125 0.5576470588235294 0.78125 0.5647058823529412 0.775 0.5647058823529412 0.7734375 0.5694117647058824 0.76875 0.5694117647058824 0.7671875 0.5647058823529412 0.7578125 0.5647058823529412 0.75625 0.5694117647058824 0.746875 0.5694117647058824 0.7453125 0.5647058823529412 0.7390625 0.5647058823529412 0.734375 0.5529411764705883 0.7296875 0.5505882352941176 0.7296875 0.5411764705882353 0.7265625 0.5388235294117647 0.7265625 0.5317647058823529 0.70625 0.5317647058823529 0.70625 0.5341176470588235 0.7046875 0.5364705882352941 0.6984375 0.5364705882352941
1 0.7640625 0.7435294117647059 0.7625 0.7505882352941177 0.7578125 0.7505882352941177 0.7578125 0.7576470588235295 0.753125 0.76 0.753125 0.7647058823529411 0.746875 0.7717647058823529 0.746875 0.7858823529411765 0.7421875 0.788235294117647 0.7421875 0.7976470588235294 0.7390625 0.8 0.7390625 0.8188235294117647 0.7421875 0.8211764705882353 0.7421875 0.8352941176470589 0.746875 0.8376470588235294 0.746875 0.8564705882352941 0.75 0.8588235294117647 0.75 0.8776470588235294 0.753125 0.88 0.753125 0.9011764705882352 0.7578125 0.9035294117647059 0.7578125 0.9223529411764706 0.7609375 0.9247058823529412 0.7609375 0.9388235294117647 0.7640625 0.9411764705882353 0.7640625 0.9552941176470588 0.7671875 0.9552941176470588 0.771875 0.9623529411764706 0.771875 0.9670588235294117 0.775 0.971764705882353 0.778125 0.971764705882353 0.7796875 0.9764705882352941 0.784375 0.9764705882352941 0.7859375 0.9835294117647059 0.80625 0.9835294117647059 0.8078125 0.9764705882352941 0.8140625 0.9764705882352941 0.81875 0.9670588235294117 0.825 0.9670588235294117 0.825 0.9623529411764706 0.8328125 0.9505882352941176 0.8359375 0.9505882352941176 0.8359375 0.9458823529411765 0.84375 0.9341176470588235 0.846875 0.9341176470588235 0.846875 0.9247058823529412 0.85 0.9223529411764706 0.85 0.9129411764705883 0.8546875 0.9058823529411765 0.8609375 0.9058823529411765 0.865625 0.8941176470588236 0.86875 0.8941176470588236 0.86875 0.8870588235294118 0.875 0.8776470588235294 0.875 0.8705882352941177 0.8796875 0.8682352941176471 0.8796875 0.8588235294117647 0.8828125 0.8564705882352941 0.8828125 0.8376470588235294 0.8859375 0.8352941176470589 0.8859375 0.8047058823529412 0.8828125 0.8023529411764706 0.8828125 0.7835294117647059 0.8796875 0.7811764705882352 0.8796875 0.7717647058823529 0.875 0.7694117647058824 0.875 0.76 0.86875 0.7505882352941177 0.8640625 0.7482352941176471 0.8640625 0.7435294117647059 0.859375 0.7435294117647059 0.853125 0.7341176470588235 0.8046875 0.7341176470588235 0.803125 0.7388235294117647 0.8 0.7388235294117647 0.7984375 0.7341176470588235 0.79375 0.7341176470588235 0.7921875 0.7388235294117647 0.7828125 0.7388235294117647 0.78125 0.7341176470588235 0.771875 0.7341176470588235 0.771875 0.7364705882352941 0.7671875 0.7435294117647059 0.7640625 0.7435294117647059
1 0.1859375 0.3623529411764706 0.1796875 0.37176470588235294 0.178125 0.3788235294117647 0.175 0.3788235294117647 0.175 0.41411764705882353 0.171875 0.4164705882352941 0.171875 0.43058823529411766 0.175 0.4329411764705882 0.175 0.4682352941176471 0.1796875 0.47058823529411764 0.1796875 0.48 0.184375 0.48 0.1859375 0.48470588235294115 0.203125 0.48470588235294115 0.2046875 0.48 0.209375 0.48 0.2109375 0.4752941176470588 0.2140625 0.4752941176470588 0.2140625 0.47058823529411764 0.2203125 0.46352941176470586 0.2203125 0.4541176470588235 0.225 0.45176470588235296 0.225 0.4447058823529412 0.23125 0.43529411764705883 0.23125 0.4164705882352941 0.2359375 0.41411764705882353 0.2359375 0.3952941176470588 0.2390625 0.39294117647058824 0.2390625 0.38823529411764707 0.228125 0.3764705882352941 0.228125 0.37176470588235294 0.221875 0.37176470588235294 0.2203125 0.36705882352941177 0.19375 0.36705882352941177 0.1921875 0.36470588235294116 0.1921875 0.3552941176470588 0.190625 0.3552941176470588 0.190625 0.35764705882352943 0.1890625 0.3623529411764706 0.1859375 0.3623529411764706
1 0.1796875 0.41411764705882353 0.175 0.4164705882352941 0.175 0.4682352941176471 0.1796875 0.47058823529411764 0.1796875 0.48 0.184375 0.48 0.1859375 0.48470588235294115 0.203125 0.48470588235294115 0.2046875 0.48 0.209375 0.48 0.2109375 0.4752941176470588 0.2140625 0.4752941176470588 0.2140625 0.47058823529411764 0.2171875 0.4682352941176471 0.2171875 0.4611764705882353 0.2203125 0.4588235294117647 0.2203125 0.44941176470588234 0.225 0.4470588235294118 0.225 0.4329411764705882 0.228125 0.42823529411764705 0.221875 0.42823529411764705 0.2203125 0.4258823529411765 0.2203125 0.4164705882352941 0.215625 0.4164705882352941 0.2140625 0.4117647058823529 0.2109375 0.4117647058823529 0.209375 0.4047058823529412 0.190625 0.4047058823529412 0.1890625 0.4 0.1859375 0.4 0.1859375 0.4023529411764706 0.1796875 0.4047058823529412 0.1796875 0.41411764705882353
1 0.3859375 0.4 0.3859375 0.40941176470588236 0.378125 0.4211764705882353 0.375 0.4211764705882353 0.375 0.4258823529411765 0.371875 0.42823529411764705 0.371875 0.43529411764705883 0.36875 0.4376470588235294 0.3671875 0.4447058823529412 0.3640625 0.4447058823529412 0.3609375 0.44941176470588234 0.3609375 0.4588235294117647 0.3578125 0.4611764705882353 0.3578125 0.4752941176470588 0.3609375 0.4776470588235294 0.3609375 0.5011764705882353 0.3640625 0.5035294117647059 0.3640625 0.5388235294117647 0.36875 0.5411764705882353 0.36875 0.5505882352941176 0.371875 0.5529411764705883 0.371875 0.5670588235294117 0.3796875 0.5741176470588235 0.3796875 0.5835294117647059 0.3828125 0.5882352941176471 0.403125 0.5882352941176471 0.409375 0.5788235294117647 0.4109375 0.571764705882353 0.4140625 0.571764705882353 0.4203125 0.5623529411764706 0.421875 0.5552941176470588 0.425 0.5552941176470588 0.425 0.548235294117647 0.428125 0.5458823529411765 0.428125 0.5411764705882353 0.4328125 0.5341176470588235 0.4359375 0.5341176470588235 0.4359375 0.5247058823529411 0.44375 0.5129411764705882 0.446875 0.5129411764705882 0.446875 0.5035294117647059 0.45 0.5011764705882353 0.45 0.49411764705882355 0.453125 0.49176470588235294 0.453125 0.4823529411764706 0.4578125 0.48 0.4578125 0.47058823529411764 0.4609375 0.4682352941176471 0.4609375 0.4541176470588235 0.4640625 0.45176470588235296 0.4640625 0.42823529411764705 0.4609375 0.4258823529411765 0.4609375 0.4117647058823529 0.4578125 0.40941176470588236 0.4578125 0.4 0.4515625 0.4 0.45 0.3952941176470588 0.396875 0.3952941176470588 0.396875 0.3976470588235294 0.3953125 0.4 0.3859375 0.4
1 0.4296875 0.2164705882352941 0.4265625 0.2188235294117647 0.4265625 0.2235294117647059 0.421875 0.22588235294117648 0.415625 0.23529411764705882 0.415625 0.27294117647058824 0.4109375 0.2752941176470588 0.4109375 0.2988235294117647 0.4078125 0.30117647058823527 0.4078125 0.33647058823529413 0.4109375 0.3388235294117647 0.4109375 0.36 0.4140625 0.36 0.415625 0.36470588235294116 0.4203125 0.36470588235294116 0.421875 0.36941176470588233 0.43125 0.36941176470588233 0.4328125 0.36470588235294116 0.453125 0.36470588235294116 0.4546875 0.36 0.4640625 0.36 0.4640625 0.3552941176470588 0.46875 0.35294117647058826 0.46875 0.3458823529411765 0.471875 0.34352941176470586 0.471875 0.3247058823529412 0.475 0.32235294117647056 0.475 0.26823529411764707 0.471875 0.26588235294117646 0.471875 0.25882352941176473 0.46875 0.2564705882352941 0.46875 0.25176470588235295 0.4640625 0.24941176470588236 0.4640625 0.24235294117647058 0.459375 0.24235294117647058 0.4578125 0.24705882352941178 0.4515625 0.24705882352941178 0.45 0.25176470588235295 0.44375 0.25176470588235295 0.4421875 0.25882352941176473 0.4359375 0.2564705882352941 0.4359375 0.25176470588235295 0.440625 0.2447058823529412 0.446875 0.2447058823529412 0.45 0.24 0.45 0.23529411764705882 0.453125 0.23294117647058823 0.453125 0.21411764705882352 0.446875 0.20705882352941177 0.446875 0.2023529411764706 0.4328125 0.2023529411764706 0.4328125 0.20470588235294118 0.4296875 0.20941176470588235 0.4296875 0.2164705882352941
1 0.596875 0 0.596875 0.002352941176470588 0.596875 0.021176470588235293 0.6078125 0.03294117647058824 0.6078125 0.03764705882352941 0.6109375 0.042352941176470586 0.615625 0.04470588235294118 0.615625 0.05411764705882353 0.621875 0.06352941176470588 0.6265625 0.06588235294117648 0.6265625 0.07529411764705882 0.6328125 0.08235294117647059 0.6328125 0.08705882352941176 0.6359375 0.08705882352941176 0.64375 0.0988235294117647 0.64375 0.10352941176470588 0.65 0.10352941176470588 0.6515625 0.10823529411764705 0.671875 0.10823529411764705 0.6765625 0.09647058823529411 0.6828125 0.09647058823529411 0.6859375 0.09176470588235294 0.6859375 0.08235294117647059 0.69375 0.07529411764705882 0.69375 0.06588235294117648 0.696875 0.06352941176470588 0.696875 0.05647058823529412 0.7015625 0.05411764705882353 0.7015625 0.02823529411764706 0.7046875 0.02588235294117647 0.7046875 0 0.596875 0
1 0.61875 0.7270588235294118 0.6171875 0.7341176470588235 0.6109375 0.7341176470588235 0.6046875 0.7435294117647059 0.6046875 0.7529411764705882 0.6 0.7552941176470588 0.6 0.7647058823529411 0.596875 0.7670588235294118 0.596875 0.7905882352941176 0.59375 0.7929411764705883 0.59375 0.8070588235294117 0.596875 0.8094117647058824 0.596875 0.8305882352941176 0.6 0.8329411764705882 0.6 0.84 0.6046875 0.8423529411764706 0.6046875 0.8564705882352941 0.6078125 0.8588235294117647 0.6078125 0.8682352941176471 0.6109375 0.8705882352941177 0.6109375 0.8776470588235294 0.615625 0.88 0.615625 0.8894117647058823 0.61875 0.8917647058823529 0.61875 0.9011764705882352 0.621875 0.9035294117647059 0.621875 0.9176470588235294 0.625 0.9176470588235294 0.6296875 0.9247058823529412 0.6296875 0.9341176470588235 0.6328125 0.9388235294117647 0.6359375 0.9388235294117647 0.6375 0.9435294117647058 0.64375 0.9458823529411765 0.64375 0.9505882352941176 0.6609375 0.9505882352941176 0.6625 0.9435294117647058 0.66875 0.9435294117647058 0.6734375 0.9341176470588235 0.6796875 0.9341176470588235 0.6796875 0.9294117647058824 0.6828125 0.9270588235294117 0.6828125 0.92 0.6859375 0.9176470588235294 0.6859375 0.9129411764705883 0.69375 0.9058823529411765 0.69375 0.8964705882352941 0.696875 0.8941176470588236 0.696875 0.8870588235294118 0.7015625 0.8847058823529412 0.7015625 0.88 0.709375 0.8682352941176471 0.7125 0.8682352941176471 0.7125 0.8588235294117647 0.71875 0.851764705882353 0.71875 0.8423529411764706 0.7234375 0.84 0.7234375 0.8211764705882353 0.7265625 0.8188235294117647 0.7265625 0.8094117647058824 0.7234375 0.8070588235294117 0.7234375 0.8 0.7171875 0.8 0.715625 0.7929411764705883 0.7125 0.7905882352941176 0.7125 0.7764705882352941 0.7078125 0.7741176470588236 0.7078125 0.7670588235294118 0.7046875 0.7647058823529411 0.7046875 0.7552941176470588 0.7015625 0.7529411764705882 0.7015625 0.7435294117647059 0.696875 0.7411764705882353 0.696875 0.7341176470588235 0.69375 0.731764705882353 0.69375 0.7270588235294118 0.665625 0.7270588235294118 0.6640625 0.7223529411764706 0.6265625 0.7223529411764706 0.6265625 0.7247058823529412 0.625 0.7270588235294118 0.61875 0.7270588235294118
1 0.24375 0.6776470588235294 0.24375 0.6823529411764706 0.2375 0.6894117647058824 0.2375 0.7152941176470589 0.2328125 0.7176470588235294 0.2328125 0.72 0.2375 0.7223529411764706 0.2375 0.7529411764705882 0.240625 0.7552941176470588 0.240625 0.7647058823529411 0.24375 0.7670588235294118 0.24375 0.7858823529411765 0.246875 0.7858823529411765 0.2515625 0.7929411764705883 0.2515625 0.7976470588235294 0.2546875 0.8023529411764706 0.2640625 0.8023529411764706 0.265625 0.8070588235294117 0.2828125 0.8070588235294117 0.2875 0.7976470588235294 0.290625 0.7976470588235294 0.290625 0.7929411764705883 0.2984375 0.7811764705882352 0.3015625 0.7811764705882352 0.3015625 0.7670588235294118 0.3046875 0.7647058823529411 0.3046875 0.7505882352941177 0.3078125 0.7482352941176471 0.3078125 0.7270588235294118 0.3125 0.7247058823529412 0.3125 0.7011764705882353 0.3078125 0.6988235294117647 0.3078125 0.6894117647058824 0.296875 0.6729411764705883 0.2515625 0.6729411764705883 0.2515625 0.6752941176470588 0.25 0.6776470588235294 0.24375 0.6776470588235294
1 0.28125 0.24235294117647058 0.2796875 0.24705882352941178 0.2734375 0.24705882352941178 0.2703125 0.25176470588235295 0.2703125 0.2611764705882353 0.265625 0.2635294117647059 0.265625 0.27294117647058824 0.2625 0.2752941176470588 0.2625 0.3270588235294118 0.265625 0.32941176470588235 0.265625 0.33647058823529413 0.2703125 0.3388235294117647 0.2703125 0.34352941176470586 0.2734375 0.34823529411764703 0.2859375 0.34823529411764703 0.2875 0.34352941176470586 0.29375 0.34352941176470586 0.29375 0.32941176470588235 0.2984375 0.32235294117647056 0.3015625 0.32235294117647056 0.3015625 0.3176470588235294 0.309375 0.3058823529411765 0.3125 0.3058823529411765 0.3140625 0.2988235294117647 0.31875 0.2988235294117647 0.31875 0.2917647058823529 0.3234375 0.28941176470588237 0.3234375 0.2752941176470588 0.31875 0.27294117647058824 0.31875 0.2635294117647059 0.3125 0.2564705882352941 0.3125 0.25176470588235295 0.3078125 0.24941176470588236 0.3078125 0.24235294117647058 0.3015625 0.24 0.3015625 0.23529411764705882 0.2875 0.23529411764705882 0.2875 0.2376470588235294 0.2859375 0.24235294117647058 0.28125 0.24235294117647058
1 0.2046875 0.3176470588235294 0.203125 0.3247058823529412 0.2 0.3247058823529412 0.1984375 0.32941176470588235 0.19375 0.32941176470588235 0.19375 0.33647058823529413 0.190625 0.3388235294117647 0.1890625 0.3458823529411765 0.1796875 0.3458823529411765 0.1796875 0.35294117647058826 0.175 0.3552941176470588 0.175 0.3976470588235294 0.171875 0.4 0.171875 0.43058823529411766 0.175 0.4329411764705882 0.175 0.4682352941176471 0.1796875 0.47058823529411764 0.1796875 0.4752941176470588 0.1859375 0.48470588235294115 0.203125 0.48470588235294115 0.2046875 0.48 0.209375 0.48 0.2203125 0.46352941176470586 0.2203125 0.4541176470588235 0.228125 0.4470588235294118 0.228125 0.4376470588235294 0.23125 0.43529411764705883 0.23125 0.42823529411764705 0.2359375 0.4258823529411765 0.2359375 0.4117647058823529 0.2421875 0.4023529411764706 0.2421875 0.38823529411764707 0.246875 0.38588235294117645 0.246875 0.35058823529411764 0.2421875 0.34823529411764703 0.2421875 0.32941176470588235 0.2390625 0.3247058823529412 0.2328125 0.3247058823529412 0.23125 0.3176470588235294 0.221875 0.3176470588235294 0.21875 0.3129411764705882 0.21875 0.31529411764705884 0.2171875 0.3176470588235294 0.2046875 0.3176470588235294
1 0.5203125 0.5364705882352941 0.51875 0.5411764705882353 0.509375 0.5411764705882353 0.509375 0.5458823529411765 0.503125 0.5529411764705883 0.503125 0.5623529411764706 0.4984375 0.5647058823529412 0.4921875 0.5741176470588235 0.4921875 0.5835294117647059 0.4875 0.5858823529411765 0.4875 0.5952941176470589 0.484375 0.5976470588235294 0.484375 0.6282352941176471 0.4875 0.6305882352941177 0.4875 0.6611764705882353 0.4921875 0.6635294117647059 0.4921875 0.6705882352941176 0.4953125 0.6729411764705883 0.4953125 0.6823529411764706 0.4984375 0.6847058823529412 0.4984375 0.691764705882353 0.503125 0.6941176470588235 0.503125 0.7035294117647058 0.50625 0.7058823529411765 0.50625 0.72 0.509375 0.7223529411764706 0.509375 0.731764705882353 0.5140625 0.7341176470588235 0.5140625 0.7411764705882353 0.5203125 0.7505882352941177 0.5203125 0.7576470588235295 0.5234375 0.7576470588235295 0.525 0.7647058823529411 0.528125 0.7670588235294118 0.528125 0.7741176470588236 0.53125 0.7764705882352941 0.53125 0.7811764705882352 0.534375 0.7811764705882352 0.5359375 0.7858823529411765 0.559375 0.7858823529411765 0.5609375 0.7811764705882352 0.5671875 0.7811764705882352 0.5671875 0.7717647058823529 0.5734375 0.7647058823529411 0.5734375 0.7552941176470588 0.578125 0.7529411764705882 0.578125 0.7435294117647059 0.584375 0.7364705882352941 0.584375 0.7270588235294118 0.5921875 0.72 0.5921875 0.7105882352941176 0.6 0.6988235294117647 0.603125 0.6988235294117647 0.603125 0.6941176470588235 0.60625 0.691764705882353 0.60625 0.6847058823529412 0.609375 0.6823529411764706 0.609375 0.6776470588235294 0.6140625 0.6752941176470588 0.6140625 0.668235294117647 0.6171875 0.6658823529411765 0.6171875 0.6564705882352941 0.6203125 0.6541176470588236 0.6203125 0.6470588235294118 0.625 0.6447058823529411 0.625 0.6235294117647059 0.628125 0.6211764705882353 0.628125 0.6141176470588235 0.625 0.611764705882353 0.625 0.5905882352941176 0.6203125 0.5882352941176471 0.6203125 0.5811764705882353 0.6171875 0.5788235294117647 0.6171875 0.5694117647058824 0.6140625 0.5647058823529412 0.6078125 0.5647058823529412 0.603125 0.5529411764705883 0.6 0.5529411764705883 0.5953125 0.5458823529411765 0.5953125 0.5411764705882353 0.590625 0.5411764705882353 0.5890625 0.5364705882352941 0.575 0.5364705882352941 0.5734375 0.5317647058823529 0.553125 0.5317647058823529 0.553125 0.5341176470588235 0.5515625 0.5364705882352941 0.5203125 0.5364705882352941
1 0.465625 0.6729411764705883 0.4625 0.6776470588235294 0.4625 0.6823529411764706 0.459375 0.6847058823529412 0.459375 0.691764705882353 0.4546875 0.6941176470588235 0.4546875 0.7082352941176471 0.4515625 0.7105882352941176 0.4515625 0.7529411764705882 0.4546875 0.7552941176470588 0.4546875 0.7647058823529411 0.4578125 0.7647058823529411 0.4625 0.7717647058823529 0.4625 0.7811764705882352 0.465625 0.7835294117647059 0.465625 0.7905882352941176 0.4703125 0.7929411764705883 0.4703125 0.8023529411764706 0.4765625 0.8094117647058824 0.4765625 0.8141176470588235 0.48125 0.8164705882352942 0.48125 0.8235294117647058 0.484375 0.8258823529411765 0.484375 0.8305882352941176 0.490625 0.8305882352941176 0.4984375 0.8447058823529412 0.503125 0.8470588235294118 0.503125 0.851764705882353 0.50625 0.8564705882352941 0.515625 0.8564705882352941 0.5171875 0.8611764705882353 0.5296875 0.8611764705882353 0.53125 0.8564705882352941 0.5375 0.8564705882352941 0.5421875 0.8447058823529412 0.5453125 0.8447058823529412 0.5453125 0.8376470588235294 0.5515625 0.8305882352941176 0.5515625 0.8211764705882353 0.55625 0.8188235294117647 0.55625 0.8094117647058824 0.5625 0.8023529411764706 0.5625 0.788235294117647 0.53125 0.788235294117647 0.5265625 0.7811764705882352 0.5265625 0.7764705882352941 0.5234375 0.7741176470588236 0.5234375 0.76 0.5203125 0.76 0.5125 0.7482352941176471 0.5125 0.7388235294117647 0.5078125 0.7364705882352941 0.5078125 0.7223529411764706 0.5015625 0.7152941176470589 0.5015625 0.7011764705882353 0.496875 0.6988235294117647 0.496875 0.6894117647058824 0.49375 0.6870588235294117 0.49375 0.6776470588235294 0.490625 0.6729411764705883 0.4875 0.6729411764705883 0.4859375 0.668235294117647 0.4734375 0.668235294117647 0.4734375 0.6705882352941176 0.471875 0.6729411764705883 0.465625 0.6729411764705883
1 0.459375 0.04470588235294118 0.4578125 0.04941176470588235 0.4546875 0.04941176470588235 0.4546875 0.05411764705882353 0.446875 0.06588235294117648 0.44375 0.06588235294117648 0.44375 0.07529411764705882 0.440625 0.07764705882352942 0.440625 0.08705882352941176 0.4375 0.08941176470588236 0.4375 0.1411764705882353 0.440625 0.14352941176470588 0.440625 0.17411764705882352 0.44375 0.17647058823529413 0.44375 0.18352941176470589 0.4484375 0.18588235294117647 0.4484375 0.1952941176470588 0.4515625 0.1976470588235294 0.4515625 0.20705882352941177 0.4546875 0.20941176470588235 0.4546875 0.2164705882352941 0.459375 0.2188235294117647 0.459375 0.2235294117647059 0.4640625 0.2235294117647059 0.465625 0.2164705882352941 0.471875 0.2164705882352941 0.4734375 0.2188235294117647 0.4734375 0.2235294117647059 0.46875 0.23058823529411765 0.465625 0.23058823529411765 0.465625 0.2447058823529412 0.46875 0.2447058823529412 0.4734375 0.25176470588235295 0.4734375 0.2564705882352941 0.475 0.2564705882352941 0.475 0.24705882352941178 0.4796875 0.2447058823529412 0.4796875 0.2023529411764706 0.4828125 0.2 0.4828125 0.18588235294117647 0.4859375 0.18352941176470589 0.4859375 0.1388235294117647 0.4875 0.13647058823529412 0.49375 0.13647058823529412 0.4953125 0.1388235294117647 0.4953125 0.1623529411764706 0.5015625 0.1623529411764706 0.5046875 0.15764705882352942 0.50625 0.16705882352941176 0.503125 0.16941176470588235 0.5015625 0.17647058823529413 0.4984375 0.17647058823529413 0.4984375 0.18352941176470589 0.4953125 0.18588235294117647 0.4953125 0.1952941176470588 0.4921875 0.1976470588235294 0.4921875 0.24941176470588236 0.4875 0.25176470588235295 0.4875 0.2611764705882353 0.490625 0.2611764705882353 0.4921875 0.26588235294117646 0.4875 0.26823529411764707 0.4875 0.27294117647058824 0.490625 0.27294117647058824 0.4921875 0.2776470588235294 0.5078125 0.2776470588235294 0.509375 0.27294117647058824 0.5234375 0.27294117647058824 0.5234375 0.26823529411764707 0.5265625 0.26588235294117646 0.5265625 0.25882352941176473 0.5296875 0.2564705882352941 0.5296875 0.14352941176470588 0.5265625 0.1411764705882353 0.5265625 0.13176470588235295 0.5234375 0.12705882352941175 0.5171875 0.12705882352941175 0.515625 0.12470588235294118 0.515625 0.11529411764705882 0.5171875 0.11294117647058824 0.5234375 0.11294117647058824 0.5234375 0.10588235294117647 0.5265625 0.10352941176470588 0.5265625 0.07294117647058823 0.5234375 0.07058823529411765 0.5234375 0.05647058823529412 0.51875 0.05411764705882353 0.51875 0.04941176470588235 0.4984375 0.04941176470588235 0.4984375 0.058823529411764705 0.4921875 0.06588235294117648 0.490625 0.06352941176470588 0.490625 0.04470588235294118 0.4875 0.04470588235294118 0.4859375 0.04 0.4703125 0.04 0.4703125 0.042352941176470586 0.46875 0.04470588235294118 0.459375 0.04470588235294118
1 0.621875 0.32941176470588235 0.6203125 0.3341176470588235 0.615625 0.3341176470588235 0.6140625 0.3388235294117647 0.6109375 0.3388235294117647 0.6109375 0.34352941176470586 0.603125 0.3552941176470588 0.6 0.3552941176470588 0.6 0.36470588235294116 0.596875 0.36705882352941177 0.596875 0.4188235294117647 0.6 0.4211764705882353 0.6 0.43529411764705883 0.6046875 0.4376470588235294 0.6046875 0.4588235294117647 0.6078125 0.4611764705882353 0.6078125 0.4682352941176471 0.6109375 0.47058823529411764 0.6109375 0.48 0.615625 0.4823529411764706 0.615625 0.49176470588235294 0.621875 0.4988235294117647 0.621875 0.5058823529411764 0.628125 0.5058823529411764 0.6296875 0.5129411764705882 0.653125 0.5129411764705882 0.6546875 0.5058823529411764 0.6609375 0.5058823529411764 0.6625 0.5011764705882353 0.66875 0.5011764705882353 0.66875 0.49411764705882355 0.671875 0.49176470588235294 0.671875 0.48705882352941177 0.6828125 0.4752941176470588 0.6828125 0.47058823529411764 0.6875 0.46352941176470586 0.690625 0.46352941176470586 0.69375 0.4588235294117647 0.69375 0.4541176470588235 0.696875 0.45176470588235296 0.696875 0.4447058823529412 0.7015625 0.4423529411764706 0.7015625 0.4376470588235294 0.7078125 0.43058823529411766 0.7078125 0.4211764705882353 0.7125 0.4188235294117647 0.7125 0.3552941176470588 0.709375 0.3552941176470588 0.7046875 0.34823529411764703 0.7046875 0.3388235294117647 0.6984375 0.3388235294117647 0.696875 0.3341176470588235 0.684375 0.3341176470588235 0.6828125 0.32941176470588235 0.6765625 0.32941176470588235 0.675 0.3247058823529412 0.6296875 0.3247058823529412 0.6296875 0.3270588235294118 0.628125 0.32941176470588235 0.621875 0.32941176470588235
1 0.2875 0.37176470588235294 0.2875 0.39294117647058824 0.2921875 0.3952941176470588 0.2921875 0.40941176470588236 0.2953125 0.4117647058823529 0.2953125 0.4188235294117647 0.2984375 0.4211764705882353 0.2984375 0.43058823529411766 0.303125 0.4329411764705882 0.303125 0.4423529411764706 0.309375 0.45176470588235296 0.3140625 0.4541176470588235 0.3140625 0.4588235294117647 0.3171875 0.46352941176470586 0.340625 0.46352941176470586 0.3421875 0.4588235294117647 0.3484375 0.4588235294117647 0.35 0.45176470588235296 0.35625 0.45176470588235296 0.3625 0.4423529411764706 0.3640625 0.43529411764705883 0.3671875 0.43529411764705883 0.3734375 0.4258823529411765 0.375 0.4188235294117647 0.378125 0.4188235294117647 0.378125 0.4117647058823529 0.38125 0.40941176470588236 0.38125 0.4 0.378125 0.3952941176470588 0.3640625 0.3952941176470588 0.3625 0.38823529411764707 0.346875 0.38823529411764707 0.3453125 0.3835294117647059 0.3140625 0.3835294117647059 0.3125 0.3788235294117647 0.30625 0.3788235294117647 0.3046875 0.37176470588235294 0.2984375 0.37176470588235294 0.296875 0.3623529411764706 0.2921875 0.3623529411764706 0.2921875 0.36470588235294116 0.290625 0.37176470588235294 0.2875 0.37176470588235294