5 0.4203125 0.5174825174825175 0.4203125 0.5314685314685315 0.4234375 0.5337995337995338 0.4234375 0.5477855477855478 0.428125 0.5501165501165501 0.428125 0.5594405594405595 0.43125 0.5617715617715617 0.43125 0.5757575757575758 0.440625 0.585081585081585 0.440625 0.5617715617715617 0.4375 0.5594405594405595 0.4375 0.5454545454545454 0.4328125 0.5431235431235432 0.4328125 0.5337995337995338 0.4296875 0.5314685314685315 0.4296875 0.5221445221445221 0.4265625 0.5198135198135199 0.4265625 0.5058275058275058 0.4234375 0.5058275058275058 0.4171875 0.4965034965034965 0.4171875 0.4988344988344988 0.4171875 0.5151515151515151 0.4203125 0.5174825174825175
5 0.0078125 0.30536130536130535 0.0078125 0.3146853146853147 0.0125 0.317016317016317 0.0125 0.331002331002331 0.01875 0.34032634032634035 0.0234375 0.34265734265734266 0.0234375 0.351981351981352 0.0265625 0.3543123543123543 0.0265625 0.36363636363636365 0.034375 0.3706293706293706 0.034375 0.37995337995337997 0.0375 0.3822843822843823 0.0375 0.3962703962703963 0.040625 0.3986013986013986 0.040625 0.4125874125874126 0.04375 0.4125874125874126 0.0515625 0.42424242424242425 0.0515625 0.4382284382284382 0.0546875 0.4382284382284382 0.05625 0.44522144522144524 0.0625 0.4522144522144522 0.0625 0.46153846153846156 0.065625 0.46153846153846156 0.0703125 0.46853146853146854 0.0703125 0.47785547785547783 0.0765625 0.47785547785547783 0.0765625 0.46386946386946387 0.071875 0.46153846153846156 0.071875 0.4522144522144522 0.065625 0.44522144522144524 0.065625 0.4358974358974359 0.0609375 0.43356643356643354 0.0609375 0.42424242424242425 0.0578125 0.4219114219114219 0.0578125 0.4149184149184149 0.0546875 0.4125874125874126 0.0546875 0.40326340326340326 0.05 0.40093240093240096 0.05 0.3916083916083916 0.046875 0.38927738927738925 0.046875 0.3822843822843823 0.04375 0.37995337995337997 0.04375 0.3752913752913753 0.0390625 0.372960372960373 0.0390625 0.36596736596736595 0.0359375 0.36363636363636365 0.0359375 0.3543123543123543 0.0328125 0.351981351981352 0.0328125 0.34265734265734266 0.028125 0.34032634032634035 0.028125 0.3333333333333333 0.025 0.331002331002331 0.025 0.32167832167832167 0.021875 0.31934731934731936 0.021875 0.31002331002331 0.0171875 0.3076923076923077 0.0171875 0.3006993006993007 0.0140625 0.29836829836829837 0.0140625 0.2937062937062937 0.0109375 0.289044289044289 0.0046875 0.289044289044289 0.0046875 0.2913752913752914 0.0046875 0.30303030303030304 0.0078125 0.30536130536130535
5 0.7484375 0.6037296037296037 0.7484375 0.6083916083916084 0.753125 0.6107226107226107 0.753125 0.6177156177156177 0.75625 0.62004662004662 0.75625 0.6247086247086248 0.7640625 0.6317016317016317 0.7640625 0.6410256410256411 0.7703125 0.6480186480186481 0.7703125 0.6573426573426573 0.7734375 0.6573426573426573 0.78125 0.668997668997669 0.78125 0.6783216783216783 0.784375 0.6783216783216783 0.7890625 0.6853146853146853 0.7890625 0.6946386946386947 0.796875 0.7016317016317016 0.796875 0.7062937062937062 0.8 0.7086247086247086 0.8 0.7156177156177156 0.803125 0.717948717948718 0.803125 0.7226107226107226 0.8078125 0.7249417249417249 0.8078125 0.7319347319347319 0.8109375 0.7342657342657343 0.8109375 0.7389277389277389 0.8171875 0.7389277389277389 0.8171875 0.7342657342657343 0.8203125 0.7296037296037297 0.8171875 0.7272727272727273 0.8171875 0.717948717948718 0.8140625 0.717948717948718 0.809375 0.710955710955711 0.809375 0.7016317016317016 0.80625 0.696969696969697 0.803125 0.696969696969697 0.7984375 0.6899766899766899 0.7984375 0.6853146853146853 0.7953125 0.682983682983683 0.7953125 0.668997668997669 0.7921875 0.668997668997669 0.784375 0.6573426573426573 0.784375 0.6526806526806527 0.7796875 0.6503496503496503 0.7796875 0.6433566433566433 0.7734375 0.634032634032634 0.7734375 0.627039627039627 0.76875 0.6247086247086248 0.76875 0.6153846153846154 0.7625 0.6083916083916084 0.7625 0.5990675990675991 0.759375 0.5990675990675991 0.7546875 0.5920745920745921 0.7546875 0.5874125874125874 0.7515625 0.5827505827505828 0.7453125 0.5827505827505828 0.7453125 0.585081585081585 0.7453125 0.6013986013986014 0.7484375 0.6037296037296037
5 0 0.31934731934731936 0.0046875 0.32167832167832167 0.0046875 0.3356643356643357 0.0078125 0.337995337995338 0.0078125 0.3473193473193473 0.0125 0.34965034965034963 0.0125 0.36363636363636365 0.015625 0.36596736596736595 0.015625 0.372960372960373 0.01875 0.3752913752913753 0.01875 0.38927738927738925 0.0234375 0.3916083916083916 0.0234375 0.40093240093240096 0.0265625 0.40326340326340326 0.0265625 0.4125874125874126 0.0296875 0.4149184149184149 0.0296875 0.4219114219114219 0.034375 0.42424242424242425 0.034375 0.4382284382284382 0.040625 0.44755244755244755 0.040625 0.45454545454545453 0.0453125 0.4568764568764569 0.0453125 0.4662004662004662 0.0484375 0.46853146853146854 0.0484375 0.47785547785547783 0.05625 0.48484848484848486 0.05625 0.49417249417249415 0.0609375 0.49417249417249415 0.0609375 0.4801864801864802 0.0578125 0.47785547785547783 0.0578125 0.46853146853146854 0.0546875 0.4662004662004662 0.0546875 0.4568764568764569 0.05 0.45454545454545453 0.05 0.44755244755244755 0.046875 0.44522144522144524 0.046875 0.4358974358974359 0.04375 0.43356643356643354 0.04375 0.42424242424242425 0.0390625 0.4219114219114219 0.0390625 0.4149184149184149 0.0359375 0.4125874125874126 0.0359375 0.3986013986013986 0.0328125 0.3962703962703963 0.0328125 0.3916083916083916 0.028125 0.38927738927738925 0.028125 0.3822843822843823 0.025 0.37995337995337997 0.025 0.3706293706293706 0.021875 0.3682983682983683 0.021875 0.358974358974359 0.0171875 0.35664335664335667 0.0171875 0.34965034965034963 0.0140625 0.3473193473193473 0.0140625 0.3333333333333333 0.0109375 0.331002331002331 0.0109375 0.32634032634032634 0.00625 0.32400932400932403 0.00625 0.317016317016317 0 0.317016317016317 0 0.31934731934731936
5 0.9421875 0.7132867132867133 0.9421875 0.7808857808857809 0.9453125 0.7832167832167832 0.9453125 0.7878787878787878 0.9421875 0.7902097902097902 0.9421875 0.8531468531468531 0.9453125 0.8554778554778555 0.9453125 0.9673659673659674 0.95 0.9696969696969697 0.95 0.993006993006993 0.953125 0.9976689976689976 0.959375 0.9976689976689976 0.9625 0.993006993006993 0.9625 0.9696969696969697 0.959375 0.9673659673659674 0.959375 0.8764568764568764 0.9546875 0.8741258741258742 0.9546875 0.745920745920746 0.9515625 0.7435897435897436 0.9515625 0.717948717948718 0.9546875 0.7156177156177156 0.9546875 0.7016317016317016 0.9515625 0.6993006993006993 0.9515625 0.6596736596736597 0.9484375 0.6573426573426573 0.9484375 0.6480186480186481 0.94375 0.6456876456876457 0.94375 0.627039627039627 0.9390625 0.62004662004662 0.9390625 0.6223776223776224 0.9390625 0.710955710955711 0.9421875 0.7132867132867133
5 0.73125 0.18414918414918416 0.7265625 0.1864801864801865 0.7265625 0.20046620046620048 0.7296875 0.20046620046620048 0.7328125 0.20512820512820512 0.734375 0.20046620046620048 0.740625 0.20046620046620048 0.740625 0.17016317016317017 0.74375 0.16783216783216784 0.74375 0.04428904428904429 0.734375 0.04428904428904429 0.734375 0.046620046620046623 0.73125 0.04895104895104895 0.73125 0.18414918414918416
5 0.1765625 0.8391608391608392 0.1765625 0.8787878787878788 0.171875 0.8811188811188811 0.171875 0.8951048951048951 0.16875 0.8974358974358975 0.16875 0.9114219114219114 0.165625 0.9137529137529138 0.165625 0.9347319347319347 0.1609375 0.9370629370629371 0.1609375 0.993006993006993 0.1640625 0.993006993006993 0.165625 0.9976689976689976 0.1859375 0.9976689976689976 0.1890625 0.993006993006993 0.1890625 0.9044289044289044 0.1921875 0.9020979020979021 0.1921875 0.8811188811188811 0.1890625 0.8787878787878788 0.1890625 0.8554778554778555 0.1921875 0.8531468531468531 0.1921875 0.8391608391608392 0.1875 0.8391608391608392 0.1859375 0.8321678321678322 0.1828125 0.8321678321678322 0.1828125 0.8344988344988346 0.18125 0.8391608391608392 0.1765625 0.8391608391608392
5 0.23125 0.3752913752913753 0.23125 0.38461538461538464 0.234375 0.38694638694638694 0.234375 0.40093240093240096 0.2375 0.40326340326340326 0.2375 0.4172494172494173 0.2421875 0.4195804195804196 0.2421875 0.4289044289044289 0.2484375 0.4382284382284382 0.253125 0.4405594405594406 0.253125 0.44988344988344986 0.25625 0.4522144522144522 0.25625 0.46153846153846156 0.259375 0.46386946386946387 0.259375 0.47086247086247085 0.2625 0.47086247086247085 0.2640625 0.47785547785547783 0.2703125 0.48717948717948717 0.275 0.48951048951048953 0.275 0.5034965034965035 0.278125 0.5058275058275058 0.278125 0.5314685314685315 0.28125 0.5337995337995338 0.28125 0.5477855477855478 0.2859375 0.5501165501165501 0.2859375 0.5594405594405595 0.2890625 0.5617715617715617 0.2890625 0.5757575757575758 0.2921875 0.578088578088578 0.2921875 0.585081585081585 0.296875 0.5874125874125874 0.296875 0.5967365967365967 0.3 0.5990675990675991 0.3 0.6083916083916084 0.303125 0.6107226107226107 0.303125 0.6177156177156177 0.3078125 0.62004662004662 0.3078125 0.6293706293706294 0.3109375 0.6317016317016317 0.3109375 0.6410256410256411 0.3125 0.6410256410256411 0.3125 0.627039627039627 0.3171875 0.6247086247086248 0.3171875 0.6153846153846154 0.3125 0.6130536130536131 0.3125 0.5990675990675991 0.309375 0.5967365967365967 0.309375 0.5874125874125874 0.30625 0.585081585081585 0.30625 0.5710955710955711 0.3015625 0.5687645687645687 0.3015625 0.5617715617715617 0.2953125 0.5524475524475524 0.2953125 0.5454545454545454 0.290625 0.5431235431235432 0.290625 0.5291375291375291 0.2875 0.5268065268065268 0.2875 0.5174825174825175 0.284375 0.5151515151515151 0.284375 0.5058275058275058 0.2796875 0.5034965034965035 0.2796875 0.48951048951048953 0.2765625 0.48717948717948717 0.2765625 0.4801864801864802 0.2734375 0.47785547785547783 0.2734375 0.46386946386946387 0.2703125 0.46386946386946387 0.26875 0.4568764568764569 0.265625 0.45454545454545453 0.265625 0.44755244755244755 0.2625 0.44522144522144524 0.2625 0.4358974358974359 0.259375 0.4358974358974359 0.2546875 0.4289044289044289 0.2546875 0.4195804195804196 0.246875 0.4125874125874126 0.246875 0.40326340326340326 0.24375 0.40093240093240096 0.24375 0.38694638694638694 0.240625 0.38461538461538464 0.240625 0.3752913752913753 0.2359375 0.372960372960373 0.2359375 0.36596736596736595 0.2328125 0.36363636363636365 0.2328125 0.358974358974359 0.2296875 0.3543123543123543 0.2265625 0.3543123543123543 0.2265625 0.35664335664335667 0.2265625 0.372960372960373 0.23125 0.3752913752913753
5 0.5546875 0.43123543123543123 0.5484375 0.43123543123543123 0.546875 0.4405594405594406 0.540625 0.4405594405594406 0.540625 0.44988344988344986 0.5375 0.4522144522144522 0.5375 0.46153846153846156 0.5328125 0.46853146853146854 0.5296875 0.46853146853146854 0.5296875 0.4825174825174825 0.5234375 0.48951048951048953 0.521875 0.4965034965034965 0.51875 0.4965034965034965 0.51875 0.5034965034965035 0.515625 0.5058275058275058 0.515625 0.5151515151515151 0.5109375 0.5221445221445221 0.5078125 0.5221445221445221 0.5078125 0.5314685314685315 0.503125 0.5384615384615384 0.5 0.5384615384615384 0.5 0.5431235431235432 0.496875 0.5454545454545454 0.496875 0.5524475524475524 0.49375 0.5547785547785548 0.49375 0.5641025641025641 0.4890625 0.5664335664335665 0.4890625 0.5757575757575758 0.4828125 0.5827505827505828 0.4828125 0.5920745920745921 0.478125 0.5944055944055944 0.478125 0.6013986013986014 0.475 0.6037296037296037 0.475 0.6083916083916084 0.48125 0.6083916083916084 0.48125 0.6037296037296037 0.4890625 0.5920745920745921 0.4921875 0.5920745920745921 0.4921875 0.5874125874125874 0.4953125 0.585081585081585 0.4953125 0.578088578088578 0.4984375 0.5757575757575758 0.5 0.5687645687645687 0.503125 0.5687645687645687 0.503125 0.5617715617715617 0.50625 0.5594405594405595 0.50625 0.5501165501165501 0.5140625 0.5431235431235432 0.5140625 0.5384615384615384 0.5171875 0.5361305361305362 0.5171875 0.5291375291375291 0.521875 0.5268065268065268 0.521875 0.5221445221445221 0.525 0.5198135198135199 0.525 0.5128205128205128 0.528125 0.5104895104895105 0.528125 0.5058275058275058 0.5359375 0.4988344988344988 0.5359375 0.48951048951048953 0.540625 0.4825174825174825 0.54375 0.4825174825174825 0.54375 0.4731934731934732 0.546875 0.47086247086247085 0.546875 0.46386946386946387 0.55 0.46153846153846156 0.5515625 0.45454545454545453 0.5546875 0.45454545454545453 0.5546875 0.44755244755244755 0.5578125 0.44522144522144524 0.5578125 0.4405594405594406 0.5625 0.43356643356643354 0.565625 0.43356643356643354 0.565625 0.4195804195804196 0.559375 0.4195804195804196 0.559375 0.4219114219114219 0.55625 0.42424242424242425 0.5546875 0.43123543123543123
5 0.6828125 0.8111888111888111 0.6828125 0.8205128205128205 0.6765625 0.8275058275058275 0.6765625 0.8368298368298368 0.671875 0.8391608391608392 0.671875 0.8531468531468531 0.665625 0.8601398601398601 0.665625 0.8694638694638694 0.6609375 0.8717948717948718 0.6609375 0.8857808857808858 0.6578125 0.8881118881118881 0.6578125 0.8951048951048951 0.6546875 0.8974358974358975 0.6546875 0.9067599067599068 0.65 0.9090909090909091 0.65 0.9184149184149184 0.646875 0.9207459207459208 0.646875 0.9347319347319347 0.64375 0.9370629370629371 0.64375 0.951048951048951 0.6390625 0.9533799533799534 0.6390625 0.9603729603729604 0.6359375 0.9627039627039627 0.6359375 0.972027972027972 0.6328125 0.9743589743589743 0.6328125 0.9976689976689976 0.6421875 0.9976689976689976 0.6421875 0.9906759906759907 0.6453125 0.9883449883449883 0.6453125 0.9743589743589743 0.6484375 0.972027972027972 0.6484375 0.9627039627039627 0.653125 0.9603729603729604 0.653125 0.9463869463869464 0.65625 0.9440559440559441 0.65625 0.9300699300699301 0.659375 0.9277389277389277 0.6609375 0.9184149184149184 0.6640625 0.9184149184149184 0.6640625 0.9044289044289044 0.6703125 0.8951048951048951 0.6703125 0.8881118881118881 0.675 0.8857808857808858 0.675 0.8717948717948718 0.678125 0.8694638694638694 0.678125 0.8601398601398601 0.68125 0.8578088578088578 0.68125 0.8438228438228438 0.6890625 0.8368298368298368 0.6890625 0.8275058275058275 0.6921875 0.8251748251748252 0.6921875 0.8158508158508159 0.696875 0.8135198135198135 0.696875 0.8065268065268065 0.69375 0.8065268065268065 0.6921875 0.7995337995337995 0.690625 0.7995337995337995 0.690625 0.8018648018648019 0.6859375 0.8111888111888111 0.6828125 0.8111888111888111
5 0.621875 0 0.621875 0.002331002331002331 0.621875 0.02097902097902098 0.625 0.023310023310023312 0.625 0.037296037296037296 0.628125 0.039627039627039624 0.628125 0.05827505827505827 0.6328125 0.06060606060606061 0.6328125 0.07925407925407925 0.6359375 0.08158508158508158 0.6359375 0.10256410256410256 0.6390625 0.1048951048951049 0.6390625 0.12354312354312354 0.64375 0.1258741258741259 0.64375 0.15151515151515152 0.646875 0.15384615384615385 0.646875 0.18414918414918416 0.65 0.1864801864801865 0.65 0.21678321678321677 0.6546875 0.2191142191142191 0.6546875 0.26573426573426573 0.6578125 0.2680652680652681 0.6578125 0.3356643356643357 0.6609375 0.331002331002331 0.6640625 0.331002331002331 0.6640625 0.20745920745920746 0.659375 0.20512820512820512 0.659375 0.1794871794871795 0.65625 0.17715617715617715 0.65625 0.14685314685314685 0.653125 0.1445221445221445 0.653125 0.1258741258741259 0.6484375 0.12354312354312354 0.6484375 0.08857808857808858 0.6453125 0.08624708624708624 0.6453125 0.06526806526806526 0.6421875 0.06293706293706294 0.6421875 0.04895104895104895 0.6375 0.046620046620046623 0.6375 0.027972027972027972 0.634375 0.02564102564102564 0.634375 0.006993006993006993 0.63125 0.004662004662004662 0.63125 0 0.621875 0
2 0 0.28205128205128205 0.003125 0.28205128205128205 0.0046875 0.2867132867132867 0.0109375 0.2867132867132867 0.0125 0.2913752913752914 0.0171875 0.2913752913752914 0.01875 0.29836829836829837 0.025 0.29836829836829837 0.0265625 0.30303030303030304 0.0390625 0.30303030303030304 0.040625 0.3076923076923077 0.05 0.3076923076923077 0.0515625 0.3146853146853147 0.0609375 0.3146853146853147 0.0625 0.31934731934731936 0.090625 0.31934731934731936 0.0953125 0.3076923076923077 0.0984375 0.3076923076923077 0.0984375 0.3006993006993007 0.1015625 0.29836829836829837 0.1015625 0.2937062937062937 0.1046875 0.2913752913752914 0.1046875 0.2564102564102564 0.1015625 0.2540792540792541 0.1015625 0.24475524475524477 0.0984375 0.24242424242424243 0.0984375 0.23543123543123542 0.1015625 0.2331002331002331 0.1015625 0.22843822843822845 0.0984375 0.22377622377622378 0.0953125 0.22377622377622378 0.09375 0.2191142191142191 0.0890625 0.2191142191142191 0.0875 0.21212121212121213 0.0734375 0.21212121212121213 0.0734375 0.21445221445221446 0.071875 0.2191142191142191 0.0375 0.2191142191142191 0.0359375 0.22377622377622378 0.0328125 0.2191142191142191 0 0.2191142191142191 0 0.28205128205128205
2 0.8140625 0.40792540792540793 0.8125 0.4149184149184149 0.803125 0.4149184149184149 0.8015625 0.4195804195804196 0.796875 0.4195804195804196 0.796875 0.4289044289044289 0.8671875 0.4289044289044289 0.86875 0.43356643356643354 0.871875 0.43356643356643354 0.8765625 0.4405594405594406 0.8765625 0.44522144522144524 0.8828125 0.44522144522144524 0.8875 0.45454545454545453 0.896875 0.45454545454545453 0.8984375 0.46153846153846156 0.915625 0.46153846153846156 0.915625 0.4522144522144522 0.91875 0.44988344988344986 0.9203125 0.4522144522144522 0.9203125 0.46153846153846156 0.94375 0.46153846153846156 0.9453125 0.4662004662004662 0.9953125 0.4662004662004662 0.9984375 0.46153846153846156 0.9984375 0.4358974358974359 0.9921875 0.4289044289044289 0.9921875 0.42424242424242425 0.9828125 0.42424242424242425 0.98125 0.4195804195804196 0.9671875 0.4195804195804196 0.965625 0.4149184149184149 0.95 0.4149184149184149 0.9484375 0.40792540792540793 0.909375 0.40792540792540793 0.9078125 0.40326340326340326 0.840625 0.40326340326340326 0.840625 0.40559440559440557 0.8390625 0.40792540792540793 0.8140625 0.40792540792540793
2 0.690625 0.5501165501165501 0.6859375 0.5617715617715617 0.6796875 0.5617715617715617 0.675 0.5710955710955711 0.671875 0.5710955710955711 0.671875 0.5804195804195804 0.6671875 0.5874125874125874 0.6609375 0.5874125874125874 0.6609375 0.5920745920745921 0.653125 0.6037296037296037 0.65 0.6037296037296037 0.65 0.6083916083916084 0.646875 0.6107226107226107 0.646875 0.634032634032634 0.6578125 0.6503496503496503 0.6703125 0.6503496503496503 0.6765625 0.6410256410256411 0.68125 0.6410256410256411 0.68125 0.6363636363636364 0.6859375 0.634032634032634 0.6875 0.6293706293706294 0.6921875 0.6293706293706294 0.69375 0.6247086247086248 0.7109375 0.6247086247086248 0.7125 0.6177156177156177 0.71875 0.6177156177156177 0.7203125 0.6130536130536131 0.725 0.6130536130536131 0.7265625 0.6083916083916084 0.7328125 0.6083916083916084 0.7328125 0.6037296037296037 0.7375 0.5967365967365967 0.740625 0.5967365967365967 0.740625 0.5827505827505828 0.74375 0.5804195804195804 0.74375 0.5710955710955711 0.7546875 0.5594405594405595 0.7546875 0.5547785547785548 0.7515625 0.5501165501165501 0.7484375 0.5501165501165501 0.746875 0.5454545454545454 0.7046875 0.5454545454545454 0.7046875 0.5477855477855478 0.703125 0.5501165501165501 0.690625 0.5501165501165501
2 0 0.7272727272727273 0.003125 0.7272727272727273 0.00625 0.7226107226107226 0.00625 0.717948717948718 0.0109375 0.7156177156177156 0.0125 0.710955710955711 0.021875 0.710955710955711 0.0234375 0.7062937062937062 0.028125 0.7062937062937062 0.028125 0.7016317016317016 0.0328125 0.6993006993006993 0.0375 0.6899766899766899 0.04375 0.6899766899766899 0.04375 0.6853146853146853 0.0515625 0.6736596736596736 0.0578125 0.6736596736596736 0.0578125 0.668997668997669 0.0625 0.662004662004662 0.065625 0.662004662004662 0.06875 0.6573426573426573 0.06875 0.6480186480186481 0.0734375 0.6410256410256411 0.0796875 0.6410256410256411 0.0796875 0.6317016317016317 0.084375 0.6247086247086248 0.0875 0.6247086247086248 0.0875 0.6153846153846154 0.090625 0.6130536130536131 0.090625 0.5990675990675991 0.0953125 0.5920745920745921 0.0984375 0.5920745920745921 0.1 0.585081585081585 0.1203125 0.585081585081585 0.121875 0.5874125874125874 0.121875 0.6013986013986014 0.125 0.6037296037296037 0.125 0.6083916083916084 0.1375 0.6083916083916084 0.1390625 0.6177156177156177 0.14375 0.62004662004662 0.14375 0.6247086247086248 0.1484375 0.6247086247086248 0.1546875 0.634032634032634 0.1609375 0.6247086247086248 0.1640625 0.6247086247086248 0.165625 0.6177156177156177 0.1703125 0.6177156177156177 0.171875 0.6130536130536131 0.175 0.6130536130536131 0.1765625 0.6177156177156177 0.18125 0.6177156177156177 0.1828125 0.6130536130536131 0.1921875 0.6130536130536131 0.19375 0.6083916083916084 0.2 0.6083916083916084 0.2015625 0.6130536130536131 0.2140625 0.6130536130536131 0.215625 0.6083916083916084 0.2328125 0.6083916083916084 0.2328125 0.5990675990675991 0.2359375 0.5967365967365967 0.2359375 0.5827505827505828 0.24375 0.5757575757575758 0.2453125 0.5687645687645687 0.2546875 0.5687645687645687 0.25625 0.5641025641025641 0.2625 0.5641025641025641 0.2625 0.5454545454545454 0.2578125 0.5431235431235432 0.2578125 0.5337995337995338 0.259375 0.5314685314685315 0.26875 0.5314685314685315 0.2703125 0.5268065268065268 0.2765625 0.5268065268065268 0.2765625 0.5058275058275058 0.2734375 0.5034965034965035 0.2734375 0.4965034965034965 0.26875 0.49417249417249415 0.26875 0.48484848484848486 0.265625 0.4801864801864802 0.259375 0.4801864801864802 0.2578125 0.4731934731934732 0.253125 0.4731934731934732 0.2515625 0.46853146853146854 0.2375 0.46853146853146854 0.2359375 0.46386946386946387 0.2296875 0.46153846153846156 0.2296875 0.4568764568764569 0.1546875 0.4568764568764569 0.153125 0.4522144522144522 0.1359375 0.4522144522144522 0.1359375 0.45454545454545453 0.134375 0.4568764568764569 0.125 0.4568764568764569 0.1234375 0.46386946386946387 0.1140625 0.46386946386946387 0.1125 0.46853146853146854 0.103125 0.46853146853146854 0.1015625 0.4731934731934732 0.0953125 0.4731934731934732 0.09375 0.4801864801864802 0.0890625 0.4801864801864802 0.0875 0.48484848484848486 0.078125 0.48484848484848486 0.0765625 0.48951048951048953 0.0734375 0.48951048951048953 0.071875 0.4965034965034965 0.0671875 0.4965034965034965 0.065625 0.5011655011655012 0.05625 0.5011655011655012 0.0546875 0.5058275058275058 0.0453125 0.5058275058275058 0.04375 0.5128205128205128 0.0375 0.5128205128205128 0.0359375 0.5174825174825175 0.0296875 0.5174825174825175 0.028125 0.5221445221445221 0.0234375 0.5221445221445221 0.0234375 0.5268065268065268 0.01875 0.5291375291375291 0.0171875 0.5337995337995338 0.0125 0.5337995337995338 0.0109375 0.5384615384615384 0.0078125 0.5384615384615384 0.0078125 0.5477855477855478 0.003125 0.5547785547785548 0 0.5547785547785548 0 0.634032634032634 0.003125 0.634032634032634 0.0046875 0.6410256410256411 0 0.6433566433566433 0 0.7272727272727273
2 0.5671875 0.4172494172494173 0.5703125 0.4195804195804196 0.5703125 0.4289044289044289 0.5765625 0.4289044289044289 0.578125 0.43356643356643354 0.590625 0.43356643356643354 0.5921875 0.4382284382284382 0.6015625 0.4382284382284382 0.603125 0.44522144522144524 0.6125 0.44522144522144524 0.6140625 0.44988344988344986 0.6203125 0.44988344988344986 0.621875 0.45454545454545453 0.634375 0.45454545454545453 0.6359375 0.46153846153846156 0.6421875 0.46153846153846156 0.64375 0.45454545454545453 0.6484375 0.45454545454545453 0.65 0.44988344988344986 0.65625 0.44988344988344986 0.6609375 0.4382284382284382 0.678125 0.4382284382284382 0.6796875 0.43356643356643354 0.6859375 0.43356643356643354 0.6890625 0.4289044289044289 0.6890625 0.42424242424242425 0.69375 0.4172494172494173 0.696875 0.4172494172494173 0.696875 0.4149184149184149 0.6921875 0.4125874125874126 0.6921875 0.40792540792540793 0.6859375 0.40559440559440557 0.6859375 0.3986013986013986 0.6765625 0.3986013986013986 0.675 0.3916083916083916 0.65 0.3916083916083916 0.6484375 0.3986013986013986 0.64375 0.3986013986013986 0.6421875 0.3916083916083916 0.621875 0.3916083916083916 0.6203125 0.38694638694638694 0.5734375 0.38694638694638694 0.5734375 0.38927738927738925 0.5671875 0.3986013986013986 0.5671875 0.4172494172494173
2 0.15 0.3333333333333333 0.1484375 0.337995337995338 0.128125 0.337995337995338 0.1265625 0.34265734265734266 0.1171875 0.34265734265734266 0.115625 0.34965034965034963 0.1109375 0.34965034965034963 0.109375 0.3543123543123543 0.103125 0.3543123543123543 0.0984375 0.36596736596736595 0.0921875 0.36596736596736595 0.090625 0.3706293706293706 0.084375 0.3706293706293706 0.0765625 0.38694638694638694 0.0734375 0.38694638694638694 0.0703125 0.3916083916083916 0.06875 0.3986013986013986 0.0625 0.3986013986013986 0.0625 0.40559440559440557 0.115625 0.40559440559440557 0.1171875 0.40093240093240096 0.1375 0.40093240093240096 0.1390625 0.3962703962703963 0.15625 0.3962703962703963 0.1578125 0.38927738927738925 0.203125 0.38927738927738925 0.2046875 0.38461538461538464 0.2078125 0.38461538461538464 0.2109375 0.37995337995337997 0.2109375 0.3706293706293706 0.2125 0.3682983682983683 0.21875 0.3682983682983683 0.221875 0.36363636363636365 0.221875 0.3543123543123543 0.225 0.351981351981352 0.225 0.34265734265734266 0.221875 0.337995337995338 0.2125 0.337995337995338 0.2109375 0.3333333333333333 0.1984375 0.3333333333333333 0.196875 0.32634032634032634 0.1875 0.32634032634032634 0.1875 0.32867132867132864 0.1859375 0.3333333333333333 0.15 0.3333333333333333
2 0.2421875 0.2191142191142191 0.240625 0.22377622377622378 0.23125 0.22377622377622378 0.2296875 0.22843822843822845 0.2125 0.22843822843822845 0.2109375 0.23543123543123542 0.2046875 0.23543123543123542 0.203125 0.2400932400932401 0.19375 0.2400932400932401 0.1921875 0.24475524475524477 0.1875 0.24475524475524477 0.1859375 0.2517482517482518 0.1796875 0.2517482517482518 0.178125 0.2564102564102564 0.171875 0.2564102564102564 0.16875 0.26107226107226106 0.16875 0.2867132867132867 0.178125 0.2867132867132867 0.1796875 0.28205128205128205 0.1890625 0.28205128205128205 0.190625 0.27505827505827507 0.203125 0.27505827505827507 0.2046875 0.2703962703962704 0.21875 0.2703962703962704 0.2203125 0.26573426573426573 0.225 0.26573426573426573 0.225 0.2564102564102564 0.2265625 0.2540792540792541 0.240625 0.2540792540792541 0.2421875 0.25874125874125875 0.246875 0.25874125874125875 0.2484375 0.26107226107226106 0.2484375 0.2703962703962704 0.2546875 0.2703962703962704 0.25625 0.26573426573426573 0.2765625 0.26573426573426573 0.278125 0.2703962703962704 0.284375 0.2703962703962704 0.2890625 0.2773892773892774 0.2890625 0.28205128205128205 0.309375 0.28205128205128205 0.3109375 0.2867132867132867 0.3171875 0.2867132867132867 0.3171875 0.2773892773892774 0.3203125 0.27505827505827507 0.321875 0.28205128205128205 0.325 0.2867132867132867 0.328125 0.2867132867132867 0.3296875 0.2913752913752914 0.3328125 0.2867132867132867 0.3390625 0.2867132867132867 0.340625 0.28205128205128205 0.35625 0.28205128205128205 0.3578125 0.2867132867132867 0.3671875 0.2867132867132867 0.36875 0.28205128205128205 0.3890625 0.28205128205128205 0.390625 0.2867132867132867 0.4046875 0.2867132867132867 0.40625 0.2913752913752914 0.4265625 0.2913752913752914 0.4265625 0.28438228438228436 0.421875 0.28205128205128205 0.421875 0.2773892773892774 0.415625 0.2703962703962704 0.415625 0.26107226107226106 0.4125 0.26107226107226106 0.4109375 0.2564102564102564 0.40625 0.2564102564102564 0.4046875 0.2517482517482518 0.3984375 0.2517482517482518 0.396875 0.24475524475524477 0.390625 0.24475524475524477 0.3890625 0.2400932400932401 0.384375 0.2400932400932401 0.3828125 0.23543123543123542 0.3734375 0.23543123543123542 0.371875 0.22843822843822845 0.365625 0.22843822843822845 0.3640625 0.22377622377622378 0.3546875 0.22377622377622378 0.353125 0.2191142191142191 0.34375 0.2191142191142191 0.3421875 0.21212121212121213 0.31875 0.21212121212121213 0.3171875 0.2191142191142191 0.2921875 0.2191142191142191 0.290625 0.21212121212121213 0.2640625 0.21212121212121213 0.2640625 0.21445221445221446 0.2625 0.2191142191142191 0.2421875 0.2191142191142191
2 0.66875 0.5198135198135199 0.671875 0.5221445221445221 0.671875 0.5314685314685315 0.6703125 0.5337995337995338 0.6609375 0.5337995337995338 0.659375 0.5384615384615384 0.646875 0.5384615384615384 0.6453125 0.5454545454545454 0.6109375 0.5454545454545454 0.6046875 0.5547785547785548 0.5921875 0.5547785547785548 0.590625 0.5617715617715617 0.584375 0.5617715617715617 0.5828125 0.5664335664335665 0.578125 0.5664335664335665 0.578125 0.5757575757575758 0.584375 0.585081585081585 0.5890625 0.5874125874125874 0.5890625 0.5920745920745921 0.6203125 0.5920745920745921 0.621875 0.585081585081585 0.634375 0.585081585081585 0.6359375 0.5804195804195804 0.6453125 0.5804195804195804 0.65 0.5687645687645687 0.65625 0.5687645687645687 0.6578125 0.5641025641025641 0.6640625 0.5641025641025641 0.66875 0.5524475524475524 0.6890625 0.5524475524475524 0.690625 0.5477855477855478 0.7140625 0.5477855477855478 0.715625 0.5431235431235432 0.740625 0.5431235431235432 0.7421875 0.5361305361305362 0.7515625 0.5361305361305362 0.753125 0.5314685314685315 0.7578125 0.5314685314685315 0.7578125 0.5221445221445221 0.7484375 0.5221445221445221 0.746875 0.5174825174825175 0.7203125 0.5174825174825175 0.71875 0.5128205128205128 0.709375 0.5128205128205128 0.7078125 0.5058275058275058 0.6875 0.5058275058275058 0.6859375 0.5011655011655012 0.671875 0.5011655011655012 0.671875 0.5034965034965035 0.66875 0.5058275058275058 0.66875 0.5198135198135199
2 0.3796875 0.4358974358974359 0.378125 0.4405594405594406 0.3734375 0.4405594405594406 0.3734375 0.44988344988344986 0.3765625 0.45454545454545453 0.3828125 0.45454545454545453 0.384375 0.46153846153846156 0.3890625 0.46153846153846156 0.390625 0.4662004662004662 0.3953125 0.46853146853146854 0.3953125 0.48717948717948717 0.3984375 0.48951048951048953 0.3984375 0.49417249417249415 0.4109375 0.49417249417249415 0.4125 0.4988344988344988 0.421875 0.4988344988344988 0.4234375 0.49417249417249415 0.4484375 0.49417249417249415 0.45 0.48717948717948717 0.4546875 0.48717948717948717 0.45625 0.4825174825174825 0.4625 0.4825174825174825 0.4640625 0.47785547785547783 0.4734375 0.47785547785547783 0.475 0.47086247086247085 0.484375 0.47086247086247085 0.4859375 0.4662004662004662 0.4921875 0.4662004662004662 0.4953125 0.46153846153846156 0.4953125 0.4522144522144522 0.4921875 0.44755244755244755 0.4828125 0.44755244755244755 0.48125 0.4405594405594406 0.45625 0.4405594405594406 0.4546875 0.44755244755244755 0.45 0.44755244755244755 0.4484375 0.4405594405594406 0.4390625 0.4405594405594406 0.4375 0.4358974358974359 0.4234375 0.4358974358974359 0.421875 0.43123543123543123 0.3953125 0.43123543123543123 0.3953125 0.43356643356643354 0.39375 0.4358974358974359 0.3796875 0.4358974358974359
2 0 0.8531468531468531 0.00625 0.8531468531468531 0.0078125 0.8461538461538461 0.025 0.8461538461538461 0.0296875 0.8578088578088578 0.0328125 0.8578088578088578 0.034375 0.8624708624708625 0.04375 0.8624708624708625 0.0453125 0.8694638694638694 0.046875 0.8694638694638694 0.0484375 0.8624708624708625 0.1375 0.8624708624708625 0.1390625 0.8578088578088578 0.153125 0.8578088578088578 0.1546875 0.8531468531468531 0.1640625 0.8531468531468531 0.1640625 0.8484848484848485 0.16875 0.8414918414918415 0.175 0.8414918414918415 0.1765625 0.8368298368298368 0.18125 0.8368298368298368 0.1828125 0.8298368298368298 0.221875 0.8298368298368298 0.2234375 0.8368298368298368 0.2546875 0.8368298368298368 0.25625 0.8414918414918415 0.26875 0.8414918414918415 0.2703125 0.8461538461538461 0.3203125 0.8461538461538461 0.321875 0.8414918414918415 0.35625 0.8414918414918415 0.3578125 0.8368298368298368 0.3859375 0.8368298368298368 0.3875 0.8414918414918415 0.396875 0.8414918414918415 0.3984375 0.8461538461538461 0.4046875 0.8461538461538461 0.40625 0.8531468531468531 0.4109375 0.8531468531468531 0.4125 0.8578088578088578 0.41875 0.8578088578088578 0.4203125 0.8624708624708625 0.4265625 0.8624708624708625 0.428125 0.8694638694638694 0.4328125 0.8694638694638694 0.434375 0.8741258741258742 0.4375 0.8741258741258742 0.4421875 0.8811188811188811 0.4421875 0.8857808857808858 0.4484375 0.8857808857808858 0.45 0.8904428904428905 0.459375 0.8904428904428905 0.4609375 0.8951048951048951 0.4734375 0.8951048951048951 0.4734375 0.8717948717948718 0.475 0.8694638694638694 0.484375 0.8694638694638694 0.484375 0.8648018648018648 0.4890625 0.8578088578088578 0.4921875 0.8578088578088578 0.4921875 0.8438228438228438 0.4875 0.8414918414918415 0.4875 0.8275058275058275 0.48125 0.8205128205128205 0.48125 0.8111888111888111 0.478125 0.8111888111888111 0.4734375 0.8041958041958042 0.4734375 0.7948717948717948 0.4703125 0.7925407925407926 0.4703125 0.7832167832167832 0.4671875 0.7832167832167832 0.465625 0.7785547785547785 0.4609375 0.7785547785547785 0.459375 0.7738927738927739 0.4546875 0.7715617715617715 0.4546875 0.7668997668997669 0.45 0.7668997668997669 0.4484375 0.7622377622377622 0.4390625 0.7622377622377622 0.4375 0.7575757575757576 0.428125 0.7575757575757576 0.4265625 0.7505827505827506 0.4234375 0.7505827505827506 0.41875 0.7412587412587412 0.390625 0.7412587412587412 0.3890625 0.7342657342657343 0.3765625 0.7342657342657343 0.375 0.7296037296037297 0.3328125 0.7296037296037297 0.33125 0.7342657342657343 0.321875 0.7342657342657343 0.3203125 0.7296037296037297 0.3140625 0.7296037296037297 0.309375 0.7226107226107226 0.309375 0.717948717948718 0.3140625 0.710955710955711 0.3171875 0.710955710955711 0.3171875 0.7016317016317016 0.3234375 0.6946386946386947 0.3234375 0.6806526806526807 0.3171875 0.6736596736596736 0.3171875 0.668997668997669 0.296875 0.668997668997669 0.296875 0.6713286713286714 0.2953125 0.675990675990676 0.2890625 0.675990675990676 0.2875 0.6806526806526807 0.275 0.6806526806526807 0.2734375 0.6853146853146853 0.2640625 0.6853146853146853 0.2625 0.6923076923076923 0.25625 0.6923076923076923 0.2546875 0.696969696969697 0.209375 0.696969696969697 0.2078125 0.6923076923076923 0.1609375 0.6923076923076923 0.159375 0.696969696969697 0.1390625 0.696969696969697 0.1375 0.7016317016317016 0.1328125 0.7016317016317016 0.1328125 0.7062937062937062 0.128125 0.7086247086247086 0.1234375 0.717948717948718 0.1171875 0.717948717948718 0.1171875 0.7226107226107226 0.1140625 0.7249417249417249 0.1140625 0.7319347319347319 0.1109375 0.7342657342657343 0.109375 0.7412587412587412 0.0890625 0.7412587412587412 0.0875 0.745920745920746 0.08125 0.745920745920746 0.0765625 0.7575757575757576 0.0625 0.7575757575757576 0.05625 0.7668997668997669 0.0546875 0.7738927738927739 0.040625 0.7738927738927739 0.0390625 0.7785547785547785 0.0296875 0.7785547785547785 0.028125 0.7832167832167832 0.0234375 0.7832167832167832 0.0234375 0.7878787878787878 0.01875 0.7902097902097902 0.0171875 0.7948717948717948 0.0125 0.7948717948717948 0.0109375 0.7995337995337995 0.0046875 0.7995337995337995 0.003125 0.8065268065268065 0 0.8065268065268065 0 0.8531468531468531
1 0.7671875 0.5431235431235432 0.778125 0.5547785547785548 0.778125 0.5594405594405595 0.78125 0.5617715617715617 0.78125 0.5687645687645687 0.7859375 0.5710955710955711 0.7859375 0.585081585081585 0.790625 0.585081585081585 0.7921875 0.5920745920745921 0.80625 0.5920745920745921 0.80625 0.5874125874125874 0.8125 0.5804195804195804 0.8125 0.5617715617715617 0.809375 0.5594405594405595 0.809375 0.5291375291375291 0.8125 0.5268065268065268 0.8125 0.5221445221445221 0.809375 0.5198135198135199 0.809375 0.5128205128205128 0.803125 0.5128205128205128 0.8015625 0.5104895104895105 0.8015625 0.5058275058275058 0.78125 0.5058275058275058 0.78125 0.5081585081585082 0.7671875 0.5291375291375291 0.7671875 0.5431235431235432
1 0.65 0.4522144522144522 0.6484375 0.4568764568764569 0.64375 0.4568764568764569 0.64375 0.47086247086247085 0.646875 0.4731934731934732 0.646875 0.47785547785547783 0.65625 0.47785547785547783 0.6578125 0.47086247086247085 0.6671875 0.47086247086247085 0.6703125 0.4662004662004662 0.6703125 0.4522144522144522 0.665625 0.4522144522144522 0.6640625 0.44755244755244755 0.6578125 0.44755244755244755 0.6578125 0.44988344988344986 0.65625 0.4522144522144522 0.65 0.4522144522144522
1 0.884375 0.4988344988344988 0.8796875 0.5011655011655012 0.8796875 0.5268065268065268 0.884375 0.5291375291375291 0.884375 0.5361305361305362 0.9 0.5361305361305362 0.9 0.5291375291375291 0.9046875 0.5268065268065268 0.9046875 0.5011655011655012 0.9 0.4988344988344988 0.9 0.48951048951048953 0.896875 0.48717948717948717 0.896875 0.4801864801864802 0.8875 0.4801864801864802 0.8875 0.4825174825174825 0.884375 0.48484848484848486 0.884375 0.4988344988344988
1 0.3125 0.358974358974359 0.3078125 0.358974358974359 0.30625 0.36596736596736595 0.303125 0.36596736596736595 0.303125 0.372960372960373 0.3 0.3752913752913753 0.3 0.40559440559440557 0.303125 0.40792540792540793 0.303125 0.4172494172494173 0.30625 0.4172494172494173 0.3078125 0.4219114219114219 0.3125 0.4219114219114219 0.3140625 0.4289044289044289 0.3171875 0.4289044289044289 0.31875 0.43356643356643354 0.33125 0.43356643356643354 0.3328125 0.4289044289044289 0.3390625 0.4289044289044289 0.3390625 0.42424242424242425 0.3421875 0.4219114219114219 0.3421875 0.4149184149184149 0.3453125 0.4125874125874126 0.3453125 0.40792540792540793 0.35 0.40559440559440557 0.35 0.36596736596736595 0.3453125 0.36363636363636365 0.3453125 0.358974358974359 0.3390625 0.34965034965034963 0.31875 0.34965034965034963 0.31875 0.351981351981352 0.3140625 0.3543123543123543 0.3125 0.358974358974359
1 0.7046875 0.3006993006993007 0.7046875 0.34032634032634035 0.709375 0.34265734265734266 0.709375 0.3473193473193473 0.725 0.3473193473193473 0.7265625 0.34032634032634035 0.7296875 0.34032634032634035 0.7359375 0.331002331002331 0.7359375 0.3006993006993007 0.7328125 0.29836829836829837 0.7328125 0.2937062937062937 0.7125 0.2937062937062937 0.7125 0.29603729603729606 0.7109375 0.3006993006993007 0.7046875 0.3006993006993007
1 0.7859375 0.5757575757575758 0.7890625 0.578088578088578 0.7890625 0.585081585081585 0.7921875 0.5874125874125874 0.7921875 0.5920745920745921 0.80625 0.5920745920745921 0.80625 0.5874125874125874 0.809375 0.585081585081585 0.809375 0.5617715617715617 0.80625 0.5594405594405595 0.80625 0.5547785547785548 0.7890625 0.5547785547785548 0.7890625 0.5571095571095571 0.7859375 0.5617715617715617 0.7859375 0.5757575757575758
1 0.49375 0.42424242424242425 0.49375 0.4382284382284382 0.496875 0.4405594405594406 0.496875 0.44522144522144524 0.5171875 0.44522144522144524 0.5171875 0.4405594405594406 0.521875 0.4382284382284382 0.521875 0.43123543123543123 0.525 0.4289044289044289 0.525 0.4149184149184149 0.521875 0.4125874125874126 0.521875 0.40792540792540793 0.496875 0.40792540792540793 0.4953125 0.40326340326340326 0.4890625 0.40326340326340326 0.4890625 0.40559440559440557 0.4890625 0.4219114219114219 0.49375 0.42424242424242425
1 0.7671875 0.5361305361305362 0.775 0.5477855477855478 0.790625 0.5477855477855478 0.7921875 0.5431235431235432 0.7953125 0.5431235431235432 0.7953125 0.5337995337995338 0.7984375 0.5314685314685315 0.7984375 0.5221445221445221 0.8015625 0.5198135198135199 0.8015625 0.5128205128205128 0.7984375 0.5104895104895105 0.7984375 0.5058275058275058 0.78125 0.5058275058275058 0.78125 0.5081585081585082 0.7671875 0.5291375291375291 0.7671875 0.5361305361305362
1 0.759375 0.36596736596736595 0.759375 0.37995337995337997 0.7734375 0.37995337995337997 0.7734375 0.36596736596736595 0.76875 0.36363636363636365 0.76875 0.358974358974359 0.7640625 0.358974358974359 0.7640625 0.3613053613053613 0.7625 0.36596736596736595 0.759375 0.36596736596736595