1 0.6390625 0.7237569060773481 0.6390625 0.7430939226519337 0.6421875 0.7458563535911602 0.6421875 0.7513812154696132 0.6390625 0.7541436464088398 0.6375 0.7651933701657458 0.634375 0.7651933701657458 0.634375 0.7734806629834254 0.628125 0.7817679558011049 0.628125 0.7983425414364641 0.621875 0.8066298342541437 0.621875 0.8397790055248618 0.61875 0.8425414364640884 0.61875 0.850828729281768 0.615625 0.8535911602209945 0.615625 0.8812154696132597 0.61875 0.8867403314917127 0.6234375 0.8867403314917127 0.625 0.8812154696132597 0.6328125 0.8812154696132597 0.634375 0.8756906077348067 0.646875 0.8756906077348067 0.6484375 0.8674033149171271 0.6703125 0.8674033149171271 0.6703125 0.8591160220994475 0.6671875 0.856353591160221 0.6671875 0.8480662983425414 0.6640625 0.8453038674033149 0.6640625 0.8370165745856354 0.6609375 0.8342541436464088 0.6609375 0.8121546961325967 0.65625 0.8093922651933702 0.65625 0.7955801104972375 0.6609375 0.7928176795580111 0.6609375 0.712707182320442 0.6515625 0.712707182320442 0.65 0.7044198895027625 0.6421875 0.7044198895027625 0.6421875 0.7099447513812155 0.64375 0.7099447513812155 0.6453125 0.7154696132596685 0.6390625 0.7237569060773481
1 0.3390625 0.8176795580110497 0.3375 0.8232044198895028 0.334375 0.8176795580110497 0.3296875 0.8176795580110497 0.325 0.8287292817679558 0.3125 0.8287292817679558 0.3109375 0.8370165745856354 0.3 0.8370165745856354 0.2984375 0.8425414364640884 0.2859375 0.8425414364640884 0.284375 0.8480662983425414 0.265625 0.8480662983425414 0.2640625 0.8535911602209945 0.259375 0.8535911602209945 0.2578125 0.8591160220994475 0.253125 0.8591160220994475 0.2515625 0.8646408839779005 0.2484375 0.8646408839779005 0.2453125 0.8701657458563536 0.2453125 0.8756906077348067 0.2390625 0.8839779005524862 0.2390625 0.8922651933701657 0.2328125 0.9005524861878453 0.2328125 0.9088397790055248 0.2296875 0.9116022099447514 0.2296875 0.9281767955801105 0.225 0.930939226519337 0.225 0.9640883977900553 0.2296875 0.9668508287292817 0.2296875 0.9751381215469613 0.2421875 0.9972375690607734 0.278125 0.9972375690607734 0.28125 0.9917127071823204 0.2828125 0.9972375690607734 0.328125 0.9972375690607734 0.33125 0.9917127071823204 0.33125 0.9834254143646409 0.328125 0.9779005524861878 0.3328125 0.9696132596685083 0.3359375 0.9751381215469613 0.3453125 0.9751381215469613 0.346875 0.9806629834254144 0.3515625 0.9806629834254144 0.353125 0.9861878453038674 0.365625 0.9861878453038674 0.3703125 0.9751381215469613 0.375 0.9751381215469613 0.384375 0.9585635359116023 0.3859375 0.9502762430939227 0.3890625 0.9502762430939227 0.3921875 0.9447513812154696 0.3921875 0.93646408839779 0.3890625 0.9337016574585635 0.3890625 0.8950276243093923 0.3828125 0.8950276243093923 0.38125 0.8895027624309392 0.3765625 0.8895027624309392 0.371875 0.8812154696132597 0.371875 0.8701657458563536 0.36875 0.8646408839779005 0.371875 0.861878453038674 0.371875 0.8425414364640884 0.365625 0.8342541436464088 0.365625 0.8287292817679558 0.3625 0.8287292817679558 0.3578125 0.8176795580110497 0.353125 0.8176795580110497 0.3515625 0.8121546961325967 0.346875 0.8121546961325967 0.346875 0.8149171270718232 0.3453125 0.8176795580110497 0.3390625 0.8176795580110497
1 0 0.5552486187845304 0.003125 0.5552486187845304 0.00625 0.5607734806629834 0.0078125 0.5552486187845304 0.0125 0.5552486187845304 0.0140625 0.5580110497237569 0.0140625 0.5718232044198895 0.0265625 0.5718232044198895 0.028125 0.5773480662983426 0.0390625 0.5773480662983426 0.040625 0.5718232044198895 0.05 0.5718232044198895 0.0625 0.5497237569060773 0.0625 0.5386740331491713 0.0734375 0.5248618784530387 0.0734375 0.5165745856353591 0.0765625 0.5138121546961326 0.0765625 0.49171270718232046 0.0796875 0.4889502762430939 0.0796875 0.4558011049723757 0.0828125 0.4530386740331492 0.0828125 0.4281767955801105 0.0859375 0.425414364640884 0.0859375 0.3867403314917127 0.0890625 0.3839779005524862 0.0859375 0.3784530386740331 0.0859375 0.35082872928176795 0.0890625 0.34806629834254144 0.0890625 0.3314917127071823 0.09375 0.3287292817679558 0.09375 0.32044198895027626 0.096875 0.31767955801104975 0.096875 0.24861878453038674 0.1 0.24585635359116023 0.1 0.15469613259668508 0.096875 0.15193370165745856 0.096875 0.143646408839779 0.09375 0.13812154696132597 0.0890625 0.13535911602209943 0.0890625 0.12430939226519337 0.0859375 0.12154696132596685 0.0859375 0.1132596685082873 0.0796875 0.10220994475138122 0.075 0.10220994475138122 0.0703125 0.09116022099447514 0.0671875 0.09116022099447514 0.065625 0.08287292817679558 0.059375 0.0718232044198895 0.0546875 0.0718232044198895 0.05 0.06077348066298342 0.04375 0.06077348066298342 0.0421875 0.055248618784530384 0.03125 0.055248618784530384 0.0296875 0.049723756906077346 0.0078125 0.049723756906077346 0.0078125 0.052486187845303865 0.00625 0.055248618784530384 0 0.055248618784530384 0 0.5552486187845304
1 0.6453125 0 0.6453125 0.0027624309392265192 0.6421875 0.008287292817679558 0.6421875 0.016574585635359115 0.6390625 0.019337016574585635 0.6390625 0.027624309392265192 0.634375 0.03038674033149171 0.634375 0.03867403314917127 0.63125 0.04143646408839779 0.63125 0.06353591160220995 0.628125 0.06629834254143646 0.628125 0.08839779005524862 0.625 0.09116022099447514 0.625 0.13535911602209943 0.63125 0.1464088397790055 0.6375 0.1464088397790055 0.6390625 0.14917127071823205 0.6390625 0.1574585635359116 0.6453125 0.16574585635359115 0.6453125 0.1712707182320442 0.6546875 0.1878453038674033 0.6609375 0.1878453038674033 0.665625 0.19889502762430938 0.684375 0.19889502762430938 0.6859375 0.19337016574585636 0.690625 0.19337016574585636 0.6921875 0.1878453038674033 0.696875 0.1878453038674033 0.696875 0.17403314917127072 0.690625 0.16298342541436464 0.690625 0.15469613259668508 0.684375 0.1464088397790055 0.684375 0.11878453038674033 0.690625 0.11602209944751381 0.6921875 0.11049723756906077 0.696875 0.11049723756906077 0.696875 0.09668508287292818 0.690625 0.08839779005524862 0.690625 0.08287292817679558 0.684375 0.08011049723756906 0.684375 0.055248618784530384 0.68125 0.055248618784530384 0.6765625 0.04696132596685083 0.6765625 0.03038674033149171 0.6796875 0.027624309392265192 0.68125 0.016574585635359115 0.690625 0.016574585635359115 0.6921875 0.022099447513812154 0.6984375 0.024861878453038673 0.6984375 0.03867403314917127 0.7015625 0.04143646408839779 0.7015625 0.04696132596685083 0.7046875 0.04696132596685083 0.7125 0.06353591160220995 0.7171875 0.06353591160220995 0.7234375 0.052486187845303865 0.7234375 0 0.68125 0 0.68125 0.0055248618784530384 0.678125 0.008287292817679558 0.6765625 0 0.6453125 0
1 0.75625 0.4696132596685083 0.7546875 0.47513812154696133 0.7484375 0.47513812154696133 0.746875 0.48066298342541436 0.7421875 0.48066298342541436 0.740625 0.4861878453038674 0.7359375 0.4861878453038674 0.73125 0.4972375690607735 0.725 0.4972375690607735 0.725 0.5027624309392266 0.7171875 0.5165745856353591 0.7125 0.5165745856353591 0.7046875 0.5331491712707183 0.7015625 0.5331491712707183 0.7015625 0.5441988950276243 0.6984375 0.5469613259668509 0.6984375 0.5552486187845304 0.6953125 0.5580110497237569 0.6953125 0.5662983425414365 0.6859375 0.580110497237569 0.6859375 0.5966850828729282 0.68125 0.5994475138121547 0.68125 0.6077348066298343 0.678125 0.6104972375690608 0.678125 0.6270718232044199 0.675 0.6298342541436464 0.675 0.643646408839779 0.671875 0.6464088397790055 0.671875 0.6685082872928176 0.66875 0.6712707182320442 0.66875 0.7154696132596685 0.665625 0.7182320441988951 0.665625 0.7513812154696132 0.66875 0.7569060773480663 0.665625 0.7596685082872928 0.665625 0.7983425414364641 0.6625 0.8011049723756906 0.6625 0.8204419889502762 0.665625 0.8259668508287292 0.671875 0.8287292817679558 0.671875 0.8342541436464088 0.675 0.8370165745856354 0.675 0.8453038674033149 0.678125 0.8480662983425414 0.678125 0.856353591160221 0.68125 0.8591160220994475 0.68125 0.8674033149171271 0.684375 0.8674033149171271 0.6859375 0.8756906077348067 0.7015625 0.9033149171270718 0.7046875 0.9033149171270718 0.709375 0.9116022099447514 0.709375 0.9171270718232044 0.7140625 0.9171270718232044 0.715625 0.9226519337016574 0.7203125 0.9226519337016574 0.7328125 0.9447513812154696 0.7375 0.9447513812154696 0.7390625 0.9502762430939227 0.746875 0.9502762430939227 0.7484375 0.9585635359116023 0.7515625 0.9585635359116023 0.753125 0.9640883977900553 0.7578125 0.9640883977900553 0.759375 0.9696132596685083 0.7671875 0.9696132596685083 0.76875 0.9751381215469613 0.834375 0.9751381215469613 0.8359375 0.9696132596685083 0.8421875 0.9696132596685083 0.84375 0.9751381215469613 0.8484375 0.9751381215469613 0.85 0.9696132596685083 0.865625 0.9696132596685083 0.8671875 0.9640883977900553 0.875 0.9640883977900553 0.8796875 0.9502762430939227 0.884375 0.9502762430939227 0.890625 0.9392265193370166 0.8953125 0.9392265193370166 0.9 0.9281767955801105 0.9046875 0.9281767955801105 0.90625 0.9226519337016574 0.909375 0.9226519337016574 0.9125 0.9171270718232044 0.9125 0.9116022099447514 0.91875 0.9033149171270718 0.91875 0.8950276243093923 0.921875 0.8922651933701657 0.921875 0.8839779005524862 0.925 0.8812154696132597 0.925 0.8701657458563536 0.9296875 0.861878453038674 0.9328125 0.861878453038674 0.9328125 0.8535911602209945 0.9359375 0.850828729281768 0.9359375 0.8370165745856354 0.9390625 0.8342541436464088 0.9390625 0.8232044198895028 0.9359375 0.8204419889502762 0.9390625 0.8149171270718232 0.9390625 0.7955801104972375 0.9359375 0.7928176795580111 0.9359375 0.7541436464088398 0.9390625 0.7513812154696132 0.9390625 0.7403314917127072 0.921875 0.7154696132596685 0.921875 0.6878453038674033 0.925 0.6850828729281768 0.925 0.6712707182320442 0.915625 0.6546961325966851 0.915625 0.6464088397790055 0.9125 0.643646408839779 0.9125 0.6104972375690608 0.909375 0.6049723756906077 0.90625 0.6049723756906077 0.9046875 0.5994475138121547 0.8984375 0.5966850828729282 0.8984375 0.56353591160221 0.9015625 0.5607734806629834 0.9015625 0.5220994475138122 0.890625 0.5220994475138122 0.8734375 0.5524861878453039 0.871875 0.5497237569060773 0.871875 0.5386740331491713 0.865625 0.5359116022099447 0.865625 0.5276243093922652 0.8609375 0.5248618784530387 0.8609375 0.5165745856353591 0.8546875 0.505524861878453 0.8390625 0.505524861878453 0.8359375 0.511049723756906 0.834375 0.5082872928176796 0.834375 0.4972375690607735 0.8296875 0.4972375690607735 0.828125 0.49171270718232046 0.8234375 0.49171270718232046 0.821875 0.4861878453038674 0.815625 0.4861878453038674 0.8140625 0.47513812154696133 0.8109375 0.4696132596685083 0.80625 0.4696132596685083 0.8046875 0.46408839779005523 0.771875 0.46408839779005523 0.771875 0.46685082872928174 0.7703125 0.4696132596685083 0.75625 0.4696132596685083
1 0.95 0.8011049723756906 0.95 0.8149171270718232 0.94375 0.8232044198895028 0.94375 0.8453038674033149 0.9375 0.8535911602209945 0.9375 0.861878453038674 0.934375 0.8646408839779005 0.934375 0.8756906077348067 0.9296875 0.8784530386740331 0.9296875 0.8922651933701657 0.9234375 0.9005524861878453 0.9234375 0.9088397790055248 0.9203125 0.9116022099447514 0.9203125 0.9171270718232044 0.9125 0.930939226519337 0.90625 0.930939226519337 0.9015625 0.9419889502762431 0.896875 0.9419889502762431 0.890625 0.9530386740331491 0.8890625 0.9613259668508287 0.8828125 0.9613259668508287 0.88125 0.9668508287292817 0.8765625 0.9668508287292817 0.871875 0.9779005524861878 0.853125 0.9779005524861878 0.8515625 0.9834254143646409 0.8203125 0.9834254143646409 0.81875 0.988950276243094 0.809375 0.988950276243094 0.80625 0.9972375690607734 0.95625 0.9972375690607734 0.9578125 0.9917127071823204 0.96875 0.9917127071823204 0.9703125 0.9972375690607734 0.9953125 0.9972375690607734 0.9953125 0.988950276243094 0.9984375 0.9861878453038674 0.9984375 0.8121546961325967 0.9953125 0.8093922651933702 0.9953125 0.8011049723756906 0.990625 0.8011049723756906 0.9890625 0.7955801104972375 0.984375 0.7955801104972375 0.9828125 0.8011049723756906 0.9765625 0.8011049723756906 0.975 0.7955801104972375 0.9578125 0.7955801104972375 0.9578125 0.7983425414364641 0.95625 0.8011049723756906 0.95 0.8011049723756906
1 0.6984375 0.2983425414364641 0.6984375 0.31767955801104975 0.7015625 0.32044198895027626 0.7015625 0.3425414364640884 0.70625 0.3453038674033149 0.70625 0.425414364640884 0.7125 0.43370165745856354 0.7125 0.4419889502762431 0.709375 0.4447513812154696 0.709375 0.4530386740331492 0.70625 0.4558011049723757 0.70625 0.4613259668508287 0.709375 0.46685082872928174 0.7140625 0.4613259668508287 0.7140625 0.45027624309392267 0.715625 0.44751381215469616 0.71875 0.4530386740331492 0.7375 0.4530386740331492 0.7390625 0.44751381215469616 0.74375 0.44751381215469616 0.746875 0.4419889502762431 0.746875 0.43370165745856354 0.7546875 0.425414364640884 0.7546875 0.4143646408839779 0.7640625 0.4005524861878453 0.7640625 0.39226519337016574 0.7671875 0.38950276243093923 0.7671875 0.3674033149171271 0.7640625 0.36464088397790057 0.7640625 0.356353591160221 0.7578125 0.34806629834254144 0.7578125 0.3397790055248619 0.7546875 0.3370165745856354 0.7546875 0.3314917127071823 0.7515625 0.3259668508287293 0.7421875 0.3259668508287293 0.740625 0.32044198895027626 0.7328125 0.32044198895027626 0.728125 0.31215469613259667 0.728125 0.30386740331491713 0.7234375 0.3011049723756906 0.7234375 0.2900552486187845 0.7171875 0.281767955801105 0.7171875 0.27348066298342544 0.7140625 0.26795580110497236 0.7015625 0.26795580110497236 0.7015625 0.27071823204419887 0.7015625 0.2955801104972376 0.6984375 0.2983425414364641
1 0.571875 0.143646408839779 0.5703125 0.14917127071823205 0.5578125 0.14917127071823205 0.55625 0.15469613259668508 0.5515625 0.15469613259668508 0.55 0.16022099447513813 0.54375 0.16022099447513813 0.5390625 0.17403314917127072 0.534375 0.17403314917127072 0.5265625 0.19060773480662985 0.5203125 0.19060773480662985 0.5109375 0.20718232044198895 0.5109375 0.21823204419889503 0.5078125 0.22099447513812154 0.5078125 0.2292817679558011 0.5046875 0.23204419889502761 0.5046875 0.24033149171270718 0.5 0.2430939226519337 0.5 0.2541436464088398 0.49375 0.26243093922651933 0.49375 0.27624309392265195 0.490625 0.27900552486187846 0.490625 0.287292817679558 0.4875 0.2900552486187845 0.4875 0.30662983425414364 0.490625 0.30939226519337015 0.490625 0.3370165745856354 0.4875 0.3397790055248619 0.4875 0.35911602209944754 0.484375 0.36187845303867405 0.484375 0.3784530386740331 0.4828125 0.3812154696132597 0.4734375 0.3812154696132597 0.471875 0.3729281767955801 0.4609375 0.3729281767955801 0.459375 0.3674033149171271 0.45 0.3674033149171271 0.45 0.3839779005524862 0.453125 0.38950276243093923 0.45625 0.38950276243093923 0.4578125 0.39502762430939226 0.4625 0.39502762430939226 0.4640625 0.4005524861878453 0.4796875 0.4005524861878453 0.484375 0.4088397790055249 0.484375 0.4530386740331492 0.48125 0.4558011049723757 0.48125 0.4723756906077348 0.4765625 0.47513812154696133 0.4765625 0.48342541436464087 0.4734375 0.4861878453038674 0.4734375 0.494475138121547 0.4859375 0.494475138121547 0.49375 0.47790055248618785 0.4984375 0.47790055248618785 0.5 0.48342541436464087 0.503125 0.48342541436464087 0.5078125 0.49171270718232046 0.5078125 0.5027624309392266 0.5109375 0.505524861878453 0.5109375 0.5138121546961326 0.5203125 0.5276243093922652 0.5203125 0.5359116022099447 0.525 0.5386740331491713 0.525 0.5441988950276243 0.528125 0.5497237569060773 0.5328125 0.5497237569060773 0.534375 0.5552486187845304 0.5390625 0.5552486187845304 0.540625 0.5607734806629834 0.546875 0.5607734806629834 0.5484375 0.5662983425414365 0.559375 0.5662983425414365 0.5609375 0.5718232044198895 0.603125 0.5718232044198895 0.6046875 0.5662983425414365 0.6171875 0.5662983425414365 0.61875 0.5607734806629834 0.6265625 0.5607734806629834 0.628125 0.5552486187845304 0.6328125 0.5552486187845304 0.634375 0.5497237569060773 0.640625 0.5497237569060773 0.6421875 0.5441988950276243 0.646875 0.5441988950276243 0.6484375 0.5359116022099447 0.653125 0.5359116022099447 0.6578125 0.5248618784530387 0.6671875 0.5248618784530387 0.66875 0.5193370165745856 0.6765625 0.5193370165745856 0.6796875 0.5138121546961326 0.68125 0.5027624309392266 0.6875 0.5027624309392266 0.6875 0.49171270718232046 0.7 0.4723756906077348 0.7015625 0.4613259668508287 0.7046875 0.4613259668508287 0.7046875 0.43370165745856354 0.7 0.430939226519337 0.7 0.42265193370165743 0.7046875 0.4198895027624309 0.7046875 0.35082872928176795 0.7 0.34806629834254144 0.7 0.3397790055248619 0.696875 0.3370165745856354 0.696875 0.26243093922651933 0.690625 0.2541436464088398 0.690625 0.24861878453038674 0.6859375 0.24861878453038674 0.6796875 0.23756906077348067 0.675 0.23756906077348067 0.6609375 0.212707182320442 0.6609375 0.20718232044198895 0.65625 0.20441988950276244 0.65625 0.19613259668508287 0.6515625 0.19613259668508287 0.6375 0.1712707182320442 0.6375 0.16574585635359115 0.634375 0.16574585635359115 0.6234375 0.143646408839779 0.6109375 0.143646408839779 0.609375 0.13812154696132597 0.58125 0.13812154696132597 0.58125 0.1408839779005525 0.5796875 0.143646408839779 0.571875 0.143646408839779
1 0.34375 0 0.34375 0.0027624309392265192 0.34375 0.022099447513812154 0.35 0.03038674033149171 0.35 0.03867403314917127 0.353125 0.04143646408839779 0.353125 0.058011049723756904 0.35625 0.06077348066298342 0.35625 0.06906077348066299 0.359375 0.0718232044198895 0.359375 0.08011049723756906 0.3625 0.08287292817679558 0.3625 0.09392265193370165 0.365625 0.09392265193370165 0.3703125 0.10220994475138122 0.3703125 0.11602209944751381 0.3734375 0.12154696132596685 0.38125 0.12154696132596685 0.38125 0.10220994475138122 0.384375 0.09944751381215469 0.384375 0.0718232044198895 0.3921875 0.06353591160220995 0.3921875 0.049723756906077346 0.3890625 0.04696132596685083 0.3890625 0.019337016574585635 0.3921875 0.016574585635359115 0.3921875 0 0.34375 0
1 0.0078125 0 0.0078125 0.0027624309392265192 0.0078125 0.0055248618784530384 0.0125 0.0055248618784530384 0.0203125 0.019337016574585635 0.0203125 0.03314917127071823 0.0265625 0.03314917127071823 0.028125 0.03867403314917127 0.034375 0.04143646408839779 0.034375 0.04696132596685083 0.0390625 0.04696132596685083 0.040625 0.052486187845303865 0.046875 0.052486187845303865 0.0484375 0.058011049723756904 0.053125 0.058011049723756904 0.0546875 0.06906077348066299 0.059375 0.06906077348066299 0.0640625 0.08011049723756906 0.0734375 0.08011049723756906 0.075 0.08839779005524862 0.0875 0.11049723756906077 0.09375 0.11049723756906077 0.0953125 0.1132596685082873 0.0953125 0.12154696132596685 0.0984375 0.12430939226519337 0.0984375 0.1298342541436464 0.1046875 0.1408839779005525 0.1140625 0.1408839779005525 0.1203125 0.1298342541436464 0.1203125 0.12430939226519337 0.1234375 0.12154696132596685 0.1234375 0.1132596685082873 0.1265625 0.11049723756906077 0.1265625 0.07734806629834254 0.1234375 0.07458563535911603 0.1234375 0.06077348066298342 0.1203125 0.058011049723756904 0.1203125 0.049723756906077346 0.1171875 0.04696132596685083 0.1171875 0.013812154696132596 0.1234375 0.011049723756906077 0.125 0.0055248618784530384 0.1296875 0.0055248618784530384 0.1296875 0 0.115625 0 0.115625 0.0055248618784530384 0.1109375 0.008287292817679558 0.109375 0 0.0078125 0
1 0.9765625 0.4088397790055249 0.975 0.4143646408839779 0.9703125 0.4143646408839779 0.9703125 0.4198895027624309 0.965625 0.4281767955801105 0.95 0.4281767955801105 0.9484375 0.43370165745856354 0.940625 0.43370165745856354 0.940625 0.4419889502762431 0.9359375 0.45027624309392267 0.9296875 0.45027624309392267 0.9265625 0.4558011049723757 0.9265625 0.4613259668508287 0.9203125 0.4696132596685083 0.9203125 0.47790055248618785 0.9171875 0.48066298342541436 0.9171875 0.4889502762430939 0.9140625 0.49171270718232046 0.9140625 0.5082872928176796 0.9109375 0.511049723756906 0.9109375 0.5359116022099447 0.90625 0.5386740331491713 0.90625 0.5773480662983426 0.9109375 0.580110497237569 0.9109375 0.5911602209944752 0.9140625 0.5939226519337016 0.9140625 0.6077348066298343 0.9171875 0.6104972375690608 0.9171875 0.6325966850828729 0.9203125 0.6353591160220995 0.9203125 0.643646408839779 0.9296875 0.6602209944751382 0.934375 0.6629834254143646 0.934375 0.6740331491712708 0.9375 0.6767955801104972 0.9375 0.6961325966850829 0.940625 0.6988950276243094 0.940625 0.7265193370165746 0.95 0.7403314917127072 0.95 0.7513812154696132 0.953125 0.7569060773480663 0.95625 0.7569060773480663 0.9609375 0.7679558011049724 0.965625 0.7679558011049724 0.9671875 0.7734806629834254 0.971875 0.7734806629834254 0.9734375 0.7790055248618785 0.9984375 0.7790055248618785 0.9984375 0.40331491712707185 0.984375 0.40331491712707185 0.984375 0.40607734806629836 0.9828125 0.4088397790055249 0.9765625 0.4088397790055249
1 0.6375 0.6629834254143646 0.634375 0.6629834254143646 0.634375 0.6740331491712708 0.63125 0.6767955801104972 0.63125 0.6850828729281768 0.6390625 0.6933701657458563 0.6390625 0.7209944751381215 0.634375 0.7237569060773481 0.634375 0.7375690607734806 0.6390625 0.7403314917127072 0.6390625 0.7569060773480663 0.634375 0.7596685082872928 0.634375 0.7679558011049724 0.63125 0.7707182320441989 0.63125 0.7790055248618785 0.625 0.787292817679558 0.625 0.7983425414364641 0.621875 0.8011049723756906 0.621875 0.8342541436464088 0.61875 0.8370165745856354 0.61875 0.850828729281768 0.615625 0.8535911602209945 0.615625 0.8674033149171271 0.6109375 0.8701657458563536 0.6109375 0.8812154696132597 0.6078125 0.8839779005524862 0.6078125 0.8867403314917127 0.6265625 0.8867403314917127 0.628125 0.8812154696132597 0.6375 0.8812154696132597 0.6390625 0.8756906077348067 0.6609375 0.8756906077348067 0.6625 0.8674033149171271 0.6703125 0.8674033149171271 0.6703125 0.8480662983425414 0.6609375 0.8342541436464088 0.6609375 0.8121546961325967 0.65625 0.8093922651933702 0.65625 0.8011049723756906 0.6609375 0.7983425414364641 0.6609375 0.7651933701657458 0.6640625 0.7624309392265194 0.6640625 0.7541436464088398 0.6609375 0.7513812154696132 0.6609375 0.7292817679558011 0.6640625 0.7265193370165746 0.6640625 0.6878453038674033 0.6609375 0.6850828729281768 0.6609375 0.6767955801104972 0.6515625 0.6767955801104972 0.65 0.6712707182320442 0.6484375 0.6712707182320442 0.6390625 0.6712707182320442 0.6375 0.6629834254143646
1 0 0.9696132596685083 0.01875 0.9696132596685083 0.0203125 0.9751381215469613 0.0265625 0.9751381215469613 0.028125 0.9806629834254144 0.03125 0.9751381215469613 0.0359375 0.9751381215469613 0.0375 0.9806629834254144 0.059375 0.9806629834254144 0.0609375 0.9861878453038674 0.0859375 0.9861878453038674 0.0875 0.9806629834254144 0.103125 0.9806629834254144 0.1046875 0.9751381215469613 0.1171875 0.9751381215469613 0.11875 0.9696132596685083 0.1265625 0.9696132596685083 0.1328125 0.9585635359116023 0.134375 0.9502762430939227 0.1375 0.9502762430939227 0.14375 0.9392265193370166 0.14375 0.930939226519337 0.146875 0.9281767955801105 0.146875 0.8784530386740331 0.14375 0.8756906077348067 0.14375 0.8646408839779005 0.140625 0.861878453038674 0.140625 0.8480662983425414 0.1375 0.8453038674033149 0.1375 0.8287292817679558 0.134375 0.8287292817679558 0.1265625 0.8149171270718232 0.1265625 0.8066298342541437 0.1234375 0.8038674033149171 0.1234375 0.7955801104972375 0.1203125 0.7928176795580111 0.1203125 0.7762430939226519 0.1171875 0.7734806629834254 0.1171875 0.7541436464088398 0.1140625 0.7513812154696132 0.1140625 0.7348066298342542 0.109375 0.7320441988950276 0.109375 0.7237569060773481 0.1 0.7099447513812155 0.1 0.7044198895027625 0.09375 0.6933701657458563 0.0890625 0.6906077348066298 0.090625 0.6850828729281768 0.09375 0.6850828729281768 0.09375 0.6767955801104972 0.090625 0.6767955801104972 0.0859375 0.6685082872928176 0.0859375 0.6519337016574586 0.0828125 0.649171270718232 0.0828125 0.6408839779005525 0.078125 0.6408839779005525 0.0703125 0.6270718232044199 0.0703125 0.6215469613259669 0.0640625 0.6215469613259669 0.0625 0.6160220994475138 0.0578125 0.6160220994475138 0.053125 0.6049723756906077 0.0484375 0.6049723756906077 0.046875 0.5994475138121547 0.040625 0.5994475138121547 0.0390625 0.5939226519337016 0 0.5939226519337016 0 0.5966850828729282 0 0.9696132596685083
1 0.253125 0.39779005524861877 0.2515625 0.40331491712707185 0.2390625 0.40331491712707185 0.2375 0.39779005524861877 0.221875 0.39779005524861877 0.2203125 0.40331491712707185 0.18125 0.40331491712707185 0.1796875 0.4088397790055249 0.175 0.4088397790055249 0.171875 0.4143646408839779 0.1703125 0.42265193370165743 0.1578125 0.42265193370165743 0.153125 0.4088397790055249 0.1421875 0.4088397790055249 0.1421875 0.4198895027624309 0.1390625 0.42265193370165743 0.1390625 0.43646408839779005 0.1421875 0.43922651933701656 0.1421875 0.44751381215469616 0.1390625 0.45027624309392267 0.1390625 0.4613259668508287 0.1375 0.46408839779005523 0.13125 0.46408839779005523 0.1265625 0.47513812154696133 0.115625 0.47513812154696133 0.115625 0.4889502762430939 0.11875 0.494475138121547 0.115625 0.4972375690607735 0.115625 0.5027624309392266 0.1140625 0.505524861878453 0.1078125 0.505524861878453 0.1 0.5220994475138122 0.0953125 0.5220994475138122 0.09375 0.5276243093922652 0.0875 0.5276243093922652 0.08125 0.5386740331491713 0.08125 0.5497237569060773 0.096875 0.5497237569060773 0.0984375 0.5524861878453039 0.0953125 0.5580110497237569 0.0953125 0.5662983425414365 0.090625 0.569060773480663 0.090625 0.585635359116022 0.0875 0.5883977900552486 0.0875 0.6325966850828729 0.090625 0.6353591160220995 0.090625 0.643646408839779 0.0953125 0.6464088397790055 0.0953125 0.6602209944751382 0.1015625 0.6629834254143646 0.1015625 0.6850828729281768 0.1046875 0.6878453038674033 0.1046875 0.6961325966850829 0.1109375 0.7044198895027625 0.1109375 0.7099447513812155 0.1140625 0.7099447513812155 0.11875 0.7182320441988951 0.11875 0.7265193370165746 0.128125 0.7403314917127072 0.128125 0.7513812154696132 0.1328125 0.7513812154696132 0.134375 0.7624309392265194 0.1375 0.7624309392265194 0.1390625 0.7679558011049724 0.14375 0.7679558011049724 0.1484375 0.7790055248618785 0.153125 0.7790055248618785 0.1578125 0.787292817679558 0.1578125 0.7928176795580111 0.1640625 0.7928176795580111 0.165625 0.7983425414364641 0.1765625 0.7983425414364641 0.178125 0.8038674033149171 0.2 0.8038674033149171 0.2015625 0.8093922651933702 0.234375 0.8093922651933702 0.2359375 0.8149171270718232 0.24375 0.8149171270718232 0.2453125 0.8204419889502762 0.2609375 0.8204419889502762 0.2625 0.8149171270718232 0.2671875 0.8149171270718232 0.26875 0.8093922651933702 0.284375 0.8093922651933702 0.2859375 0.8038674033149171 0.3015625 0.8038674033149171 0.303125 0.7983425414364641 0.3078125 0.7983425414364641 0.309375 0.8038674033149171 0.321875 0.8038674033149171 0.321875 0.787292817679558 0.325 0.7845303867403315 0.325 0.7762430939226519 0.321875 0.7707182320441989 0.325 0.7679558011049724 0.325 0.7403314917127072 0.321875 0.7375690607734806 0.321875 0.7292817679558011 0.328125 0.7265193370165746 0.328125 0.7182320441988951 0.33125 0.7154696132596685 0.33125 0.6823204419889503 0.334375 0.6795580110497238 0.334375 0.6629834254143646 0.3390625 0.6546961325966851 0.3421875 0.6546961325966851 0.3421875 0.6298342541436464 0.3453125 0.6270718232044199 0.3453125 0.4972375690607735 0.3421875 0.494475138121547 0.3421875 0.46408839779005523 0.3375 0.4613259668508287 0.3375 0.45027624309392267 0.321875 0.42265193370165743 0.315625 0.42265193370165743 0.3109375 0.4088397790055249 0.30625 0.4088397790055249 0.3015625 0.39779005524861877 0.271875 0.39779005524861877 0.2703125 0.39226519337016574 0.2625 0.39226519337016574 0.2625 0.39502762430939226 0.2609375 0.39779005524861877 0.253125 0.39779005524861877
1 0.875 0.9723756906077348 0.8671875 0.9723756906077348 0.865625 0.9779005524861878 0.8234375 0.9779005524861878 0.821875 0.9834254143646409 0.809375 0.9834254143646409 0.8078125 0.988950276243094 0.7890625 0.988950276243094 0.7875 0.9834254143646409 0.7625 0.9834254143646409 0.7625 0.9861878453038674 0.76875 0.988950276243094 0.76875 0.9972375690607734 0.8921875 0.9972375690607734 0.8921875 0.994475138121547 0.8859375 0.994475138121547 0.884375 0.9917127071823204 0.884375 0.9779005524861878 0.8890625 0.9751381215469613 0.8890625 0.9613259668508287 0.8828125 0.9613259668508287 0.8828125 0.9640883977900553 0.8765625 0.9668508287292817 0.875 0.9723756906077348
1 0.440625 0.23756906077348067 0.4390625 0.2430939226519337 0.434375 0.2430939226519337 0.4328125 0.24861878453038674 0.4234375 0.24861878453038674 0.421875 0.2569060773480663 0.3859375 0.2569060773480663 0.3859375 0.26519337016574585 0.3796875 0.26795580110497236 0.36875 0.2900552486187845 0.3625 0.2900552486187845 0.3609375 0.2983425414364641 0.35625 0.2983425414364641 0.3484375 0.3149171270718232 0.34375 0.3149171270718232 0.3421875 0.32044198895027626 0.3390625 0.32044198895027626 0.3328125 0.3314917127071823 0.3328125 0.3370165745856354 0.3203125 0.356353591160221 0.3203125 0.3701657458563536 0.315625 0.3729281767955801 0.315625 0.3839779005524862 0.31875 0.3839779005524862 0.3203125 0.38950276243093923 0.315625 0.39226519337016574 0.315625 0.39502762430939226 0.3203125 0.39779005524861877 0.3203125 0.40607734806629836 0.3234375 0.4116022099447514 0.3296875 0.4143646408839779 0.3296875 0.4198895027624309 0.3390625 0.43370165745856354 0.3390625 0.44751381215469616 0.3421875 0.44751381215469616 0.346875 0.4558011049723757 0.346875 0.4723756906077348 0.35 0.47513812154696133 0.35 0.5027624309392266 0.353125 0.505524861878453 0.353125 0.5441988950276243 0.35625 0.5469613259668509 0.35625 0.5552486187845304 0.359375 0.5607734806629834 0.371875 0.5607734806629834 0.3734375 0.5552486187845304 0.38125 0.5552486187845304 0.3859375 0.5441988950276243 0.3921875 0.5441988950276243 0.39375 0.5359116022099447 0.4015625 0.5359116022099447 0.403125 0.5303867403314917 0.4125 0.5303867403314917 0.4140625 0.5248618784530387 0.428125 0.5248618784530387 0.4296875 0.5193370165745856 0.4515625 0.5193370165745856 0.453125 0.5138121546961326 0.4625 0.5138121546961326 0.46875 0.5027624309392266 0.46875 0.4861878453038674 0.475 0.47790055248618785 0.475 0.46408839779005523 0.4796875 0.4613259668508287 0.4796875 0.4447513812154696 0.4828125 0.4419889502762431 0.4828125 0.42265193370165743 0.475 0.4088397790055249 0.4640625 0.4088397790055249 0.4625 0.40331491712707185 0.4578125 0.40331491712707185 0.45625 0.39779005524861877 0.45 0.39779005524861877 0.4453125 0.38950276243093923 0.4453125 0.3812154696132597 0.4421875 0.3784530386740331 0.4421875 0.3729281767955801 0.4390625 0.3674033149171271 0.4421875 0.36464088397790057 0.44375 0.35359116022099446 0.4484375 0.35359116022099446 0.45 0.35911602209944754 0.459375 0.35911602209944754 0.4609375 0.36464088397790057 0.46875 0.36464088397790057 0.4703125 0.3701657458563536 0.4796875 0.3701657458563536 0.4828125 0.36464088397790057 0.4828125 0.35082872928176795 0.4859375 0.34806629834254144 0.4859375 0.3149171270718232 0.4828125 0.31215469613259667 0.4828125 0.2900552486187845 0.4859375 0.287292817679558 0.4859375 0.2430939226519337 0.4796875 0.23204419889502761 0.45 0.23204419889502761 0.45 0.23480662983425415 0.4484375 0.23756906077348067 0.440625 0.23756906077348067
1 0.1421875 0.8287292817679558 0.1421875 0.8397790055248618 0.1453125 0.8425414364640884 0.1453125 0.856353591160221 0.1484375 0.8591160220994475 0.1484375 0.8756906077348067 0.1515625 0.8784530386740331 0.1515625 0.9088397790055248 0.1546875 0.9116022099447514 0.1546875 0.9337016574585635 0.1578125 0.93646408839779 0.1578125 0.9447513812154696 0.2140625 0.9447513812154696 0.2203125 0.9337016574585635 0.2203125 0.925414364640884 0.2234375 0.9226519337016574 0.2234375 0.9116022099447514 0.228125 0.9088397790055248 0.228125 0.8950276243093923 0.23125 0.8922651933701657 0.23125 0.8839779005524862 0.2375 0.8756906077348067 0.2375 0.8591160220994475 0.240625 0.8535911602209945 0.2375 0.850828729281768 0.2375 0.8370165745856354 0.234375 0.8342541436464088 0.234375 0.8287292817679558 0.23125 0.8232044198895028 0.225 0.8232044198895028 0.2234375 0.8176795580110497 0.20625 0.8176795580110497 0.2046875 0.8121546961325967 0.1859375 0.8121546961325967 0.184375 0.8066298342541437 0.1625 0.8066298342541437 0.1609375 0.8011049723756906 0.1546875 0.8011049723756906 0.153125 0.7955801104972375 0.1484375 0.7955801104972375 0.146875 0.787292817679558 0.1453125 0.787292817679558 0.14375 0.7955801104972375 0.1390625 0.7955801104972375 0.1390625 0.7983425414364641 0.1390625 0.8259668508287292 0.1421875 0.8287292817679558
1 0.94375 0.8287292817679558 0.94375 0.8453038674033149 0.940625 0.8480662983425414 0.940625 0.856353591160221 0.9375 0.8591160220994475 0.9375 0.8674033149171271 0.934375 0.8701657458563536 0.934375 0.8812154696132597 0.9296875 0.8839779005524862 0.9296875 0.8977900552486188 0.9234375 0.9060773480662984 0.9234375 0.9171270718232044 0.9171875 0.919889502762431 0.9171875 0.9281767955801105 0.909375 0.9419889502762431 0.903125 0.9419889502762431 0.903125 0.9502762430939227 0.9 0.9530386740331491 0.9 0.9640883977900553 0.89375 0.9723756906077348 0.89375 0.9806629834254144 0.8890625 0.988950276243094 0.8859375 0.988950276243094 0.8859375 0.9972375690607734 0.9484375 0.9972375690607734 0.95 0.9917127071823204 0.965625 0.9917127071823204 0.9671875 0.9972375690607734 0.9921875 0.9972375690607734 0.9984375 0.9861878453038674 0.9984375 0.8066298342541437 0.9953125 0.8011049723756906 0.953125 0.8011049723756906 0.953125 0.8038674033149171 0.953125 0.8149171270718232 0.94375 0.8287292817679558
1 0.134375 0 0.134375 0.0027624309392265192 0.134375 0.016574585635359115 0.13125 0.019337016574585635 0.13125 0.027624309392265192 0.125 0.03038674033149171 0.125 0.058011049723756904 0.128125 0.06077348066298342 0.128125 0.07458563535911603 0.13125 0.07734806629834254 0.13125 0.11049723756906077 0.128125 0.1132596685082873 0.128125 0.12154696132596685 0.125 0.12430939226519337 0.125 0.1408839779005525 0.121875 0.143646408839779 0.121875 0.15193370165745856 0.125 0.15469613259668508 0.125 0.16298342541436464 0.128125 0.16574585635359115 0.128125 0.19337016574585636 0.13125 0.19613259668508287 0.128125 0.20441988950276244 0.13125 0.20718232044198895 0.13125 0.21823204419889503 0.1375 0.21823204419889503 0.1390625 0.212707182320442 0.14375 0.212707182320442 0.1453125 0.22375690607734808 0.1484375 0.2265193370165746 0.1484375 0.23480662983425415 0.1578125 0.24861878453038674 0.1578125 0.2541436464088398 0.1625 0.2569060773480663 0.1625 0.281767955801105 0.1671875 0.281767955801105 0.16875 0.2845303867403315 0.16875 0.2955801104972376 0.175 0.30662983425414364 0.18125 0.30939226519337015 0.18125 0.31767955801104975 0.178125 0.32320441988950277 0.1859375 0.3314917127071823 0.1859375 0.35359116022099446 0.1890625 0.356353591160221 0.1890625 0.36464088397790057 0.1953125 0.3729281767955801 0.1953125 0.3839779005524862 0.1984375 0.38950276243093923 0.228125 0.38950276243093923 0.2296875 0.3839779005524862 0.234375 0.3839779005524862 0.2359375 0.3784530386740331 0.2703125 0.3784530386740331 0.271875 0.3701657458563536 0.284375 0.3701657458563536 0.2859375 0.36464088397790057 0.29375 0.36464088397790057 0.2953125 0.35911602209944754 0.3015625 0.35911602209944754 0.303125 0.35359116022099446 0.3078125 0.35359116022099446 0.315625 0.3370165745856354 0.31875 0.3370165745856354 0.31875 0.3314917127071823 0.3234375 0.32320441988950277 0.328125 0.32320441988950277 0.328125 0.3149171270718232 0.3328125 0.30662983425414364 0.3375 0.30662983425414364 0.34375 0.2955801104972376 0.3484375 0.2955801104972376 0.3484375 0.2900552486187845 0.353125 0.281767955801105 0.3578125 0.281767955801105 0.3625 0.27071823204419887 0.365625 0.27071823204419887 0.36875 0.26519337016574585 0.36875 0.24861878453038674 0.371875 0.24585635359116023 0.371875 0.23756906077348067 0.375 0.23480662983425415 0.375 0.16574585635359115 0.371875 0.16298342541436464 0.371875 0.143646408839779 0.36875 0.1408839779005525 0.36875 0.13259668508287292 0.365625 0.1298342541436464 0.365625 0.11878453038674033 0.3609375 0.11602209944751381 0.3609375 0.10773480662983426 0.3578125 0.10497237569060773 0.3578125 0.08287292817679558 0.3546875 0.08011049723756906 0.3546875 0.0718232044198895 0.3515625 0.06906077348066299 0.3515625 0.06077348066298342 0.3484375 0.058011049723756904 0.3484375 0.04143646408839779 0.3453125 0.03867403314917127 0.3453125 0.03038674033149171 0.3375 0.022099447513812154 0.3375 0.013812154696132596 0.3328125 0.013812154696132596 0.33125 0.008287292817679558 0.3234375 0.008287292817679558 0.321875 0 0.2859375 0 0.284375 0.008287292817679558 0.271875 0.008287292817679558 0.2703125 0 0.225 0 0.2234375 0.008287292817679558 0.21875 0.008287292817679558 0.2171875 0 0.215625 0 0.2140625 0.008287292817679558 0.20625 0.008287292817679558 0.2046875 0 0.16875 0 0.16875 0.0055248618784530384 0.1640625 0.013812154696132596 0.1546875 0.013812154696132596 0.15 0.0055248618784530384 0.15 0 0.134375 0
1 0.1109375 0.19337016574585636 0.1078125 0.19613259668508287 0.1078125 0.22375690607734808 0.1046875 0.2265193370165746 0.1046875 0.30662983425414364 0.1015625 0.30939226519337015 0.1015625 0.32320441988950277 0.0984375 0.3259668508287293 0.0984375 0.3425414364640884 0.0953125 0.3453038674033149 0.0953125 0.425414364640884 0.1015625 0.43370165745856354 0.1015625 0.4419889502762431 0.1109375 0.4558011049723757 0.1109375 0.4613259668508287 0.1234375 0.4613259668508287 0.1265625 0.46685082872928174 0.1296875 0.4613259668508287 0.1296875 0.4558011049723757 0.1328125 0.4530386740331492 0.1328125 0.4143646408839779 0.1375 0.4116022099447514 0.1390625 0.4005524861878453 0.153125 0.4005524861878453 0.1578125 0.4116022099447514 0.1734375 0.4116022099447514 0.178125 0.4005524861878453 0.184375 0.4005524861878453 0.1859375 0.39502762430939226 0.190625 0.39502762430939226 0.19375 0.38950276243093923 0.19375 0.3729281767955801 0.1875 0.36464088397790057 0.1875 0.3453038674033149 0.184375 0.3425414364640884 0.184375 0.32044198895027626 0.1796875 0.31767955801104975 0.1796875 0.30939226519337015 0.1765625 0.30662983425414364 0.1765625 0.2983425414364641 0.171875 0.2983425414364641 0.1703125 0.2900552486187845 0.1609375 0.27624309392265195 0.1609375 0.26795580110497236 0.15625 0.26519337016574585 0.15625 0.2569060773480663 0.15 0.24585635359116023 0.15 0.23756906077348067 0.146875 0.23480662983425415 0.146875 0.2265193370165746 0.14375 0.22099447513812154 0.1390625 0.22099447513812154 0.1375 0.2265193370165746 0.128125 0.2265193370165746 0.1265625 0.22375690607734808 0.1265625 0.17955801104972377 0.1234375 0.17403314917127072 0.115625 0.17403314917127072 0.115625 0.17679558011049723 0.1109375 0.17955801104972377 0.1109375 0.19337016574585636
1 0 0.9972375690607734 0.0828125 0.9972375690607734 0.0828125 0.994475138121547 0.078125 0.994475138121547 0.0765625 0.988950276243094 0.04375 0.988950276243094 0.0421875 0.9834254143646409 0.0375 0.9834254143646409 0.0359375 0.9779005524861878 0.0203125 0.9779005524861878 0.01875 0.9723756906077348 0 0.9723756906077348 0 0.9751381215469613 0 0.9972375690607734
1 0.6546875 0 0.6546875 0.0027624309392265192 0.6515625 0.008287292817679558 0.6515625 0.016574585635359115 0.6546875 0.019337016574585635 0.6546875 0.027624309392265192 0.6484375 0.03038674033149171 0.6484375 0.03314917127071823 0.653125 0.03314917127071823 0.6546875 0.03867403314917127 0.6484375 0.04143646408839779 0.6484375 0.04696132596685083 0.6515625 0.052486187845303865 0.6453125 0.06077348066298342 0.6453125 0.06906077348066299 0.6421875 0.0718232044198895 0.6421875 0.08011049723756906 0.6390625 0.08287292817679558 0.6390625 0.08839779005524862 0.6421875 0.09116022099447514 0.6421875 0.09944751381215469 0.6390625 0.10497237569060773 0.653125 0.10497237569060773 0.6546875 0.11049723756906077 0.65 0.11878453038674033 0.6453125 0.11878453038674033 0.6421875 0.12430939226519337 0.6421875 0.1298342541436464 0.6390625 0.13259668508287292 0.6390625 0.1408839779005525 0.64375 0.1408839779005525 0.6578125 0.16574585635359115 0.6578125 0.1712707182320442 0.6609375 0.1712707182320442 0.671875 0.19337016574585636 0.675 0.1878453038674033 0.684375 0.1878453038674033 0.6890625 0.19613259668508287 0.6875 0.20165745856353592 0.68125 0.20165745856353592 0.6796875 0.20718232044198895 0.675 0.20718232044198895 0.675 0.21823204419889503 0.68125 0.2292817679558011 0.6875 0.2292817679558011 0.6921875 0.24033149171270718 0.696875 0.24033149171270718 0.6984375 0.24585635359116023 0.7109375 0.24585635359116023 0.7125 0.2541436464088398 0.7234375 0.2541436464088398 0.725 0.2569060773480663 0.725 0.281767955801105 0.7296875 0.2845303867403315 0.7296875 0.30662983425414364 0.7359375 0.31767955801104975 0.746875 0.31767955801104975 0.7484375 0.32320441988950277 0.7546875 0.32320441988950277 0.759375 0.3314917127071823 0.759375 0.3370165745856354 0.7625 0.3397790055248619 0.7625 0.34806629834254144 0.771875 0.36187845303867405 0.771875 0.3701657458563536 0.7765625 0.3729281767955801 0.7765625 0.3839779005524862 0.7796875 0.3867403314917127 0.7796875 0.39502762430939226 0.7828125 0.4005524861878453 0.7875 0.4005524861878453 0.790625 0.39502762430939226 0.790625 0.3729281767955801 0.7875 0.3701657458563536 0.7875 0.36187845303867405 0.7921875 0.35359116022099446 0.7953125 0.35911602209944754 0.8046875 0.35911602209944754 0.80625 0.36187845303867405 0.80625 0.3784530386740331 0.8140625 0.3784530386740331 0.815625 0.3839779005524862 0.821875 0.3839779005524862 0.8234375 0.38950276243093923 0.834375 0.38950276243093923 0.8359375 0.39502762430939226 0.871875 0.39502762430939226 0.8734375 0.38950276243093923 0.878125 0.38950276243093923 0.8796875 0.39502762430939226 0.8984375 0.39502762430939226 0.9 0.38950276243093923 0.909375 0.38950276243093923 0.9140625 0.3784530386740331 0.91875 0.3784530386740331 0.9203125 0.3701657458563536 0.925 0.3701657458563536 0.9296875 0.35911602209944754 0.9359375 0.35911602209944754 0.9453125 0.3425414364640884 0.9453125 0.3314917127071823 0.9484375 0.3287292817679558 0.9484375 0.32044198895027626 0.959375 0.30662983425414364 0.959375 0.2900552486187845 0.9625 0.287292817679558 0.9625 0.27900552486187846 0.965625 0.27624309392265195 0.965625 0.26243093922651933 0.96875 0.2596685082872928 0.96875 0.24861878453038674 0.971875 0.24585635359116023 0.971875 0.23204419889502761 0.975 0.2292817679558011 0.9765625 0.21823204419889503 0.9796875 0.21823204419889503 0.9828125 0.212707182320442 0.9828125 0.20165745856353592 0.9859375 0.19889502762430938 0.9859375 0.19060773480662985 0.9921875 0.18232044198895028 0.9921875 0.17403314917127072 0.9953125 0.1712707182320442 0.9953125 0.143646408839779 0.9921875 0.1408839779005525 0.9921875 0.13259668508287292 0.9953125 0.1298342541436464 0.9953125 0.12430939226519337 0.9921875 0.12154696132596685 0.9921875 0.09116022099447514 0.9890625 0.08839779005524862 0.9890625 0.03591160220994475 0.9796875 0.019337016574585635 0.9703125 0.019337016574585635 0.96875 0.013812154696132596 0.9640625 0.013812154696132596 0.9625 0.011049723756906077 0.9625 0 0.9296875 0 0.928125 0.008287292817679558 0.896875 0.008287292817679558 0.8953125 0 0.8703125 0 0.86875 0.008287292817679558 0.85625 0.008287292817679558 0.8546875 0 0.85 0 0.85 0.0055248618784530384 0.846875 0.008287292817679558 0.8453125 0 0.815625 0 0.8140625 0.008287292817679558 0.803125 0.008287292817679558 0.8015625 0 0.7796875 0 0.778125 0.008287292817679558 0.7390625 0.008287292817679558 0.7390625 0.016574585635359115 0.7359375 0.019337016574585635 0.734375 0.008287292817679558 0.721875 0.008287292817679558 0.7203125 0 0.6859375 0 0.684375 0.008287292817679558 0.671875 0.008287292817679558 0.6703125 0 0.6546875 0
1 0.0046875 0 0.0046875 0.0027624309392265192 0.003125 0.008287292817679558 0 0.008287292817679558 0 0.04696132596685083 0.0125 0.04696132596685083 0.0140625 0.03867403314917127 0.0234375 0.03867403314917127 0.0234375 0.03038674033149171 0.0265625 0.024861878453038673 0.0234375 0.022099447513812154 0.0234375 0.013812154696132596 0.0203125 0.013812154696132596 0.01875 0.008287292817679558 0.0125 0.0055248618784530384 0.0125 0 0.0046875 0
1 0 0 0 0.0027624309392265192 0 0.9972375690607734 0.0703125 0.9972375690607734 0.071875 0.9917127071823204 0.0765625 0.9917127071823204 0.078125 0.9972375690607734 0.0859375 0.9972375690607734 0.0890625 0.9917127071823204 0.090625 0.9972375690607734 0.6671875 0.9972375690607734 0.6703125 0.9917127071823204 0.671875 0.9972375690607734 0.746875 0.9972375690607734 0.7484375 0.9917127071823204 0.7640625 0.9917127071823204 0.765625 0.9972375690607734 0.9453125 0.9972375690607734 0.946875 0.9917127071823204 0.965625 0.9917127071823204 0.9671875 0.9972375690607734 0.9921875 0.9972375690607734 0.9953125 0.9917127071823204 0.9984375 0.9972375690607734 0.9984375 0.9668508287292817 0.9953125 0.9640883977900553 0.9953125 0.9530386740331491 0.9984375 0.9475138121546961 0.9953125 0.9447513812154696 0.9953125 0.930939226519337 0.9921875 0.925414364640884 0.9984375 0.9171270718232044 0.9984375 0.9116022099447514 0.9953125 0.9088397790055248 0.9953125 0.8895027624309392 0.9921875 0.8839779005524862 0.9953125 0.8784530386740331 0.9921875 0.8756906077348067 0.9921875 0.8701657458563536 0.9953125 0.8674033149171271 0.9953125 0.8591160220994475 0.9984375 0.856353591160221 0.9984375 0.8425414364640884 0.9953125 0.8397790055248618 0.9984375 0.8342541436464088 0.9984375 0.8287292817679558 0.9953125 0.8259668508287292 0.9953125 0.787292817679558 0.9984375 0.7845303867403315 0.9984375 0.6298342541436464 0.9953125 0.6270718232044199 0.9953125 0.6215469613259669 0.9984375 0.6187845303867403 0.9984375 0.5939226519337016 0.9953125 0.5883977900552486 0.9984375 0.585635359116022 0.9984375 0.505524861878453 0.9953125 0.5027624309392266 0.9953125 0.4972375690607735 0.9984375 0.494475138121547 0.9984375 0.1850828729281768 0.9953125 0.18232044198895028 0.9953125 0.16574585635359115 0.9984375 0.16298342541436464 0.9984375 0 0.3328125 0 0.3328125 0.0055248618784530384 0.3296875 0.008287292817679558 0.328125 0 0 0
1 0.98125 0.23204419889502761 0.98125 0.24585635359116023 0.9765625 0.24861878453038674 0.9765625 0.2541436464088398 0.9734375 0.2569060773480663 0.9734375 0.26519337016574585 0.9703125 0.26795580110497236 0.9703125 0.281767955801105 0.9640625 0.2900552486187845 0.9640625 0.30662983425414364 0.9609375 0.30939226519337015 0.9609375 0.31767955801104975 0.9578125 0.32044198895027626 0.9578125 0.3287292817679558 0.953125 0.3314917127071823 0.953125 0.34806629834254144 0.95 0.35082872928176795 0.95 0.35911602209944754 0.9421875 0.3729281767955801 0.934375 0.3729281767955801 0.9328125 0.3812154696132597 0.9296875 0.3812154696132597 0.9296875 0.38950276243093923 0.9328125 0.38950276243093923 0.9375 0.39779005524861877 0.9375 0.40607734806629836 0.9328125 0.4143646408839779 0.9296875 0.4143646408839779 0.9296875 0.43646408839779005 0.9359375 0.43646408839779005 0.9375 0.425414364640884 0.9484375 0.425414364640884 0.95 0.4198895027624309 0.9625 0.4198895027624309 0.9625 0.4088397790055249 0.9671875 0.4005524861878453 0.971875 0.4005524861878453 0.9734375 0.39502762430939226 0.9890625 0.39502762430939226 0.9921875 0.38950276243093923 0.99375 0.39502762430939226 0.9984375 0.39502762430939226 0.9984375 0.22099447513812154 0.990625 0.22099447513812154 0.990625 0.22375690607734808 0.984375 0.2265193370165746 0.98125 0.23204419889502761
1 0.63125 0.8839779005524862 0.6296875 0.8895027624309392 0.625 0.8895027624309392 0.6203125 0.9005524861878453 0.615625 0.9005524861878453 0.6140625 0.9060773480662984 0.6109375 0.9060773480662984 0.6078125 0.9116022099447514 0.6078125 0.9171270718232044 0.5953125 0.93646408839779 0.5953125 0.9447513812154696 0.590625 0.9475138121546961 0.590625 0.9585635359116023 0.58125 0.9723756906077348 0.58125 0.9806629834254144 0.578125 0.9834254143646409 0.578125 0.9917127071823204 0.575 0.9972375690607734 0.746875 0.9972375690607734 0.746875 0.988950276243094 0.740625 0.9806629834254144 0.740625 0.9723756906077348 0.734375 0.9613259668508287 0.7296875 0.9613259668508287 0.728125 0.9530386740331491 0.725 0.9530386740331491 0.7171875 0.9392265193370166 0.7171875 0.930939226519337 0.7125 0.930939226519337 0.7109375 0.925414364640884 0.70625 0.925414364640884 0.7046875 0.919889502762431 0.7015625 0.919889502762431 0.7 0.9116022099447514 0.684375 0.8839779005524862 0.6625 0.8839779005524862 0.6609375 0.8784530386740331 0.6453125 0.8784530386740331 0.6453125 0.8812154696132597 0.64375 0.8839779005524862 0.63125 0.8839779005524862
1 0.4296875 0.5276243093922652 0.428125 0.5331491712707183 0.4171875 0.5331491712707183 0.415625 0.5386740331491713 0.40625 0.5386740331491713 0.4046875 0.5469613259668509 0.4 0.5469613259668509 0.3984375 0.5524861878453039 0.39375 0.5524861878453039 0.3921875 0.5580110497237569 0.3859375 0.5580110497237569 0.384375 0.56353591160221 0.3796875 0.56353591160221 0.3703125 0.580110497237569 0.3703125 0.585635359116022 0.3671875 0.5883977900552486 0.3671875 0.5966850828729282 0.3625 0.5994475138121547 0.3625 0.6077348066298343 0.359375 0.6104972375690608 0.359375 0.6270718232044199 0.35625 0.6298342541436464 0.35625 0.643646408839779 0.353125 0.6464088397790055 0.353125 0.6546961325966851 0.35 0.6574585635359116 0.35 0.6850828729281768 0.34375 0.6878453038674033 0.34375 0.7209944751381215 0.346875 0.7237569060773481 0.346875 0.7375690607734806 0.35 0.7403314917127072 0.35 0.7569060773480663 0.35625 0.7651933701657458 0.353125 0.7707182320441989 0.353125 0.7845303867403315 0.35625 0.787292817679558 0.35625 0.7928176795580111 0.3625 0.8038674033149171 0.365625 0.8038674033149171 0.3703125 0.8121546961325967 0.3703125 0.8204419889502762 0.3734375 0.8232044198895028 0.3734375 0.8342541436464088 0.3765625 0.8370165745856354 0.3765625 0.861878453038674 0.3734375 0.8674033149171271 0.3765625 0.8701657458563536 0.3765625 0.8756906077348067 0.3828125 0.8867403314917127 0.3890625 0.8867403314917127 0.390625 0.8977900552486188 0.39375 0.9005524861878453 0.39375 0.9281767955801105 0.4 0.930939226519337 0.396875 0.9392265193370166 0.4 0.9447513812154696 0.396875 0.9502762430939227 0.4 0.9530386740331491 0.4 0.9585635359116023 0.409375 0.9585635359116023 0.4171875 0.9751381215469613 0.421875 0.9751381215469613 0.4296875 0.9917127071823204 0.4796875 0.9917127071823204 0.48125 0.9972375690607734 0.509375 0.9972375690607734 0.5109375 0.9917127071823204 0.565625 0.9917127071823204 0.5671875 0.9861878453038674 0.5734375 0.9861878453038674 0.5734375 0.9779005524861878 0.5765625 0.9751381215469613 0.5765625 0.9668508287292817 0.5859375 0.9502762430939227 0.5859375 0.93646408839779 0.5890625 0.9337016574585635 0.5890625 0.919889502762431 0.59375 0.9171270718232044 0.59375 0.9116022099447514 0.603125 0.8977900552486188 0.603125 0.8839779005524862 0.609375 0.8756906077348067 0.609375 0.8646408839779005 0.6140625 0.861878453038674 0.6140625 0.8480662983425414 0.6171875 0.8453038674033149 0.6171875 0.8287292817679558 0.6203125 0.8259668508287292 0.6203125 0.8066298342541437 0.6234375 0.8038674033149171 0.6234375 0.787292817679558 0.6265625 0.7845303867403315 0.6265625 0.7762430939226519 0.6296875 0.7734806629834254 0.6296875 0.7651933701657458 0.634375 0.7569060773480663 0.6375 0.7569060773480663 0.6375 0.7292817679558011 0.640625 0.7237569060773481 0.6375 0.7209944751381215 0.6375 0.712707182320442 0.6328125 0.7099447513812155 0.6328125 0.6988950276243094 0.6296875 0.6961325966850829 0.6296875 0.6878453038674033 0.6265625 0.6850828729281768 0.6265625 0.6629834254143646 0.6203125 0.6519337016574586 0.615625 0.6519337016574586 0.6140625 0.6464088397790055 0.6078125 0.6464088397790055 0.603125 0.6353591160220995 0.5953125 0.6353591160220995 0.59375 0.6298342541436464 0.5890625 0.6270718232044199 0.5890625 0.6215469613259669 0.58125 0.6215469613259669 0.5796875 0.6160220994475138 0.575 0.6160220994475138 0.565625 0.5994475138121547 0.5609375 0.5994475138121547 0.559375 0.5939226519337016 0.5546875 0.5939226519337016 0.55 0.585635359116022 0.55 0.580110497237569 0.546875 0.574585635359116 0.54375 0.574585635359116 0.5421875 0.569060773480663 0.5375 0.569060773480663 0.5359375 0.56353591160221 0.53125 0.56353591160221 0.5296875 0.5580110497237569 0.525 0.5580110497237569 0.5234375 0.5524861878453039 0.5171875 0.5524861878453039 0.515625 0.5469613259668509 0.5109375 0.5469613259668509 0.509375 0.5386740331491713 0.5046875 0.5386740331491713 0.503125 0.5331491712707183 0.496875 0.5331491712707183 0.4953125 0.5276243093922652 0.4765625 0.5276243093922652 0.475 0.5220994475138122 0.453125 0.5220994475138122 0.453125 0.5248618784530387 0.4515625 0.5276243093922652 0.4296875 0.5276243093922652
1 0.396875 0 0.396875 0.0027624309392265192 0.3953125 0.008287292817679558 0.390625 0.008287292817679558 0.390625 0.06906077348066299 0.3859375 0.0718232044198895 0.3859375 0.17679558011049723 0.3828125 0.17955801104972377 0.3828125 0.20441988950276244 0.3859375 0.20718232044198895 0.3859375 0.22375690607734808 0.3890625 0.22375690607734808 0.39375 0.23204419889502761 0.39375 0.24033149171270718 0.4015625 0.24033149171270718 0.403125 0.24585635359116023 0.41875 0.24585635359116023 0.4203125 0.24033149171270718 0.428125 0.24033149171270718 0.4296875 0.23480662983425415 0.4359375 0.23480662983425415 0.4375 0.2292817679558011 0.4421875 0.2292817679558011 0.44375 0.22375690607734808 0.4484375 0.22375690607734808 0.45 0.21823204419889503 0.45625 0.21823204419889503 0.4578125 0.212707182320442 0.4625 0.212707182320442 0.4640625 0.20441988950276244 0.46875 0.20441988950276244 0.4703125 0.19889502762430938 0.4796875 0.19889502762430938 0.48125 0.19337016574585636 0.4859375 0.19337016574585636 0.4875 0.1878453038674033 0.4953125 0.1878453038674033 0.496875 0.18232044198895028 0.503125 0.18232044198895028 0.5046875 0.17679558011049723 0.509375 0.17679558011049723 0.5140625 0.16298342541436464 0.51875 0.16298342541436464 0.525 0.15193370165745856 0.5296875 0.15193370165745856 0.53125 0.1464088397790055 0.5390625 0.1464088397790055 0.540625 0.1408839779005525 0.55625 0.1408839779005525 0.5578125 0.13535911602209943 0.5734375 0.13535911602209943 0.575 0.1298342541436464 0.5796875 0.1298342541436464 0.58125 0.12154696132596685 0.5859375 0.12154696132596685 0.5875 0.11602209944751381 0.59375 0.11602209944751381 0.5953125 0.11049723756906077 0.603125 0.11049723756906077 0.6078125 0.09944751381215469 0.6140625 0.09944751381215469 0.6171875 0.09392265193370165 0.6171875 0.08287292817679558 0.6234375 0.07458563535911603 0.6234375 0.06629834254143646 0.6265625 0.06353591160220995 0.6265625 0.049723756906077346 0.6296875 0.04696132596685083 0.6296875 0.03038674033149171 0.6328125 0.027624309392265192 0.634375 0.016574585635359115 0.6375 0.016574585635359115 0.6375 0 0.49375 0 0.4921875 0.008287292817679558 0.48125 0.008287292817679558 0.4796875 0 0.4765625 0 0.475 0.008287292817679558 0.4578125 0.008287292817679558 0.45625 0 0.396875 0
1 0.1578125 0.9613259668508287 0.1453125 0.9834254143646409 0.1453125 0.9917127071823204 0.1421875 0.9972375690607734 0.234375 0.9972375690607734 0.234375 0.988950276243094 0.228125 0.9779005524861878 0.225 0.9779005524861878 0.2203125 0.9668508287292817 0.215625 0.9668508287292817 0.2109375 0.9585635359116023 0.2109375 0.9530386740331491 0.1953125 0.9530386740331491 0.19375 0.9475138121546961 0.18125 0.9475138121546961 0.1796875 0.9530386740331491 0.165625 0.9530386740331491 0.165625 0.9558011049723757 0.1640625 0.9613259668508287 0.1578125 0.9613259668508287
1 0.6859375 0.5165745856353591 0.684375 0.5220994475138122 0.678125 0.5220994475138122 0.6765625 0.5276243093922652 0.66875 0.5276243093922652 0.6671875 0.5331491712707183 0.6578125 0.5331491712707183 0.65625 0.5386740331491713 0.6515625 0.5386740331491713 0.65 0.5469613259668509 0.6453125 0.5469613259668509 0.64375 0.5524861878453039 0.6390625 0.5524861878453039 0.6375 0.5580110497237569 0.63125 0.5580110497237569 0.6296875 0.56353591160221 0.625 0.56353591160221 0.6234375 0.569060773480663 0.615625 0.569060773480663 0.6140625 0.574585635359116 0.6046875 0.574585635359116 0.603125 0.580110497237569 0.584375 0.580110497237569 0.584375 0.585635359116022 0.58125 0.5883977900552486 0.58125 0.5966850828729282 0.584375 0.5994475138121547 0.584375 0.6077348066298343 0.5890625 0.6077348066298343 0.590625 0.6132596685082873 0.6 0.6132596685082873 0.6015625 0.6187845303867403 0.60625 0.6187845303867403 0.6109375 0.6325966850828729 0.6171875 0.6325966850828729 0.621875 0.643646408839779 0.6265625 0.643646408839779 0.63125 0.6546961325966851 0.6375 0.6546961325966851 0.6421875 0.6629834254143646 0.6421875 0.6685082872928176 0.6484375 0.6712707182320442 0.6484375 0.6795580110497238 0.6609375 0.6795580110497238 0.6609375 0.6712707182320442 0.6640625 0.6685082872928176 0.6640625 0.6574585635359116 0.6671875 0.6546961325966851 0.6671875 0.6464088397790055 0.6703125 0.643646408839779 0.6703125 0.6298342541436464 0.6734375 0.6270718232044199 0.6734375 0.6160220994475138 0.6765625 0.6132596685082873 0.6765625 0.6049723756906077 0.6796875 0.6022099447513812 0.6796875 0.5883977900552486 0.684375 0.585635359116022 0.684375 0.574585635359116 0.6875 0.5718232044198895 0.6875 0.56353591160221 0.69375 0.5552486187845304 0.69375 0.5469613259668509 0.696875 0.5441988950276243 0.696875 0.5276243093922652 0.7 0.5248618784530387 0.7 0.5165745856353591 0.7078125 0.5082872928176796 0.70625 0.505524861878453 0.7046875 0.511049723756906 0.7015625 0.511049723756906 0.6984375 0.505524861878453 0.6984375 0.5082872928176796 0.696875 0.5165745856353591 0.6859375 0.5165745856353591
1 0.1484375 0.9613259668508287 0.146875 0.9668508287292817 0.1390625 0.9668508287292817 0.1375 0.9723756906077348 0.13125 0.9723756906077348 0.1296875 0.9779005524861878 0.121875 0.9779005524861878 0.1203125 0.9834254143646409 0.1078125 0.9834254143646409 0.10625 0.988950276243094 0.0984375 0.988950276243094 0.0953125 0.9972375690607734 0.234375 0.9972375690607734 0.234375 0.988950276243094 0.228125 0.9779005524861878 0.225 0.9779005524861878 0.2171875 0.9613259668508287 0.2125 0.9613259668508287 0.2109375 0.9530386740331491 0.20625 0.9530386740331491 0.2046875 0.9475138121546961 0.16875 0.9475138121546961 0.1671875 0.9530386740331491 0.1546875 0.9530386740331491 0.1546875 0.9558011049723757 0.153125 0.9613259668508287 0.1484375 0.9613259668508287
1 0.940625 0.6933701657458563 0.9375 0.6988950276243094 0.9375 0.7154696132596685 0.940625 0.7182320441988951 0.940625 0.7320441988950276 0.95 0.7458563535911602 0.95 0.7569060773480663 0.95625 0.7569060773480663 0.9671875 0.7790055248618785 0.975 0.7790055248618785 0.9765625 0.7845303867403315 0.9984375 0.7845303867403315 0.9984375 0.7707182320441989 0.9953125 0.7679558011049724 0.9953125 0.7596685082872928 0.9984375 0.7569060773480663 0.9984375 0.7237569060773481 0.9953125 0.7209944751381215 0.9953125 0.6988950276243094 0.9921875 0.7044198895027625 0.984375 0.7044198895027625 0.9828125 0.6988950276243094 0.9734375 0.6988950276243094 0.971875 0.6933701657458563 0.9640625 0.6933701657458563 0.9625 0.6878453038674033 0.95 0.6878453038674033 0.95 0.6906077348066298 0.9484375 0.6933701657458563 0.940625 0.6933701657458563
1 0.7953125 0.39226519337016574 0.7953125 0.4005524861878453 0.7875 0.4143646408839779 0.7828125 0.4143646408839779 0.775 0.39779005524861877 0.771875 0.39779005524861877 0.7625 0.4143646408839779 0.7625 0.430939226519337 0.759375 0.43370165745856354 0.759375 0.4419889502762431 0.753125 0.45027624309392267 0.753125 0.4613259668508287 0.8015625 0.4613259668508287 0.803125 0.46685082872928174 0.8109375 0.46685082872928174 0.8125 0.4723756906077348 0.81875 0.4723756906077348 0.8203125 0.47790055248618785 0.825 0.47790055248618785 0.8265625 0.48342541436464087 0.83125 0.48342541436464087 0.8328125 0.4889502762430939 0.8421875 0.4889502762430939 0.84375 0.494475138121547 0.8546875 0.494475138121547 0.859375 0.5082872928176796 0.865625 0.5082872928176796 0.8734375 0.5248618784530387 0.884375 0.5248618784530387 0.890625 0.5138121546961326 0.8953125 0.5138121546961326 0.896875 0.5082872928176796 0.909375 0.5082872928176796 0.909375 0.4972375690607735 0.9125 0.494475138121547 0.9125 0.4861878453038674 0.915625 0.48342541436464087 0.915625 0.45027624309392267 0.91875 0.44751381215469616 0.91875 0.43370165745856354 0.915625 0.4281767955801105 0.91875 0.425414364640884 0.91875 0.4143646408839779 0.9125 0.40331491712707185 0.90625 0.40331491712707185 0.9046875 0.4088397790055249 0.890625 0.4088397790055249 0.8890625 0.40331491712707185 0.8359375 0.40331491712707185 0.834375 0.39779005524861877 0.8203125 0.39779005524861877 0.81875 0.39226519337016574 0.809375 0.39226519337016574 0.8078125 0.3867403314917127 0.803125 0.3867403314917127 0.803125 0.38950276243093923 0.8015625 0.39226519337016574 0.7953125 0.39226519337016574