5 0.73125 0.15894039735099338 0.73125 0.16335540838852097 0.7375 0.16335540838852097 0.7390625 0.16777041942604856 0.79375 0.16777041942604856 0.7953125 0.17439293598233996 0.8375 0.17439293598233996 0.8390625 0.17880794701986755 0.8828125 0.17880794701986755 0.884375 0.18322295805739514 0.890625 0.18322295805739514 0.8921875 0.18984547461368653 0.8984375 0.18984547461368653 0.9 0.19426048565121412 0.928125 0.19426048565121412 0.9296875 0.20088300220750552 0.9390625 0.20088300220750552 0.940625 0.2052980132450331 0.95 0.2052980132450331 0.9515625 0.2097130242825607 0.9578125 0.2097130242825607 0.959375 0.2163355408388521 0.965625 0.2163355408388521 0.965625 0.2119205298013245 0.9703125 0.2052980132450331 0.98125 0.2052980132450331 0.9828125 0.2097130242825607 0.9953125 0.2097130242825607 0.9953125 0.20309050772626933 0.9921875 0.20088300220750552 0.9921875 0.19646799116997793 0.9859375 0.19646799116997793 0.984375 0.19205298013245034 0.978125 0.19205298013245034 0.9765625 0.18543046357615894 0.9703125 0.18543046357615894 0.96875 0.18101545253863136 0.95625 0.18101545253863136 0.9546875 0.17660044150110377 0.9375 0.17660044150110377 0.9359375 0.16997792494481237 0.9265625 0.16997792494481237 0.925 0.17660044150110377 0.9140625 0.17660044150110377 0.9125 0.16997792494481237 0.8921875 0.16997792494481237 0.890625 0.16556291390728478 0.8625 0.16556291390728478 0.8609375 0.15894039735099338 0.8359375 0.15894039735099338 0.834375 0.1545253863134658 0.7875 0.1545253863134658 0.7859375 0.15011037527593818 0.728125 0.15011037527593818 0.728125 0.152317880794702 0.734375 0.1545253863134658 0.73125 0.15894039735099338
5 0.8140625 0.2229580573951435 0.8125 0.22958057395143489 0.7828125 0.22958057395143489 0.78125 0.2229580573951435 0.7765625 0.2229580573951435 0.775 0.22958057395143489 0.7578125 0.22958057395143489 0.75625 0.23399558498896247 0.734375 0.23399558498896247 0.7328125 0.23841059602649006 0.709375 0.23841059602649006 0.7078125 0.24503311258278146 0.6859375 0.24503311258278146 0.684375 0.24944812362030905 0.671875 0.24944812362030905 0.671875 0.26269315673289184 0.6765625 0.26269315673289184 0.678125 0.2693156732891832 0.7 0.2693156732891832 0.7015625 0.26269315673289184 0.7296875 0.26269315673289184 0.73125 0.2582781456953642 0.7515625 0.2582781456953642 0.753125 0.25386313465783666 0.7671875 0.25386313465783666 0.76875 0.24724061810154527 0.909375 0.24724061810154527 0.9109375 0.24282560706401765 0.9390625 0.24282560706401765 0.940625 0.23620309050772628 0.9578125 0.23620309050772628 0.959375 0.23178807947019867 0.9625 0.23178807947019867 0.965625 0.22737306843267108 0.965625 0.2229580573951435 0.9625 0.2185430463576159 0.9265625 0.2185430463576159 0.925 0.2229580573951435 0.884375 0.2229580573951435 0.8828125 0.2185430463576159 0.8765625 0.2185430463576159 0.875 0.2229580573951435 0.8703125 0.2229580573951435 0.86875 0.2185430463576159 0.8625 0.2185430463576159 0.8625 0.22075055187637968 0.8609375 0.2229580573951435 0.8140625 0.2229580573951435
5 0.203125 0.5033112582781457 0.203125 0.5121412803532008 0.2 0.5143487858719646 0.2 0.58719646799117 0.203125 0.5894039735099338 0.203125 0.5960264900662252 0.20625 0.5982339955849889 0.20625 0.6026490066225165 0.2125 0.6026490066225165 0.2125 0.5143487858719646 0.2171875 0.5121412803532008 0.2171875 0.4922737306843267 0.20625 0.4922737306843267 0.20625 0.49448123620309054 0.20625 0.5011037527593819 0.203125 0.5033112582781457
5 0.109375 0.5518763796909493 0.1078125 0.5562913907284768 0.1015625 0.5562913907284768 0.1015625 0.5607064017660044 0.090625 0.5717439293598234 0.090625 0.5761589403973509 0.0859375 0.5827814569536424 0.0828125 0.5827814569536424 0.08125 0.5894039735099338 0.071875 0.5894039735099338 0.071875 0.5960264900662252 0.06875 0.5982339955849889 0.06875 0.6181015452538632 0.0640625 0.6203090507726269 0.0640625 0.6335540838852097 0.0609375 0.6357615894039735 0.0609375 0.6600441501103753 0.05625 0.6622516556291391 0.05625 0.7350993377483444 0.0609375 0.7373068432671082 0.0609375 0.7704194260485652 0.0640625 0.7726269315673289 0.0640625 0.8079470198675497 0.06875 0.8101545253863135 0.06875 0.8233995584988962 0.071875 0.82560706401766 0.071875 0.8300220750551877 0.08125 0.8300220750551877 0.08125 0.8101545253863135 0.0859375 0.8079470198675497 0.0859375 0.8057395143487859 0.08125 0.8035320088300221 0.08125 0.7682119205298014 0.078125 0.7660044150110376 0.078125 0.7373068432671082 0.0734375 0.7350993377483444 0.0734375 0.6887417218543046 0.078125 0.6865342163355408 0.078125 0.6512141280353201 0.08125 0.6490066225165563 0.08125 0.6357615894039735 0.0859375 0.6335540838852097 0.0859375 0.6203090507726269 0.0890625 0.6181015452538632 0.0890625 0.609271523178808 0.09375 0.6026490066225165 0.096875 0.6026490066225165 0.096875 0.5982339955849889 0.1015625 0.5916114790286976 0.1046875 0.5916114790286976 0.1078125 0.58719646799117 0.1078125 0.5827814569536424 0.1125 0.5761589403973509 0.115625 0.5761589403973509 0.115625 0.5717439293598234 0.1203125 0.565121412803532 0.1234375 0.565121412803532 0.1265625 0.5607064017660044 0.1265625 0.5518763796909493 0.1296875 0.5496688741721855 0.1296875 0.5452538631346578 0.1171875 0.5452538631346578 0.1171875 0.5474613686534217 0.115625 0.5518763796909493 0.109375 0.5518763796909493
5 0.640625 0.20750551876379691 0.640625 0.2163355408388521 0.6453125 0.2185430463576159 0.6453125 0.22737306843267108 0.6484375 0.22958057395143489 0.6484375 0.24282560706401765 0.653125 0.24503311258278146 0.653125 0.25386313465783666 0.65625 0.2560706401766004 0.65625 0.26269315673289184 0.659375 0.26490066225165565 0.659375 0.2737306843267108 0.6640625 0.27593818984547464 0.6640625 0.2847682119205298 0.6671875 0.2891832229580574 0.671875 0.2913907284768212 0.671875 0.30022075055187636 0.678125 0.3090507726269316 0.678125 0.31567328918322296 0.6828125 0.31788079470198677 0.6828125 0.32671081677704195 0.6859375 0.32891832229580575 0.6859375 0.33774834437086093 0.6890625 0.33774834437086093 0.69375 0.3443708609271523 0.69375 0.3487858719646799 0.696875 0.3509933774834437 0.696875 0.3576158940397351 0.7015625 0.3598233995584989 0.7015625 0.36423841059602646 0.7046875 0.3686534216335541 0.709375 0.3708609271523179 0.709375 0.37527593818984545 0.7125 0.37748344370860926 0.7125 0.3841059602649007 0.715625 0.38631346578366443 0.715625 0.39072847682119205 0.71875 0.39072847682119205 0.7203125 0.39514348785871967 0.7265625 0.39514348785871967 0.7265625 0.3818984547461369 0.721875 0.37969094922737306 0.721875 0.3708609271523179 0.71875 0.3686534216335541 0.71875 0.3598233995584989 0.715625 0.3598233995584989 0.7078125 0.3487858719646799 0.7078125 0.33995584988962474 0.703125 0.33774834437086093 0.703125 0.3333333333333333 0.7 0.33112582781456956 0.7 0.32450331125827814 0.696875 0.32450331125827814 0.6953125 0.31788079470198677 0.6921875 0.31567328918322296 0.6921875 0.3090507726269316 0.6890625 0.3068432671081678 0.6890625 0.2980132450331126 0.684375 0.2958057395143488 0.684375 0.2869757174392936 0.68125 0.282560706401766 0.6765625 0.2803532008830022 0.6765625 0.271523178807947 0.6703125 0.26269315673289184 0.6703125 0.2560706401766004 0.665625 0.25386313465783666 0.665625 0.24503311258278146 0.6625 0.24282560706401765 0.6625 0.22958057395143489 0.6640625 0.22737306843267108 0.6703125 0.22737306843267108 0.6703125 0.2229580573951435 0.6734375 0.22075055187637968 0.6734375 0.2119205298013245 0.675 0.2097130242825607 0.68125 0.2097130242825607 0.68125 0.20309050772626933 0.684375 0.20088300220750552 0.6859375 0.19426048565121412 0.6890625 0.19426048565121412 0.6921875 0.18984547461368653 0.6921875 0.18543046357615894 0.675 0.18543046357615894 0.675 0.18984547461368653 0.671875 0.19205298013245034 0.671875 0.20088300220750552 0.6671875 0.20309050772626933 0.6625 0.2119205298013245 0.659375 0.2119205298013245 0.659375 0.2163355408388521 0.65625 0.2185430463576159 0.6546875 0.2119205298013245 0.6515625 0.2097130242825607 0.6515625 0.20309050772626933 0.646875 0.20088300220750552 0.646875 0.18543046357615894 0.64375 0.18322295805739514 0.64375 0.17660044150110377 0.640625 0.17660044150110377 0.6390625 0.16997792494481237 0.6375 0.16997792494481237 0.6375 0.17218543046357615 0.6375 0.2052980132450331 0.640625 0.20750551876379691
5 0.565625 0.2560706401766004 0.5640625 0.26048565121412803 0.5359375 0.26048565121412803 0.534375 0.26490066225165565 0.50625 0.26490066225165565 0.5046875 0.271523178807947 0.4765625 0.271523178807947 0.475 0.27593818984547464 0.4578125 0.27593818984547464 0.45625 0.282560706401766 0.43125 0.282560706401766 0.4296875 0.2869757174392936 0.3828125 0.2869757174392936 0.38125 0.2913907284768212 0.371875 0.2913907284768212 0.3703125 0.2980132450331126 0.3640625 0.2980132450331126 0.3625 0.30242825607064017 0.35625 0.30242825607064017 0.3546875 0.3090507726269316 0.3453125 0.3090507726269316 0.34375 0.31346578366445915 0.3375 0.31346578366445915 0.3359375 0.31788079470198677 0.3296875 0.31788079470198677 0.328125 0.32450331125827814 0.3234375 0.32450331125827814 0.321875 0.32891832229580575 0.315625 0.32891832229580575 0.3140625 0.3333333333333333 0.3109375 0.3333333333333333 0.309375 0.33995584988962474 0.3046875 0.33995584988962474 0.303125 0.3443708609271523 0.296875 0.3443708609271523 0.296875 0.3487858719646799 0.3140625 0.3487858719646799 0.3140625 0.3443708609271523 0.31875 0.33774834437086093 0.359375 0.33774834437086093 0.3609375 0.33112582781456956 0.3703125 0.33112582781456956 0.371875 0.32671081677704195 0.378125 0.32671081677704195 0.3796875 0.32229580573951433 0.384375 0.32229580573951433 0.3859375 0.31567328918322296 0.3921875 0.31567328918322296 0.39375 0.31125827814569534 0.4109375 0.31125827814569534 0.4125 0.3068432671081678 0.4296875 0.3068432671081678 0.43125 0.30022075055187636 0.459375 0.30022075055187636 0.4609375 0.2958057395143488 0.478125 0.2958057395143488 0.4796875 0.2891832229580574 0.496875 0.2891832229580574 0.4984375 0.2847682119205298 0.5234375 0.2847682119205298 0.525 0.2803532008830022 0.5875 0.2803532008830022 0.5890625 0.2737306843267108 0.6140625 0.2737306843267108 0.615625 0.2693156732891832 0.6546875 0.2693156732891832 0.6546875 0.26490066225165565 0.6578125 0.26048565121412803 0.6515625 0.25386313465783666 0.6515625 0.24944812362030905 0.5890625 0.24944812362030905 0.5890625 0.25165562913907286 0.5875 0.2560706401766004 0.565625 0.2560706401766004
5 0.565625 0.2560706401766004 0.5640625 0.26048565121412803 0.5328125 0.26048565121412803 0.53125 0.26490066225165565 0.503125 0.26490066225165565 0.5015625 0.271523178807947 0.4765625 0.271523178807947 0.475 0.27593818984547464 0.4546875 0.27593818984547464 0.453125 0.282560706401766 0.43125 0.282560706401766 0.4296875 0.2869757174392936 0.3796875 0.2869757174392936 0.378125 0.2913907284768212 0.371875 0.2913907284768212 0.3703125 0.2980132450331126 0.3640625 0.2980132450331126 0.3625 0.30242825607064017 0.35625 0.30242825607064017 0.3546875 0.3090507726269316 0.3484375 0.3090507726269316 0.346875 0.31346578366445915 0.3375 0.31346578366445915 0.3359375 0.31788079470198677 0.3296875 0.31788079470198677 0.328125 0.32450331125827814 0.3234375 0.32450331125827814 0.321875 0.32891832229580575 0.315625 0.32891832229580575 0.315625 0.33774834437086093 0.3546875 0.33774834437086093 0.35625 0.33112582781456956 0.365625 0.33112582781456956 0.3671875 0.32671081677704195 0.378125 0.32671081677704195 0.3796875 0.32229580573951433 0.384375 0.32229580573951433 0.3859375 0.31567328918322296 0.3921875 0.31567328918322296 0.39375 0.31125827814569534 0.4109375 0.31125827814569534 0.4125 0.3068432671081678 0.4296875 0.3068432671081678 0.43125 0.30022075055187636 0.459375 0.30022075055187636 0.4609375 0.2958057395143488 0.478125 0.2958057395143488 0.4796875 0.2891832229580574 0.5015625 0.2891832229580574 0.503125 0.2847682119205298 0.5265625 0.2847682119205298 0.528125 0.2803532008830022 0.5765625 0.2803532008830022 0.578125 0.2737306843267108 0.5953125 0.2737306843267108 0.603125 0.2582781456953642 0.60625 0.2582781456953642 0.60625 0.2560706401766004 0.6015625 0.25386313465783666 0.6015625 0.24944812362030905 0.5921875 0.24944812362030905 0.5921875 0.25165562913907286 0.590625 0.2560706401766004 0.565625 0.2560706401766004
5 0.559375 0.30242825607064017 0.5578125 0.3090507726269316 0.5515625 0.3090507726269316 0.55 0.31346578366445915 0.54375 0.31346578366445915 0.5421875 0.31788079470198677 0.5359375 0.31788079470198677 0.5359375 0.32229580573951433 0.53125 0.32891832229580575 0.525 0.32891832229580575 0.5203125 0.33995584988962474 0.5171875 0.33995584988962474 0.5140625 0.3443708609271523 0.5125 0.3509933774834437 0.50625 0.3509933774834437 0.5015625 0.3598233995584989 0.4984375 0.3598233995584989 0.4984375 0.36423841059602646 0.4921875 0.3708609271523179 0.490625 0.37748344370860926 0.4875 0.37748344370860926 0.4828125 0.38631346578366443 0.4796875 0.38631346578366443 0.4796875 0.39072847682119205 0.4765625 0.39293598233995586 0.4765625 0.40176600441501104 0.465625 0.41280353200883 0.465625 0.4216335540838852 0.4609375 0.423841059602649 0.4609375 0.4326710816777042 0.4578125 0.434878587196468 0.4578125 0.4481236203090508 0.4546875 0.4503311258278146 0.4546875 0.45474613686534215 0.4578125 0.45695364238410596 0.4578125 0.46357615894039733 0.459375 0.46357615894039733 0.4609375 0.45916114790286977 0.4640625 0.45916114790286977 0.4671875 0.45474613686534215 0.46875 0.4481236203090508 0.471875 0.4481236203090508 0.471875 0.4392935982339956 0.478125 0.4326710816777042 0.478125 0.423841059602649 0.4828125 0.4216335540838852 0.4828125 0.41280353200883 0.49375 0.40176600441501104 0.49375 0.3973509933774834 0.4984375 0.39072847682119205 0.5015625 0.39072847682119205 0.5015625 0.38631346578366443 0.509375 0.37527593818984545 0.5125 0.37527593818984545 0.5125 0.3708609271523179 0.5171875 0.36423841059602646 0.5203125 0.36423841059602646 0.521875 0.3576158940397351 0.5265625 0.3576158940397351 0.528125 0.35320088300220753 0.534375 0.35320088300220753 0.5359375 0.3487858719646799 0.5390625 0.3487858719646799 0.5390625 0.3443708609271523 0.54375 0.33774834437086093 0.55 0.33774834437086093 0.5515625 0.33112582781456956 0.5578125 0.33112582781456956 0.559375 0.32671081677704195 0.56875 0.32671081677704195 0.5734375 0.31567328918322296 0.5765625 0.31567328918322296 0.5828125 0.3068432671081678 0.5828125 0.2980132450331126 0.5796875 0.2958057395143488 0.5796875 0.2913907284768212 0.5703125 0.2913907284768212 0.5703125 0.293598233995585 0.5640625 0.30242825607064017 0.559375 0.30242825607064017
5 0.709375 0.1545253863134658 0.7078125 0.15894039735099338 0.7015625 0.15894039735099338 0.7 0.16556291390728478 0.69375 0.16556291390728478 0.6921875 0.16997792494481237 0.6859375 0.16997792494481237 0.6859375 0.17439293598233996 0.675 0.18543046357615894 0.675 0.18984547461368653 0.6703125 0.19646799116997793 0.6671875 0.19646799116997793 0.6671875 0.20088300220750552 0.6625 0.20750551876379691 0.659375 0.20750551876379691 0.65625 0.2119205298013245 0.65625 0.2163355408388521 0.659375 0.2185430463576159 0.659375 0.22737306843267108 0.6703125 0.22737306843267108 0.6703125 0.2229580573951435 0.6765625 0.2163355408388521 0.6765625 0.20750551876379691 0.68125 0.2052980132450331 0.684375 0.20088300220750552 0.684375 0.19646799116997793 0.6890625 0.19426048565121412 0.690625 0.18984547461368653 0.6953125 0.18984547461368653 0.696875 0.18322295805739514 0.703125 0.18322295805739514 0.7046875 0.17880794701986755 0.7109375 0.17880794701986755 0.7125 0.17439293598233996 0.71875 0.17439293598233996 0.7203125 0.16777041942604856 0.7265625 0.16777041942604856 0.728125 0.16335540838852097 0.7375 0.16335540838852097 0.7375 0.15894039735099338 0.740625 0.15673289183222958 0.740625 0.15011037527593818 0.7203125 0.15011037527593818 0.7203125 0.152317880794702 0.71875 0.1545253863134658 0.709375 0.1545253863134658
5 0.846875 0.18543046357615894 0.8453125 0.19205298013245034 0.8328125 0.19205298013245034 0.83125 0.19646799116997793 0.8140625 0.19646799116997793 0.8125 0.20309050772626933 0.80625 0.20309050772626933 0.8046875 0.20750551876379691 0.7984375 0.20750551876379691 0.796875 0.2119205298013245 0.790625 0.2119205298013245 0.7890625 0.2185430463576159 0.7828125 0.2185430463576159 0.7796875 0.2229580573951435 0.7796875 0.22737306843267108 0.8046875 0.22737306843267108 0.80625 0.22075055187637968 0.834375 0.22075055187637968 0.8359375 0.2163355408388521 0.85 0.2163355408388521 0.8515625 0.2097130242825607 0.86875 0.2097130242825607 0.8703125 0.2052980132450331 0.8796875 0.2052980132450331 0.88125 0.20088300220750552 0.89375 0.20088300220750552 0.89375 0.18543046357615894 0.884375 0.18543046357615894 0.8828125 0.18101545253863136 0.865625 0.18101545253863136 0.865625 0.18322295805739514 0.8640625 0.18543046357615894 0.846875 0.18543046357615894
2 0.8171875 0 0.8171875 0.002207505518763797 0.8125 0.011037527593818985 0.809375 0.011037527593818985 0.809375 0.019867549668874173 0.8078125 0.02207505518763797 0.7953125 0.02207505518763797 0.79375 0.026490066225165563 0.7765625 0.026490066225165563 0.775 0.033112582781456956 0.7640625 0.033112582781456956 0.7625 0.037527593818984545 0.746875 0.037527593818984545 0.7453125 0.04415011037527594 0.734375 0.04415011037527594 0.7328125 0.04856512141280353 0.728125 0.04856512141280353 0.7265625 0.052980132450331126 0.7234375 0.052980132450331126 0.7234375 0.05739514348785872 0.71875 0.0640176600441501 0.715625 0.0640176600441501 0.715625 0.0684326710816777 0.7125 0.0706401766004415 0.7125 0.08388520971302428 0.715625 0.08830022075055188 0.721875 0.08830022075055188 0.7234375 0.09050772626931568 0.7234375 0.09933774834437085 0.7265625 0.09933774834437085 0.728125 0.10375275938189846 0.7328125 0.10375275938189846 0.734375 0.11037527593818984 0.7453125 0.11037527593818984 0.746875 0.11479028697571744 0.7625 0.11479028697571744 0.7640625 0.12141280353200883 0.7859375 0.12141280353200883 0.7875 0.12582781456953643 0.8453125 0.12582781456953643 0.846875 0.12141280353200883 0.86875 0.12141280353200883 0.8703125 0.11479028697571744 0.89375 0.11479028697571744 0.8953125 0.11037527593818984 0.9125 0.11037527593818984 0.9140625 0.11479028697571744 0.928125 0.11479028697571744 0.9296875 0.12141280353200883 0.9390625 0.12141280353200883 0.940625 0.12582781456953643 0.95 0.12582781456953643 0.9515625 0.13024282560706402 0.9765625 0.13024282560706402 0.978125 0.12582781456953643 0.9953125 0.12582781456953643 0.9953125 0.11699779249448124 0.9984375 0.11479028697571744 0.9984375 0.006622516556291391 0.9953125 0.004415011037527594 0.9953125 0 0.8171875 0
2 0.9 0.445916114790287 0.8984375 0.4503311258278146 0.88125 0.4503311258278146 0.8796875 0.445916114790287 0.8625 0.445916114790287 0.8609375 0.4503311258278146 0.846875 0.4503311258278146 0.846875 0.45474613686534215 0.8421875 0.4613686534216336 0.8390625 0.4613686534216336 0.8359375 0.46578366445916114 0.8359375 0.4746136865342163 0.8328125 0.4768211920529801 0.83125 0.48344370860927155 0.828125 0.48344370860927155 0.8265625 0.4878587196467991 0.8140625 0.4878587196467991 0.8125 0.4922737306843267 0.80625 0.4922737306843267 0.80625 0.4966887417218543 0.8015625 0.4988962472406181 0.8 0.5033112582781457 0.7953125 0.5033112582781457 0.7953125 0.5121412803532008 0.790625 0.5143487858719646 0.790625 0.5165562913907285 0.7953125 0.5187637969094923 0.7953125 0.5231788079470199 0.7875 0.5298013245033113 0.7875 0.5386313465783664 0.7859375 0.5408388520971302 0.7828125 0.5408388520971302 0.7828125 0.5496688741721855 0.7796875 0.5518763796909493 0.7796875 0.5607064017660044 0.775 0.5673289183222958 0.7578125 0.5673289183222958 0.75625 0.5717439293598234 0.75 0.5717439293598234 0.75 0.5761589403973509 0.7453125 0.5827814569536424 0.7390625 0.5827814569536424 0.7375 0.5894039735099338 0.734375 0.5894039735099338 0.7328125 0.5938189845474614 0.728125 0.5938189845474614 0.728125 0.6026490066225165 0.7234375 0.6048565121412803 0.7234375 0.6136865342163356 0.7203125 0.6158940397350994 0.7203125 0.6401766004415012 0.715625 0.6423841059602649 0.7140625 0.6467991169977925 0.709375 0.6467991169977925 0.7078125 0.6512141280353201 0.7015625 0.6512141280353201 0.7015625 0.6600441501103753 0.696875 0.6622516556291391 0.696875 0.6710816777041942 0.7 0.6710816777041942 0.7015625 0.6754966887417219 0.7109375 0.6754966887417219 0.7125 0.6710816777041942 0.7296875 0.6710816777041942 0.73125 0.6644591611479028 0.7515625 0.6644591611479028 0.753125 0.6600441501103753 0.759375 0.6600441501103753 0.7609375 0.6556291390728477 0.7703125 0.6556291390728477 0.771875 0.6490066225165563 0.78125 0.6490066225165563 0.7828125 0.6445916114790287 0.79375 0.6445916114790287 0.7953125 0.6401766004415012 0.8046875 0.6401766004415012 0.80625 0.6335540838852097 0.815625 0.6335540838852097 0.8171875 0.6291390728476821 0.8265625 0.6291390728476821 0.828125 0.6225165562913907 0.834375 0.6225165562913907 0.8359375 0.6181015452538632 0.8453125 0.6181015452538632 0.846875 0.6136865342163356 0.853125 0.6136865342163356 0.8546875 0.6070640176600441 0.8609375 0.6070640176600441 0.8625 0.6026490066225165 0.86875 0.6026490066225165 0.86875 0.5982339955849889 0.8734375 0.5916114790286976 0.8828125 0.5916114790286976 0.884375 0.5960264900662252 0.9015625 0.5960264900662252 0.903125 0.6026490066225165 0.928125 0.6026490066225165 0.9296875 0.6070640176600441 0.9578125 0.6070640176600441 0.959375 0.6136865342163356 0.9953125 0.6136865342163356 0.9953125 0.6048565121412803 0.9984375 0.6026490066225165 0.9984375 0.5364238410596026 0.9953125 0.5342163355408388 0.9953125 0.5187637969094923 0.9984375 0.5165562913907285 0.9984375 0.45695364238410596 0.9640625 0.45695364238410596 0.9625 0.4503311258278146 0.9515625 0.4503311258278146 0.95 0.445916114790287 0.9265625 0.445916114790287 0.925 0.4392935982339956 0.9078125 0.4392935982339956 0.9078125 0.44150110375275936 0.90625 0.445916114790287 0.9 0.445916114790287
2 0 0.40618101545253865 0.00625 0.40618101545253865 0.0078125 0.40176600441501104 0.0140625 0.40176600441501104 0.0140625 0.3973509933774834 0.015625 0.39514348785871967 0.021875 0.39514348785871967 0.0265625 0.3841059602649007 0.0328125 0.3841059602649007 0.0375 0.37527593818984545 0.040625 0.37527593818984545 0.0421875 0.3686534216335541 0.0484375 0.3686534216335541 0.05 0.36423841059602646 0.0546875 0.36423841059602646 0.0546875 0.3554083885209713 0.059375 0.35320088300220753 0.0640625 0.34216335540838855 0.0671875 0.34216335540838855 0.0703125 0.33774834437086093 0.0703125 0.3333333333333333 0.075 0.32671081677704195 0.0859375 0.32671081677704195 0.0875 0.32229580573951433 0.096875 0.32229580573951433 0.0984375 0.31567328918322296 0.1109375 0.31567328918322296 0.1125 0.32229580573951433 0.1296875 0.32229580573951433 0.1296875 0.31788079470198677 0.1234375 0.31125827814569534 0.1234375 0.30242825607064017 0.1171875 0.30242825607064017 0.115625 0.2980132450331126 0.109375 0.2980132450331126 0.1078125 0.2913907284768212 0.1015625 0.2913907284768212 0.1 0.2869757174392936 0.0453125 0.2869757174392936 0.04375 0.282560706401766 0.01875 0.282560706401766 0.0171875 0.2869757174392936 0.0078125 0.2869757174392936 0.00625 0.282560706401766 0 0.282560706401766 0 0.2847682119205298 0 0.40618101545253865
2 0.9 0.445916114790287 0.8984375 0.4503311258278146 0.88125 0.4503311258278146 0.8796875 0.445916114790287 0.8625 0.445916114790287 0.8609375 0.4503311258278146 0.846875 0.4503311258278146 0.846875 0.45474613686534215 0.8421875 0.4613686534216336 0.8390625 0.4613686534216336 0.8359375 0.46578366445916114 0.8359375 0.4746136865342163 0.8328125 0.4768211920529801 0.83125 0.48344370860927155 0.828125 0.48344370860927155 0.8265625 0.4878587196467991 0.8140625 0.4878587196467991 0.8125 0.4922737306843267 0.80625 0.4922737306843267 0.8046875 0.4988962472406181 0.8015625 0.4988962472406181 0.7984375 0.5033112582781457 0.7984375 0.5077262693156733 0.7953125 0.5099337748344371 0.7953125 0.5231788079470199 0.790625 0.5253863134657837 0.790625 0.5342163355408388 0.7859375 0.5408388520971302 0.7828125 0.5408388520971302 0.7828125 0.5607064017660044 0.7859375 0.5607064017660044 0.7875 0.565121412803532 0.79375 0.565121412803532 0.7953125 0.5607064017660044 0.8078125 0.5607064017660044 0.809375 0.565121412803532 0.8234375 0.565121412803532 0.825 0.5695364238410596 0.8375 0.5695364238410596 0.8390625 0.5761589403973509 0.85 0.5761589403973509 0.8515625 0.5805739514348786 0.8609375 0.5805739514348786 0.8625 0.58719646799117 0.86875 0.58719646799117 0.8703125 0.5916114790286976 0.8828125 0.5916114790286976 0.884375 0.5960264900662252 0.9015625 0.5960264900662252 0.903125 0.6026490066225165 0.928125 0.6026490066225165 0.9296875 0.6070640176600441 0.9578125 0.6070640176600441 0.959375 0.6136865342163356 0.9953125 0.6136865342163356 0.9953125 0.6048565121412803 0.9984375 0.6026490066225165 0.9984375 0.5298013245033113 0.9953125 0.5253863134657837 0.9984375 0.5231788079470199 0.9984375 0.45695364238410596 0.9640625 0.45695364238410596 0.9625 0.4503311258278146 0.9515625 0.4503311258278146 0.95 0.445916114790287 0.9265625 0.445916114790287 0.925 0.4392935982339956 0.9078125 0.4392935982339956 0.9078125 0.44150110375275936 0.90625 0.445916114790287 0.9 0.445916114790287
2 0.4578125 0.4966887417218543 0.4546875 0.4988962472406181 0.4546875 0.5607064017660044 0.475 0.5607064017660044 0.475 0.5562913907284768 0.4796875 0.5496688741721855 0.4828125 0.5496688741721855 0.4828125 0.5408388520971302 0.4859375 0.5386313465783664 0.4859375 0.5298013245033113 0.490625 0.5275938189845475 0.490625 0.4922737306843267 0.4875 0.4922737306843267 0.4828125 0.48344370860927155 0.4765625 0.48344370860927155 0.475 0.4768211920529801 0.4609375 0.4768211920529801 0.4609375 0.47902869757174393 0.4578125 0.48344370860927155 0.4578125 0.4966887417218543
2 0.13125 0.5518763796909493 0.13125 0.5695364238410596 0.134375 0.5695364238410596 0.1359375 0.5761589403973509 0.1390625 0.5783664459161147 0.1390625 0.5916114790286976 0.1375 0.5938189845474614 0.128125 0.5938189845474614 0.1265625 0.5982339955849889 0.1203125 0.5982339955849889 0.1203125 0.6026490066225165 0.1234375 0.6026490066225165 0.128125 0.609271523178808 0.128125 0.6136865342163356 0.13125 0.6158940397350994 0.13125 0.6225165562913907 0.1359375 0.6247240618101545 0.1359375 0.6754966887417219 0.13125 0.6777041942604857 0.13125 0.7086092715231788 0.1359375 0.7108167770419426 0.1359375 0.717439293598234 0.1796875 0.717439293598234 0.18125 0.7130242825607064 0.19375 0.7130242825607064 0.1953125 0.717439293598234 0.1984375 0.717439293598234 0.2 0.7130242825607064 0.2046875 0.7130242825607064 0.2046875 0.7041942604856513 0.209375 0.7019867549668874 0.2140625 0.6909492273730684 0.2171875 0.6909492273730684 0.2203125 0.6865342163355408 0.2203125 0.673289183222958 0.2234375 0.6710816777041942 0.2234375 0.6666666666666666 0.2203125 0.6622516556291391 0.2234375 0.6600441501103753 0.2234375 0.6512141280353201 0.228125 0.6490066225165563 0.228125 0.6357615894039735 0.225 0.6357615894039735 0.2203125 0.6291390728476821 0.2203125 0.6247240618101545 0.2171875 0.6225165562913907 0.2171875 0.609271523178808 0.2140625 0.609271523178808 0.209375 0.6026490066225165 0.209375 0.5982339955849889 0.20625 0.5982339955849889 0.2015625 0.5894039735099338 0.1953125 0.5894039735099338 0.19375 0.5827814569536424 0.1859375 0.5761589403973509 0.1859375 0.5717439293598234 0.1828125 0.5673289183222958 0.1734375 0.5673289183222958 0.171875 0.5629139072847682 0.165625 0.5629139072847682 0.1640625 0.5562913907284768 0.1546875 0.5562913907284768 0.153125 0.5518763796909493 0.146875 0.5518763796909493 0.1453125 0.5452538631346578 0.1359375 0.5452538631346578 0.1359375 0.5474613686534217 0.134375 0.5518763796909493 0.13125 0.5518763796909493
2 0 0 0 0.002207505518763797 0 0.31125827814569534 0.0109375 0.31125827814569534 0.0109375 0.3090507726269316 0.0046875 0.3090507726269316 0.003125 0.30242825607064017 0.0078125 0.2958057395143488 0.021875 0.2958057395143488 0.021875 0.2913907284768212 0.0171875 0.2891832229580574 0.01875 0.2847682119205298 0.1046875 0.2847682119205298 0.109375 0.2913907284768212 0.109375 0.2958057395143488 0.11875 0.2958057395143488 0.1203125 0.30022075055187636 0.1265625 0.30022075055187636 0.13125 0.31125827814569534 0.1359375 0.31346578366445915 0.1359375 0.32229580573951433 0.1390625 0.32450331125827814 0.1390625 0.33112582781456956 0.14375 0.3333333333333333 0.14375 0.34216335540838855 0.146875 0.3443708609271523 0.146875 0.35320088300220753 0.175 0.35320088300220753 0.1765625 0.3487858719646799 0.1859375 0.3487858719646799 0.1875 0.34216335540838855 0.190625 0.34216335540838855 0.19375 0.33774834437086093 0.19375 0.32891832229580575 0.1984375 0.32671081677704195 0.2 0.32229580573951433 0.228125 0.32229580573951433 0.2296875 0.31567328918322296 0.2359375 0.31567328918322296 0.2375 0.31125827814569534 0.2421875 0.31125827814569534 0.24375 0.3068432671081678 0.25 0.3068432671081678 0.25 0.30242825607064017 0.2546875 0.2958057395143488 0.2578125 0.2958057395143488 0.2578125 0.271523178807947 0.253125 0.2693156732891832 0.253125 0.26490066225165565 0.2578125 0.26269315673289184 0.259375 0.2582781456953642 0.265625 0.2582781456953642 0.2671875 0.25386313465783666 0.271875 0.25386313465783666 0.271875 0.24944812362030905 0.2796875 0.24282560706401765 0.28125 0.23620309050772628 0.284375 0.23620309050772628 0.284375 0.19205298013245034 0.2875 0.18984547461368653 0.2875 0.16556291390728478 0.284375 0.16335540838852097 0.284375 0.1545253863134658 0.2796875 0.152317880794702 0.2796875 0.11699779249448124 0.2765625 0.11479028697571744 0.2765625 0.09713024282560706 0.271875 0.09492273730684327 0.2734375 0.08830022075055188 0.2765625 0.08830022075055188 0.2765625 0.052980132450331126 0.2734375 0.052980132450331126 0.271875 0.04856512141280353 0.2671875 0.04856512141280353 0.265625 0.04415011037527594 0.2546875 0.04415011037527594 0.253125 0.04194260485651214 0.253125 0.037527593818984545 0.25 0.03532008830022075 0.25 0 0.05625 0 0.05625 0.004415011037527594 0.053125 0.006622516556291391 0.0515625 0 0 0
2 0 0.565121412803532 0.0171875 0.565121412803532 0.01875 0.5695364238410596 0.040625 0.5695364238410596 0.0421875 0.5761589403973509 0.0546875 0.5761589403973509 0.05625 0.5805739514348786 0.0625 0.5805739514348786 0.0640625 0.58719646799117 0.078125 0.58719646799117 0.078125 0.5827814569536424 0.0828125 0.5761589403973509 0.0859375 0.5761589403973509 0.0859375 0.5673289183222958 0.0921875 0.565121412803532 0.09375 0.5607064017660044 0.096875 0.5607064017660044 0.096875 0.5562913907284768 0.1 0.5540838852097131 0.096875 0.5496688741721855 0.096875 0.5408388520971302 0.0984375 0.5386313465783664 0.1109375 0.5386313465783664 0.1125 0.5342163355408388 0.115625 0.5342163355408388 0.115625 0.5298013245033113 0.109375 0.5298013245033113 0.1078125 0.5275938189845475 0.109375 0.5231788079470199 0.1265625 0.5231788079470199 0.1265625 0.5187637969094923 0.1296875 0.5165562913907285 0.1296875 0.5033112582781457 0.134375 0.5011037527593819 0.134375 0.4922737306843267 0.13125 0.4922737306843267 0.1296875 0.4878587196467991 0.1203125 0.4878587196467991 0.11875 0.48344370860927155 0.1234375 0.48123620309050774 0.1234375 0.47240618101545256 0.125 0.47019867549668876 0.1296875 0.47019867549668876 0.1296875 0.4613686534216336 0.1375 0.45474613686534215 0.1375 0.445916114790287 0.1421875 0.44370860927152317 0.1421875 0.4392935982339956 0.1453125 0.4370860927152318 0.1453125 0.4304635761589404 0.1484375 0.4282560706401766 0.1484375 0.3973509933774834 0.1453125 0.39514348785871967 0.1453125 0.38631346578366443 0.1421875 0.3841059602649007 0.1421875 0.3509933774834437 0.1375 0.3487858719646799 0.1375 0.33995584988962474 0.1296875 0.32891832229580575 0.1203125 0.32891832229580575 0.11875 0.32450331125827814 0.0875 0.32450331125827814 0.0875 0.32671081677704195 0.0859375 0.32891832229580575 0.0796875 0.32891832229580575 0.078125 0.3333333333333333 0.071875 0.3333333333333333 0.071875 0.33774834437086093 0.0671875 0.3443708609271523 0.0640625 0.3443708609271523 0.0640625 0.3487858719646799 0.0609375 0.3509933774834437 0.0609375 0.3576158940397351 0.05625 0.3598233995584989 0.0546875 0.36644591611479027 0.05 0.36644591611479027 0.0484375 0.3708609271523179 0.0421875 0.3708609271523179 0.0421875 0.37527593818984545 0.0375 0.37748344370860926 0.03125 0.38631346578366443 0.0296875 0.39293598233995586 0.0234375 0.39293598233995586 0.021875 0.3973509933774834 0.015625 0.3973509933774834 0.0140625 0.40397350993377484 0.0078125 0.40397350993377484 0.00625 0.4083885209713024 0 0.4083885209713024 0 0.565121412803532
2 0.7578125 0.2560706401766004 0.75625 0.26048565121412803 0.746875 0.26048565121412803 0.7453125 0.26490066225165565 0.7125 0.26490066225165565 0.7109375 0.271523178807947 0.7046875 0.271523178807947 0.7015625 0.27593818984547464 0.7 0.282560706401766 0.69375 0.282560706401766 0.690625 0.2869757174392936 0.690625 0.3068432671081678 0.696875 0.31346578366445915 0.696875 0.32229580573951433 0.7015625 0.32450331125827814 0.7015625 0.33112582781456956 0.7046875 0.3333333333333333 0.7046875 0.33774834437086093 0.7078125 0.33774834437086093 0.7125 0.3443708609271523 0.7125 0.35320088300220753 0.7203125 0.3598233995584989 0.7203125 0.36423841059602646 0.7234375 0.3686534216335541 0.7265625 0.3686534216335541 0.728125 0.36423841059602646 0.7328125 0.36423841059602646 0.734375 0.3576158940397351 0.740625 0.3576158940397351 0.746875 0.3487858719646799 0.759375 0.3487858719646799 0.7609375 0.34216335540838855 0.7671875 0.34216335540838855 0.771875 0.33112582781456956 0.775 0.33112582781456956 0.7765625 0.32671081677704195 0.78125 0.32671081677704195 0.7828125 0.32229580573951433 0.7875 0.32450331125827814 0.7875 0.3487858719646799 0.79375 0.3487858719646799 0.79375 0.3443708609271523 0.8 0.33774834437086093 0.8 0.32891832229580575 0.8015625 0.32671081677704195 0.8078125 0.32671081677704195 0.809375 0.32229580573951433 0.8125 0.32229580573951433 0.8140625 0.31567328918322296 0.8234375 0.31567328918322296 0.828125 0.3068432671081678 0.83125 0.3068432671081678 0.83125 0.2869757174392936 0.834375 0.2847682119205298 0.834375 0.27593818984547464 0.8375 0.2737306843267108 0.8375 0.26490066225165565 0.8421875 0.26269315673289184 0.8421875 0.2560706401766004 0.8375 0.25386313465783666 0.8375 0.24944812362030905 0.7796875 0.24944812362030905 0.7796875 0.25165562913907286 0.778125 0.2560706401766004 0.7578125 0.2560706401766004
2 0.959375 0.26048565121412803 0.9578125 0.26490066225165565 0.9328125 0.26490066225165565 0.93125 0.26048565121412803 0.9 0.26048565121412803 0.8984375 0.26490066225165565 0.8625 0.26490066225165565 0.8609375 0.271523178807947 0.8515625 0.271523178807947 0.85 0.27593818984547464 0.846875 0.27593818984547464 0.846875 0.2803532008830022 0.84375 0.282560706401766 0.84375 0.2891832229580574 0.8390625 0.2913907284768212 0.8390625 0.3068432671081678 0.83125 0.31788079470198677 0.8203125 0.31788079470198677 0.8203125 0.32229580573951433 0.815625 0.32891832229580575 0.809375 0.32891832229580575 0.809375 0.34216335540838855 0.8078125 0.3443708609271523 0.8015625 0.3443708609271523 0.8015625 0.3487858719646799 0.80625 0.3509933774834437 0.80625 0.3576158940397351 0.81875 0.3576158940397351 0.8203125 0.3598233995584989 0.8203125 0.36423841059602646 0.8140625 0.3708609271523179 0.8140625 0.39072847682119205 0.8203125 0.3973509933774834 0.8203125 0.40176600441501104 0.825 0.40397350993377484 0.825 0.4105960264900662 0.828125 0.41280353200883 0.828125 0.4216335540838852 0.8328125 0.423841059602649 0.8328125 0.4282560706401766 0.8359375 0.4304635761589404 0.8359375 0.4370860927152318 0.8390625 0.4392935982339956 0.8390625 0.44370860927152317 0.8609375 0.44370860927152317 0.8625 0.4370860927152318 0.875 0.4370860927152318 0.8765625 0.44370860927152317 0.8984375 0.44370860927152317 0.9 0.4370860927152318 0.94375 0.4370860927152318 0.9453125 0.44370860927152317 0.9578125 0.44370860927152317 0.959375 0.4481236203090508 0.9984375 0.4481236203090508 0.9984375 0.26048565121412803 0.99375 0.26048565121412803 0.9921875 0.2560706401766004 0.975 0.2560706401766004 0.975 0.2582781456953642 0.9734375 0.26048565121412803 0.959375 0.26048565121412803
2 0.79375 0.5717439293598234 0.7828125 0.5717439293598234 0.78125 0.5673289183222958 0.7609375 0.5673289183222958 0.759375 0.5717439293598234 0.753125 0.5717439293598234 0.7515625 0.5783664459161147 0.746875 0.5783664459161147 0.7453125 0.5827814569536424 0.7390625 0.5827814569536424 0.7390625 0.58719646799117 0.734375 0.5894039735099338 0.7328125 0.5938189845474614 0.728125 0.5938189845474614 0.728125 0.6026490066225165 0.7234375 0.6048565121412803 0.7234375 0.6136865342163356 0.7203125 0.6158940397350994 0.7203125 0.6401766004415012 0.715625 0.6423841059602649 0.7140625 0.6467991169977925 0.7046875 0.6467991169977925 0.7 0.6578366445916115 0.696875 0.6578366445916115 0.696875 0.6754966887417219 0.7140625 0.6754966887417219 0.715625 0.6710816777041942 0.7328125 0.6710816777041942 0.734375 0.6644591611479028 0.7515625 0.6644591611479028 0.753125 0.6600441501103753 0.7625 0.6600441501103753 0.7640625 0.6556291390728477 0.775 0.6556291390728477 0.7765625 0.6490066225165563 0.7859375 0.6490066225165563 0.7875 0.6445916114790287 0.796875 0.6445916114790287 0.7984375 0.6401766004415012 0.8078125 0.6401766004415012 0.809375 0.6335540838852097 0.81875 0.6335540838852097 0.8203125 0.6291390728476821 0.8265625 0.6291390728476821 0.828125 0.6225165562913907 0.8375 0.6225165562913907 0.8390625 0.6181015452538632 0.8453125 0.6181015452538632 0.846875 0.6136865342163356 0.853125 0.6136865342163356 0.8546875 0.6070640176600441 0.8609375 0.6070640176600441 0.8625 0.6026490066225165 0.86875 0.6026490066225165 0.86875 0.5938189845474614 0.865625 0.5938189845474614 0.8640625 0.5894039735099338 0.8578125 0.5894039735099338 0.853125 0.5783664459161147 0.8390625 0.5783664459161147 0.8375 0.5717439293598234 0.825 0.5717439293598234 0.8234375 0.5673289183222958 0.80625 0.5673289183222958 0.8046875 0.5629139072847682 0.8015625 0.5629139072847682 0.8015625 0.565121412803532 0.7953125 0.5673289183222958 0.79375 0.5717439293598234
2 0.84375 0.7726269315673289 0.8421875 0.7792494481236203 0.8390625 0.7792494481236203 0.8390625 0.7880794701986755 0.8375 0.7902869757174393 0.8328125 0.7902869757174393 0.83125 0.7947019867549668 0.8203125 0.7947019867549668 0.81875 0.7991169977924945 0.809375 0.7991169977924945 0.8078125 0.7947019867549668 0.8015625 0.7947019867549668 0.7984375 0.7902869757174393 0.796875 0.7947019867549668 0.7875 0.7947019867549668 0.7859375 0.7991169977924945 0.771875 0.7991169977924945 0.7703125 0.8057395143487859 0.734375 0.8057395143487859 0.7328125 0.7991169977924945 0.709375 0.7991169977924945 0.7078125 0.8057395143487859 0.6828125 0.8057395143487859 0.68125 0.8101545253863135 0.678125 0.8101545253863135 0.6765625 0.8167770419426048 0.671875 0.8167770419426048 0.6703125 0.8211920529801324 0.6671875 0.8211920529801324 0.6625 0.8322295805739515 0.659375 0.8322295805739515 0.65625 0.8366445916114791 0.6546875 0.8432671081677704 0.6265625 0.8432671081677704 0.625 0.8366445916114791 0.6078125 0.8366445916114791 0.60625 0.8322295805739515 0.603125 0.8322295805739515 0.6015625 0.8366445916114791 0.578125 0.8366445916114791 0.578125 0.8454746136865342 0.5765625 0.847682119205298 0.5734375 0.847682119205298 0.571875 0.8520971302428256 0.5625 0.8520971302428256 0.5609375 0.8587196467991169 0.5546875 0.8587196467991169 0.553125 0.8631346578366446 0.546875 0.8631346578366446 0.546875 0.8675496688741722 0.5421875 0.8741721854304636 0.5390625 0.869757174392936 0.5171875 0.869757174392936 0.515625 0.8741721854304636 0.50625 0.8741721854304636 0.5015625 0.8852097130242825 0.4984375 0.8852097130242825 0.4953125 0.8896247240618101 0.4953125 0.8940397350993378 0.4921875 0.8962472406181016 0.490625 0.9050772626931567 0.4796875 0.9050772626931567 0.478125 0.9116997792494481 0.4734375 0.9116997792494481 0.4734375 0.9205298013245033 0.471875 0.9227373068432672 0.46875 0.9227373068432672 0.4640625 0.9315673289183223 0.4578125 0.9315673289183223 0.4578125 0.9403973509933775 0.4546875 0.9426048565121413 0.4546875 0.9470198675496688 0.446875 0.9536423841059603 0.446875 0.9624724061810155 0.4453125 0.9646799116997793 0.4390625 0.9646799116997793 0.4359375 0.9690949227373068 0.4359375 0.977924944812362 0.43125 0.9801324503311258 0.43125 0.9977924944812362 0.4671875 0.9977924944812362 0.46875 0.9933774834437086 0.475 0.9933774834437086 0.4765625 0.9977924944812362 0.5078125 0.9977924944812362 0.509375 0.9933774834437086 0.5234375 0.9933774834437086 0.525 0.9977924944812362 0.553125 0.9977924944812362 0.5546875 0.9933774834437086 0.5578125 0.9933774834437086 0.559375 0.9977924944812362 0.60625 0.9977924944812362 0.6078125 0.9933774834437086 0.628125 0.9933774834437086 0.6296875 0.9977924944812362 0.6625 0.9977924944812362 0.6640625 0.9933774834437086 0.684375 0.9933774834437086 0.6859375 0.9977924944812362 0.7328125 0.9977924944812362 0.734375 0.9933774834437086 0.7375 0.9933774834437086 0.7390625 0.9977924944812362 0.8 0.9977924944812362 0.8015625 0.9933774834437086 0.8078125 0.9933774834437086 0.809375 0.9977924944812362 0.8609375 0.9977924944812362 0.8640625 0.9933774834437086 0.865625 0.9977924944812362 0.875 0.9977924944812362 0.8765625 0.9933774834437086 0.90625 0.9933774834437086 0.9078125 0.9977924944812362 0.9359375 0.9977924944812362 0.9375 0.9933774834437086 0.9546875 0.9933774834437086 0.95625 0.9977924944812362 0.984375 0.9977924944812362 0.9859375 0.9933774834437086 0.9921875 0.9933774834437086 0.9953125 0.9889624724061811 0.9953125 0.9757174392935982 0.9984375 0.9735099337748344 0.9984375 0.9536423841059603 0.9953125 0.9492273730684326 0.9984375 0.9470198675496688 0.9984375 0.9227373068432672 0.9953125 0.9205298013245033 0.9953125 0.8785871964679912 0.9875 0.8719646799116998 0.9953125 0.8609271523178808 0.9953125 0.8366445916114791 0.9921875 0.8322295805739515 0.9859375 0.8322295805739515 0.98125 0.8211920529801324 0.9765625 0.8189845474613686 0.978125 0.8145695364238411 0.98125 0.8145695364238411 0.98125 0.8101545253863135 0.9703125 0.8101545253863135 0.96875 0.8079470198675497 0.96875 0.7991169977924945 0.9640625 0.7991169977924945 0.9625 0.7947019867549668 0.940625 0.7947019867549668 0.940625 0.7969094922737306 0.946875 0.7969094922737306 0.9484375 0.7991169977924945 0.946875 0.8057395143487859 0.9375 0.8057395143487859 0.9359375 0.8101545253863135 0.9328125 0.8101545253863135 0.93125 0.8057395143487859 0.91875 0.8057395143487859 0.9171875 0.8101545253863135 0.903125 0.8101545253863135 0.9015625 0.8057395143487859 0.8953125 0.8057395143487859 0.89375 0.7991169977924945 0.8875 0.7902869757174393 0.8828125 0.7880794701986755 0.8828125 0.7726269315673289 0.8796875 0.7682119205298014 0.8625 0.7682119205298014 0.8609375 0.7637969094922737 0.8578125 0.7637969094922737 0.8578125 0.7660044150110376 0.853125 0.7726269315673289 0.84375 0.7726269315673289
2 0.2625 0 0.2625 0.002207505518763797 0.2625 0.008830022075055188 0.259375 0.011037527593818985 0.259375 0.024282560706401765 0.2671875 0.03532008830022075 0.2765625 0.03532008830022075 0.278125 0.04194260485651214 0.284375 0.04194260485651214 0.2890625 0.04856512141280353 0.2890625 0.08388520971302428 0.2921875 0.08609271523178808 0.2921875 0.09492273730684327 0.296875 0.09713024282560706 0.296875 0.10375275938189846 0.3 0.10596026490066225 0.3 0.11037527593818984 0.303125 0.11037527593818984 0.3078125 0.11699779249448124 0.3078125 0.12141280353200883 0.3140625 0.12141280353200883 0.31875 0.13024282560706402 0.328125 0.13024282560706402 0.3296875 0.1368653421633554 0.3359375 0.1368653421633554 0.3375 0.141280353200883 0.346875 0.141280353200883 0.3484375 0.1479028697571744 0.3546875 0.1479028697571744 0.35625 0.152317880794702 0.3609375 0.1545253863134658 0.3609375 0.16335540838852097 0.3640625 0.16777041942604856 0.3703125 0.16777041942604856 0.371875 0.17439293598233996 0.378125 0.17439293598233996 0.3796875 0.17880794701986755 0.384375 0.17880794701986755 0.3859375 0.18322295805739514 0.390625 0.18543046357615894 0.390625 0.18984547461368653 0.4109375 0.18984547461368653 0.4125 0.18322295805739514 0.41875 0.18322295805739514 0.4203125 0.17880794701986755 0.4265625 0.17880794701986755 0.428125 0.17439293598233996 0.434375 0.17439293598233996 0.4359375 0.16777041942604856 0.440625 0.16777041942604856 0.4421875 0.16335540838852097 0.4484375 0.16335540838852097 0.45 0.15673289183222958 0.45625 0.15673289183222958 0.4578125 0.152317880794702 0.471875 0.152317880794702 0.4734375 0.1479028697571744 0.49375 0.1479028697571744 0.49375 0.1434878587196468 0.4984375 0.1368653421633554 0.5015625 0.1368653421633554 0.5015625 0.13245033112582782 0.50625 0.12582781456953643 0.534375 0.12582781456953643 0.5359375 0.12141280353200883 0.5453125 0.12141280353200883 0.5453125 0.11258278145695365 0.55 0.11037527593818984 0.55 0.10154525386313466 0.5546875 0.09492273730684327 0.5578125 0.09492273730684327 0.559375 0.08830022075055188 0.5640625 0.08830022075055188 0.565625 0.08388520971302428 0.5765625 0.08388520971302428 0.578125 0.0772626931567329 0.590625 0.0772626931567329 0.596875 0.0684326710816777 0.6015625 0.0684326710816777 0.603125 0.06181015452538632 0.60625 0.06181015452538632 0.60625 0.037527593818984545 0.6109375 0.03090507726269316 0.6140625 0.03090507726269316 0.6140625 0.026490066225165563 0.61875 0.019867549668874173 0.625 0.019867549668874173 0.6265625 0.01545253863134658 0.6328125 0.01545253863134658 0.634375 0.008830022075055188 0.64375 0.008830022075055188 0.6453125 0.004415011037527594 0.684375 0.004415011037527594 0.684375 0 0.4609375 0 0.4609375 0.004415011037527594 0.4578125 0.006622516556291391 0.45625 0 0.3671875 0 0.365625 0.006622516556291391 0.3609375 0.006622516556291391 0.359375 0 0.2625 0
2 0.31875 0.2980132450331126 0.3171875 0.30242825607064017 0.3078125 0.30242825607064017 0.3078125 0.3068432671081678 0.303125 0.31346578366445915 0.3 0.31346578366445915 0.2953125 0.32450331125827814 0.2921875 0.32450331125827814 0.2859375 0.3333333333333333 0.284375 0.33995584988962474 0.28125 0.33995584988962474 0.278125 0.3443708609271523 0.2765625 0.3509933774834437 0.2734375 0.3509933774834437 0.2671875 0.3598233995584989 0.265625 0.36644591611479027 0.2625 0.36644591611479027 0.259375 0.3708609271523179 0.2578125 0.37748344370860926 0.2546875 0.37748344370860926 0.25 0.38631346578366443 0.24375 0.38631346578366443 0.24375 0.39514348785871967 0.240625 0.3973509933774834 0.240625 0.40176600441501104 0.2296875 0.41280353200883 0.228125 0.4194260485651214 0.225 0.4194260485651214 0.221875 0.423841059602649 0.221875 0.4282560706401766 0.2171875 0.434878587196468 0.2140625 0.434878587196468 0.2109375 0.4392935982339956 0.209375 0.445916114790287 0.20625 0.445916114790287 0.203125 0.4503311258278146 0.203125 0.45474613686534215 0.1984375 0.4613686534216336 0.1953125 0.4613686534216336 0.1921875 0.46578366445916114 0.190625 0.47240618101545256 0.1875 0.47240618101545256 0.184375 0.4768211920529801 0.184375 0.48123620309050774 0.1796875 0.4878587196467991 0.1734375 0.4878587196467991 0.171875 0.4922737306843267 0.16875 0.4922737306843267 0.16875 0.4966887417218543 0.1625 0.5033112582781457 0.1625 0.5121412803532008 0.1671875 0.5121412803532008 0.16875 0.5077262693156733 0.19375 0.5077262693156733 0.1953125 0.5011037527593819 0.2046875 0.5011037527593819 0.20625 0.4966887417218543 0.2171875 0.4966887417218543 0.2171875 0.4922737306843267 0.2203125 0.4900662251655629 0.2203125 0.48344370860927155 0.2234375 0.48123620309050774 0.2234375 0.4768211920529801 0.228125 0.4746136865342163 0.2328125 0.46357615894039733 0.2359375 0.46357615894039733 0.2421875 0.45474613686534215 0.24375 0.4481236203090508 0.25 0.4481236203090508 0.2515625 0.44370860927152317 0.2578125 0.44370860927152317 0.2578125 0.4392935982339956 0.2625 0.4326710816777042 0.26875 0.4326710816777042 0.271875 0.4282560706401766 0.2734375 0.4216335540838852 0.2796875 0.4216335540838852 0.28125 0.41721854304635764 0.284375 0.41721854304635764 0.284375 0.41280353200883 0.2921875 0.40176600441501104 0.2953125 0.40176600441501104 0.2953125 0.39293598233995586 0.2984375 0.39072847682119205 0.2984375 0.38631346578366443 0.30625 0.37969094922737306 0.30625 0.36644591611479027 0.309375 0.36423841059602646 0.309375 0.3554083885209713 0.3171875 0.3487858719646799 0.3171875 0.3333333333333333 0.321875 0.33112582781456956 0.328125 0.32229580573951433 0.3296875 0.31567328918322296 0.3359375 0.31567328918322296 0.3375 0.31125827814569534 0.340625 0.31125827814569534 0.34375 0.3068432671081678 0.34375 0.2913907284768212 0.3296875 0.2913907284768212 0.3296875 0.293598233995585 0.328125 0.2980132450331126 0.31875 0.2980132450331126
1 0.7390625 0.3598233995584989 0.7375 0.36644591611479027 0.73125 0.36644591611479027 0.728125 0.3708609271523179 0.728125 0.39514348785871967 0.7265625 0.3973509933774834 0.7203125 0.3973509933774834 0.71875 0.39293598233995586 0.7125 0.39293598233995586 0.709375 0.3973509933774834 0.709375 0.40618101545253865 0.7015625 0.41280353200883 0.7015625 0.4370860927152318 0.7046875 0.4392935982339956 0.7046875 0.44370860927152317 0.7015625 0.4481236203090508 0.7046875 0.4503311258278146 0.7046875 0.47019867549668876 0.709375 0.47240618101545256 0.709375 0.48123620309050774 0.715625 0.4878587196467991 0.715625 0.4966887417218543 0.71875 0.4966887417218543 0.7234375 0.5033112582781457 0.7234375 0.5121412803532008 0.7265625 0.5121412803532008 0.73125 0.5187637969094923 0.73125 0.5231788079470199 0.7375 0.5231788079470199 0.7390625 0.5275938189845475 0.7453125 0.5275938189845475 0.746875 0.5342163355408388 0.75625 0.5342163355408388 0.7578125 0.5386313465783664 0.78125 0.5386313465783664 0.78125 0.5298013245033113 0.7859375 0.5275938189845475 0.7859375 0.5187637969094923 0.7890625 0.5165562913907285 0.7890625 0.5099337748344371 0.79375 0.5077262693156733 0.79375 0.5033112582781457 0.8 0.4966887417218543 0.8015625 0.4900662251655629 0.8046875 0.4900662251655629 0.80625 0.4856512141280353 0.815625 0.4856512141280353 0.8171875 0.48123620309050774 0.83125 0.48123620309050774 0.83125 0.445916114790287 0.8265625 0.44370860927152317 0.8265625 0.4304635761589404 0.8234375 0.4282560706401766 0.8234375 0.41280353200883 0.81875 0.4105960264900662 0.81875 0.40397350993377484 0.815625 0.40176600441501104 0.815625 0.3973509933774834 0.8125 0.39293598233995586 0.809375 0.39293598233995586 0.8078125 0.38631346578366443 0.8046875 0.3841059602649007 0.8046875 0.3708609271523179 0.8015625 0.3708609271523179 0.8 0.36644591611479027 0.790625 0.36644591611479027 0.7890625 0.3598233995584989 0.771875 0.3598233995584989 0.7703125 0.3554083885209713 0.746875 0.3554083885209713 0.746875 0.3576158940397351 0.7453125 0.3598233995584989 0.7390625 0.3598233995584989
1 0.3265625 0.40397350993377484 0.325 0.4083885209713024 0.315625 0.4083885209713024 0.3140625 0.41280353200883 0.3109375 0.41280353200883 0.309375 0.4194260485651214 0.3046875 0.4194260485651214 0.303125 0.423841059602649 0.3 0.423841059602649 0.3 0.4282560706401766 0.2953125 0.434878587196468 0.2921875 0.434878587196468 0.2890625 0.4392935982339956 0.2890625 0.44370860927152317 0.2859375 0.445916114790287 0.2859375 0.45474613686534215 0.28125 0.45695364238410596 0.2765625 0.46578366445916114 0.2734375 0.46578366445916114 0.2734375 0.4746136865342163 0.2671875 0.48344370860927155 0.2671875 0.4900662251655629 0.2625 0.4922737306843267 0.2625 0.5011037527593819 0.259375 0.5033112582781457 0.2578125 0.5099337748344371 0.2546875 0.5099337748344371 0.2546875 0.5165562913907285 0.2515625 0.5187637969094923 0.2515625 0.5275938189845475 0.2484375 0.5298013245033113 0.2484375 0.543046357615894 0.24375 0.5452538631346578 0.24375 0.5540838852097131 0.240625 0.5562913907284768 0.240625 0.565121412803532 0.2359375 0.5717439293598234 0.2328125 0.5717439293598234 0.2328125 0.5805739514348786 0.2296875 0.5827814569536424 0.2296875 0.5916114790286976 0.225 0.5938189845474614 0.225 0.6026490066225165 0.221875 0.6048565121412803 0.221875 0.6181015452538632 0.225 0.6203090507726269 0.225 0.6291390728476821 0.228125 0.6291390728476821 0.2328125 0.6357615894039735 0.2328125 0.6445916114790287 0.2375 0.6467991169977925 0.2375 0.6556291390728477 0.240625 0.6578366445916115 0.240625 0.6644591611479028 0.24375 0.6666666666666666 0.24375 0.6710816777041942 0.246875 0.6710816777041942 0.2484375 0.6754966887417219 0.2578125 0.6754966887417219 0.259375 0.6821192052980133 0.2984375 0.6821192052980133 0.3 0.6865342163355408 0.378125 0.6865342163355408 0.3796875 0.6909492273730684 0.415625 0.6909492273730684 0.4171875 0.6865342163355408 0.4265625 0.6865342163355408 0.428125 0.6821192052980133 0.4375 0.6821192052980133 0.4375 0.6777041942604857 0.4421875 0.6710816777041942 0.4453125 0.6710816777041942 0.4453125 0.6666666666666666 0.45 0.6600441501103753 0.453125 0.6600441501103753 0.453125 0.6313465783664459 0.4484375 0.6291390728476821 0.4484375 0.6158940397350994 0.4453125 0.6136865342163356 0.4453125 0.5827814569536424 0.4484375 0.5805739514348786 0.4484375 0.5452538631346578 0.4453125 0.543046357615894 0.4453125 0.5253863134657837 0.440625 0.5231788079470199 0.440625 0.5143487858719646 0.4375 0.5121412803532008 0.4375 0.5033112582781457 0.434375 0.5011037527593819 0.434375 0.47240618101545256 0.4296875 0.47019867549668876 0.4296875 0.45695364238410596 0.4265625 0.45474613686534215 0.4265625 0.445916114790287 0.4234375 0.445916114790287 0.421875 0.4392935982339956 0.415625 0.4304635761589404 0.4109375 0.4282560706401766 0.4109375 0.423841059602649 0.4046875 0.423841059602649 0.403125 0.4194260485651214 0.3984375 0.4194260485651214 0.396875 0.41280353200883 0.390625 0.41280353200883 0.384375 0.40397350993377484 0.375 0.40397350993377484 0.3734375 0.3973509933774834 0.3375 0.3973509933774834 0.3375 0.3995584988962472 0.3359375 0.40397350993377484 0.3265625 0.40397350993377484
1 0.13125 0.5518763796909493 0.13125 0.5695364238410596 0.134375 0.5695364238410596 0.1390625 0.5805739514348786 0.14375 0.5827814569536424 0.14375 0.58719646799117 0.1390625 0.5894039735099338 0.1375 0.5938189845474614 0.128125 0.5938189845474614 0.1265625 0.5982339955849889 0.1203125 0.5982339955849889 0.1203125 0.6026490066225165 0.1234375 0.6026490066225165 0.128125 0.609271523178808 0.128125 0.6136865342163356 0.13125 0.6158940397350994 0.13125 0.6225165562913907 0.1359375 0.6247240618101545 0.1359375 0.6754966887417219 0.13125 0.6777041942604857 0.13125 0.7130242825607064 0.134375 0.7130242825607064 0.1359375 0.717439293598234 0.1796875 0.717439293598234 0.18125 0.7130242825607064 0.2015625 0.7130242825607064 0.2046875 0.7086092715231788 0.2046875 0.7041942604856513 0.209375 0.7019867549668874 0.2125 0.6975717439293598 0.2125 0.6931567328918322 0.2171875 0.6909492273730684 0.21875 0.6865342163355408 0.225 0.6931567328918322 0.225 0.7019867549668874 0.2296875 0.7041942604856513 0.2296875 0.7086092715231788 0.2359375 0.7086092715231788 0.2359375 0.7041942604856513 0.2390625 0.7019867549668874 0.2390625 0.6931567328918322 0.2359375 0.6887417218543046 0.2390625 0.6843267108167771 0.2359375 0.6821192052980133 0.2359375 0.6666666666666666 0.23125 0.6644591611479028 0.23125 0.6467991169977925 0.228125 0.6445916114790287 0.228125 0.6357615894039735 0.225 0.6357615894039735 0.2203125 0.6291390728476821 0.2203125 0.6247240618101545 0.2171875 0.6225165562913907 0.2171875 0.6158940397350994 0.2125 0.6136865342163356 0.2125 0.6048565121412803 0.209375 0.6026490066225165 0.209375 0.5982339955849889 0.20625 0.5982339955849889 0.2015625 0.5894039735099338 0.1953125 0.5894039735099338 0.19375 0.5827814569536424 0.1859375 0.5761589403973509 0.1859375 0.5717439293598234 0.1828125 0.5673289183222958 0.1734375 0.5673289183222958 0.171875 0.5629139072847682 0.1625 0.5629139072847682 0.1609375 0.5562913907284768 0.1546875 0.5562913907284768 0.153125 0.5518763796909493 0.146875 0.5518763796909493 0.1453125 0.5452538631346578 0.1359375 0.5452538631346578 0.1359375 0.5474613686534217 0.134375 0.5518763796909493 0.13125 0.5518763796909493
1 0.4578125 0.2980132450331126 0.45625 0.30242825607064017 0.428125 0.30242825607064017 0.4265625 0.3090507726269316 0.409375 0.3090507726269316 0.4078125 0.31346578366445915 0.39375 0.31346578366445915 0.3921875 0.31788079470198677 0.3859375 0.31788079470198677 0.384375 0.32450331125827814 0.3796875 0.32450331125827814 0.378125 0.32891832229580575 0.375 0.32891832229580575 0.371875 0.3333333333333333 0.371875 0.34216335540838855 0.3703125 0.3443708609271523 0.3671875 0.3443708609271523 0.3671875 0.3576158940397351 0.3640625 0.3598233995584989 0.3640625 0.39072847682119205 0.3703125 0.39072847682119205 0.371875 0.39514348785871967 0.38125 0.39514348785871967 0.3828125 0.40176600441501104 0.3921875 0.40176600441501104 0.3921875 0.38631346578366443 0.3890625 0.3841059602649007 0.3890625 0.3554083885209713 0.390625 0.35320088300220753 0.396875 0.35320088300220753 0.3984375 0.3554083885209713 0.3984375 0.36423841059602646 0.4125 0.3841059602649007 0.41875 0.3841059602649007 0.421875 0.37969094922737306 0.421875 0.36644591611479027 0.4265625 0.36423841059602646 0.4265625 0.33995584988962474 0.428125 0.33774834437086093 0.434375 0.33774834437086093 0.4359375 0.33995584988962474 0.4359375 0.35320088300220753 0.4484375 0.35320088300220753 0.45 0.3487858719646799 0.4640625 0.3487858719646799 0.46875 0.3554083885209713 0.46875 0.39072847682119205 0.478125 0.39072847682119205 0.478125 0.3818984547461369 0.4859375 0.37527593818984545 0.4875 0.3686534216335541 0.49375 0.3686534216335541 0.49375 0.3598233995584989 0.4984375 0.35320088300220753 0.5015625 0.35320088300220753 0.49375 0.34216335540838855 0.49375 0.32450331125827814 0.496875 0.32229580573951433 0.496875 0.31346578366445915 0.5015625 0.31125827814569534 0.5015625 0.30242825607064017 0.5046875 0.30022075055187636 0.5046875 0.2913907284768212 0.4765625 0.2913907284768212 0.4765625 0.293598233995585 0.475 0.2980132450331126 0.4578125 0.2980132450331126
1 0.540625 0.3509933774834437 0.5390625 0.3554083885209713 0.5328125 0.3554083885209713 0.53125 0.3598233995584989 0.525 0.3598233995584989 0.525 0.36423841059602646 0.5203125 0.3708609271523179 0.5171875 0.3708609271523179 0.515625 0.37748344370860926 0.509375 0.37748344370860926 0.503125 0.38631346578366443 0.5015625 0.39293598233995586 0.4984375 0.39293598233995586 0.4953125 0.3973509933774834 0.4953125 0.40176600441501104 0.490625 0.4083885209713024 0.4875 0.4083885209713024 0.4875 0.41721854304635764 0.484375 0.4194260485651214 0.484375 0.4282560706401766 0.4796875 0.4304635761589404 0.4796875 0.4370860927152318 0.4765625 0.4392935982339956 0.4765625 0.4746136865342163 0.4796875 0.4768211920529801 0.4796875 0.48123620309050774 0.4828125 0.48123620309050774 0.4875 0.4878587196467991 0.4875 0.4966887417218543 0.4921875 0.4988962472406181 0.4921875 0.5342163355408388 0.4875 0.5364238410596026 0.4875 0.543046357615894 0.484375 0.5452538631346578 0.4828125 0.5518763796909493 0.4796875 0.5518763796909493 0.4765625 0.5562913907284768 0.4765625 0.565121412803532 0.4734375 0.5673289183222958 0.4765625 0.5717439293598234 0.4765625 0.5960264900662252 0.4796875 0.5982339955849889 0.4796875 0.6225165562913907 0.484375 0.6247240618101545 0.484375 0.6401766004415012 0.4875 0.6423841059602649 0.4875 0.6600441501103753 0.4921875 0.6622516556291391 0.4921875 0.6821192052980133 0.4953125 0.6843267108167771 0.4953125 0.6975717439293598 0.4984375 0.6997792494481236 0.4984375 0.7130242825607064 0.503125 0.7152317880794702 0.503125 0.7240618101545254 0.50625 0.7262693156732892 0.50625 0.7350993377483444 0.509375 0.7373068432671082 0.509375 0.7505518763796909 0.5140625 0.7527593818984547 0.5140625 0.7615894039735099 0.5171875 0.7637969094922737 0.5171875 0.7704194260485652 0.521875 0.7726269315673289 0.521875 0.7770419426048565 0.525 0.7814569536423841 0.53125 0.7814569536423841 0.5328125 0.7880794701986755 0.5578125 0.7880794701986755 0.559375 0.7814569536423841 0.56875 0.7814569536423841 0.5703125 0.7770419426048565 0.5765625 0.7770419426048565 0.578125 0.7704194260485652 0.5828125 0.7704194260485652 0.584375 0.7660044150110376 0.590625 0.7660044150110376 0.5921875 0.7615894039735099 0.5953125 0.7615894039735099 0.596875 0.7549668874172185 0.6015625 0.7549668874172185 0.603125 0.7505518763796909 0.609375 0.7505518763796909 0.6109375 0.7439293598233996 0.6171875 0.7439293598233996 0.61875 0.739514348785872 0.625 0.739514348785872 0.6265625 0.7350993377483444 0.6328125 0.7350993377483444 0.6328125 0.7306843267108167 0.6390625 0.7240618101545254 0.640625 0.717439293598234 0.646875 0.717439293598234 0.6484375 0.7130242825607064 0.6515625 0.7130242825607064 0.65625 0.7019867549668874 0.6625 0.7019867549668874 0.6625 0.6931567328918322 0.6640625 0.6909492273730684 0.6703125 0.6909492273730684 0.6765625 0.6821192052980133 0.678125 0.6754966887417219 0.68125 0.6754966887417219 0.684375 0.6710816777041942 0.6859375 0.6644591611479028 0.6890625 0.6644591611479028 0.6953125 0.6556291390728477 0.6953125 0.6467991169977925 0.703125 0.6401766004415012 0.703125 0.6313465783664459 0.7078125 0.6291390728476821 0.7078125 0.6247240618101545 0.7140625 0.6181015452538632 0.7140625 0.609271523178808 0.71875 0.6070640176600441 0.71875 0.5938189845474614 0.721875 0.5916114790286976 0.721875 0.5673289183222958 0.7265625 0.565121412803532 0.7265625 0.5253863134657837 0.721875 0.5231788079470199 0.721875 0.5143487858719646 0.71875 0.5121412803532008 0.71875 0.5033112582781457 0.715625 0.5033112582781457 0.7109375 0.4966887417218543 0.7109375 0.4922737306843267 0.7078125 0.4900662251655629 0.7078125 0.48344370860927155 0.703125 0.48123620309050774 0.703125 0.4768211920529801 0.7 0.47240618101545256 0.69375 0.47240618101545256 0.6921875 0.4768211920529801 0.6859375 0.4768211920529801 0.684375 0.48344370860927155 0.671875 0.48344370860927155 0.6703125 0.48123620309050774 0.6703125 0.47240618101545256 0.6734375 0.47019867549668876 0.6734375 0.46578366445916114 0.684375 0.45474613686534215 0.684375 0.445916114790287 0.6859375 0.44370860927152317 0.6890625 0.44370860927152317 0.6890625 0.4194260485651214 0.684375 0.41721854304635764 0.684375 0.41280353200883 0.68125 0.4083885209713024 0.675 0.4083885209713024 0.6703125 0.40176600441501104 0.6703125 0.3973509933774834 0.6640625 0.3973509933774834 0.6625 0.39293598233995586 0.6578125 0.39072847682119205 0.6578125 0.38631346578366443 0.6453125 0.38631346578366443 0.64375 0.3818984547461369 0.6296875 0.3818984547461369 0.628125 0.37748344370860926 0.621875 0.37748344370860926 0.6203125 0.3708609271523179 0.6109375 0.3708609271523179 0.609375 0.36644591611479027 0.603125 0.36644591611479027 0.5984375 0.3554083885209713 0.5921875 0.3554083885209713 0.590625 0.3509933774834437 0.58125 0.3509933774834437 0.5796875 0.3443708609271523 0.546875 0.3443708609271523 0.546875 0.3465783664459161 0.5453125 0.3509933774834437 0.540625 0.3509933774834437
1 0.146875 0.6313465783664459 0.14375 0.6357615894039735 0.1421875 0.6313465783664459 0.1390625 0.6313465783664459 0.1359375 0.6357615894039735 0.1359375 0.6754966887417219 0.13125 0.6777041942604857 0.13125 0.7130242825607064 0.134375 0.7130242825607064 0.1359375 0.717439293598234 0.1796875 0.717439293598234 0.18125 0.7130242825607064 0.1984375 0.7130242825607064 0.2 0.7086092715231788 0.2046875 0.7086092715231788 0.20625 0.7019867549668874 0.209375 0.7019867549668874 0.2125 0.6975717439293598 0.2125 0.6887417218543046 0.2171875 0.6865342163355408 0.2171875 0.673289183222958 0.2125 0.6710816777041942 0.2125 0.6622516556291391 0.2171875 0.6600441501103753 0.2171875 0.6467991169977925 0.2125 0.6445916114790287 0.2125 0.6357615894039735 0.203125 0.6357615894039735 0.2015625 0.6423841059602649 0.1921875 0.6423841059602649 0.190625 0.6357615894039735 0.1875 0.6357615894039735 0.1859375 0.6313465783664459 0.1765625 0.6313465783664459 0.175 0.6247240618101545 0.16875 0.6247240618101545 0.16875 0.6269315673289183 0.1671875 0.6313465783664459 0.146875 0.6313465783664459
1 0.5625 0.13245033112582782 0.5625 0.1368653421633554 0.5578125 0.1434878587196468 0.5515625 0.1434878587196468 0.55 0.1390728476821192 0.540625 0.1390728476821192 0.5390625 0.13245033112582782 0.50625 0.13245033112582782 0.50625 0.141280353200883 0.496875 0.1545253863134658 0.4734375 0.1545253863134658 0.471875 0.15894039735099338 0.4609375 0.15894039735099338 0.459375 0.16556291390728478 0.4546875 0.16556291390728478 0.453125 0.16997792494481237 0.446875 0.16997792494481237 0.4453125 0.17660044150110377 0.4390625 0.17660044150110377 0.4375 0.18101545253863136 0.43125 0.18101545253863136 0.4296875 0.18543046357615894 0.4234375 0.18543046357615894 0.4234375 0.18984547461368653 0.4203125 0.19205298013245034 0.4203125 0.20088300220750552 0.415625 0.20750551876379691 0.4125 0.20750551876379691 0.4125 0.2163355408388521 0.4078125 0.2229580573951435 0.4046875 0.2229580573951435 0.4046875 0.22737306843267108 0.4015625 0.22958057395143489 0.4015625 0.23620309050772628 0.3984375 0.23841059602649006 0.3984375 0.24282560706401765 0.39375 0.24503311258278146 0.39375 0.25386313465783666 0.390625 0.2560706401766004 0.390625 0.26269315673289184 0.3859375 0.26490066225165565 0.3859375 0.2737306843267108 0.3828125 0.27593818984547464 0.3828125 0.2847682119205298 0.434375 0.2847682119205298 0.4359375 0.2803532008830022 0.459375 0.2803532008830022 0.4609375 0.2737306843267108 0.478125 0.2737306843267108 0.4796875 0.2693156732891832 0.5015625 0.2693156732891832 0.503125 0.26269315673289184 0.5265625 0.26269315673289184 0.528125 0.2582781456953642 0.5453125 0.2582781456953642 0.546875 0.25386313465783666 0.5765625 0.25386313465783666 0.578125 0.24724061810154527 0.590625 0.24724061810154527 0.5921875 0.24282560706401765 0.5984375 0.24282560706401765 0.5984375 0.23841059602649006 0.6015625 0.23620309050772628 0.6015625 0.22958057395143489 0.60625 0.22737306843267108 0.6078125 0.22075055187637968 0.6140625 0.22075055187637968 0.6171875 0.2163355408388521 0.6171875 0.2119205298013245 0.6203125 0.2097130242825607 0.6203125 0.17660044150110377 0.6171875 0.17439293598233996 0.6171875 0.16556291390728478 0.6140625 0.16335540838852097 0.6140625 0.15894039735099338 0.6109375 0.15894039735099338 0.609375 0.1545253863134658 0.6 0.1545253863134658 0.5953125 0.1479028697571744 0.5953125 0.1390728476821192 0.5890625 0.1390728476821192 0.5875 0.13245033112582782 0.584375 0.13245033112582782 0.5828125 0.1280353200883002 0.5703125 0.1280353200883002 0.5703125 0.13024282560706402 0.56875 0.13245033112582782 0.5625 0.13245033112582782