5 0.3046875 0.4622222222222222 0.3109375 0.4688888888888889 0.3109375 0.47333333333333333 0.3140625 0.47333333333333333 0.31875 0.48 0.31875 0.4888888888888889 0.315625 0.4911111111111111 0.315625 0.5088888888888888 0.3109375 0.5111111111111111 0.3109375 0.5155555555555555 0.3171875 0.5155555555555555 0.3234375 0.5244444444444445 0.3328125 0.5244444444444445 0.334375 0.5311111111111111 0.346875 0.5311111111111111 0.3484375 0.5355555555555556 0.353125 0.5377777777777778 0.353125 0.5422222222222223 0.35625 0.5466666666666666 0.3625 0.5466666666666666 0.3640625 0.5511111111111111 0.3703125 0.5511111111111111 0.375 0.5622222222222222 0.38125 0.5622222222222222 0.3828125 0.5644444444444444 0.3828125 0.5688888888888889 0.3859375 0.5711111111111111 0.3859375 0.5777777777777777 0.3890625 0.5777777777777777 0.39375 0.5888888888888889 0.3984375 0.5911111111111111 0.3984375 0.5955555555555555 0.4046875 0.6044444444444445 0.4109375 0.6044444444444445 0.4125 0.6066666666666667 0.4125 0.6111111111111112 0.41875 0.6111111111111112 0.4203125 0.6155555555555555 0.4296875 0.6155555555555555 0.43125 0.6111111111111112 0.434375 0.6111111111111112 0.434375 0.5977777777777777 0.4296875 0.5955555555555555 0.4296875 0.5866666666666667 0.4265625 0.5844444444444444 0.4265625 0.58 0.421875 0.5777777777777777 0.421875 0.5711111111111111 0.415625 0.5622222222222222 0.415625 0.5533333333333333 0.4109375 0.5511111111111111 0.4109375 0.5444444444444444 0.4078125 0.5422222222222223 0.4078125 0.5377777777777778 0.4046875 0.5377777777777778 0.396875 0.5222222222222223 0.39375 0.5222222222222223 0.3890625 0.5155555555555555 0.3890625 0.5111111111111111 0.3859375 0.5111111111111111 0.384375 0.5066666666666667 0.375 0.5066666666666667 0.3703125 0.4955555555555556 0.3671875 0.4955555555555556 0.365625 0.4911111111111111 0.3609375 0.4911111111111111 0.359375 0.48444444444444446 0.35625 0.48444444444444446 0.3515625 0.47555555555555556 0.346875 0.47333333333333333 0.346875 0.4688888888888889 0.3421875 0.4688888888888889 0.340625 0.46444444444444444 0.334375 0.46444444444444444 0.3328125 0.4622222222222222 0.3328125 0.4533333333333333 0.3296875 0.4533333333333333 0.325 0.44666666666666666 0.325 0.44222222222222224 0.31875 0.44222222222222224 0.3171875 0.43777777777777777 0.3109375 0.43777777777777777 0.3109375 0.44 0.3046875 0.44222222222222224 0.3046875 0.4622222222222222
5 0.3984375 0.22666666666666666 0.39375 0.2288888888888889 0.39375 0.26 0.390625 0.26222222222222225 0.390625 0.3022222222222222 0.3859375 0.30444444444444446 0.3859375 0.34 0.3921875 0.34 0.39375 0.3333333333333333 0.396875 0.3333333333333333 0.4 0.3288888888888889 0.4 0.31555555555555553 0.403125 0.31333333333333335 0.403125 0.24666666666666667 0.4078125 0.24444444444444444 0.4078125 0.22444444444444445 0.4109375 0.2222222222222222 0.4109375 0.2088888888888889 0.4078125 0.20666666666666667 0.4078125 0.19777777777777777 0.4015625 0.19777777777777777 0.4015625 0.2 0.3984375 0.20222222222222222 0.3984375 0.22666666666666666
5 0.390625 0 0.390625 0.0022222222222222222 0.3890625 0.006666666666666667 0.3859375 0.006666666666666667 0.3828125 0.011111111111111112 0.3828125 0.015555555555555555 0.378125 0.022222222222222223 0.375 0.022222222222222223 0.371875 0.02666666666666667 0.3703125 0.03333333333333333 0.3671875 0.03333333333333333 0.3671875 0.042222222222222223 0.3609375 0.04888888888888889 0.3609375 0.057777777777777775 0.35625 0.06 0.35625 0.07333333333333333 0.353125 0.07555555555555556 0.353125 0.08444444444444445 0.3484375 0.08666666666666667 0.3484375 0.1111111111111111 0.3453125 0.11333333333333333 0.3453125 0.15777777777777777 0.3484375 0.16 0.3484375 0.17333333333333334 0.353125 0.17555555555555555 0.353125 0.19111111111111112 0.35625 0.19333333333333333 0.35625 0.21777777777777776 0.3625 0.21777777777777776 0.3625 0.16 0.365625 0.15777777777777777 0.365625 0.11333333333333333 0.3703125 0.1111111111111111 0.3703125 0.09777777777777778 0.3734375 0.09555555555555556 0.3734375 0.08666666666666667 0.378125 0.08444444444444445 0.378125 0.07111111111111111 0.38125 0.06888888888888889 0.38125 0.06 0.384375 0.057777777777777775 0.3859375 0.051111111111111114 0.3890625 0.051111111111111114 0.3921875 0.04666666666666667 0.3921875 0.03777777777777778 0.4 0.03111111111111111 0.4 0.02666666666666667 0.4046875 0.02 0.4109375 0.02 0.41875 0.008888888888888889 0.41875 0 0.390625 0
5 0 0.37555555555555553 0.025 0.37555555555555553 0.0265625 0.38222222222222224 0.0484375 0.38222222222222224 0.05 0.38666666666666666 0.059375 0.38666666666666666 0.0609375 0.3933333333333333 0.0734375 0.3933333333333333 0.075 0.3977777777777778 0.08125 0.3977777777777778 0.0828125 0.4022222222222222 0.0921875 0.4022222222222222 0.09375 0.4088888888888889 0.1109375 0.4088888888888889 0.1125 0.41333333333333333 0.1265625 0.41333333333333333 0.128125 0.42 0.134375 0.42 0.1359375 0.42444444444444446 0.1484375 0.42444444444444446 0.15 0.42 0.153125 0.42 0.1546875 0.42444444444444446 0.1609375 0.42444444444444446 0.16875 0.44 0.1734375 0.44222222222222224 0.1734375 0.44666666666666666 0.1828125 0.44666666666666666 0.184375 0.45111111111111113 0.2015625 0.45111111111111113 0.2015625 0.4311111111111111 0.1984375 0.4266666666666667 0.1921875 0.4266666666666667 0.190625 0.4222222222222222 0.184375 0.4222222222222222 0.1828125 0.41555555555555557 0.16875 0.41555555555555557 0.16875 0.42 0.165625 0.4222222222222222 0.1609375 0.4111111111111111 0.15625 0.4088888888888889 0.15625 0.40444444444444444 0.15 0.40444444444444444 0.1484375 0.4 0.14375 0.4 0.1421875 0.39555555555555555 0.13125 0.39555555555555555 0.1296875 0.3888888888888889 0.1203125 0.3888888888888889 0.11875 0.3844444444444444 0.10625 0.3844444444444444 0.1046875 0.37777777777777777 0.090625 0.37777777777777777 0.0890625 0.37333333333333335 0.0796875 0.37333333333333335 0.078125 0.3688888888888889 0.05625 0.3688888888888889 0.0546875 0.3622222222222222 0.0375 0.3622222222222222 0.0359375 0.35777777777777775 0.0234375 0.35777777777777775 0.021875 0.3511111111111111 0 0.3511111111111111 0 0.35333333333333333 0 0.37555555555555553
5 0 0.37555555555555553 0.0296875 0.37555555555555553 0.03125 0.38222222222222224 0.0484375 0.38222222222222224 0.05 0.38666666666666666 0.0625 0.38666666666666666 0.0640625 0.3933333333333333 0.0734375 0.3933333333333333 0.075 0.3977777777777778 0.0859375 0.3977777777777778 0.0875 0.4022222222222222 0.096875 0.4022222222222222 0.0984375 0.4088888888888889 0.1109375 0.4088888888888889 0.1125 0.41333333333333333 0.1265625 0.41333333333333333 0.128125 0.42 0.134375 0.42 0.1359375 0.42444444444444446 0.1484375 0.42444444444444446 0.15 0.42 0.153125 0.42 0.1546875 0.42444444444444446 0.1609375 0.42444444444444446 0.1625 0.4266666666666667 0.1625 0.43555555555555553 0.165625 0.44 0.171875 0.44 0.1734375 0.44666666666666666 0.1828125 0.44666666666666666 0.184375 0.45111111111111113 0.190625 0.45111111111111113 0.1921875 0.45555555555555555 0.2046875 0.45555555555555555 0.20625 0.44666666666666666 0.2125 0.44666666666666666 0.2140625 0.45555555555555555 0.21875 0.4577777777777778 0.21875 0.4622222222222222 0.2234375 0.4622222222222222 0.225 0.4666666666666667 0.2390625 0.4666666666666667 0.240625 0.47333333333333333 0.2609375 0.47333333333333333 0.2625 0.4777777777777778 0.265625 0.4777777777777778 0.265625 0.4688888888888889 0.2625 0.4688888888888889 0.2578125 0.4622222222222222 0.2578125 0.4577777777777778 0.2515625 0.4577777777777778 0.25 0.4533333333333333 0.24375 0.4533333333333333 0.2421875 0.4488888888888889 0.2296875 0.4488888888888889 0.228125 0.44222222222222224 0.20625 0.44222222222222224 0.2046875 0.44 0.2046875 0.4311111111111111 0.2015625 0.4266666666666667 0.1921875 0.4266666666666667 0.190625 0.4222222222222222 0.184375 0.4222222222222222 0.1828125 0.41555555555555557 0.1625 0.41555555555555557 0.1609375 0.4111111111111111 0.15625 0.4088888888888889 0.15625 0.40444444444444444 0.15 0.40444444444444444 0.1484375 0.4 0.14375 0.4 0.1421875 0.39555555555555555 0.13125 0.39555555555555555 0.1296875 0.3888888888888889 0.1171875 0.3888888888888889 0.115625 0.3844444444444444 0.1015625 0.3844444444444444 0.1 0.37777777777777777 0.0875 0.37777777777777777 0.0859375 0.37333333333333335 0.075 0.37333333333333335 0.0734375 0.3688888888888889 0.05625 0.3688888888888889 0.0546875 0.3622222222222222 0.0375 0.3622222222222222 0.0359375 0.35777777777777775 0.01875 0.35777777777777775 0.0171875 0.3511111111111111 0 0.3511111111111111 0 0.35333333333333333 0 0.37555555555555553
5 0 0.6844444444444444 0.003125 0.6844444444444444 0.0078125 0.6955555555555556 0.0109375 0.6955555555555556 0.015625 0.7022222222222222 0.015625 0.7066666666666667 0.01875 0.7111111111111111 0.021875 0.7111111111111111 0.0265625 0.7222222222222222 0.0296875 0.7222222222222222 0.034375 0.7288888888888889 0.034375 0.7333333333333333 0.0375 0.7377777777777778 0.04375 0.7377777777777778 0.04375 0.7244444444444444 0.040625 0.7222222222222222 0.040625 0.7133333333333334 0.0375 0.7133333333333334 0.0328125 0.7066666666666667 0.0328125 0.7022222222222222 0.0296875 0.7 0.0296875 0.6933333333333334 0.0265625 0.6933333333333334 0.025 0.6866666666666666 0.0171875 0.68 0.0171875 0.6755555555555556 0.0109375 0.6666666666666666 0.00625 0.6644444444444444 0.00625 0.66 0 0.66 0 0.6622222222222223 0 0.6844444444444444
5 0.390625 0 0.390625 0.0022222222222222222 0.3890625 0.006666666666666667 0.3859375 0.006666666666666667 0.3828125 0.011111111111111112 0.3828125 0.015555555555555555 0.378125 0.022222222222222223 0.375 0.022222222222222223 0.371875 0.02666666666666667 0.3703125 0.03333333333333333 0.3671875 0.03333333333333333 0.3671875 0.042222222222222223 0.3609375 0.04888888888888889 0.3609375 0.057777777777777775 0.35625 0.06 0.35625 0.07333333333333333 0.353125 0.07555555555555556 0.353125 0.08444444444444445 0.3484375 0.08666666666666667 0.3484375 0.1111111111111111 0.3453125 0.11333333333333333 0.3453125 0.15333333333333332 0.3484375 0.15555555555555556 0.3484375 0.1688888888888889 0.353125 0.1711111111111111 0.353125 0.18 0.35625 0.18222222222222223 0.35625 0.19111111111111112 0.3625 0.19111111111111112 0.3625 0.16 0.365625 0.15777777777777777 0.365625 0.10666666666666667 0.3703125 0.10444444444444445 0.3703125 0.09777777777777778 0.3734375 0.09555555555555556 0.3734375 0.08666666666666667 0.378125 0.08444444444444445 0.378125 0.07111111111111111 0.384375 0.06222222222222222 0.384375 0.05333333333333334 0.3890625 0.051111111111111114 0.39375 0.042222222222222223 0.396875 0.042222222222222223 0.396875 0.03333333333333333 0.4 0.03111111111111111 0.4015625 0.024444444444444446 0.4078125 0.024444444444444446 0.421875 0.0044444444444444444 0.421875 0 0.390625 0
5 0.3484375 0.27555555555555555 0.3421875 0.2822222222222222 0.3421875 0.2911111111111111 0.3453125 0.29333333333333333 0.3453125 0.30666666666666664 0.3484375 0.3088888888888889 0.3484375 0.34 0.353125 0.3422222222222222 0.353125 0.4288888888888889 0.35625 0.4311111111111111 0.35625 0.4622222222222222 0.359375 0.4622222222222222 0.3640625 0.4688888888888889 0.3640625 0.4777777777777778 0.3671875 0.4822222222222222 0.3703125 0.4822222222222222 0.375 0.49333333333333335 0.378125 0.49333333333333335 0.3828125 0.5 0.3828125 0.5044444444444445 0.384375 0.5044444444444445 0.3859375 0.49777777777777776 0.3890625 0.49777777777777776 0.3890625 0.47555555555555556 0.384375 0.47333333333333333 0.384375 0.44222222222222224 0.38125 0.44 0.38125 0.41555555555555557 0.378125 0.41333333333333333 0.378125 0.3888888888888889 0.3734375 0.38666666666666666 0.3734375 0.37777777777777777 0.3703125 0.37555555555555553 0.3703125 0.33111111111111113 0.365625 0.3288888888888889 0.365625 0.2733333333333333 0.3625 0.27111111111111114 0.3625 0.26222222222222225 0.353125 0.26222222222222225 0.353125 0.2644444444444444 0.3484375 0.26666666666666666 0.3484375 0.27555555555555555
5 0.2 0.4533333333333333 0.2 0.4777777777777778 0.1953125 0.48 0.1953125 0.52 0.2 0.5222222222222223 0.2 0.5311111111111111 0.2171875 0.5311111111111111 0.2171875 0.5266666666666666 0.2203125 0.5244444444444445 0.2203125 0.46444444444444444 0.2171875 0.4622222222222222 0.2171875 0.4533333333333333 0.2125 0.45111111111111113 0.2125 0.44222222222222224 0.209375 0.44 0.209375 0.4311111111111111 0.20625 0.4311111111111111 0.20625 0.43333333333333335 0.20625 0.44666666666666666 0.2 0.4533333333333333
5 0.546875 0.28888888888888886 0.54375 0.29333333333333333 0.54375 0.3022222222222222 0.5515625 0.3088888888888889 0.5515625 0.31333333333333335 0.5546875 0.31777777777777777 0.559375 0.32 0.559375 0.3244444444444444 0.565625 0.3333333333333333 0.5703125 0.33555555555555555 0.5703125 0.34 0.5734375 0.34444444444444444 0.578125 0.3466666666666667 0.578125 0.35555555555555557 0.584375 0.3622222222222222 0.584375 0.36666666666666664 0.5875 0.36666666666666664 0.5921875 0.37555555555555553 0.596875 0.37777777777777777 0.596875 0.38222222222222224 0.603125 0.3888888888888889 0.603125 0.3933333333333333 0.60625 0.3933333333333333 0.6109375 0.4 0.6109375 0.4088888888888889 0.6140625 0.4088888888888889 0.621875 0.42444444444444446 0.625 0.42444444444444446 0.6296875 0.4311111111111111 0.6296875 0.43555555555555553 0.6328125 0.43555555555555553 0.6375 0.44222222222222224 0.6375 0.44666666666666666 0.640625 0.45111111111111113 0.6453125 0.4533333333333333 0.6453125 0.4622222222222222 0.653125 0.4688888888888889 0.653125 0.47333333333333333 0.6578125 0.47333333333333333 0.659375 0.4777777777777778 0.6625 0.4777777777777778 0.665625 0.47333333333333333 0.665625 0.4577777777777778 0.6578125 0.45111111111111113 0.6578125 0.44222222222222224 0.6515625 0.43555555555555553 0.6515625 0.4311111111111111 0.6484375 0.4311111111111111 0.64375 0.4222222222222222 0.640625 0.4222222222222222 0.6390625 0.41555555555555557 0.6328125 0.4088888888888889 0.6328125 0.40444444444444444 0.628125 0.4022222222222222 0.628125 0.39555555555555555 0.625 0.3933333333333333 0.625 0.3888888888888889 0.621875 0.3888888888888889 0.6140625 0.37333333333333335 0.609375 0.3711111111111111 0.609375 0.3622222222222222 0.6015625 0.35555555555555557 0.6015625 0.3511111111111111 0.5953125 0.3422222222222222 0.590625 0.34 0.590625 0.33111111111111113 0.5828125 0.3244444444444444 0.5828125 0.32 0.5765625 0.31333333333333335 0.5765625 0.3088888888888889 0.5734375 0.3088888888888889 0.56875 0.3 0.5640625 0.29777777777777775 0.5640625 0.29333333333333333 0.5578125 0.2866666666666667 0.5578125 0.2822222222222222 0.5515625 0.2822222222222222 0.5515625 0.28444444444444444 0.55 0.28888888888888886 0.546875 0.28888888888888886
5 0.13125 0.18444444444444444 0.1359375 0.18666666666666668 0.1359375 0.19555555555555557 0.14375 0.20222222222222222 0.14375 0.20666666666666667 0.15 0.21333333333333335 0.15 0.21777777777777776 0.153125 0.21777777777777776 0.1546875 0.2222222222222222 0.1609375 0.2222222222222222 0.16875 0.23777777777777778 0.1734375 0.24 0.1734375 0.24888888888888888 0.1765625 0.2511111111111111 0.1765625 0.26 0.1796875 0.26 0.184375 0.26666666666666666 0.184375 0.27111111111111114 0.1875 0.27555555555555555 0.19375 0.27555555555555555 0.1953125 0.28 0.2 0.2822222222222222 0.2 0.2911111111111111 0.203125 0.29333333333333333 0.203125 0.29777777777777775 0.209375 0.29777777777777775 0.2140625 0.30666666666666664 0.2171875 0.30666666666666664 0.21875 0.31333333333333335 0.225 0.32 0.225 0.3244444444444444 0.228125 0.3244444444444444 0.2328125 0.3333333333333333 0.2359375 0.3333333333333333 0.2375 0.34 0.2421875 0.34 0.2484375 0.3488888888888889 0.253125 0.3488888888888889 0.2546875 0.3511111111111111 0.2546875 0.36 0.259375 0.3622222222222222 0.259375 0.36666666666666664 0.2625 0.3711111111111111 0.26875 0.3711111111111111 0.2734375 0.37777777777777777 0.2734375 0.38666666666666666 0.284375 0.38666666666666666 0.2859375 0.3933333333333333 0.2875 0.3933333333333333 0.2875 0.37777777777777777 0.284375 0.37555555555555553 0.284375 0.3688888888888889 0.28125 0.3688888888888889 0.2796875 0.3622222222222222 0.2765625 0.36 0.2765625 0.3511111111111111 0.2734375 0.3511111111111111 0.265625 0.34 0.265625 0.33111111111111113 0.2625 0.33111111111111113 0.2578125 0.3244444444444444 0.2578125 0.32 0.2546875 0.32 0.25 0.31333333333333335 0.25 0.3088888888888889 0.246875 0.30444444444444446 0.24375 0.30444444444444446 0.2390625 0.29777777777777775 0.2390625 0.29333333333333333 0.2359375 0.28888888888888886 0.23125 0.2866666666666667 0.23125 0.2822222222222222 0.228125 0.2777777777777778 0.225 0.2777777777777778 0.2203125 0.27111111111111114 0.2203125 0.26666666666666666 0.2171875 0.26222222222222225 0.2109375 0.26222222222222225 0.209375 0.25555555555555554 0.20625 0.25555555555555554 0.1984375 0.24444444444444444 0.1984375 0.24 0.1953125 0.24 0.190625 0.23333333333333334 0.190625 0.22444444444444445 0.184375 0.22444444444444445 0.1828125 0.2222222222222222 0.1828125 0.21333333333333335 0.1796875 0.2088888888888889 0.1734375 0.2088888888888889 0.171875 0.20222222222222222 0.16875 0.20222222222222222 0.1609375 0.19111111111111112 0.1609375 0.18666666666666668 0.1578125 0.18666666666666668 0.153125 0.18 0.153125 0.17555555555555555 0.146875 0.17555555555555555 0.1453125 0.1711111111111111 0.1359375 0.1711111111111111 0.1359375 0.17333333333333334 0.13125 0.17555555555555555 0.13125 0.18444444444444444
2 0.8765625 0.16666666666666666 0.875 0.1711111111111111 0.8703125 0.1711111111111111 0.86875 0.17555555555555555 0.8625 0.17555555555555555 0.8609375 0.18222222222222223 0.8546875 0.18222222222222223 0.8515625 0.18666666666666668 0.85 0.19333333333333333 0.84375 0.19333333333333333 0.8421875 0.19777777777777777 0.8390625 0.19777777777777777 0.83125 0.21333333333333335 0.825 0.21333333333333335 0.825 0.2222222222222222 0.8171875 0.2288888888888889 0.8171875 0.23333333333333334 0.8140625 0.23555555555555555 0.8140625 0.24888888888888888 0.809375 0.2511111111111111 0.809375 0.25333333333333335 0.8140625 0.25555555555555554 0.8140625 0.2644444444444444 0.8234375 0.2644444444444444 0.825 0.26 0.83125 0.26 0.8328125 0.25333333333333335 0.8375 0.25333333333333335 0.8390625 0.24888888888888888 0.853125 0.24888888888888888 0.8546875 0.24444444444444444 0.890625 0.24444444444444444 0.8921875 0.24888888888888888 0.8984375 0.24888888888888888 0.9 0.25333333333333335 0.90625 0.25333333333333335 0.9078125 0.26 0.9125 0.26 0.9140625 0.2644444444444444 0.9171875 0.2644444444444444 0.921875 0.27555555555555555 0.925 0.27555555555555555 0.9296875 0.2822222222222222 0.9296875 0.2911111111111111 0.9328125 0.29333333333333333 0.9328125 0.31777777777777777 0.9375 0.32 0.9375 0.4088888888888889 0.9328125 0.4111111111111111 0.9328125 0.42444444444444446 0.9390625 0.42444444444444446 0.940625 0.4288888888888889 0.95 0.4288888888888889 0.9515625 0.43555555555555553 0.9625 0.43555555555555553 0.9640625 0.44 0.9703125 0.44222222222222224 0.9703125 0.44666666666666666 0.9765625 0.44666666666666666 0.9828125 0.45555555555555555 0.9875 0.45555555555555555 0.9890625 0.45111111111111113 0.9953125 0.45111111111111113 0.9953125 0.44222222222222224 0.9984375 0.44 0.9984375 0.2088888888888889 0.9953125 0.20666666666666667 0.9953125 0.20222222222222222 0.9921875 0.19777777777777777 0.9890625 0.19777777777777777 0.984375 0.19111111111111112 0.984375 0.18666666666666668 0.975 0.18666666666666668 0.9734375 0.18222222222222223 0.9671875 0.18222222222222223 0.965625 0.17555555555555555 0.959375 0.17555555555555555 0.9578125 0.1711111111111111 0.940625 0.1711111111111111 0.9390625 0.16666666666666666 0.921875 0.16666666666666666 0.9203125 0.16 0.8890625 0.16 0.8890625 0.1622222222222222 0.8875 0.16666666666666666 0.8765625 0.16666666666666666
2 0.54375 0.5311111111111111 0.5390625 0.5377777777777778 0.5359375 0.5377777777777778 0.5359375 0.5466666666666666 0.5328125 0.5488888888888889 0.5328125 0.5777777777777777 0.528125 0.58 0.528125 0.6 0.53125 0.6 0.5328125 0.6044444444444445 0.5390625 0.6044444444444445 0.54375 0.6155555555555555 0.553125 0.6155555555555555 0.5546875 0.6222222222222222 0.5609375 0.6222222222222222 0.565625 0.6311111111111111 0.56875 0.6311111111111111 0.5703125 0.6333333333333333 0.5703125 0.6422222222222222 0.5734375 0.6444444444444445 0.5734375 0.6533333333333333 0.5765625 0.6533333333333333 0.578125 0.6577777777777778 0.5875 0.6577777777777778 0.5890625 0.6533333333333333 0.5953125 0.6533333333333333 0.5984375 0.6488888888888888 0.5984375 0.6066666666666667 0.5953125 0.6044444444444445 0.5953125 0.5866666666666667 0.590625 0.5844444444444444 0.590625 0.5755555555555556 0.5875 0.5733333333333334 0.5875 0.5644444444444444 0.5828125 0.5622222222222222 0.5828125 0.5533333333333333 0.5765625 0.5444444444444444 0.571875 0.5422222222222223 0.571875 0.5333333333333333 0.5625 0.5333333333333333 0.5609375 0.5266666666666666 0.5515625 0.5266666666666666 0.55 0.5222222222222223 0.546875 0.5222222222222223 0.546875 0.5244444444444445 0.54375 0.5266666666666666 0.54375 0.5311111111111111
2 0.8515625 0 0.8515625 0.0022222222222222222 0.8515625 0.008888888888888889 0.846875 0.011111111111111112 0.846875 0.042222222222222223 0.8515625 0.044444444444444446 0.8515625 0.06888888888888889 0.8546875 0.07111111111111111 0.8546875 0.07777777777777778 0.8578125 0.08 0.8578125 0.08888888888888889 0.8625 0.09111111111111111 0.8625 0.09555555555555556 0.8875 0.09555555555555556 0.8890625 0.1 0.90625 0.1 0.9078125 0.09555555555555556 0.9125 0.09555555555555556 0.9140625 0.08888888888888889 0.9171875 0.08888888888888889 0.9203125 0.08444444444444445 0.9203125 0.07111111111111111 0.9171875 0.06888888888888889 0.9171875 0.06444444444444444 0.9140625 0.06444444444444444 0.909375 0.057777777777777775 0.909375 0.05333333333333334 0.90625 0.04888888888888889 0.9015625 0.04666666666666667 0.9015625 0.03777777777777778 0.89375 0.03111111111111111 0.89375 0.02666666666666667 0.8875 0.02 0.8875 0.011111111111111112 0.8828125 0.008888888888888889 0.8796875 0.0044444444444444444 0.8796875 0 0.8515625 0
2 0.7421875 0.39555555555555555 0.7375 0.40444444444444444 0.73125 0.40444444444444444 0.73125 0.4088888888888889 0.7265625 0.41555555555555557 0.7234375 0.41555555555555557 0.7234375 0.4288888888888889 0.7203125 0.4311111111111111 0.71875 0.43777777777777777 0.69375 0.43777777777777777 0.6921875 0.44222222222222224 0.6859375 0.44222222222222224 0.6859375 0.44666666666666666 0.68125 0.4533333333333333 0.675 0.4533333333333333 0.675 0.4622222222222222 0.671875 0.46444444444444444 0.671875 0.4777777777777778 0.6671875 0.48 0.665625 0.48444444444444446 0.659375 0.48444444444444446 0.6578125 0.4911111111111111 0.634375 0.4911111111111111 0.6328125 0.4955555555555556 0.6296875 0.4955555555555556 0.6296875 0.5088888888888888 0.6265625 0.5111111111111111 0.6265625 0.5577777777777778 0.621875 0.56 0.6203125 0.5644444444444444 0.615625 0.5644444444444444 0.6140625 0.5711111111111111 0.6109375 0.5711111111111111 0.60625 0.58 0.603125 0.58 0.603125 0.6577777777777778 0.6 0.66 0.6 0.7 0.603125 0.7022222222222222 0.603125 0.7222222222222222 0.60625 0.7222222222222222 0.6078125 0.7266666666666667 0.603125 0.7288888888888889 0.603125 0.7377777777777778 0.6 0.74 0.6 0.76 0.603125 0.7622222222222222 0.603125 0.7711111111111111 0.6078125 0.7733333333333333 0.6078125 0.7866666666666666 0.6109375 0.7888888888888889 0.6109375 0.7977777777777778 0.615625 0.8 0.615625 0.8066666666666666 0.61875 0.8088888888888889 0.61875 0.8177777777777778 0.621875 0.82 0.621875 0.8288888888888889 0.6265625 0.8311111111111111 0.6265625 0.84 0.6296875 0.8444444444444444 0.6328125 0.8444444444444444 0.6375 0.8511111111111112 0.6375 0.8555555555555555 0.640625 0.8577777777777778 0.640625 0.8666666666666667 0.64375 0.8666666666666667 0.6484375 0.8755555555555555 0.6515625 0.8755555555555555 0.653125 0.8822222222222222 0.6578125 0.8822222222222222 0.659375 0.8866666666666667 0.6625 0.8866666666666667 0.6671875 0.8977777777777778 0.71875 0.8977777777777778 0.721875 0.8933333333333333 0.7234375 0.8977777777777778 0.7265625 0.8977777777777778 0.7296875 0.8933333333333333 0.7296875 0.8844444444444445 0.73125 0.8822222222222222 0.7453125 0.8822222222222222 0.7453125 0.8777777777777778 0.7484375 0.8755555555555555 0.75 0.8822222222222222 0.753125 0.8844444444444445 0.753125 0.8933333333333333 0.759375 0.8933333333333333 0.7609375 0.8977777777777778 0.7671875 0.8977777777777778 0.771875 0.9044444444444445 0.771875 0.9088888888888889 0.7765625 0.9111111111111111 0.7765625 0.92 0.7828125 0.9288888888888889 0.7875 0.9311111111111111 0.7875 0.9355555555555556 0.790625 0.94 0.8078125 0.94 0.809375 0.9466666666666667 0.8265625 0.9466666666666667 0.828125 0.94 0.8421875 0.94 0.84375 0.9355555555555556 0.85 0.9355555555555556 0.8515625 0.9288888888888889 0.86875 0.9288888888888889 0.8703125 0.9244444444444444 0.8796875 0.9244444444444444 0.884375 0.9133333333333333 0.890625 0.9133333333333333 0.8921875 0.9088888888888889 0.9015625 0.9088888888888889 0.903125 0.9022222222222223 0.9125 0.9022222222222223 0.9140625 0.8977777777777778 0.925 0.8977777777777778 0.9265625 0.8933333333333333 0.93125 0.8933333333333333 0.93125 0.8888888888888888 0.9390625 0.8822222222222222 0.940625 0.8755555555555555 0.94375 0.8755555555555555 0.94375 0.8622222222222222 0.946875 0.86 0.946875 0.8511111111111112 0.95 0.8488888888888889 0.95 0.8422222222222222 0.9546875 0.84 0.9546875 0.8311111111111111 0.959375 0.8244444444444444 0.9625 0.8244444444444444 0.9625 0.82 0.96875 0.8133333333333334 0.96875 0.7933333333333333 0.9734375 0.7911111111111111 0.9734375 0.7888888888888889 0.96875 0.7866666666666666 0.96875 0.7733333333333333 0.9625 0.7644444444444445 0.9625 0.7511111111111111 0.965625 0.7488888888888889 0.965625 0.74 0.96875 0.7377777777777778 0.96875 0.7244444444444444 0.9734375 0.7222222222222222 0.9734375 0.6866666666666666 0.9703125 0.6866666666666666 0.96875 0.6822222222222222 0.9640625 0.6822222222222222 0.9625 0.6755555555555556 0.95625 0.6755555555555556 0.9546875 0.6711111111111111 0.95 0.6688888888888889 0.95 0.66 0.9546875 0.6577777777777778 0.9546875 0.64 0.9578125 0.6377777777777778 0.9578125 0.6066666666666667 0.9546875 0.6044444444444445 0.9546875 0.5911111111111111 0.9515625 0.5911111111111111 0.94375 0.5755555555555556 0.940625 0.5755555555555556 0.9359375 0.5688888888888889 0.9359375 0.5533333333333333 0.93125 0.5511111111111111 0.93125 0.5222222222222223 0.928125 0.52 0.928125 0.5111111111111111 0.9203125 0.5044444444444445 0.9203125 0.5 0.9171875 0.4955555555555556 0.903125 0.4955555555555556 0.8984375 0.4888888888888889 0.8984375 0.48444444444444446 0.89375 0.4822222222222222 0.89375 0.4688888888888889 0.890625 0.4666666666666667 0.890625 0.4577777777777778 0.8828125 0.45111111111111113 0.8828125 0.44222222222222224 0.8796875 0.43777777777777777 0.875 0.43555555555555553 0.875 0.4266666666666667 0.8703125 0.4266666666666667 0.86875 0.4222222222222222 0.8640625 0.42 0.8640625 0.41555555555555557 0.8578125 0.41555555555555557 0.85625 0.4111111111111111 0.8515625 0.4111111111111111 0.85 0.41555555555555557 0.8359375 0.41555555555555557 0.83125 0.4088888888888889 0.83125 0.4 0.828125 0.4 0.8265625 0.39555555555555555 0.8203125 0.39555555555555555 0.81875 0.3888888888888889 0.8015625 0.3888888888888889 0.8 0.39555555555555555 0.790625 0.39555555555555555 0.7890625 0.4 0.7828125 0.4 0.778125 0.3933333333333333 0.778125 0.3888888888888889 0.75 0.3888888888888889 0.75 0.39111111111111113 0.7484375 0.39555555555555555 0.7421875 0.39555555555555555
2 0.278125 0.56 0.2765625 0.5644444444444444 0.2703125 0.5644444444444444 0.2703125 0.5777777777777777 0.2734375 0.58 0.2734375 0.5888888888888889 0.278125 0.5911111111111111 0.278125 0.6 0.28125 0.6022222222222222 0.28125 0.6222222222222222 0.2859375 0.6244444444444445 0.2859375 0.6422222222222222 0.2890625 0.6444444444444445 0.2890625 0.6533333333333333 0.296875 0.66 0.296875 0.6644444444444444 0.30625 0.6644444444444444 0.3078125 0.6577777777777778 0.3359375 0.6577777777777778 0.3375 0.6533333333333333 0.340625 0.6533333333333333 0.34375 0.6488888888888888 0.3453125 0.6422222222222222 0.3515625 0.6422222222222222 0.353125 0.6377777777777778 0.3890625 0.6377777777777778 0.3890625 0.6333333333333333 0.39375 0.6266666666666667 0.396875 0.6266666666666667 0.4 0.6222222222222222 0.4 0.6177777777777778 0.396875 0.6155555555555555 0.396875 0.6066666666666667 0.39375 0.6066666666666667 0.3890625 0.5977777777777777 0.384375 0.5955555555555555 0.384375 0.5911111111111111 0.378125 0.5844444444444444 0.378125 0.58 0.371875 0.58 0.3703125 0.5755555555555556 0.3640625 0.5755555555555556 0.359375 0.5688888888888889 0.359375 0.5644444444444444 0.353125 0.5644444444444444 0.3515625 0.56 0.3421875 0.56 0.340625 0.5533333333333333 0.3078125 0.5533333333333333 0.3078125 0.5555555555555556 0.30625 0.56 0.278125 0.56
2 0.390625 0.64 0.3890625 0.6444444444444445 0.353125 0.6444444444444445 0.3515625 0.6511111111111111 0.3453125 0.6511111111111111 0.340625 0.66 0.3375 0.66 0.3359375 0.6666666666666666 0.3296875 0.6666666666666666 0.328125 0.6711111111111111 0.315625 0.6711111111111111 0.3140625 0.6755555555555556 0.3078125 0.6755555555555556 0.3078125 0.68 0.3046875 0.6822222222222222 0.3046875 0.6911111111111111 0.3 0.6933333333333334 0.3 0.7066666666666667 0.2953125 0.7133333333333334 0.2921875 0.7133333333333334 0.2921875 0.7177777777777777 0.2875 0.7244444444444444 0.28125 0.7244444444444444 0.2796875 0.7288888888888889 0.2734375 0.7288888888888889 0.2734375 0.7333333333333333 0.26875 0.74 0.2546875 0.74 0.253125 0.7466666666666667 0.24375 0.7466666666666667 0.2421875 0.7511111111111111 0.2375 0.7511111111111111 0.2375 0.76 0.2359375 0.7622222222222222 0.2296875 0.7622222222222222 0.2296875 0.7755555555555556 0.2328125 0.7777777777777778 0.2328125 0.7977777777777778 0.2296875 0.8 0.2296875 0.8066666666666666 0.2328125 0.8088888888888889 0.2328125 0.8177777777777778 0.2375 0.82 0.2375 0.8288888888888889 0.24375 0.8355555555555556 0.24375 0.84 0.246875 0.84 0.2546875 0.8511111111111112 0.2546875 0.86 0.2609375 0.86 0.2625 0.8622222222222222 0.2625 0.8711111111111111 0.2671875 0.8733333333333333 0.2671875 0.8822222222222222 0.2703125 0.8844444444444445 0.2703125 0.8933333333333333 0.2734375 0.8977777777777778 0.2765625 0.8977777777777778 0.278125 0.9022222222222223 0.284375 0.9022222222222223 0.2890625 0.9133333333333333 0.2953125 0.9133333333333333 0.3 0.9244444444444444 0.30625 0.9244444444444444 0.3109375 0.9311111111111111 0.3109375 0.9355555555555556 0.3140625 0.9355555555555556 0.315625 0.94 0.321875 0.94 0.3234375 0.9466666666666667 0.3296875 0.9555555555555556 0.3359375 0.9555555555555556 0.3375 0.9577777777777777 0.3375 0.9622222222222222 0.346875 0.9622222222222222 0.3484375 0.9666666666666667 0.359375 0.9666666666666667 0.3609375 0.9733333333333334 0.3640625 0.9755555555555555 0.3640625 0.9822222222222222 0.3671875 0.9844444444444445 0.3671875 0.9888888888888889 0.3703125 0.9888888888888889 0.371875 0.9933333333333333 0.378125 0.9933333333333333 0.3796875 0.9977777777777778 0.4265625 0.9977777777777778 0.428125 0.9933333333333333 0.434375 0.9933333333333333 0.4359375 0.9977777777777778 0.5125 0.9977777777777778 0.5140625 0.9933333333333333 0.5234375 0.9933333333333333 0.5234375 0.9644444444444444 0.5203125 0.9622222222222222 0.5203125 0.9533333333333334 0.5171875 0.9533333333333334 0.5125 0.9466666666666667 0.5125 0.9422222222222222 0.50625 0.9422222222222222 0.5046875 0.94 0.5046875 0.9311111111111111 0.5015625 0.9266666666666666 0.5046875 0.9244444444444444 0.5046875 0.8955555555555555 0.5015625 0.8933333333333333 0.5015625 0.8844444444444445 0.496875 0.8822222222222222 0.496875 0.8777777777777778 0.49375 0.8755555555555555 0.49375 0.8688888888888889 0.490625 0.8666666666666667 0.490625 0.8466666666666667 0.49375 0.8444444444444444 0.49375 0.8311111111111111 0.496875 0.8288888888888889 0.496875 0.8088888888888889 0.49375 0.8066666666666666 0.49375 0.7777777777777778 0.496875 0.7755555555555556 0.496875 0.7666666666666667 0.5046875 0.76 0.5046875 0.72 0.5015625 0.7177777777777777 0.5015625 0.7088888888888889 0.4984375 0.7088888888888889 0.496875 0.7022222222222222 0.490625 0.6933333333333334 0.4859375 0.6911111111111111 0.4859375 0.6866666666666666 0.4828125 0.6822222222222222 0.478125 0.68 0.478125 0.6755555555555556 0.4734375 0.6755555555555556 0.4671875 0.6666666666666666 0.4609375 0.6666666666666666 0.45625 0.6555555555555556 0.446875 0.6555555555555556 0.4453125 0.6511111111111111 0.4359375 0.6511111111111111 0.434375 0.6444444444444445 0.4234375 0.6444444444444445 0.421875 0.64 0.409375 0.64 0.4078125 0.6333333333333333 0.3984375 0.6333333333333333 0.3984375 0.6355555555555555 0.396875 0.64 0.390625 0.64
2 0.5890625 0.4222222222222222 0.5875 0.4266666666666667 0.5734375 0.4266666666666667 0.571875 0.4311111111111111 0.565625 0.4311111111111111 0.565625 0.43555555555555553 0.559375 0.44222222222222224 0.5578125 0.4488888888888889 0.546875 0.4488888888888889 0.5453125 0.4533333333333333 0.5359375 0.4533333333333333 0.534375 0.4577777777777778 0.528125 0.4577777777777778 0.5265625 0.46444444444444444 0.521875 0.46444444444444444 0.5203125 0.4688888888888889 0.5171875 0.4688888888888889 0.515625 0.47555555555555556 0.509375 0.47555555555555556 0.509375 0.4822222222222222 0.50625 0.48444444444444446 0.50625 0.49333333333333335 0.5046875 0.4955555555555556 0.4984375 0.4955555555555556 0.490625 0.5111111111111111 0.4875 0.5111111111111111 0.4859375 0.5177777777777778 0.4796875 0.5177777777777778 0.478125 0.5222222222222223 0.4734375 0.5222222222222223 0.471875 0.5266666666666666 0.465625 0.5266666666666666 0.4640625 0.5333333333333333 0.4578125 0.5333333333333333 0.45625 0.5377777777777778 0.446875 0.5377777777777778 0.4453125 0.5444444444444444 0.4359375 0.5444444444444444 0.434375 0.5488888888888889 0.428125 0.5488888888888889 0.4265625 0.5533333333333333 0.4234375 0.5533333333333333 0.4234375 0.5622222222222222 0.4265625 0.5622222222222222 0.43125 0.5733333333333334 0.4359375 0.5755555555555556 0.4359375 0.5844444444444444 0.4421875 0.5911111111111111 0.4421875 0.5955555555555555 0.4453125 0.5955555555555555 0.446875 0.6 0.459375 0.6 0.4609375 0.5955555555555555 0.475 0.5955555555555555 0.4765625 0.5888888888888889 0.4828125 0.5888888888888889 0.484375 0.5844444444444444 0.490625 0.5844444444444444 0.4921875 0.5777777777777777 0.5015625 0.5777777777777777 0.503125 0.5733333333333334 0.5125 0.5733333333333334 0.5140625 0.5688888888888889 0.5203125 0.5688888888888889 0.5203125 0.5644444444444444 0.5265625 0.5577777777777778 0.5265625 0.5533333333333333 0.53125 0.5511111111111111 0.53125 0.5444444444444444 0.534375 0.5422222222222223 0.534375 0.5377777777777778 0.5390625 0.5355555555555556 0.5390625 0.5266666666666666 0.540625 0.5244444444444445 0.5640625 0.5244444444444445 0.565625 0.5311111111111111 0.56875 0.5311111111111111 0.5703125 0.5244444444444445 0.5875 0.5244444444444445 0.5890625 0.52 0.5953125 0.52 0.5984375 0.5155555555555555 0.5984375 0.5 0.6 0.49777777777777776 0.60625 0.49777777777777776 0.6078125 0.49333333333333335 0.6140625 0.49333333333333335 0.615625 0.4888888888888889 0.6203125 0.4888888888888889 0.621875 0.4822222222222222 0.625 0.4822222222222222 0.6296875 0.47333333333333333 0.6328125 0.47333333333333333 0.6328125 0.46444444444444444 0.6359375 0.4622222222222222 0.6359375 0.4488888888888889 0.6328125 0.44666666666666666 0.6328125 0.43777777777777777 0.628125 0.43555555555555553 0.628125 0.4311111111111111 0.621875 0.4311111111111111 0.6203125 0.4222222222222222 0.615625 0.4222222222222222 0.6140625 0.41555555555555557 0.596875 0.41555555555555557 0.596875 0.4177777777777778 0.5953125 0.4222222222222222 0.5890625 0.4222222222222222
2 0.0046875 0 0.0046875 0.0022222222222222222 0.003125 0.006666666666666667 0 0.006666666666666667 0 0.1111111111111111 0.00625 0.1111111111111111 0.00625 0.10666666666666667 0.0109375 0.10444444444444445 0.0109375 0.09777777777777778 0.0140625 0.09555555555555556 0.0140625 0.08666666666666667 0.0171875 0.08444444444444445 0.0171875 0.07555555555555556 0.021875 0.07333333333333333 0.021875 0.06 0.025 0.057777777777777775 0.025 0.011111111111111112 0.0296875 0.008888888888888889 0.0296875 0 0.0046875 0
2 0.259375 0.9133333333333333 0.2546875 0.9155555555555556 0.253125 0.9222222222222223 0.2484375 0.9222222222222223 0.246875 0.9266666666666666 0.240625 0.9266666666666666 0.2390625 0.9311111111111111 0.2296875 0.9311111111111111 0.228125 0.9377777777777778 0.221875 0.9377777777777778 0.21875 0.9422222222222222 0.21875 0.9466666666666667 0.2140625 0.9488888888888889 0.209375 0.9577777777777777 0.2 0.9577777777777777 0.1984375 0.9644444444444444 0.1875 0.9644444444444444 0.1796875 0.98 0.1734375 0.98 0.171875 0.9844444444444445 0.16875 0.9844444444444445 0.1671875 0.9911111111111112 0.1625 0.9911111111111112 0.1625 0.9977777777777778 0.2765625 0.9977777777777778 0.278125 0.9933333333333333 0.2953125 0.9933333333333333 0.296875 0.9977777777777778 0.359375 0.9977777777777778 0.34375 0.9755555555555555 0.3375 0.9755555555555555 0.3328125 0.9644444444444444 0.3265625 0.9644444444444444 0.321875 0.9533333333333334 0.31875 0.9533333333333334 0.3140625 0.9466666666666667 0.3140625 0.9422222222222222 0.3109375 0.9422222222222222 0.30625 0.9355555555555556 0.30625 0.9311111111111111 0.3 0.9311111111111111 0.2984375 0.9266666666666666 0.2921875 0.9266666666666666 0.2875 0.92 0.2875 0.9155555555555556 0.28125 0.9155555555555556 0.2796875 0.9111111111111111 0.2734375 0.9111111111111111 0.271875 0.9044444444444445 0.2671875 0.9044444444444445 0.265625 0.9 0.2625 0.9 0.2625 0.9022222222222223 0.259375 0.9044444444444445 0.259375 0.9133333333333333
2 0.4765625 0.6133333333333333 0.475 0.6177777777777778 0.4609375 0.6177777777777778 0.459375 0.6244444444444445 0.446875 0.6244444444444445 0.4453125 0.6288888888888889 0.4390625 0.6288888888888889 0.4359375 0.6333333333333333 0.4359375 0.6377777777777778 0.4390625 0.6422222222222222 0.4453125 0.6422222222222222 0.446875 0.6488888888888888 0.45625 0.6488888888888888 0.4578125 0.6533333333333333 0.4640625 0.6533333333333333 0.46875 0.66 0.46875 0.6644444444444444 0.475 0.6644444444444444 0.4765625 0.6733333333333333 0.4828125 0.6733333333333333 0.484375 0.68 0.4921875 0.6866666666666666 0.4921875 0.6911111111111111 0.4984375 0.7 0.503125 0.7022222222222222 0.503125 0.7066666666666667 0.50625 0.7111111111111111 0.5265625 0.7111111111111111 0.528125 0.7066666666666667 0.5390625 0.7066666666666667 0.5390625 0.6977777777777778 0.5421875 0.6955555555555556 0.5421875 0.6866666666666666 0.546875 0.68 0.553125 0.68 0.5546875 0.6733333333333333 0.5640625 0.6733333333333333 0.565625 0.6688888888888889 0.571875 0.6688888888888889 0.5734375 0.6644444444444444 0.5765625 0.6644444444444444 0.5765625 0.6555555555555556 0.571875 0.6533333333333333 0.571875 0.6444444444444445 0.56875 0.6422222222222222 0.56875 0.6333333333333333 0.565625 0.6333333333333333 0.5609375 0.6244444444444445 0.5546875 0.6244444444444445 0.553125 0.6177777777777778 0.54375 0.6177777777777778 0.5390625 0.6111111111111112 0.5390625 0.6066666666666667 0.484375 0.6066666666666667 0.484375 0.6088888888888889 0.4828125 0.6133333333333333 0.4765625 0.6133333333333333
2 0.10625 0.7933333333333333 0.1046875 0.8 0.1015625 0.8 0.096875 0.8088888888888889 0.09375 0.8088888888888889 0.09375 0.8177777777777778 0.090625 0.82 0.090625 0.8666666666666667 0.0875 0.8688888888888889 0.0875 0.8977777777777778 0.09375 0.9044444444444445 0.09375 0.9133333333333333 0.0984375 0.9155555555555556 0.0984375 0.9244444444444444 0.1015625 0.9266666666666666 0.1015625 0.9355555555555556 0.1046875 0.9355555555555556 0.10625 0.94 0.1109375 0.94 0.1125 0.9466666666666667 0.1265625 0.9466666666666667 0.128125 0.9511111111111111 0.1609375 0.9511111111111111 0.1625 0.9466666666666667 0.1828125 0.9466666666666667 0.184375 0.94 0.1984375 0.94 0.2 0.9355555555555556 0.2046875 0.9355555555555556 0.20625 0.9288888888888889 0.209375 0.9288888888888889 0.209375 0.9155555555555556 0.20625 0.9155555555555556 0.2015625 0.9088888888888889 0.2015625 0.9044444444444445 0.1984375 0.9 0.1921875 0.9 0.190625 0.8955555555555555 0.1875 0.8955555555555555 0.1859375 0.8888888888888888 0.1828125 0.8866666666666667 0.1828125 0.8777777777777778 0.1796875 0.8755555555555555 0.1796875 0.8688888888888889 0.1828125 0.8666666666666667 0.1828125 0.8466666666666667 0.1859375 0.8444444444444444 0.1859375 0.8355555555555556 0.190625 0.8333333333333334 0.190625 0.8155555555555556 0.184375 0.8155555555555556 0.1828125 0.8088888888888889 0.1765625 0.8088888888888889 0.175 0.8044444444444444 0.1578125 0.8044444444444444 0.15625 0.8 0.14375 0.8 0.1421875 0.7933333333333333 0.125 0.7933333333333333 0.1234375 0.7888888888888889 0.1171875 0.7888888888888889 0.1171875 0.7911111111111111 0.115625 0.7933333333333333 0.10625 0.7933333333333333
2 0 0.94 0.0109375 0.94 0.0125 0.9355555555555556 0.0171875 0.9355555555555556 0.01875 0.9288888888888889 0.025 0.9288888888888889 0.0265625 0.9244444444444444 0.0328125 0.9244444444444444 0.0375 0.9133333333333333 0.04375 0.9133333333333333 0.0453125 0.9088888888888889 0.0484375 0.9088888888888889 0.0484375 0.9044444444444445 0.05625 0.8933333333333333 0.059375 0.8933333333333333 0.059375 0.8888888888888888 0.0625 0.8866666666666667 0.0625 0.8777777777777778 0.0671875 0.8755555555555555 0.0671875 0.8688888888888889 0.0734375 0.86 0.0734375 0.8511111111111112 0.078125 0.8488888888888889 0.078125 0.8422222222222222 0.08125 0.84 0.0828125 0.8333333333333334 0.0859375 0.8333333333333334 0.0859375 0.8266666666666667 0.0890625 0.8244444444444444 0.0890625 0.8088888888888889 0.09375 0.8022222222222222 0.096875 0.8022222222222222 0.096875 0.7933333333333333 0.1015625 0.7866666666666666 0.1046875 0.7866666666666666 0.1046875 0.7777777777777778 0.1109375 0.7711111111111111 0.1109375 0.7666666666666667 0.11875 0.76 0.11875 0.7466666666666667 0.1234375 0.7444444444444445 0.1234375 0.7244444444444444 0.11875 0.7222222222222222 0.11875 0.6711111111111111 0.115625 0.6666666666666666 0.10625 0.6666666666666666 0.10625 0.6688888888888889 0.0984375 0.6755555555555556 0.096875 0.6822222222222222 0.09375 0.6822222222222222 0.09375 0.6955555555555556 0.090625 0.6977777777777778 0.090625 0.7111111111111111 0.0875 0.7133333333333334 0.0859375 0.72 0.0828125 0.72 0.0828125 0.7266666666666667 0.08125 0.7288888888888889 0.075 0.7288888888888889 0.075 0.7333333333333333 0.06875 0.74 0.06875 0.7444444444444445 0.0609375 0.7511111111111111 0.0609375 0.7644444444444445 0.059375 0.7666666666666667 0.053125 0.7666666666666667 0.053125 0.78 0.05 0.7822222222222223 0.05 0.8066666666666666 0.0453125 0.8088888888888889 0.0453125 0.8177777777777778 0.0421875 0.82 0.0421875 0.8244444444444444 0.0375 0.8266666666666667 0.0359375 0.8311111111111111 0.0265625 0.8311111111111111 0.021875 0.8422222222222222 0.015625 0.8422222222222222 0.0140625 0.8466666666666667 0.0078125 0.8466666666666667 0.00625 0.8511111111111112 0 0.8511111111111112 0 0.94
2 0.1390625 0.9644444444444444 0.1375 0.9577777777777777 0.125 0.9577777777777777 0.1234375 0.9533333333333334 0.1125 0.9533333333333334 0.1109375 0.9488888888888889 0.10625 0.9488888888888889 0.1046875 0.9422222222222222 0.1015625 0.9422222222222222 0.1 0.9377777777777778 0.090625 0.9377777777777778 0.090625 0.94 0.0890625 0.9422222222222222 0.0796875 0.9422222222222222 0.0796875 0.9466666666666667 0.075 0.9488888888888889 0.0734375 0.9533333333333334 0.06875 0.9533333333333334 0.0671875 0.9577777777777777 0.0609375 0.9577777777777777 0.059375 0.9644444444444444 0.053125 0.9644444444444444 0.0515625 0.9688888888888889 0.0453125 0.9688888888888889 0.04375 0.9755555555555555 0.0375 0.9755555555555555 0.034375 0.98 0.03125 0.9755555555555555 0.0296875 0.98 0.0234375 0.98 0.021875 0.9844444444444445 0.01875 0.9844444444444445 0.0171875 0.9911111111111112 0.0125 0.9911111111111112 0.0109375 0.9955555555555555 0.0046875 0.9955555555555555 0.003125 0.9933333333333333 0.0046875 0.9977777777777778 0.1609375 0.9977777777777778 0.1609375 0.9911111111111112 0.1671875 0.9822222222222222 0.1671875 0.9644444444444444 0.1390625 0.9644444444444444
2 0.5359375 0.5377777777777778 0.5359375 0.5466666666666666 0.5328125 0.5488888888888889 0.5328125 0.5733333333333334 0.528125 0.5755555555555556 0.528125 0.6 0.5265625 0.6022222222222222 0.5171875 0.6022222222222222 0.515625 0.6066666666666667 0.484375 0.6066666666666667 0.4828125 0.6133333333333333 0.4734375 0.6133333333333333 0.471875 0.6177777777777778 0.4578125 0.6177777777777778 0.45625 0.6244444444444445 0.446875 0.6244444444444445 0.4453125 0.6288888888888889 0.4359375 0.6288888888888889 0.4359375 0.6377777777777778 0.4390625 0.6422222222222222 0.4484375 0.6422222222222222 0.45 0.6488888888888888 0.45625 0.6488888888888888 0.4578125 0.6533333333333333 0.4640625 0.6533333333333333 0.46875 0.66 0.46875 0.6644444444444444 0.475 0.6644444444444444 0.4796875 0.6733333333333333 0.4828125 0.6733333333333333 0.484375 0.68 0.4921875 0.6866666666666666 0.4921875 0.6911111111111111 0.4953125 0.6955555555555556 0.5015625 0.6955555555555556 0.509375 0.7111111111111111 0.53125 0.7111111111111111 0.5328125 0.7066666666666667 0.5390625 0.7066666666666667 0.5390625 0.6977777777777778 0.5421875 0.6955555555555556 0.5421875 0.6866666666666666 0.546875 0.68 0.5578125 0.68 0.559375 0.6733333333333333 0.56875 0.6733333333333333 0.5703125 0.6688888888888889 0.5828125 0.6688888888888889 0.584375 0.6644444444444444 0.5875 0.6644444444444444 0.5875 0.66 0.5921875 0.6533333333333333 0.5953125 0.6533333333333333 0.5953125 0.6444444444444445 0.5984375 0.6422222222222222 0.5984375 0.6177777777777778 0.5953125 0.6155555555555555 0.5953125 0.5911111111111111 0.590625 0.5888888888888889 0.590625 0.58 0.5875 0.5777777777777777 0.5875 0.5711111111111111 0.5828125 0.5688888888888889 0.5828125 0.56 0.5765625 0.5511111111111111 0.5765625 0.5444444444444444 0.571875 0.5422222222222223 0.571875 0.5377777777777778 0.56875 0.5333333333333333 0.559375 0.5333333333333333 0.5578125 0.5266666666666666 0.54375 0.5266666666666666 0.54375 0.5288888888888889 0.5390625 0.5377777777777778 0.5359375 0.5377777777777778
2 0.4390625 0.3 0.4375 0.30444444444444446 0.43125 0.30444444444444446 0.4296875 0.3088888888888889 0.4203125 0.3088888888888889 0.41875 0.31555555555555553 0.4125 0.31555555555555553 0.4078125 0.32666666666666666 0.4046875 0.32666666666666666 0.3984375 0.33555555555555555 0.396875 0.3422222222222222 0.390625 0.3422222222222222 0.3796875 0.35777777777777775 0.3796875 0.3977777777777778 0.3828125 0.4 0.3828125 0.42444444444444446 0.3859375 0.4266666666666667 0.3859375 0.45111111111111113 0.390625 0.4533333333333333 0.390625 0.4822222222222222 0.39375 0.48444444444444446 0.39375 0.5088888888888888 0.3984375 0.5111111111111111 0.3984375 0.5155555555555555 0.4015625 0.5177777777777778 0.4015625 0.5244444444444445 0.4046875 0.5266666666666666 0.4046875 0.5311111111111111 0.4078125 0.5311111111111111 0.409375 0.5355555555555556 0.415625 0.5355555555555556 0.4171875 0.5377777777777778 0.4171875 0.5422222222222223 0.4203125 0.5444444444444444 0.4203125 0.5511111111111111 0.4234375 0.5533333333333333 0.4234375 0.5622222222222222 0.428125 0.5644444444444444 0.428125 0.5733333333333334 0.4359375 0.58 0.4359375 0.5844444444444444 0.446875 0.6 0.459375 0.6 0.4609375 0.5955555555555555 0.471875 0.5955555555555555 0.4734375 0.5888888888888889 0.4828125 0.5888888888888889 0.484375 0.5844444444444444 0.490625 0.5844444444444444 0.4921875 0.5777777777777777 0.496875 0.5777777777777777 0.4984375 0.5733333333333334 0.5078125 0.5733333333333334 0.509375 0.5688888888888889 0.515625 0.5688888888888889 0.5171875 0.5622222222222222 0.5234375 0.5622222222222222 0.528125 0.5511111111111111 0.53125 0.5511111111111111 0.53125 0.5444444444444444 0.534375 0.5422222222222223 0.534375 0.5333333333333333 0.5390625 0.5311111111111111 0.5390625 0.5266666666666666 0.5421875 0.5244444444444445 0.54375 0.5155555555555555 0.55 0.5155555555555555 0.5515625 0.52 0.5578125 0.52 0.559375 0.5244444444444445 0.5796875 0.5244444444444445 0.58125 0.52 0.590625 0.52 0.5921875 0.5155555555555555 0.5953125 0.5155555555555555 0.5953125 0.5066666666666667 0.5984375 0.5044444444444445 0.5984375 0.5 0.603125 0.49333333333333335 0.609375 0.49333333333333335 0.6109375 0.4888888888888889 0.6171875 0.4888888888888889 0.6171875 0.48444444444444446 0.621875 0.4777777777777778 0.625 0.4777777777777778 0.625 0.4688888888888889 0.6296875 0.4622222222222222 0.6328125 0.4622222222222222 0.6328125 0.44222222222222224 0.6296875 0.44222222222222224 0.625 0.43555555555555553 0.625 0.4311111111111111 0.621875 0.4311111111111111 0.6140625 0.42 0.6140625 0.41555555555555557 0.596875 0.41555555555555557 0.5953125 0.4222222222222222 0.584375 0.4222222222222222 0.5828125 0.4266666666666667 0.5734375 0.4266666666666667 0.571875 0.4311111111111111 0.56875 0.4266666666666667 0.565625 0.4266666666666667 0.5640625 0.4311111111111111 0.559375 0.4311111111111111 0.5578125 0.43777777777777777 0.5515625 0.43777777777777777 0.55 0.44222222222222224 0.54375 0.44222222222222224 0.5421875 0.4488888888888889 0.5359375 0.4488888888888889 0.534375 0.4533333333333333 0.525 0.4533333333333333 0.525 0.4622222222222222 0.5234375 0.46444444444444444 0.5140625 0.46444444444444444 0.5125 0.4688888888888889 0.509375 0.4688888888888889 0.5078125 0.47555555555555556 0.4984375 0.47555555555555556 0.496875 0.4688888888888889 0.4984375 0.4666666666666667 0.5046875 0.4666666666666667 0.509375 0.45555555555555555 0.5125 0.45555555555555555 0.5140625 0.44666666666666666 0.5234375 0.44666666666666666 0.5234375 0.43777777777777777 0.525 0.43555555555555553 0.53125 0.43555555555555553 0.5328125 0.4288888888888889 0.5390625 0.4288888888888889 0.540625 0.42444444444444446 0.55 0.42444444444444446 0.5546875 0.41333333333333333 0.5609375 0.41333333333333333 0.5625 0.4088888888888889 0.56875 0.4088888888888889 0.56875 0.40444444444444444 0.5734375 0.3977777777777778 0.5796875 0.3977777777777778 0.58125 0.3933333333333333 0.590625 0.3933333333333333 0.590625 0.3844444444444444 0.5875 0.38222222222222224 0.5875 0.37333333333333335 0.58125 0.37333333333333335 0.5796875 0.3711111111111111 0.5796875 0.3622222222222222 0.5765625 0.35777777777777775 0.5734375 0.35777777777777775 0.56875 0.3466666666666667 0.565625 0.3466666666666667 0.5609375 0.34 0.5609375 0.33555555555555555 0.5546875 0.33555555555555555 0.553125 0.33111111111111113 0.546875 0.33111111111111113 0.5453125 0.32666666666666666 0.525 0.32666666666666666 0.5234375 0.32 0.515625 0.31333333333333335 0.515625 0.3088888888888889 0.5125 0.30444444444444446 0.50625 0.30444444444444446 0.5046875 0.3 0.4984375 0.3 0.496875 0.29333333333333333 0.465625 0.29333333333333333 0.465625 0.29555555555555557 0.4640625 0.3 0.4390625 0.3
2 0.565625 0.6822222222222222 0.5640625 0.6866666666666666 0.559375 0.6866666666666666 0.559375 0.6911111111111111 0.5546875 0.6933333333333334 0.553125 0.6977777777777778 0.546875 0.6977777777777778 0.546875 0.7066666666666667 0.5421875 0.7133333333333334 0.5359375 0.7133333333333334 0.534375 0.72 0.525 0.72 0.5234375 0.7244444444444444 0.5140625 0.7244444444444444 0.5140625 0.7533333333333333 0.509375 0.7555555555555555 0.509375 0.7644444444444445 0.503125 0.7733333333333333 0.503125 0.78 0.4984375 0.7822222222222223 0.4984375 0.7977777777777778 0.503125 0.8 0.503125 0.84 0.4984375 0.8422222222222222 0.4984375 0.8666666666666667 0.503125 0.8688888888888889 0.503125 0.8755555555555555 0.509375 0.8844444444444445 0.509375 0.8933333333333333 0.5140625 0.8955555555555555 0.5140625 0.92 0.509375 0.9222222222222223 0.509375 0.9288888888888889 0.5125 0.9288888888888889 0.5171875 0.94 0.521875 0.9422222222222222 0.521875 0.9466666666666667 0.525 0.9511111111111111 0.53125 0.9511111111111111 0.5328125 0.9533333333333334 0.5328125 0.9933333333333333 0.5359375 0.9977777777777778 0.60625 0.9977777777777778 0.6078125 0.9933333333333333 0.625 0.9933333333333333 0.6265625 0.9977777777777778 0.6921875 0.9977777777777778 0.6953125 0.9933333333333333 0.696875 0.9977777777777778 0.7265625 0.9977777777777778 0.7296875 0.9911111111111112 0.7265625 0.9888888888888889 0.7265625 0.9755555555555555 0.721875 0.9733333333333334 0.721875 0.9644444444444444 0.71875 0.9622222222222222 0.71875 0.9377777777777778 0.7140625 0.9355555555555556 0.7140625 0.9266666666666666 0.7109375 0.9244444444444444 0.7109375 0.9155555555555556 0.7078125 0.9111111111111111 0.7046875 0.9111111111111111 0.703125 0.9155555555555556 0.696875 0.9155555555555556 0.6953125 0.9111111111111111 0.678125 0.9111111111111111 0.6765625 0.9044444444444445 0.671875 0.9044444444444445 0.6703125 0.9 0.6640625 0.9 0.6625 0.8955555555555555 0.65625 0.8955555555555555 0.6546875 0.8888888888888888 0.6515625 0.8844444444444445 0.6484375 0.8844444444444445 0.64375 0.8733333333333333 0.640625 0.8733333333333333 0.6359375 0.8666666666666667 0.6359375 0.8622222222222222 0.6328125 0.8577777777777778 0.628125 0.8555555555555555 0.628125 0.8466666666666667 0.6203125 0.84 0.6203125 0.8311111111111111 0.6171875 0.8288888888888889 0.6171875 0.82 0.6140625 0.8177777777777778 0.6140625 0.8088888888888889 0.6109375 0.8088888888888889 0.60625 0.8022222222222222 0.60625 0.7888888888888889 0.6015625 0.7866666666666666 0.6015625 0.7777777777777778 0.5984375 0.7755555555555556 0.5984375 0.7555555555555555 0.5953125 0.7533333333333333 0.5953125 0.7355555555555555 0.5984375 0.7333333333333333 0.5984375 0.7133333333333334 0.5953125 0.7111111111111111 0.5953125 0.6977777777777778 0.590625 0.6955555555555556 0.590625 0.6822222222222222 0.5875 0.68 0.5875 0.6755555555555556 0.5734375 0.6755555555555556 0.5734375 0.6777777777777778 0.571875 0.6822222222222222 0.565625 0.6822222222222222
2 0.5734375 0.08 0.571875 0.08666666666666667 0.565625 0.08666666666666667 0.5640625 0.09111111111111111 0.559375 0.09111111111111111 0.5578125 0.09777777777777778 0.5515625 0.09777777777777778 0.55 0.10222222222222223 0.546875 0.10222222222222223 0.54375 0.10666666666666667 0.54375 0.1111111111111111 0.546875 0.11333333333333333 0.546875 0.12666666666666668 0.55 0.12666666666666668 0.5546875 0.13333333333333333 0.5546875 0.14222222222222222 0.559375 0.14444444444444443 0.559375 0.14888888888888888 0.565625 0.1511111111111111 0.565625 0.15777777777777777 0.5796875 0.15777777777777777 0.584375 0.1688888888888889 0.5890625 0.1711111111111111 0.5890625 0.2 0.5921875 0.20222222222222222 0.5921875 0.22666666666666666 0.5890625 0.2288888888888889 0.5890625 0.24444444444444444 0.584375 0.24666666666666667 0.584375 0.25333333333333335 0.578125 0.26222222222222225 0.578125 0.27111111111111114 0.5734375 0.2733333333333333 0.5734375 0.27555555555555555 0.5765625 0.27555555555555555 0.578125 0.28 0.5828125 0.28 0.584375 0.2866666666666667 0.5984375 0.2866666666666667 0.6 0.2911111111111111 0.6359375 0.2911111111111111 0.6390625 0.2866666666666667 0.640625 0.28888888888888886 0.640625 0.29777777777777775 0.646875 0.29777777777777775 0.6484375 0.3022222222222222 0.6578125 0.3022222222222222 0.659375 0.30666666666666664 0.665625 0.30666666666666664 0.6671875 0.31333333333333335 0.6703125 0.31333333333333335 0.671875 0.31777777777777777 0.68125 0.31777777777777777 0.6828125 0.3244444444444444 0.6953125 0.3244444444444444 0.696875 0.31777777777777777 0.703125 0.31777777777777777 0.7046875 0.31333333333333335 0.7078125 0.31333333333333335 0.709375 0.30666666666666664 0.7140625 0.30666666666666664 0.715625 0.3022222222222222 0.71875 0.3022222222222222 0.7234375 0.2911111111111111 0.7265625 0.2911111111111111 0.728125 0.2866666666666667 0.7328125 0.2866666666666667 0.7328125 0.2822222222222222 0.7375 0.28 0.7390625 0.27555555555555555 0.7453125 0.27555555555555555 0.746875 0.2777777777777778 0.746875 0.2911111111111111 0.7515625 0.2911111111111111 0.753125 0.29777777777777775 0.7859375 0.29777777777777775 0.7859375 0.29333333333333333 0.790625 0.2866666666666667 0.79375 0.2866666666666667 0.79375 0.2822222222222222 0.8015625 0.27111111111111114 0.8046875 0.27111111111111114 0.8046875 0.25555555555555554 0.8078125 0.25333333333333335 0.8078125 0.23555555555555555 0.8125 0.23333333333333334 0.8125 0.2288888888888889 0.815625 0.22666666666666666 0.815625 0.22 0.81875 0.21777777777777776 0.81875 0.21333333333333335 0.8234375 0.2111111111111111 0.825 0.20666666666666667 0.83125 0.20666666666666667 0.83125 0.20222222222222222 0.8390625 0.19111111111111112 0.8421875 0.19111111111111112 0.8421875 0.18666666666666668 0.846875 0.18 0.85 0.18 0.85 0.17555555555555555 0.853125 0.1711111111111111 0.8453125 0.16444444444444445 0.8453125 0.16 0.8390625 0.16 0.8375 0.15555555555555556 0.8328125 0.15555555555555556 0.83125 0.1511111111111111 0.825 0.1511111111111111 0.8234375 0.14888888888888888 0.8234375 0.14 0.81875 0.13777777777777778 0.81875 0.13333333333333333 0.815625 0.1288888888888889 0.809375 0.1288888888888889 0.8078125 0.12444444444444444 0.8015625 0.12444444444444444 0.8 0.11777777777777777 0.790625 0.11777777777777777 0.7890625 0.11333333333333333 0.7796875 0.11333333333333333 0.778125 0.10666666666666667 0.771875 0.10666666666666667 0.7703125 0.10222222222222223 0.7640625 0.10222222222222223 0.7625 0.09777777777777778 0.753125 0.09777777777777778 0.7515625 0.09111111111111111 0.73125 0.09111111111111111 0.7296875 0.08666666666666667 0.715625 0.08666666666666667 0.7140625 0.09111111111111111 0.709375 0.09111111111111111 0.709375 0.09555555555555556 0.7046875 0.09777777777777778 0.703125 0.10222222222222223 0.69375 0.10222222222222223 0.6890625 0.09555555555555556 0.6890625 0.09111111111111111 0.6859375 0.09111111111111111 0.684375 0.08666666666666667 0.678125 0.08666666666666667 0.6765625 0.08 0.671875 0.08 0.6703125 0.07555555555555556 0.6453125 0.07555555555555556 0.64375 0.08 0.6265625 0.08 0.625 0.07555555555555556 0.584375 0.07555555555555556 0.584375 0.07777777777777778 0.5828125 0.08 0.5734375 0.08
2 0.2515625 0 0.2515625 0.0022222222222222222 0.2546875 0.006666666666666667 0.2546875 0.015555555555555555 0.259375 0.017777777777777778 0.259375 0.035555555555555556 0.2625 0.03777777777777778 0.2625 0.042222222222222223 0.265625 0.042222222222222223 0.2703125 0.051111111111111114 0.2765625 0.051111111111111114 0.278125 0.057777777777777775 0.303125 0.057777777777777775 0.3046875 0.051111111111111114 0.309375 0.051111111111111114 0.3109375 0.04666666666666667 0.3171875 0.04666666666666667 0.31875 0.042222222222222223 0.325 0.042222222222222223 0.325 0.03777777777777778 0.3296875 0.03111111111111111 0.3328125 0.03111111111111111 0.3328125 0.02666666666666667 0.3359375 0.024444444444444446 0.3359375 0.017777777777777778 0.3328125 0.015555555555555555 0.3328125 0.011111111111111112 0.328125 0.008888888888888889 0.328125 0 0.2515625 0
1 0.184375 0.5377777777777778 0.1828125 0.5444444444444444 0.1765625 0.5444444444444444 0.175 0.5488888888888889 0.16875 0.5488888888888889 0.165625 0.5533333333333333 0.165625 0.5577777777777778 0.1609375 0.5644444444444444 0.1578125 0.5644444444444444 0.1578125 0.5688888888888889 0.153125 0.5755555555555556 0.15 0.5755555555555556 0.146875 0.58 0.146875 0.5844444444444444 0.1421875 0.5911111111111111 0.1390625 0.5911111111111111 0.1390625 0.6 0.1359375 0.6022222222222222 0.1359375 0.6111111111111112 0.13125 0.6133333333333333 0.13125 0.6377777777777778 0.134375 0.6377777777777778 0.1359375 0.6422222222222222 0.1421875 0.6422222222222222 0.14375 0.6444444444444445 0.14375 0.6577777777777778 0.146875 0.66 0.146875 0.6644444444444444 0.15 0.6688888888888889 0.1546875 0.6711111111111111 0.1546875 0.6844444444444444 0.1609375 0.6844444444444444 0.1625 0.68 0.1671875 0.68 0.16875 0.6733333333333333 0.1796875 0.6733333333333333 0.18125 0.68 0.190625 0.68 0.1921875 0.6844444444444444 0.228125 0.6844444444444444 0.2296875 0.68 0.2359375 0.68 0.2375 0.6733333333333333 0.2421875 0.6733333333333333 0.24375 0.6688888888888889 0.25 0.6688888888888889 0.2515625 0.6644444444444444 0.2609375 0.6644444444444444 0.2625 0.6577777777777778 0.2765625 0.6577777777777778 0.2765625 0.6511111111111111 0.2796875 0.6488888888888888 0.2796875 0.6177777777777778 0.2765625 0.6155555555555555 0.2765625 0.6022222222222222 0.271875 0.6 0.271875 0.5866666666666667 0.26875 0.5844444444444444 0.26875 0.5755555555555556 0.2609375 0.5688888888888889 0.2609375 0.5644444444444444 0.2578125 0.56 0.2515625 0.56 0.25 0.5533333333333333 0.24375 0.5533333333333333 0.2421875 0.5488888888888889 0.2375 0.5488888888888889 0.2359375 0.5444444444444444 0.2296875 0.5444444444444444 0.228125 0.5377777777777778 0.225 0.5377777777777778 0.2234375 0.5333333333333333 0.1953125 0.5333333333333333 0.1953125 0.5355555555555556 0.19375 0.5377777777777778 0.184375 0.5377777777777778
1 0.315625 0.14 0.3140625 0.14444444444444443 0.3078125 0.14444444444444443 0.3078125 0.14888888888888888 0.303125 0.15555555555555556 0.3 0.15555555555555556 0.2953125 0.16666666666666666 0.2921875 0.16666666666666666 0.2859375 0.17555555555555555 0.284375 0.18222222222222223 0.28125 0.18222222222222223 0.28125 0.20666666666666667 0.2765625 0.21333333333333335 0.2734375 0.21333333333333335 0.2734375 0.23777777777777778 0.2703125 0.24 0.2703125 0.25333333333333335 0.2734375 0.25555555555555554 0.2734375 0.2644444444444444 0.2796875 0.2644444444444444 0.28125 0.27111111111111114 0.284375 0.27111111111111114 0.2859375 0.27555555555555555 0.290625 0.27555555555555555 0.2921875 0.28 0.2953125 0.28 0.296875 0.2866666666666667 0.3171875 0.2866666666666667 0.31875 0.28 0.3359375 0.28 0.3375 0.27555555555555555 0.340625 0.27555555555555555 0.34375 0.27111111111111114 0.34375 0.26666666666666666 0.3484375 0.26 0.3546875 0.26 0.35625 0.25333333333333335 0.359375 0.25333333333333335 0.359375 0.21333333333333335 0.3546875 0.2111111111111111 0.3546875 0.18666666666666668 0.3515625 0.18444444444444444 0.3515625 0.1711111111111111 0.346875 0.1688888888888889 0.346875 0.16 0.34375 0.15777777777777777 0.34375 0.14444444444444443 0.340625 0.14 0.334375 0.14 0.3328125 0.13333333333333333 0.3234375 0.13333333333333333 0.3234375 0.13555555555555557 0.321875 0.14 0.315625 0.14
1 0 0.21777777777777776 0.0046875 0.22 0.0046875 0.24444444444444444 0.0078125 0.24666666666666667 0.0078125 0.25333333333333335 0.0125 0.25555555555555554 0.0125 0.26 0.01875 0.26666666666666666 0.01875 0.27111111111111114 0.025 0.27111111111111114 0.0265625 0.27555555555555555 0.0359375 0.27555555555555555 0.0375 0.28 0.0484375 0.28 0.0484375 0.2733333333333333 0.0515625 0.27111111111111114 0.0515625 0.26222222222222225 0.0546875 0.26 0.0546875 0.25555555555555554 0.059375 0.25333333333333335 0.0640625 0.24444444444444444 0.0671875 0.24444444444444444 0.0671875 0.24 0.0734375 0.23333333333333334 0.0734375 0.22444444444444445 0.06875 0.22444444444444445 0.0671875 0.22 0.05625 0.22 0.0515625 0.2088888888888889 0.0453125 0.2088888888888889 0.040625 0.19777777777777777 0.0375 0.19777777777777777 0.0328125 0.19111111111111112 0.0328125 0.17555555555555555 0.0359375 0.17333333333333334 0.0375 0.16444444444444445 0.04375 0.16444444444444445 0.0453125 0.15777777777777777 0.0515625 0.15777777777777777 0.053125 0.15333333333333332 0.0671875 0.15333333333333332 0.0671875 0.11777777777777777 0.0703125 0.11555555555555555 0.0703125 0.10666666666666667 0.08125 0.09555555555555556 0.0828125 0.08888888888888889 0.0859375 0.08888888888888889 0.0875 0.08444444444444445 0.0921875 0.08444444444444445 0.09375 0.07777777777777778 0.1109375 0.07777777777777778 0.1125 0.08444444444444445 0.1234375 0.08444444444444445 0.1234375 0.08 0.1265625 0.07777777777777778 0.1265625 0.07111111111111111 0.1234375 0.06888888888888889 0.1234375 0.06444444444444444 0.1203125 0.06444444444444444 0.115625 0.057777777777777775 0.115625 0.05333333333333334 0.1015625 0.05333333333333334 0.1 0.04888888888888889 0.06875 0.04888888888888889 0.06875 0.051111111111111114 0.0671875 0.05333333333333334 0.0609375 0.05333333333333334 0.059375 0.06 0.05 0.06 0.0484375 0.06444444444444444 0.0375 0.06444444444444444 0.0359375 0.07111111111111111 0.03125 0.07111111111111111 0.0296875 0.07555555555555556 0.0265625 0.07555555555555556 0.0234375 0.08 0.0234375 0.08888888888888889 0.01875 0.09111111111111111 0.01875 0.09555555555555556 0.015625 0.09777777777777778 0.015625 0.10444444444444445 0.0125 0.10666666666666667 0.0125 0.1111111111111111 0.0046875 0.11777777777777777 0.0046875 0.12666666666666668 0 0.1288888888888889 0 0.21777777777777776
1 0 0.44 0.003125 0.44 0.0078125 0.45111111111111113 0.0109375 0.45111111111111113 0.015625 0.4577777777777778 0.015625 0.4622222222222222 0.01875 0.46444444444444444 0.01875 0.47333333333333333 0.021875 0.47333333333333333 0.0265625 0.48 0.0265625 0.4888888888888889 0.0328125 0.4888888888888889 0.034375 0.49333333333333335 0.040625 0.49333333333333335 0.0421875 0.49777777777777776 0.0484375 0.49777777777777776 0.05 0.5044444444444445 0.0625 0.5044444444444445 0.0625 0.5 0.0671875 0.49777777777777776 0.0734375 0.4888888888888889 0.075 0.4822222222222222 0.08125 0.4822222222222222 0.0828125 0.4777777777777778 0.0859375 0.4777777777777778 0.0859375 0.4688888888888889 0.0890625 0.4666666666666667 0.0890625 0.4533333333333333 0.0921875 0.45111111111111113 0.0921875 0.4266666666666667 0.0890625 0.42444444444444446 0.0890625 0.4111111111111111 0.08125 0.4 0.071875 0.4 0.0703125 0.39555555555555555 0.0609375 0.39555555555555555 0.059375 0.3888888888888889 0.05 0.3888888888888889 0.0484375 0.3844444444444444 0.03125 0.3844444444444444 0.0296875 0.37777777777777777 0 0.37777777777777777 0 0.38 0 0.44
1 0.8390625 0.25555555555555554 0.8375 0.26222222222222225 0.8328125 0.26222222222222225 0.83125 0.26666666666666666 0.825 0.26666666666666666 0.8234375 0.2733333333333333 0.8171875 0.2733333333333333 0.8125 0.2822222222222222 0.809375 0.2822222222222222 0.809375 0.2866666666666667 0.8046875 0.29333333333333333 0.8015625 0.29333333333333333 0.8015625 0.29777777777777775 0.79375 0.3088888888888889 0.790625 0.3088888888888889 0.790625 0.31777777777777777 0.7875 0.32 0.7875 0.3288888888888889 0.790625 0.33111111111111113 0.790625 0.35555555555555557 0.7875 0.35777777777777775 0.7875 0.37555555555555553 0.8046875 0.37555555555555553 0.80625 0.3711111111111111 0.81875 0.3711111111111111 0.8203125 0.37555555555555553 0.825 0.37777777777777777 0.825 0.38222222222222224 0.828125 0.38666666666666666 0.8328125 0.3888888888888889 0.8328125 0.3933333333333333 0.8359375 0.3977777777777778 0.853125 0.3977777777777778 0.8546875 0.4022222222222222 0.8640625 0.4022222222222222 0.865625 0.4088888888888889 0.86875 0.4088888888888889 0.8703125 0.41333333333333333 0.875 0.41333333333333333 0.8765625 0.42 0.8796875 0.42 0.88125 0.42444444444444446 0.8875 0.42444444444444446 0.8953125 0.44 0.9 0.44222222222222224 0.9 0.45111111111111113 0.903125 0.45555555555555555 0.909375 0.45555555555555555 0.9109375 0.45111111111111113 0.9171875 0.45111111111111113 0.921875 0.44 0.925 0.44 0.925 0.4266666666666667 0.928125 0.42444444444444446 0.928125 0.4111111111111111 0.93125 0.4088888888888889 0.93125 0.3 0.928125 0.29777777777777775 0.928125 0.28888888888888886 0.925 0.2866666666666667 0.925 0.2822222222222222 0.921875 0.2822222222222222 0.9171875 0.2733333333333333 0.9140625 0.2733333333333333 0.909375 0.26222222222222225 0.903125 0.26222222222222225 0.9015625 0.25555555555555554 0.8953125 0.25555555555555554 0.89375 0.2511111111111111 0.846875 0.2511111111111111 0.846875 0.25333333333333335 0.8453125 0.25555555555555554 0.8390625 0.25555555555555554
1 0.18125 0.16444444444444445 0.184375 0.16666666666666666 0.184375 0.19111111111111112 0.18125 0.19333333333333333 0.18125 0.2111111111111111 0.184375 0.21333333333333335 0.184375 0.21777777777777776 0.1875 0.2222222222222222 0.1921875 0.22444444444444445 0.1921875 0.23777777777777778 0.1953125 0.24 0.1953125 0.24444444444444444 0.1984375 0.24444444444444444 0.20625 0.25555555555555554 0.20625 0.26 0.2125 0.26 0.2140625 0.2644444444444444 0.2171875 0.2644444444444444 0.221875 0.27555555555555555 0.228125 0.27555555555555555 0.2328125 0.2822222222222222 0.2328125 0.2866666666666667 0.2359375 0.2866666666666667 0.2375 0.2911111111111111 0.25 0.2911111111111111 0.253125 0.2866666666666667 0.253125 0.2777777777777778 0.2578125 0.27555555555555555 0.2578125 0.25555555555555554 0.2609375 0.25333333333333335 0.2609375 0.23555555555555555 0.2578125 0.23333333333333334 0.2578125 0.22 0.253125 0.21777777777777776 0.253125 0.2088888888888889 0.25 0.20666666666666667 0.25 0.20222222222222222 0.2421875 0.19555555555555557 0.2421875 0.18666666666666668 0.2359375 0.18 0.2359375 0.17555555555555555 0.2296875 0.17555555555555555 0.228125 0.1711111111111111 0.225 0.1711111111111111 0.2203125 0.16444444444444445 0.2203125 0.16 0.2171875 0.15555555555555556 0.2109375 0.15555555555555556 0.209375 0.1511111111111111 0.184375 0.1511111111111111 0.184375 0.15333333333333332 0.18125 0.15555555555555556 0.18125 0.16444444444444445
1 0.4125 0.04888888888888889 0.4078125 0.06 0.4046875 0.06 0.403125 0.06444444444444444 0.3984375 0.06444444444444444 0.396875 0.07111111111111111 0.39375 0.07111111111111111 0.39375 0.07777777777777778 0.390625 0.08 0.390625 0.09555555555555556 0.3859375 0.09777777777777778 0.3859375 0.12666666666666668 0.390625 0.1288888888888889 0.390625 0.15777777777777777 0.39375 0.16 0.39375 0.1688888888888889 0.3984375 0.1711111111111111 0.3984375 0.18 0.4046875 0.18666666666666668 0.4046875 0.19111111111111112 0.4078125 0.19111111111111112 0.4125 0.2 0.4171875 0.20222222222222222 0.4171875 0.2111111111111111 0.4203125 0.21333333333333335 0.4203125 0.21777777777777776 0.428125 0.22444444444444445 0.428125 0.23333333333333334 0.4359375 0.24 0.4359375 0.24444444444444444 0.4421875 0.25333333333333335 0.4484375 0.25333333333333335 0.45 0.26 0.453125 0.26 0.4546875 0.2644444444444444 0.459375 0.2644444444444444 0.4609375 0.27111111111111114 0.4671875 0.27111111111111114 0.46875 0.27555555555555555 0.5125 0.27555555555555555 0.5140625 0.27111111111111114 0.5265625 0.27111111111111114 0.5265625 0.26666666666666666 0.53125 0.2644444444444444 0.5328125 0.26 0.553125 0.26 0.5546875 0.25333333333333335 0.5609375 0.25333333333333335 0.5640625 0.24888888888888888 0.5640625 0.2288888888888889 0.56875 0.22666666666666666 0.56875 0.20222222222222222 0.5640625 0.2 0.5640625 0.18222222222222223 0.5609375 0.18 0.5609375 0.1711111111111111 0.553125 0.16444444444444445 0.553125 0.15555555555555556 0.55 0.1511111111111111 0.5453125 0.14888888888888888 0.5453125 0.14 0.5390625 0.13111111111111112 0.5390625 0.12444444444444444 0.534375 0.12222222222222222 0.534375 0.11777777777777777 0.528125 0.11777777777777777 0.5234375 0.1111111111111111 0.5234375 0.10666666666666667 0.5171875 0.10666666666666667 0.5125 0.09777777777777778 0.50625 0.09777777777777778 0.5015625 0.08666666666666667 0.4953125 0.08666666666666667 0.49375 0.08 0.490625 0.07555555555555556 0.4875 0.07555555555555556 0.4859375 0.07111111111111111 0.4796875 0.07111111111111111 0.478125 0.06444444444444444 0.471875 0.057777777777777775 0.471875 0.05333333333333334 0.46875 0.05333333333333334 0.4671875 0.04888888888888889 0.446875 0.04888888888888889 0.4453125 0.044444444444444446 0.428125 0.044444444444444446 0.428125 0.04666666666666667 0.4265625 0.04888888888888889 0.4125 0.04888888888888889
1 0.1921875 0.5333333333333333 0.190625 0.5377777777777778 0.184375 0.5377777777777778 0.1828125 0.5444444444444444 0.1765625 0.5444444444444444 0.175 0.5488888888888889 0.16875 0.5488888888888889 0.1671875 0.5533333333333333 0.1625 0.5533333333333333 0.1625 0.5577777777777778 0.1546875 0.5644444444444444 0.153125 0.5711111111111111 0.15 0.5711111111111111 0.14375 0.58 0.14375 0.5888888888888889 0.1390625 0.5911111111111111 0.1390625 0.6 0.134375 0.6066666666666667 0.13125 0.6066666666666667 0.13125 0.6222222222222222 0.128125 0.6244444444444445 0.128125 0.6488888888888888 0.13125 0.6511111111111111 0.13125 0.6577777777777778 0.1359375 0.66 0.1359375 0.7 0.1390625 0.7022222222222222 0.1390625 0.7066666666666667 0.1453125 0.7066666666666667 0.146875 0.7111111111111111 0.15625 0.7111111111111111 0.1578125 0.7066666666666667 0.1640625 0.7066666666666667 0.16875 0.7133333333333334 0.16875 0.7177777777777777 0.1734375 0.72 0.1734375 0.7333333333333333 0.18125 0.74 0.18125 0.7488888888888889 0.184375 0.7511111111111111 0.184375 0.76 0.1984375 0.76 0.1984375 0.7555555555555555 0.203125 0.7488888888888889 0.209375 0.7488888888888889 0.2125 0.7444444444444445 0.2140625 0.7377777777777778 0.2234375 0.7377777777777778 0.225 0.7333333333333333 0.2390625 0.7333333333333333 0.240625 0.7266666666666667 0.246875 0.7266666666666667 0.2484375 0.7222222222222222 0.2765625 0.7222222222222222 0.28125 0.7111111111111111 0.284375 0.7111111111111111 0.2875 0.7066666666666667 0.2875 0.6933333333333334 0.284375 0.6911111111111111 0.284375 0.6755555555555556 0.2796875 0.6733333333333333 0.2796875 0.6133333333333333 0.2765625 0.6111111111111112 0.2765625 0.5977777777777777 0.271875 0.5955555555555555 0.271875 0.5866666666666667 0.26875 0.5844444444444444 0.26875 0.5755555555555556 0.2609375 0.5688888888888889 0.2609375 0.5644444444444444 0.2578125 0.56 0.2515625 0.56 0.246875 0.5488888888888889 0.240625 0.5488888888888889 0.2390625 0.5444444444444444 0.2296875 0.5444444444444444 0.228125 0.5377777777777778 0.225 0.5377777777777778 0.2234375 0.5333333333333333 0.2171875 0.5311111111111111 0.2171875 0.5266666666666666 0.2 0.5266666666666666 0.2 0.5288888888888889 0.1984375 0.5333333333333333 0.1921875 0.5333333333333333