3 0.478125 0.317351598173516 0.471875 0.3310502283105023 0.471875 0.3378995433789954 0.46875 0.3424657534246575 0.465625 0.363013698630137 0.4625 0.3698630136986301 0.4625 0.3767123287671233 0.4578125 0.3926940639269406 0.4296875 0.4292237442922374 0.4234375 0.4223744292237443 0.4234375 0.4155251141552511 0.4203125 0.410958904109589 0.4203125 0.4041095890410959 0.4171875 0.3972602739726027 0.415625 0.3812785388127854 0.409375 0.363013698630137 0.409375 0.3561643835616438 0.40625 0.3515981735159817 0.4046875 0.3424657534246575 0.40625 0.3401826484018265 0.40625 0.319634703196347 0.3984375 0.3150684931506849 0.3953125 0.3082191780821918 0.39375 0.2945205479452055 0.4 0.2671232876712329 0.39375 0.2648401826484018 0.390625 0.2694063926940639 0.384375 0.2899543378995434 0.3859375 0.3264840182648402 0.3828125 0.3333333333333333 0.3765625 0.3310502283105023 0.3671875 0.319634703196347 0.3625 0.317351598173516 0.3640625 0.3561643835616438 0.3703125 0.3812785388127854 0.3703125 0.408675799086758 0.365625 0.4246575342465753 0.36875 0.4840182648401826 0.3640625 0.4954337899543379 0.3640625 0.5 0.3734375 0.5182648401826484 0.378125 0.5342465753424658 0.378125 0.5662100456621004 0.3765625 0.5684931506849316 0.3734375 0.5662100456621004 0.371875 0.5593607305936074 0.365625 0.5502283105022832 0.365625 0.545662100456621 0.35625 0.5251141552511416 0.3515625 0.5091324200913242 0.34375 0.4954337899543379 0.3421875 0.4885844748858447 0.3390625 0.4863013698630137 0.3359375 0.4748858447488584 0.3328125 0.4726027397260274 0.30625 0.4200913242009132 0.2875 0.3926940639269406 0.2796875 0.3904109589041096 0.2796875 0.3972602739726027 0.29375 0.4223744292237443 0.3 0.4292237442922374 0.303125 0.4383561643835616 0.3265625 0.4794520547945205 0.353125 0.541095890410959 0.3546875 0.5502283105022832 0.3578125 0.5547945205479452 0.3578125 0.5593607305936074 0.3609375 0.5639269406392694 0.3609375 0.5684931506849316 0.3703125 0.593607305936073 0.3703125 0.6004566210045662 0.384375 0.636986301369863 0.384375 0.6415525114155252 0.39375 0.6689497716894978 0.39375 0.678082191780822 0.396875 0.682648401826484 0.3984375 0.6940639269406392 0.4015625 0.6986301369863014 0.403125 0.7214611872146118 0.4046875 0.723744292237443 0.4046875 0.7625570776255708 0.4078125 0.769406392694064 0.4109375 0.773972602739726 0.43125 0.7785388127853882 0.434375 0.7831050228310502 0.4359375 0.7990867579908676 0.4375 0.7990867579908676 0.4375 0.7899543378995434 0.4390625 0.7876712328767124 0.44375 0.7876712328767124 0.4546875 0.8013698630136986 0.4546875 0.8059360730593608 0.459375 0.817351598173516 0.46875 0.821917808219178 0.4734375 0.8287671232876712 0.4828125 0.8333333333333334 0.4890625 0.8333333333333334 0.503125 0.8424657534246576 0.521875 0.8447488584474886 0.5234375 0.8470319634703196 0.565625 0.8470319634703196 0.5671875 0.8447488584474886 0.5640625 0.8401826484018264 0.515625 0.8378995433789954 0.5140625 0.8356164383561644 0.5078125 0.8356164383561644 0.503125 0.8310502283105022 0.4984375 0.8310502283105022 0.4953125 0.8264840182648402 0.4875 0.8242009132420092 0.4828125 0.819634703196347 0.478125 0.8127853881278538 0.4765625 0.8036529680365296 0.471875 0.8059360730593608 0.459375 0.7945205479452054 0.45 0.776255707762557 0.4484375 0.7557077625570776 0.45 0.7488584474885844 0.4578125 0.7374429223744292 0.4625 0.7351598173515982 0.45625 0.7374429223744292 0.4546875 0.730593607305936 0.465625 0.7009132420091324 0.4625 0.7009132420091324 0.459375 0.7054794520547946 0.453125 0.7031963470319634 0.4546875 0.6278538812785388 0.453125 0.6255707762557078 0.453125 0.4885844748858447 0.4578125 0.4611872146118721 0.4578125 0.4474885844748858 0.4609375 0.4406392694063927 0.4609375 0.4292237442922374 0.4640625 0.4223744292237443 0.4640625 0.4132420091324201 0.4703125 0.3904109589041096 0.4703125 0.3789954337899543 0.478125 0.3538812785388128 0.478125 0.3470319634703196 0.48125 0.3424657534246575 0.48125 0.3356164383561644 0.484375 0.3310502283105023 0.490625 0.3082191780821918 0.490625 0.2922374429223744 0.4828125 0.2945205479452055 0.4828125 0.2968036529680365 0.478125 0.3105022831050228 0.478125 0.317351598173516
3 0.8625 0.319634703196347 0.8578125 0.319634703196347 0.85 0.3264840182648402 0.8421875 0.3401826484018265 0.8390625 0.3401826484018265 0.8375 0.3470319634703196 0.8265625 0.3607305936073059 0.821875 0.363013698630137 0.80625 0.3538812785388128 0.809375 0.3721461187214612 0.8125 0.3789954337899543 0.8140625 0.4223744292237443 0.8171875 0.4360730593607306 0.8171875 0.4520547945205479 0.8203125 0.4589041095890411 0.8203125 0.4680365296803653 0.8171875 0.4726027397260274 0.8125 0.4908675799086758 0.8015625 0.5068493150684932 0.7921875 0.5136986301369864 0.7828125 0.5136986301369864 0.7765625 0.5091324200913242 0.765625 0.4908675799086758 0.7671875 0.4611872146118721 0.7703125 0.4520547945205479 0.771875 0.4337899543378995 0.778125 0.410958904109589 0.778125 0.3926940639269406 0.7828125 0.3789954337899543 0.7828125 0.3721461187214612 0.7796875 0.3698630136986301 0.7734375 0.3744292237442922 0.765625 0.3926940639269406 0.753125 0.4474885844748858 0.753125 0.4611872146118721 0.75 0.4703196347031963 0.7484375 0.4977168949771689 0.7453125 0.5091324200913242 0.7453125 0.5251141552511416 0.7421875 0.5342465753424658 0.7421875 0.5502283105022832 0.7390625 0.5570776255707762 0.7390625 0.5662100456621004 0.7359375 0.5753424657534246 0.7359375 0.5958904109589042 0.7328125 0.6027397260273972 0.7328125 0.6187214611872146 0.7296875 0.6278538812785388 0.728125 0.6757990867579908 0.725 0.678082191780822 0.7296875 0.6917808219178082 0.7484375 0.7191780821917808 0.7484375 0.7465753424657534 0.7421875 0.7534246575342466 0.7390625 0.7534246575342466 0.7375 0.7465753424657534 0.734375 0.7465753424657534 0.7296875 0.7625570776255708 0.7265625 0.7671232876712328 0.6953125 0.7853881278538812 0.6890625 0.7853881278538812 0.6828125 0.7899543378995434 0.6375 0.7899543378995434 0.6453125 0.7945205479452054 0.684375 0.7945205479452054 0.6859375 0.7922374429223744 0.6953125 0.7922374429223744 0.7015625 0.7876712328767124 0.709375 0.7876712328767124 0.7171875 0.7831050228310502 0.7484375 0.7602739726027398 0.75 0.7625570776255708 0.75 0.7808219178082192 0.7484375 0.7876712328767124 0.74375 0.7945205479452054 0.721875 0.7968036529680366 0.715625 0.8013698630136986 0.7109375 0.8013698630136986 0.7078125 0.8059360730593608 0.703125 0.8059360730593608 0.7 0.8105022831050228 0.6921875 0.8105022831050228 0.6875 0.815068493150685 0.665625 0.821917808219178 0.65625 0.821917808219178 0.68125 0.8242009132420092 0.684375 0.8287671232876712 0.6875 0.8287671232876712 0.6921875 0.821917808219178 0.7 0.821917808219178 0.7015625 0.8242009132420092 0.6984375 0.8287671232876712 0.6984375 0.8333333333333334 0.7015625 0.8378995433789954 0.696875 0.8447488584474886 0.684375 0.8493150684931506 0.68125 0.8538812785388128 0.684375 0.8561643835616438 0.7 0.8561643835616438 0.7046875 0.860730593607306 0.7 0.8698630136986302 0.6921875 0.8744292237442922 0.6875 0.8835616438356164 0.70625 0.8812785388127854 0.709375 0.8767123287671232 0.7140625 0.8767123287671232 0.7296875 0.867579908675799 0.7484375 0.8493150684931506 0.7515625 0.8515981735159818 0.75625 0.8584474885844748 0.75625 0.8767123287671232 0.753125 0.8881278538812786 0.7421875 0.9041095890410958 0.746875 0.910958904109589 0.7640625 0.8858447488584474 0.778125 0.8401826484018264 0.8015625 0.8105022831050228 0.80625 0.7990867579908676 0.8078125 0.773972602739726 0.815625 0.7397260273972602 0.815625 0.726027397260274 0.81875 0.7146118721461188 0.821875 0.6529680365296804 0.81875 0.6438356164383562 0.8328125 0.6187214611872146 0.8546875 0.58675799086758 0.871875 0.5662100456621004 0.8765625 0.5570776255707762 0.9 0.5319634703196348 0.9015625 0.5273972602739726 0.90625 0.5251141552511416 0.9171875 0.5045662100456622 0.9203125 0.502283105022831 0.921875 0.4954337899543379 0.9203125 0.4931506849315068 0.9046875 0.5045662100456622 0.8921875 0.5228310502283106 0.8859375 0.5251141552511416 0.8828125 0.5228310502283106 0.8703125 0.5228310502283106 0.8609375 0.5182648401826484 0.8453125 0.5228310502283106 0.8421875 0.5159817351598174 0.8453125 0.5068493150684932 0.8484375 0.4771689497716895 0.8515625 0.4703196347031963 0.853125 0.4497716894977169 0.8625 0.4360730593607306 0.8796875 0.4223744292237443 0.88125 0.4178082191780822 0.890625 0.410958904109589 0.8953125 0.410958904109589 0.8984375 0.4063926940639269 0.903125 0.4063926940639269 0.9078125 0.4018264840182648 0.9140625 0.4018264840182648 0.9203125 0.3972602739726027 0.9359375 0.3972602739726027 0.940625 0.3926940639269406 0.940625 0.3835616438356164 0.9375 0.3698630136986301 0.9265625 0.365296803652968 0.9171875 0.3561643835616438 0.9109375 0.3584474885844749 0.909375 0.3561643835616438 0.8984375 0.3561643835616438 0.896875 0.3584474885844749 0.890625 0.3584474885844749 0.884375 0.365296803652968 0.878125 0.365296803652968 0.871875 0.3538812785388128 0.8765625 0.3401826484018265 0.8828125 0.3310502283105023 0.8828125 0.3264840182648402 0.8765625 0.319634703196347 0.875 0.319634703196347 0.8671875 0.3150684931506849 0.8625 0.319634703196347
3 0.2734375 0.9680365296803652 0.2703125 0.954337899543379 0.265625 0.9497716894977168 0.265625 0.952054794520548 0.26875 0.9634703196347032 0.2734375 0.9680365296803652
3 0.8640625 0.317351598173516 0.846875 0.3310502283105023 0.8265625 0.3607305936073059 0.8203125 0.363013698630137 0.80625 0.3538812785388128 0.809375 0.3721461187214612 0.8125 0.3789954337899543 0.8140625 0.4223744292237443 0.8171875 0.4337899543378995 0.8171875 0.4520547945205479 0.8203125 0.4589041095890411 0.8203125 0.4680365296803653 0.8171875 0.4726027397260274 0.8171875 0.4794520547945205 0.8125 0.4908675799086758 0.8015625 0.5068493150684932 0.7921875 0.5136986301369864 0.7828125 0.5136986301369864 0.7765625 0.5091324200913242 0.765625 0.4908675799086758 0.7671875 0.4634703196347032 0.7703125 0.4520547945205479 0.771875 0.4337899543378995 0.775 0.4292237442922374 0.775 0.4200913242009132 0.778125 0.408675799086758 0.778125 0.3949771689497717 0.7828125 0.3812785388127854 0.7828125 0.3698630136986301 0.7734375 0.3744292237442922 0.765625 0.3926940639269406 0.765625 0.3995433789954338 0.7625 0.4041095890410959 0.759375 0.4246575342465753 0.75625 0.4315068493150685 0.753125 0.4611872146118721 0.75 0.4703196347031963 0.7484375 0.4977168949771689 0.7453125 0.5091324200913242 0.7453125 0.5251141552511416 0.7421875 0.5365296803652968 0.7421875 0.5502283105022832 0.7390625 0.5570776255707762 0.7390625 0.5662100456621004 0.7359375 0.5753424657534246 0.7359375 0.593607305936073 0.7328125 0.6027397260273972 0.7328125 0.6187214611872146 0.7296875 0.6278538812785388 0.728125 0.6735159817351598 0.725 0.678082191780822 0.728125 0.6894977168949772 0.7484375 0.7191780821917808 0.7484375 0.7442922374429224 0.74375 0.7511415525114156 0.740625 0.7511415525114156 0.7375 0.7442922374429224 0.734375 0.7465753424657534 0.7265625 0.7648401826484018 0.71875 0.771689497716895 0.703125 0.7808219178082192 0.6984375 0.7808219178082192 0.69375 0.7853881278538812 0.6796875 0.7876712328767124 0.678125 0.7899543378995434 0.6375 0.7899543378995434 0.64375 0.7945205479452054 0.6609375 0.7945205479452054 0.6625 0.7968036529680366 0.696875 0.7922374429223744 0.7046875 0.7876712328767124 0.7109375 0.7876712328767124 0.7359375 0.769406392694064 0.7390625 0.769406392694064 0.7453125 0.7625570776255708 0.7484375 0.7625570776255708 0.75 0.7648401826484018 0.75 0.7785388127853882 0.7484375 0.7876712328767124 0.7421875 0.7945205479452054 0.71875 0.7968036529680366 0.6984375 0.8105022831050228 0.690625 0.8105022831050228 0.6796875 0.817351598173516 0.6546875 0.821917808219178 0.678125 0.8242009132420092 0.6859375 0.8310502283105022 0.69375 0.8242009132420092 0.696875 0.8287671232876712 0.6984375 0.8378995433789954 0.696875 0.8424657534246576 0.684375 0.8493150684931506 0.68125 0.8538812785388128 0.6828125 0.8561643835616438 0.7015625 0.8561643835616438 0.7046875 0.863013698630137 0.7 0.8698630136986302 0.6921875 0.8744292237442922 0.6875 0.8835616438356164 0.70625 0.8812785388127854 0.709375 0.8767123287671232 0.7140625 0.8767123287671232 0.7296875 0.867579908675799 0.7453125 0.8515981735159818 0.7515625 0.8515981735159818 0.75625 0.860730593607306 0.75625 0.8767123287671232 0.753125 0.8881278538812786 0.7421875 0.9041095890410958 0.7453125 0.908675799086758 0.7484375 0.908675799086758 0.7578125 0.8972602739726028 0.765625 0.8812785388127854 0.771875 0.8561643835616438 0.778125 0.8401826484018264 0.8015625 0.8105022831050228 0.80625 0.7990867579908676 0.8078125 0.773972602739726 0.8109375 0.7557077625570776 0.815625 0.7442922374429224 0.8171875 0.7214611872146118 0.81875 0.7191780821917808 0.8203125 0.684931506849315 0.821875 0.682648401826484 0.821875 0.6506849315068494 0.8203125 0.6415525114155252 0.821875 0.636986301369863 0.8765625 0.5570776255707762 0.884375 0.5502283105022832 0.896875 0.5319634703196348 0.90625 0.5251141552511416 0.921875 0.4977168949771689 0.921875 0.4954337899543379 0.9171875 0.4954337899543379 0.9078125 0.5045662100456622 0.9046875 0.5045662100456622 0.8921875 0.5228310502283106 0.8859375 0.5251141552511416 0.8703125 0.5228310502283106 0.8609375 0.5182648401826484 0.8453125 0.5228310502283106 0.8421875 0.5159817351598174 0.8453125 0.5068493150684932 0.8453125 0.4931506849315068 0.8484375 0.4863013698630137 0.8484375 0.4771689497716895 0.8515625 0.4703196347031963 0.853125 0.4497716894977169 0.8578125 0.4406392694063927 0.8796875 0.4223744292237443 0.8859375 0.4132420091324201 0.91875 0.3972602739726027 0.934375 0.3972602739726027 0.940625 0.3904109589041096 0.9375 0.3721461187214612 0.9203125 0.3584474885844749 0.903125 0.3561643835616438 0.9015625 0.3584474885844749 0.8921875 0.3584474885844749 0.8859375 0.365296803652968 0.878125 0.365296803652968 0.871875 0.3538812785388128 0.8828125 0.3264840182648402 0.88125 0.3264840182648402 0.8765625 0.319634703196347 0.8640625 0.317351598173516
3 0.471875 0.863013698630137 0.475 0.860730593607306 0.4765625 0.8538812785388128 0.478125 0.8287671232876712 0.471875 0.8264840182648402 0.4703125 0.8310502283105022 0.4671875 0.8310502283105022 0.4578125 0.815068493150685 0.4578125 0.817351598173516 0.459375 0.8493150684931506 0.471875 0.863013698630137
3 0.4171875 0.8310502283105022 0.41875 0.8424657534246576 0.434375 0.8584474885844748 0.4421875 0.8744292237442922 0.4578125 0.8949771689497716 0.4625 0.906392694063927 0.4796875 0.9246575342465754 0.4921875 0.9452054794520548 0.4953125 0.95662100456621 0.5234375 0.9611872146118722 0.534375 0.95662100456621 0.54375 0.95662100456621 0.5515625 0.9497716894977168 0.5515625 0.9452054794520548 0.5359375 0.9452054794520548 0.53125 0.9497716894977168 0.5125 0.952054794520548 0.5 0.9452054794520548 0.496875 0.9406392694063926 0.49375 0.9315068493150684 0.49375 0.9246575342465754 0.4984375 0.9178082191780822 0.5109375 0.9178082191780822 0.515625 0.9223744292237442 0.525 0.9223744292237442 0.528125 0.9269406392694064 0.53125 0.9269406392694064 0.534375 0.9223744292237442 0.5328125 0.9041095890410958 0.534375 0.8995433789954338 0.53125 0.8949771689497716 0.5234375 0.8949771689497716 0.5203125 0.8904109589041096 0.5125 0.8904109589041096 0.5078125 0.8858447488584474 0.4984375 0.8835616438356164 0.490625 0.8744292237442922 0.478125 0.8698630136986302 0.4703125 0.8561643835616438 0.4625 0.8561643835616438 0.4609375 0.8538812785388128 0.4671875 0.8447488584474886 0.4546875 0.8447488584474886 0.45 0.8356164383561644 0.4390625 0.8264840182648402 0.4359375 0.8310502283105022 0.4296875 0.8310502283105022 0.4265625 0.8264840182648402 0.425 0.8264840182648402 0.4203125 0.8264840182648402 0.4171875 0.8310502283105022
3 0.4375 0.821917808219178 0.4328125 0.8310502283105022 0.4265625 0.8264840182648402 0.41875 0.8287671232876712 0.4171875 0.8378995433789954 0.41875 0.8424657534246576 0.434375 0.8584474885844748 0.4421875 0.8744292237442922 0.4578125 0.8949771689497716 0.4625 0.906392694063927 0.4796875 0.9246575342465754 0.4921875 0.9452054794520548 0.4953125 0.95662100456621 0.5140625 0.958904109589041 0.515625 0.9611872146118722 0.53125 0.9611872146118722 0.5390625 0.95662100456621 0.5453125 0.95662100456621 0.55625 0.9474885844748858 0.5515625 0.9429223744292238 0.54375 0.9429223744292238 0.5375 0.9360730593607306 0.5375 0.910958904109589 0.534375 0.906392694063927 0.5359375 0.9018264840182648 0.5328125 0.8949771689497716 0.5 0.8835616438356164 0.49375 0.8744292237442922 0.4890625 0.8744292237442922 0.4765625 0.863013698630137 0.4765625 0.8493150684931506 0.4796875 0.8333333333333334 0.478125 0.8264840182648402 0.46875 0.8242009132420092 0.4671875 0.8264840182648402 0.4609375 0.817351598173516 0.4609375 0.8105022831050228 0.45625 0.8082191780821918 0.459375 0.8378995433789954 0.4546875 0.8401826484018264 0.4515625 0.8378995433789954 0.440625 0.821917808219178 0.4375 0.7899543378995434 0.4359375 0.7876712328767124 0.434375 0.7899543378995434 0.4375 0.8082191780821918 0.4375 0.821917808219178
3 0.778125 0.7214611872146118 0.7734375 0.7214611872146118 0.7703125 0.726027397260274 0.7640625 0.728310502283105 0.759375 0.723744292237443 0.7609375 0.7168949771689498 0.759375 0.7168949771689498 0.7578125 0.726027397260274 0.7546875 0.730593607305936 0.7484375 0.7168949771689498 0.7515625 0.728310502283105 0.75 0.730593607305936 0.75 0.7420091324200914 0.74375 0.7511415525114156 0.7390625 0.7488584474885844 0.7375 0.7397260273972602 0.7359375 0.7397260273972602 0.725 0.7671232876712328 0.703125 0.7808219178082192 0.6765625 0.7899543378995434 0.6375 0.7899543378995434 0.6453125 0.7945205479452054 0.6640625 0.7945205479452054 0.665625 0.7968036529680366 0.696875 0.7922374429223744 0.7046875 0.7876712328767124 0.7109375 0.7876712328767124 0.7140625 0.7831050228310502 0.7171875 0.7831050228310502 0.728125 0.773972602739726 0.7390625 0.769406392694064 0.7484375 0.7602739726027398 0.7515625 0.7648401826484018 0.7515625 0.771689497716895 0.7484375 0.7876712328767124 0.74375 0.7945205479452054 0.71875 0.7968036529680366 0.696875 0.8105022831050228 0.6890625 0.8105022831050228 0.684375 0.815068493150685 0.675 0.815068493150685 0.6671875 0.819634703196347 0.6546875 0.819634703196347 0.653125 0.821917808219178 0.65625 0.8242009132420092 0.6734375 0.8242009132420092 0.6828125 0.8287671232876712 0.6859375 0.8333333333333334 0.6921875 0.8242009132420092 0.696875 0.8287671232876712 0.696875 0.8356164383561644 0.7 0.8401826484018264 0.696875 0.8447488584474886 0.6890625 0.8493150684931506 0.6828125 0.8493150684931506 0.678125 0.8538812785388128 0.6796875 0.8561643835616438 0.6953125 0.8561643835616438 0.696875 0.8538812785388128 0.70625 0.8538812785388128 0.709375 0.8584474885844748 0.7046875 0.865296803652968 0.7015625 0.865296803652968 0.7 0.8698630136986302 0.6875 0.8789954337899544 0.6859375 0.8835616438356164 0.6875 0.8858447488584474 0.70625 0.8812785388127854 0.7203125 0.8721461187214612 0.725 0.8721461187214612 0.7453125 0.8515981735159818 0.7484375 0.8493150684931506 0.7515625 0.8515981735159818 0.75625 0.860730593607306 0.75625 0.8744292237442922 0.753125 0.8881278538812786 0.7421875 0.9041095890410958 0.746875 0.910958904109589 0.7546875 0.9018264840182648 0.765625 0.8812785388127854 0.778125 0.8401826484018264 0.7890625 0.8242009132420092 0.79375 0.821917808219178 0.8 0.8127853881278538 0.8015625 0.8059360730593608 0.8046875 0.8036529680365296 0.8046875 0.7899543378995434 0.8078125 0.7853881278538812 0.8078125 0.771689497716895 0.8125 0.7579908675799086 0.8125 0.7511415525114156 0.815625 0.7465753424657534 0.8203125 0.6963470319634704 0.821875 0.6940639269406392 0.821875 0.6484018264840182 0.8203125 0.6484018264840182 0.8203125 0.6506849315068494 0.8171875 0.6575342465753424 0.8171875 0.6894977168949772 0.8140625 0.7009132420091324 0.8140625 0.7191780821917808 0.8125 0.728310502283105 0.809375 0.730593607305936 0.809375 0.7442922374429224 0.803125 0.7557077625570776 0.7984375 0.7465753424657534 0.7953125 0.728310502283105 0.7921875 0.7214611872146118 0.7921875 0.7146118721461188 0.790625 0.7168949771689498 0.784375 0.7168949771689498 0.7828125 0.7146118721461188 0.778125 0.7214611872146118
3 0.5859375 0.8242009132420092 0.5875 0.8264840182648402 0.5875 0.8378995433789954 0.584375 0.8470319634703196 0.5921875 0.8424657534246576 0.59375 0.8378995433789954 0.6 0.8333333333333334 0.6015625 0.8242009132420092 0.615625 0.8013698630136986 0.615625 0.7922374429223744 0.621875 0.7808219178082192 0.621875 0.7351598173515982 0.6328125 0.6986301369863014 0.625 0.6917808219178082 0.625 0.680365296803653 0.6328125 0.6575342465753424 0.6328125 0.6461187214611872 0.6390625 0.6255707762557078 0.6390625 0.6187214611872146 0.6453125 0.6027397260273972 0.653125 0.5662100456621004 0.65625 0.5616438356164384 0.65625 0.5068493150684932 0.6625 0.4863013698630137 0.6625 0.4794520547945205 0.6703125 0.4611872146118721 0.6703125 0.454337899543379 0.678125 0.4315068493150685 0.678125 0.4246575342465753 0.6734375 0.4223744292237443 0.6625 0.4292237442922374 0.64375 0.4292237442922374 0.6375 0.4337899543378995 0.63125 0.4429223744292237 0.625 0.4452054794520548 0.621875 0.4292237442922374 0.621875 0.4155251141552511 0.615625 0.4018264840182648 0.603125 0.3904109589041096 0.603125 0.3744292237442922 0.6015625 0.3744292237442922 0.6015625 0.3767123287671233 0.5875 0.3812785388127854 0.5796875 0.4611872146118721 0.575 0.4817351598173516 0.5703125 0.4885844748858447 0.5625 0.4840182648401826 0.55 0.4840182648401826 0.5421875 0.4931506849315068 0.5390625 0.4748858447488584 0.5359375 0.4703196347031963 0.5328125 0.4703196347031963 0.5296875 0.4794520547945205 0.5296875 0.5273972602739726 0.53125 0.5296803652968036 0.53125 0.547945205479452 0.5328125 0.5502283105022832 0.5328125 0.6164383561643836 0.5359375 0.632420091324201 0.5390625 0.680365296803653 0.5421875 0.6872146118721462 0.54375 0.6986301369863014 0.55 0.7077625570776256 0.55 0.7123287671232876 0.565625 0.728310502283105 0.5734375 0.7397260273972602 0.5734375 0.7557077625570776 0.5796875 0.7625570776255708 0.5859375 0.7625570776255708 0.590625 0.7671232876712328 0.590625 0.7899543378995434 0.5875 0.7968036529680366 0.5875 0.8127853881278538 0.578125 0.8242009132420092 0.56875 0.8242009132420092 0.571875 0.8287671232876712 0.578125 0.8287671232876712 0.5859375 0.8242009132420092
3 0.503125 0.7077625570776256 0.4921875 0.7168949771689498 0.4796875 0.7214611872146118 0.475 0.726027397260274 0.46875 0.726027397260274 0.4515625 0.7374429223744292 0.4515625 0.7488584474885844 0.45625 0.7465753424657534 0.4609375 0.7397260273972602 0.478125 0.7328767123287672 0.4890625 0.723744292237443 0.4984375 0.7214611872146118 0.50625 0.7146118721461188 0.5109375 0.7146118721461188 0.5140625 0.7100456621004566 0.5171875 0.7100456621004566 0.53125 0.6894977168949772 0.53125 0.678082191780822 0.5296875 0.678082191780822 0.5296875 0.680365296803653 0.5109375 0.7054794520547946 0.503125 0.7077625570776256
3 0.4578125 0.8447488584474886 0.4484375 0.8356164383561644 0.4390625 0.819634703196347 0.434375 0.8310502283105022 0.4296875 0.8310502283105022 0.4265625 0.8264840182648402 0.41875 0.8287671232876712 0.4171875 0.8378995433789954 0.41875 0.8424657534246576 0.4390625 0.865296803652968 0.4421875 0.8744292237442922 0.4578125 0.8949771689497716 0.4625 0.906392694063927 0.4796875 0.9246575342465754 0.4921875 0.9452054794520548 0.4953125 0.95662100456621 0.5140625 0.958904109589041 0.515625 0.9611872146118722 0.53125 0.9611872146118722 0.5390625 0.95662100456621 0.5453125 0.95662100456621 0.55625 0.9474885844748858 0.5515625 0.9429223744292238 0.5421875 0.9429223744292238 0.5375 0.9360730593607306 0.5359375 0.9246575342465754 0.5375 0.9223744292237442 0.5375 0.91324200913242 0.534375 0.906392694063927 0.534375 0.8972602739726028 0.5328125 0.8949771689497716 0.5265625 0.8949771689497716 0.521875 0.8904109589041096 0.515625 0.8904109589041096 0.5 0.8835616438356164 0.49375 0.8744292237442922 0.48125 0.8698630136986302 0.4765625 0.863013698630137 0.478125 0.8287671232876712 0.4765625 0.8264840182648402 0.4671875 0.8264840182648402 0.4609375 0.819634703196347 0.4609375 0.815068493150685 0.4578125 0.815068493150685 0.4578125 0.817351598173516 0.459375 0.8424657534246576 0.4578125 0.8447488584474886
5 0.2234375 0.4794520547945205 0.221875 0.4771689497716895 0.221875 0.4452054794520548 0.2203125 0.4429223744292237 0.2203125 0.3447488584474886 0.2171875 0.3242009132420091 0.2171875 0.2922374429223744 0.2140625 0.2762557077625571 0.2140625 0.1872146118721461 0.2109375 0.17123287671232876 0.2078125 0.16666666666666666 0.203125 0.16666666666666666 0.2015625 0.1689497716894977 0.2015625 0.1872146118721461 0.203125 0.18949771689497716 0.203125 0.2374429223744292 0.2046875 0.23972602739726026 0.2046875 0.4497716894977169 0.20625 0.4520547945205479 0.2078125 0.4931506849315068 0.209375 0.4931506849315068 0.221875 0.4954337899543379 0.2234375 0.4794520547945205
5 0.453125 0.4840182648401826 0.45625 0.4748858447488584 0.4578125 0.4452054794520548 0.4640625 0.4223744292237443 0.4640625 0.4132420091324201 0.4671875 0.4063926940639269 0.4671875 0.3972602739726027 0.4703125 0.3926940639269406 0.4703125 0.3789954337899543 0.4734375 0.3721461187214612 0.4734375 0.365296803652968 0.4765625 0.3584474885844749 0.48125 0.3356164383561644 0.484375 0.3333333333333333 0.484375 0.3264840182648402 0.4875 0.3219178082191781 0.4875 0.3150684931506849 0.490625 0.3082191780821918 0.490625 0.2899543378995434 0.4859375 0.2899543378995434 0.48125 0.2990867579908676 0.478125 0.317351598173516 0.475 0.3219178082191781 0.471875 0.3378995433789954 0.4671875 0.3493150684931507 0.465625 0.363013698630137 0.4578125 0.3904109589041096 0.459375 0.4063926940639269 0.4546875 0.4132420091324201 0.4515625 0.4246575342465753 0.4484375 0.454337899543379 0.4453125 0.4657534246575342 0.4453125 0.5045662100456622 0.4421875 0.5114155251141552 0.4421875 0.541095890410959 0.4484375 0.5570776255707762 0.446875 0.5821917808219178 0.45 0.591324200913242 0.4515625 0.591324200913242 0.453125 0.591324200913242 0.453125 0.4840182648401826
5 0.88125 0.5319634703196348 0.865625 0.5525114155251142 0.8546875 0.5616438356164384 0.8515625 0.5684931506849316 0.8375 0.5821917808219178 0.828125 0.5981735159817352 0.8265625 0.6050228310502284 0.8234375 0.6073059360730594 0.8234375 0.6164383561643836 0.8203125 0.6187214611872146 0.81875 0.634703196347032 0.8234375 0.634703196347032 0.8546875 0.58675799086758 0.915625 0.5114155251141552 0.9234375 0.4977168949771689 0.9234375 0.4931506849315068 0.91875 0.4931506849315068 0.9078125 0.5045662100456622 0.9046875 0.5045662100456622 0.9046875 0.5068493150684932 0.8890625 0.5273972602739726 0.88125 0.5319634703196348
5 0.4578125 0.8082191780821918 0.4640625 0.8127853881278538 0.4703125 0.821917808219178 0.478125 0.8287671232876712 0.4890625 0.8333333333333334 0.4921875 0.8378995433789954 0.496875 0.8378995433789954 0.4984375 0.8424657534246576 0.5125 0.8447488584474886 0.5140625 0.8470319634703196 0.5625 0.8470319634703196 0.5671875 0.8493150684931506 0.5703125 0.8447488584474886 0.56875 0.8401826484018264 0.50625 0.8356164383561644 0.503125 0.8310502283105022 0.4828125 0.819634703196347 0.46875 0.8059360730593608 0.453125 0.7853881278538812 0.4421875 0.7808219178082192 0.44375 0.7831050228310502 0.453125 0.7968036529680366 0.4578125 0.8082191780821918
5 0.4015625 0.363013698630137 0.4015625 0.3721461187214612 0.4046875 0.3789954337899543 0.4046875 0.3881278538812785 0.4078125 0.3926940639269406 0.4078125 0.4018264840182648 0.4171875 0.4383561643835616 0.41875 0.4611872146118721 0.421875 0.4657534246575342 0.425 0.4794520547945205 0.4265625 0.502283105022831 0.43125 0.5136986301369864 0.4296875 0.5205479452054794 0.43125 0.5228310502283106 0.43125 0.541095890410959 0.4375 0.5776255707762558 0.4390625 0.6095890410958904 0.4453125 0.6278538812785388 0.4453125 0.634703196347032 0.45 0.634703196347032 0.4515625 0.6164383561643836 0.45 0.6095890410958904 0.4515625 0.6073059360730594 0.45 0.6050228310502284 0.45 0.593607305936073 0.446875 0.589041095890411 0.44375 0.5753424657534246 0.44375 0.5547945205479452 0.4453125 0.5502283105022832 0.440625 0.541095890410959 0.440625 0.5273972602739726 0.4375 0.5228310502283106 0.4375 0.502283105022831 0.4359375 0.5 0.4359375 0.4863013698630137 0.4328125 0.4771689497716895 0.4328125 0.4680365296803653 0.4296875 0.4611872146118721 0.4296875 0.4520547945205479 0.4234375 0.4315068493150685 0.4234375 0.4246575342465753 0.4203125 0.4178082191780822 0.415625 0.3812785388127854 0.4125 0.3767123287671233 0.4125 0.3698630136986301 0.40625 0.3515981735159817 0.4015625 0.3493150684931507 0.4015625 0.3515981735159817 0.4 0.3607305936073059 0.4015625 0.363013698630137
5 0.428125 0.4452054794520548 0.43125 0.4497716894977169 0.45 0.4223744292237443 0.453125 0.4223744292237443 0.4578125 0.4132420091324201 0.4640625 0.410958904109589 0.4703125 0.3881278538812785 0.4703125 0.3789954337899543 0.4734375 0.365296803652968 0.478125 0.3515981735159817 0.478125 0.3447488584474886 0.484375 0.3310502283105023 0.484375 0.3242009132420091 0.490625 0.3082191780821918 0.490625 0.2968036529680365 0.4921875 0.2945205479452055 0.490625 0.2899543378995434 0.4859375 0.2899543378995434 0.4828125 0.2945205479452055 0.478125 0.317351598173516 0.475 0.3219178082191781 0.475 0.3287671232876712 0.471875 0.3333333333333333 0.471875 0.3378995433789954 0.4671875 0.3493150684931507 0.4671875 0.3584474885844749 0.459375 0.3881278538812785 0.4515625 0.3995433789954338 0.4515625 0.4018264840182648 0.428125 0.4360730593607306 0.428125 0.4452054794520548
5 0.2796875 0.3904109589041096 0.278125 0.3949771689497717 0.2796875 0.3995433789954338 0.309375 0.4474885844748858 0.3171875 0.4657534246575342 0.3203125 0.4680365296803653 0.3328125 0.4931506849315068 0.3609375 0.5639269406392694 0.3609375 0.5707762557077626 0.3703125 0.593607305936073 0.3703125 0.6004566210045662 0.3734375 0.6027397260273972 0.375 0.6141552511415526 0.38125 0.6232876712328768 0.3875 0.6438356164383562 0.390625 0.6438356164383562 0.3890625 0.6232876712328768 0.3796875 0.5958904109589042 0.3796875 0.58675799086758 0.3765625 0.5821917808219178 0.371875 0.5616438356164384 0.359375 0.5342465753424658 0.359375 0.5296803652968036 0.35625 0.5273972602739726 0.3515625 0.5091324200913242 0.34375 0.4954337899543379 0.3359375 0.4748858447488584 0.3328125 0.4726027397260274 0.328125 0.4589041095890411 0.325 0.45662100456621 0.3046875 0.4155251141552511 0.2859375 0.3904109589041096 0.284375 0.3904109589041096 0.28125 0.3881278538812785 0.2796875 0.3904109589041096
5 0.840625 0.3767123287671233 0.840625 0.3812785388127854 0.8375 0.3858447488584475 0.8375 0.4018264840182648 0.834375 0.408675799086758 0.8328125 0.4223744292237443 0.8296875 0.4292237442922374 0.8234375 0.4589041095890411 0.8203125 0.4634703196347032 0.8203125 0.4703196347031963 0.80625 0.5045662100456622 0.80625 0.5091324200913242 0.8 0.5205479452054794 0.8 0.5251141552511416 0.796875 0.5273972602739726 0.7921875 0.545662100456621 0.7890625 0.547945205479452 0.7765625 0.5799086757990868 0.7765625 0.5844748858447488 0.7734375 0.589041095890411 0.76875 0.634703196347032 0.765625 0.636986301369863 0.765625 0.6484018264840182 0.771875 0.6552511415525114 0.784375 0.6095890410958904 0.790625 0.5981735159817352 0.790625 0.593607305936073 0.8015625 0.5639269406392694 0.8078125 0.5547945205479452 0.8078125 0.5502283105022832 0.8109375 0.545662100456621 0.815625 0.5296803652968036 0.825 0.5114155251141552 0.8328125 0.4840182648401826 0.8359375 0.4794520547945205 0.8359375 0.4748858447488584 0.8390625 0.4703196347031963 0.8421875 0.45662100456621 0.8421875 0.4474885844748858 0.8484375 0.4246575342465753 0.8484375 0.4155251141552511 0.8515625 0.410958904109589 0.853125 0.4018264840182648 0.853125 0.3858447488584475 0.85625 0.3767123287671233 0.853125 0.3721461187214612 0.8515625 0.3721461187214612 0.846875 0.3721461187214612 0.840625 0.3767123287671233
5 0.653125 0.7968036529680366 0.6765625 0.7968036529680366 0.678125 0.7945205479452054 0.6875 0.7945205479452054 0.7046875 0.7876712328767124 0.7109375 0.7876712328767124 0.746875 0.7625570776255708 0.7515625 0.7557077625570776 0.7515625 0.7465753424657534 0.746875 0.7465753424657534 0.740625 0.7534246575342466 0.7328125 0.7557077625570776 0.728125 0.7648401826484018 0.703125 0.7808219178082192 0.696875 0.7808219178082192 0.6828125 0.7876712328767124 0.6375 0.7876712328767124 0.6359375 0.7922374429223744 0.6375 0.7922374429223744 0.6515625 0.7945205479452054 0.653125 0.7968036529680366
5 0.54140625 0.5730593607305936 0.0265625 0.20776255707762556
5 0.76875 0.3789954337899543 0.753125 0.4452054794520548 0.753125 0.45662100456621 0.7484375 0.4794520547945205 0.7484375 0.4954337899543379 0.7453125 0.5045662100456622 0.7453125 0.5228310502283106 0.7421875 0.5342465753424658 0.7421875 0.5502283105022832 0.7390625 0.5570776255707762 0.7390625 0.5684931506849316 0.7375 0.5707762557077626 0.7375 0.5844748858447488 0.7484375 0.5753424657534246 0.7546875 0.5388127853881278 0.7609375 0.5251141552511416 0.7609375 0.5068493150684932 0.7640625 0.5 0.7703125 0.4429223744292237 0.778125 0.410958904109589 0.778125 0.3949771689497717 0.784375 0.3767123287671233 0.7828125 0.3675799086757991 0.78125 0.3698630136986301 0.778125 0.3698630136986301 0.76875 0.3789954337899543
2 0.8640625 0.3150684931506849 0.85625 0.319634703196347 0.8453125 0.3356164383561644 0.8390625 0.3378995433789954 0.8375 0.3470319634703196 0.83125 0.3561643835616438 0.825 0.3607305936073059 0.8171875 0.3607305936073059 0.809375 0.3538812785388128 0.8046875 0.3538812785388128 0.809375 0.3675799086757991 0.809375 0.3767123287671233 0.8125 0.3881278538812785 0.8140625 0.4269406392694064 0.8171875 0.4406392694063927 0.8171875 0.4520547945205479 0.821875 0.454337899543379 0.828125 0.4337899543378995 0.8328125 0.4041095890410959 0.8359375 0.3972602739726027 0.8359375 0.3858447488584475 0.8390625 0.3767123287671233 0.846875 0.3698630136986301 0.853125 0.3698630136986301 0.859375 0.3767123287671233 0.8734375 0.3515981735159817 0.8765625 0.3401826484018265 0.8828125 0.3310502283105023 0.8828125 0.3242009132420091 0.875 0.317351598173516 0.8734375 0.317351598173516 0.871875 0.3150684931506849 0.8640625 0.3150684931506849
2 0.9078125 0.3561643835616438 0.896875 0.3561643835616438 0.8875 0.3607305936073059 0.8828125 0.3675799086757991 0.8734375 0.363013698630137 0.859375 0.3972602739726027 0.8546875 0.4041095890410959 0.853125 0.4223744292237443 0.85 0.4292237442922374 0.85 0.4406392694063927 0.8484375 0.4429223744292237 0.8484375 0.4520547945205479 0.85 0.4520547945205479 0.8546875 0.4429223744292237 0.8671875 0.4315068493150685 0.8703125 0.4315068493150685 0.8875 0.4132420091324201 0.8953125 0.410958904109589 0.8984375 0.4063926940639269 0.903125 0.4063926940639269 0.9078125 0.4018264840182648 0.9171875 0.4018264840182648 0.921875 0.3972602739726027 0.9375 0.3972602739726027 0.9421875 0.3881278538812785 0.9390625 0.3721461187214612 0.928125 0.365296803652968 0.9203125 0.3561643835616438 0.91875 0.3561643835616438 0.909375 0.3584474885844749 0.9078125 0.3561643835616438
2 0.64375 0.4292237442922374 0.6375 0.4337899543378995 0.6359375 0.4383561643835616 0.625 0.4497716894977169 0.6234375 0.4657534246575342 0.6171875 0.4863013698630137 0.6234375 0.502283105022831 0.6234375 0.5114155251141552 0.625 0.5136986301369864 0.6265625 0.5365296803652968 0.625 0.54337899543379 0.6265625 0.545662100456621 0.628125 0.5799086757990868 0.6296875 0.5844748858447488 0.634375 0.5776255707762558 0.6390625 0.5616438356164384 0.6421875 0.5570776255707762 0.6421875 0.5525114155251142 0.646875 0.545662100456621 0.646875 0.5388127853881278 0.65625 0.5136986301369864 0.659375 0.4931506849315068 0.6625 0.4885844748858447 0.6625 0.4817351598173516 0.6703125 0.4611872146118721 0.6734375 0.4429223744292237 0.6796875 0.4292237442922374 0.6796875 0.4246575342465753 0.675 0.4200913242009132 0.6734375 0.4223744292237443 0.6640625 0.4292237442922374 0.64375 0.4292237442922374