1 0.596875 0.5529411764705883 0.5953125 0.5576470588235294 0.590625 0.5576470588235294 0.5890625 0.5647058823529412 0.5859375 0.5647058823529412 0.5796875 0.5741176470588235 0.5796875 0.5835294117647059 0.575 0.5858823529411765 0.575 0.5952941176470589 0.5671875 0.6070588235294118 0.5640625 0.6070588235294118 0.5640625 0.611764705882353 0.559375 0.6188235294117647 0.553125 0.6188235294117647 0.55 0.6235294117647059 0.55 0.6494117647058824 0.553125 0.6517647058823529 0.553125 0.6611764705882353 0.5578125 0.6635294117647059 0.5578125 0.6823529411764706 0.5609375 0.6847058823529412 0.5609375 0.6988235294117647 0.5671875 0.6988235294117647 0.56875 0.7035294117647058 0.5734375 0.7035294117647058 0.575 0.7082352941176471 0.5953125 0.7082352941176471 0.596875 0.7035294117647058 0.603125 0.7035294117647058 0.6046875 0.6988235294117647 0.609375 0.6988235294117647 0.6109375 0.691764705882353 0.6140625 0.691764705882353 0.6140625 0.6847058823529412 0.6171875 0.6823529411764706 0.6171875 0.6776470588235294 0.63125 0.6611764705882353 0.6328125 0.6541176470588236 0.6359375 0.6541176470588236 0.6390625 0.6494117647058824 0.6390625 0.6352941176470588 0.6421875 0.6329411764705882 0.6421875 0.5905882352941176 0.6390625 0.5882352941176471 0.6390625 0.5811764705882353 0.6359375 0.5788235294117647 0.6359375 0.5741176470588235 0.6328125 0.5741176470588235 0.625 0.5623529411764706 0.625 0.5529411764705883 0.621875 0.5529411764705883 0.6203125 0.548235294117647 0.6046875 0.548235294117647 0.6046875 0.5505882352941176 0.603125 0.5529411764705883 0.596875 0.5529411764705883
1 0.5390625 0.48705882352941177 0.5390625 0.49176470588235294 0.525 0.508235294117647 0.5234375 0.5152941176470588 0.5203125 0.5152941176470588 0.5203125 0.5223529411764706 0.5171875 0.5247058823529411 0.5171875 0.571764705882353 0.5203125 0.5741176470588235 0.5203125 0.5882352941176471 0.525 0.5905882352941176 0.525 0.6 0.528125 0.6023529411764705 0.528125 0.611764705882353 0.534375 0.611764705882353 0.5359375 0.6164705882352941 0.540625 0.6164705882352941 0.5421875 0.6211764705882353 0.5484375 0.6211764705882353 0.55 0.6164705882352941 0.559375 0.6164705882352941 0.5640625 0.6047058823529412 0.5671875 0.6047058823529412 0.5734375 0.5952941176470589 0.5734375 0.5858823529411765 0.578125 0.5835294117647059 0.578125 0.5741176470588235 0.58125 0.571764705882353 0.58125 0.5647058823529412 0.584375 0.5623529411764706 0.584375 0.5576470588235294 0.5890625 0.5552941176470588 0.5953125 0.5458823529411765 0.5953125 0.52 0.578125 0.49411764705882355 0.571875 0.49411764705882355 0.5703125 0.48705882352941177 0.5640625 0.48705882352941177 0.5625 0.4823529411764706 0.546875 0.4823529411764706 0.546875 0.48470588235294115 0.5453125 0.48705882352941177 0.5390625 0.48705882352941177
1 0.3515625 0.48705882352941177 0.3421875 0.48705882352941177 0.340625 0.49411764705882355 0.3359375 0.49411764705882355 0.334375 0.4988235294117647 0.33125 0.4988235294117647 0.328125 0.5035294117647059 0.328125 0.5223529411764706 0.325 0.5247058823529411 0.325 0.5552941176470588 0.328125 0.5576470588235294 0.328125 0.5670588235294117 0.33125 0.5694117647058824 0.33125 0.5788235294117647 0.3359375 0.5811764705882353 0.3359375 0.5882352941176471 0.3390625 0.5905882352941176 0.3390625 0.6 0.3421875 0.6023529411764705 0.3421875 0.611764705882353 0.346875 0.6141176470588235 0.346875 0.6211764705882353 0.35 0.6235294117647059 0.35 0.6329411764705882 0.353125 0.6376470588235295 0.359375 0.6376470588235295 0.3609375 0.6447058823529411 0.3671875 0.6447058823529411 0.36875 0.6494117647058824 0.3890625 0.6494117647058824 0.3921875 0.6447058823529411 0.3921875 0.64 0.4 0.6282352941176471 0.403125 0.6282352941176471 0.403125 0.6235294117647059 0.409375 0.6164705882352941 0.409375 0.6070588235294118 0.4140625 0.6047058823529412 0.4203125 0.5952941176470589 0.4203125 0.5858823529411765 0.425 0.5835294117647059 0.425 0.5741176470588235 0.428125 0.571764705882353 0.428125 0.5647058823529412 0.43125 0.5623529411764706 0.43125 0.52 0.428125 0.5176470588235295 0.428125 0.508235294117647 0.425 0.5058823529411764 0.425 0.4988235294117647 0.41875 0.4988235294117647 0.4171875 0.49411764705882355 0.4109375 0.49411764705882355 0.409375 0.48705882352941177 0.4 0.48705882352941177 0.3984375 0.4823529411764706 0.3859375 0.4823529411764706 0.3828125 0.4776470588235294 0.3796875 0.4823529411764706 0.378125 0.48 0.3796875 0.48470588235294115 0.378125 0.48705882352941177 0.3640625 0.48705882352941177 0.3625 0.4823529411764706 0.353125 0.4823529411764706 0.3515625 0.48705882352941177
5 0 0 0 0.002352941176470588 0 0.9929411764705882 0.0171875 0.9929411764705882 0.0203125 0.9882352941176471 0.021875 0.9929411764705882 0.43125 0.9929411764705882 0.4328125 0.9976470588235294 0.4359375 0.9976470588235294 0.4375 0.9929411764705882 0.85 0.9929411764705882 0.8515625 0.9976470588235294 0.8609375 0.9976470588235294 0.8625 0.9929411764705882 0.9265625 0.9929411764705882 0.9296875 0.9976470588235294 0.93125 0.9929411764705882 0.9984375 0.9929411764705882 0.9984375 0.8258823529411765 0.9953125 0.8235294117647058 0.9953125 0.8164705882352942 0.9984375 0.8141176470588235 0.9984375 0.788235294117647 0.9953125 0.7858823529411765 0.9953125 0.7764705882352941 0.9984375 0.7741176470588236 0.9984375 0.7670588235294118 0.9953125 0.7647058823529411 0.9953125 0.7388235294117647 0.9984375 0.7364705882352941 0.9984375 0.7176470588235294 0.9953125 0.7152941176470589 0.9953125 0.7058823529411765 0.9984375 0.7011764705882353 0.9953125 0.6988235294117647 0.9953125 0.5905882352941176 0.9921875 0.5858823529411765 0.9984375 0.5835294117647059 0.9984375 0.5694117647058824 0.9953125 0.5647058823529412 0.9890625 0.5623529411764706 0.9890625 0.5529411764705883 0.990625 0.5505882352941176 0.9984375 0.5505882352941176 0.9984375 0.5364705882352941 0.9953125 0.5341176470588235 0.9953125 0.5247058823529411 0.9890625 0.5223529411764706 0.9890625 0.4541176470588235 0.9921875 0.45176470588235296 0.99375 0.4588235294117647 0.9953125 0.4588235294117647 0.9953125 0.44941176470588234 0.9984375 0.4470588235294118 0.9984375 0.4164705882352941 0.9921875 0.40941176470588236 0.9921875 0.3952941176470588 0.9890625 0.39294117647058824 0.9890625 0.3835294117647059 0.9984375 0.36941176470588233 0.9984375 0.35058823529411764 0.9953125 0.34823529411764703 0.9953125 0.3341176470588235 0.9984375 0.33176470588235296 0.9984375 0.18588235294117647 0.9953125 0.18352941176470589 0.9953125 0.14823529411764705 0.9984375 0.14588235294117646 0.9984375 0.011764705882352941 0.9953125 0.009411764705882352 0.9953125 0 0.771875 0 0.7703125 0.007058823529411765 0.7640625 0.007058823529411765 0.7625 0 0.7609375 0 0.759375 0.007058823529411765 0.746875 0.007058823529411765 0.7453125 0 0.6 0 0.6 0.004705882352941176 0.596875 0.007058823529411765 0.5953125 0 0.5203125 0 0.51875 0.007058823529411765 0.509375 0.007058823529411765 0.5078125 0 0.4703125 0 0.46875 0.007058823529411765 0.4515625 0.007058823529411765 0.45 0 0.33125 0 0.3296875 0.007058823529411765 0.3203125 0.007058823529411765 0.31875 0 0.3140625 0 0.3140625 0.004705882352941176 0.309375 0.007058823529411765 0.3078125 0 0.259375 0 0.259375 0.004705882352941176 0.2546875 0.007058823529411765 0.253125 0 0.0625 0 0.0625 0.004705882352941176 0.059375 0.007058823529411765 0.0578125 0 0 0
6 0.459375 0.5458823529411765 0.4546875 0.548235294117647 0.4484375 0.5576470588235294 0.446875 0.5647058823529412 0.44375 0.5647058823529412 0.440625 0.5694117647058824 0.440625 0.5788235294117647 0.4375 0.5835294117647059 0.440625 0.5882352941176471 0.446875 0.5882352941176471 0.45 0.5835294117647059 0.45 0.5741176470588235 0.4609375 0.5623529411764706 0.4609375 0.5576470588235294 0.465625 0.5505882352941176 0.46875 0.5505882352941176 0.46875 0.5411764705882353 0.471875 0.5388235294117647 0.471875 0.5317647058823529 0.4625 0.5317647058823529 0.4625 0.5341176470588235 0.459375 0.5364705882352941 0.459375 0.5458823529411765
6 0.3640625 0.4023529411764706 0.36875 0.4047058823529412 0.36875 0.41411764705882353 0.375 0.4211764705882353 0.375 0.43058823529411766 0.378125 0.43058823529411766 0.3828125 0.4376470588235294 0.3828125 0.4423529411764706 0.3859375 0.4470588235294118 0.3890625 0.4470588235294118 0.3921875 0.4423529411764706 0.3921875 0.4329411764705882 0.3890625 0.43058823529411766 0.3890625 0.4164705882352941 0.384375 0.41411764705882353 0.384375 0.4047058823529412 0.38125 0.4023529411764706 0.38125 0.3952941176470588 0.378125 0.39294117647058824 0.378125 0.38823529411764707 0.375 0.38823529411764707 0.36875 0.3788235294117647 0.36875 0.3811764705882353 0.3640625 0.3835294117647059 0.3640625 0.4023529411764706
6 0.48125 0.5505882352941176 0.4765625 0.5529411764705883 0.4765625 0.571764705882353 0.4734375 0.5741176470588235 0.4734375 0.5882352941176471 0.4703125 0.5905882352941176 0.4703125 0.6 0.465625 0.6023529411764705 0.465625 0.6164705882352941 0.4625 0.6188235294117647 0.4625 0.6329411764705882 0.459375 0.6352941176470588 0.459375 0.6494117647058824 0.4640625 0.6447058823529411 0.465625 0.6376470588235295 0.46875 0.6376470588235295 0.46875 0.6235294117647059 0.471875 0.6211764705882353 0.471875 0.6141176470588235 0.475 0.611764705882353 0.475 0.6023529411764705 0.4796875 0.6 0.4796875 0.5905882352941176 0.4828125 0.5882352941176471 0.4828125 0.5741176470588235 0.4859375 0.571764705882353 0.4859375 0.5529411764705883 0.490625 0.5505882352941176 0.490625 0.5247058823529411 0.484375 0.5247058823529411 0.484375 0.5270588235294118 0.48125 0.5317647058823529 0.48125 0.5505882352941176
0 0.4953125 0.3388235294117647 0.49375 0.3458823529411765 0.48125 0.3458823529411765 0.4796875 0.35058823529411764 0.4703125 0.35058823529411764 0.46875 0.3552941176470588 0.465625 0.3552941176470588 0.465625 0.36941176470588233 0.4625 0.37176470588235294 0.4625 0.38588235294117645 0.459375 0.38823529411764707 0.459375 0.3976470588235294 0.4625 0.4 0.4625 0.4258823529411765 0.465625 0.42823529411764705 0.465625 0.43529411764705883 0.4703125 0.4376470588235294 0.4703125 0.4423529411764706 0.4765625 0.45176470588235296 0.48125 0.4541176470588235 0.48125 0.4682352941176471 0.484375 0.47058823529411764 0.484375 0.4752941176470588 0.4875 0.48 0.490625 0.48 0.4921875 0.48470588235294115 0.496875 0.48470588235294115 0.4984375 0.48 0.515625 0.48 0.51875 0.48470588235294115 0.5203125 0.48 0.5296875 0.48 0.5296875 0.47058823529411764 0.5375 0.46352941176470586 0.5375 0.4541176470588235 0.5390625 0.45176470588235296 0.5453125 0.45176470588235296 0.5453125 0.4447058823529412 0.5484375 0.4423529411764706 0.5484375 0.4117647058823529 0.5453125 0.40941176470588236 0.5453125 0.36705882352941177 0.5390625 0.36705882352941177 0.5375 0.3623529411764706 0.53125 0.3623529411764706 0.5296875 0.3552941176470588 0.5234375 0.35294117647058826 0.5234375 0.3458823529411765 0.51875 0.34352941176470586 0.51875 0.3388235294117647 0.515625 0.3341176470588235 0.503125 0.3341176470588235 0.503125 0.33647058823529413 0.5015625 0.3388235294117647 0.4953125 0.3388235294117647
2 0.665625 0.26823529411764707 0.6640625 0.2752941176470588 0.659375 0.2752941176470588 0.6578125 0.28 0.6515625 0.28 0.65 0.2847058823529412 0.64375 0.2847058823529412 0.64375 0.28941176470588237 0.6359375 0.30117647058823527 0.6328125 0.30117647058823527 0.6328125 0.3058823529411765 0.6296875 0.30823529411764705 0.6296875 0.31529411764705884 0.6265625 0.3176470588235294 0.6265625 0.3270588235294118 0.61875 0.3341176470588235 0.61875 0.34352941176470586 0.615625 0.3458823529411765 0.615625 0.36 0.6109375 0.3623529411764706 0.6109375 0.3811764705882353 0.6078125 0.3835294117647059 0.6078125 0.4023529411764706 0.6296875 0.43529411764705883 0.6421875 0.43529411764705883 0.64375 0.4423529411764706 0.66875 0.4423529411764706 0.6703125 0.4470588235294118 0.690625 0.4470588235294118 0.6921875 0.45176470588235296 0.7015625 0.45176470588235296 0.703125 0.4588235294117647 0.7125 0.4588235294117647 0.7140625 0.46352941176470586 0.71875 0.46352941176470586 0.7203125 0.4682352941176471 0.7453125 0.4682352941176471 0.746875 0.46352941176470586 0.759375 0.46352941176470586 0.7625 0.4588235294117647 0.7625 0.4541176470588235 0.7671875 0.45176470588235296 0.771875 0.4423529411764706 0.778125 0.4423529411764706 0.7796875 0.43529411764705883 0.784375 0.43529411764705883 0.7859375 0.43058823529411766 0.7890625 0.43058823529411766 0.7921875 0.4258823529411765 0.7921875 0.4211764705882353 0.7984375 0.41411764705882353 0.7984375 0.38823529411764707 0.7953125 0.38588235294117645 0.7953125 0.36705882352941177 0.7921875 0.36470588235294116 0.7921875 0.3552941176470588 0.7890625 0.35294117647058826 0.7890625 0.3458823529411765 0.784375 0.34352941176470586 0.784375 0.3388235294117647 0.778125 0.33176470588235296 0.778125 0.3247058823529412 0.775 0.3247058823529412 0.7734375 0.3176470588235294 0.7671875 0.30823529411764705 0.7625 0.3058823529411765 0.7625 0.30117647058823527 0.75625 0.2917647058823529 0.7515625 0.28941176470588237 0.7515625 0.2847058823529412 0.7421875 0.2847058823529412 0.740625 0.28 0.728125 0.28 0.7234375 0.27294117647058824 0.7234375 0.26823529411764707 0.70625 0.26823529411764707 0.7046875 0.2635294117647059 0.684375 0.2635294117647059 0.684375 0.26588235294117646 0.6828125 0.26823529411764707 0.665625 0.26823529411764707
2 0.525 0.6705882352941176 0.5203125 0.6729411764705883 0.5203125 0.6823529411764706 0.5171875 0.6847058823529412 0.5171875 0.691764705882353 0.5140625 0.6941176470588235 0.5140625 0.7082352941176471 0.51875 0.7082352941176471 0.5203125 0.7152941176470589 0.5296875 0.7152941176470589 0.53125 0.72 0.5375 0.72 0.5390625 0.7247058823529412 0.5453125 0.7247058823529412 0.5453125 0.7176470588235294 0.5515625 0.7082352941176471 0.5515625 0.7011764705882353 0.55625 0.6988235294117647 0.55625 0.6941176470588235 0.5515625 0.691764705882353 0.5515625 0.6776470588235294 0.5375 0.6611764705882353 0.5375 0.6564705882352941 0.528125 0.6564705882352941 0.528125 0.6588235294117647 0.525 0.6635294117647059 0.525 0.6705882352941176
2 0.6703125 0.6470588235294118 0.6703125 0.6752941176470588 0.66875 0.6776470588235294 0.6546875 0.6776470588235294 0.653125 0.6729411764705883 0.6484375 0.6729411764705883 0.646875 0.668235294117647 0.6328125 0.668235294117647 0.6265625 0.6776470588235294 0.625 0.6847058823529412 0.621875 0.6847058823529412 0.621875 0.691764705882353 0.625 0.691764705882353 0.6265625 0.6988235294117647 0.63125 0.6988235294117647 0.6328125 0.7035294117647058 0.6390625 0.7035294117647058 0.640625 0.7058823529411765 0.640625 0.731764705882353 0.6375 0.7341176470588235 0.6375 0.7529411764705882 0.6328125 0.7552941176470588 0.6328125 0.7576470588235295 0.6375 0.76 0.6375 0.7694117647058824 0.640625 0.7741176470588236 0.646875 0.7741176470588236 0.6515625 0.7858823529411765 0.66875 0.7858823529411765 0.6703125 0.7905882352941176 0.6796875 0.7905882352941176 0.68125 0.7858823529411765 0.69375 0.7858823529411765 0.6953125 0.7811764705882352 0.7015625 0.7811764705882352 0.703125 0.7741176470588236 0.7078125 0.7741176470588236 0.709375 0.7694117647058824 0.7125 0.7694117647058824 0.7125 0.76 0.715625 0.7576470588235295 0.715625 0.7341176470588235 0.71875 0.731764705882353 0.71875 0.7176470588235294 0.7234375 0.7152941176470589 0.7234375 0.7058823529411765 0.71875 0.7035294117647058 0.71875 0.6847058823529412 0.715625 0.6823529411764706 0.715625 0.6729411764705883 0.7078125 0.6658823529411765 0.7078125 0.6564705882352941 0.7015625 0.6470588235294118 0.6953125 0.6470588235294118 0.69375 0.64 0.6765625 0.64 0.6765625 0.6423529411764706 0.675 0.6470588235294118 0.6703125 0.6470588235294118
2 0.309375 0.6517647058823529 0.3078125 0.6564705882352941 0.303125 0.6564705882352941 0.3015625 0.6635294117647059 0.2875 0.6635294117647059 0.2828125 0.6729411764705883 0.2765625 0.6729411764705883 0.275 0.6776470588235294 0.2703125 0.6776470588235294 0.2703125 0.6823529411764706 0.265625 0.6847058823529412 0.259375 0.6941176470588235 0.2578125 0.7011764705882353 0.2546875 0.7011764705882353 0.2546875 0.7082352941176471 0.2515625 0.7105882352941176 0.2515625 0.7152941176470589 0.2609375 0.7152941176470589 0.2625 0.7082352941176471 0.26875 0.7082352941176471 0.2703125 0.7035294117647058 0.2796875 0.7035294117647058 0.28125 0.6988235294117647 0.2859375 0.6988235294117647 0.2875 0.691764705882353 0.29375 0.691764705882353 0.2953125 0.6870588235294117 0.3015625 0.6870588235294117 0.303125 0.6823529411764706 0.3078125 0.6823529411764706 0.309375 0.6752941176470588 0.315625 0.6752941176470588 0.3296875 0.6541176470588236 0.3296875 0.6470588235294118 0.3171875 0.6470588235294118 0.3171875 0.6494117647058824 0.315625 0.6517647058823529 0.309375 0.6517647058823529
2 0.3171875 0.1811764705882353 0.315625 0.18588235294117647 0.309375 0.18588235294117647 0.309375 0.19058823529411764 0.3015625 0.2023529411764706 0.2984375 0.2023529411764706 0.2984375 0.20705882352941177 0.2953125 0.20941176470588235 0.2953125 0.2164705882352941 0.2921875 0.2188235294117647 0.2921875 0.2564705882352941 0.2875 0.25882352941176473 0.2875 0.2988235294117647 0.2921875 0.30117647058823527 0.2921875 0.31058823529411766 0.2953125 0.31529411764705884 0.3015625 0.31529411764705884 0.303125 0.32235294117647056 0.309375 0.33176470588235296 0.3125 0.33176470588235296 0.3171875 0.3388235294117647 0.3171875 0.34352941176470586 0.3203125 0.34823529411764703 0.3234375 0.34823529411764703 0.325 0.35294117647058826 0.3453125 0.35294117647058826 0.3453125 0.3458823529411765 0.3484375 0.34352941176470586 0.3484375 0.30823529411764705 0.3515625 0.3058823529411765 0.3515625 0.2964705882352941 0.35625 0.29411764705882354 0.35625 0.2847058823529412 0.359375 0.2823529411764706 0.359375 0.26823529411764707 0.3625 0.26588235294117646 0.3625 0.25882352941176473 0.3671875 0.2564705882352941 0.3671875 0.24705882352941178 0.3734375 0.24 0.3734375 0.23058823529411765 0.378125 0.22823529411764706 0.378125 0.20941176470588235 0.3734375 0.20705882352941177 0.3734375 0.1976470588235294 0.359375 0.17647058823529413 0.328125 0.17647058823529413 0.328125 0.17882352941176471 0.3265625 0.1811764705882353 0.3171875 0.1811764705882353
2 0.4765625 0.2752941176470588 0.4765625 0.2823529411764706 0.4734375 0.2847058823529412 0.4734375 0.29411764705882354 0.4703125 0.2964705882352941 0.4703125 0.3058823529411765 0.465625 0.30823529411764705 0.4640625 0.3129411764705882 0.459375 0.3129411764705882 0.4578125 0.3176470588235294 0.4546875 0.3176470588235294 0.4546875 0.32235294117647056 0.4515625 0.3247058823529412 0.4515625 0.35294117647058826 0.4546875 0.3552941176470588 0.4546875 0.36 0.4578125 0.36 0.4609375 0.36470588235294116 0.465625 0.35294117647058826 0.46875 0.35294117647058826 0.4703125 0.34823529411764703 0.475 0.34823529411764703 0.4765625 0.34352941176470586 0.49375 0.34352941176470586 0.4953125 0.33647058823529413 0.5015625 0.33647058823529413 0.503125 0.33176470588235296 0.515625 0.33176470588235296 0.5203125 0.3388235294117647 0.5203125 0.34352941176470586 0.5234375 0.34352941176470586 0.53125 0.3552941176470588 0.53125 0.36 0.540625 0.36 0.5421875 0.36470588235294116 0.546875 0.36705882352941177 0.546875 0.3976470588235294 0.55 0.4 0.55 0.41411764705882353 0.553125 0.4164705882352941 0.553125 0.4258823529411765 0.5625 0.4258823529411765 0.5640625 0.4188235294117647 0.5703125 0.4188235294117647 0.571875 0.41411764705882353 0.584375 0.41411764705882353 0.5859375 0.40941176470588236 0.5921875 0.40941176470588236 0.5921875 0.4 0.5890625 0.3976470588235294 0.5890625 0.37176470588235294 0.584375 0.36941176470588233 0.584375 0.3552941176470588 0.578125 0.3458823529411765 0.5734375 0.34352941176470586 0.5734375 0.3388235294117647 0.5671875 0.32941176470588235 0.5640625 0.32941176470588235 0.559375 0.32235294117647056 0.559375 0.3176470588235294 0.55625 0.3129411764705882 0.553125 0.3129411764705882 0.5484375 0.3058823529411765 0.5484375 0.30117647058823527 0.5453125 0.2964705882352941 0.5421875 0.2964705882352941 0.5375 0.28941176470588237 0.5375 0.2847058823529412 0.534375 0.28 0.53125 0.28 0.5296875 0.2752941176470588 0.5203125 0.2752941176470588 0.51875 0.26823529411764707 0.48125 0.26823529411764707 0.48125 0.27058823529411763 0.4796875 0.2752941176470588 0.4765625 0.2752941176470588
2 0.6703125 0.6470588235294118 0.6703125 0.6752941176470588 0.66875 0.6776470588235294 0.659375 0.6776470588235294 0.6578125 0.6729411764705883 0.6515625 0.6729411764705883 0.65 0.668235294117647 0.64375 0.668235294117647 0.6421875 0.6635294117647059 0.6328125 0.6635294117647059 0.615625 0.6894117647058824 0.615625 0.6988235294117647 0.6140625 0.7011764705882353 0.6078125 0.7011764705882353 0.60625 0.7058823529411765 0.6 0.7058823529411765 0.5984375 0.7105882352941176 0.59375 0.7105882352941176 0.5921875 0.7176470588235294 0.5796875 0.7176470588235294 0.578125 0.7105882352941176 0.56875 0.7105882352941176 0.5671875 0.7058823529411765 0.5609375 0.7058823529411765 0.559375 0.7011764705882353 0.553125 0.7011764705882353 0.5515625 0.6941176470588235 0.5453125 0.6847058823529412 0.540625 0.6823529411764706 0.540625 0.6776470588235294 0.5359375 0.6776470588235294 0.5359375 0.6823529411764706 0.53125 0.6847058823529412 0.5296875 0.6894117647058824 0.525 0.6847058823529412 0.5234375 0.6894117647058824 0.5203125 0.6894117647058824 0.5203125 0.7082352941176471 0.5265625 0.7082352941176471 0.528125 0.7152941176470589 0.5375 0.7152941176470589 0.5421875 0.7223529411764706 0.5421875 0.7482352941176471 0.5453125 0.7482352941176471 0.553125 0.76 0.553125 0.7647058823529411 0.55625 0.7647058823529411 0.5609375 0.7741176470588236 0.5703125 0.7741176470588236 0.571875 0.7811764705882352 0.60625 0.7811764705882352 0.6078125 0.7741176470588236 0.6203125 0.7741176470588236 0.621875 0.7694117647058824 0.628125 0.7694117647058824 0.6296875 0.7647058823529411 0.6359375 0.7647058823529411 0.640625 0.7741176470588236 0.646875 0.7741176470588236 0.6515625 0.7858823529411765 0.66875 0.7858823529411765 0.6703125 0.7905882352941176 0.6796875 0.7905882352941176 0.68125 0.7858823529411765 0.69375 0.7858823529411765 0.6953125 0.7811764705882352 0.7015625 0.7811764705882352 0.703125 0.7741176470588236 0.7078125 0.7741176470588236 0.709375 0.7694117647058824 0.7125 0.7694117647058824 0.7125 0.76 0.715625 0.7576470588235295 0.715625 0.7341176470588235 0.71875 0.731764705882353 0.71875 0.7176470588235294 0.7234375 0.7152941176470589 0.7234375 0.7105882352941176 0.71875 0.7082352941176471 0.71875 0.6847058823529412 0.715625 0.6823529411764706 0.715625 0.6729411764705883 0.7078125 0.6658823529411765 0.7078125 0.6564705882352941 0.7015625 0.6470588235294118 0.6953125 0.6470588235294118 0.69375 0.64 0.6765625 0.64 0.6765625 0.6423529411764706 0.675 0.6470588235294118 0.6703125 0.6470588235294118
2 0.3578125 0.691764705882353 0.353125 0.6941176470588235 0.353125 0.7247058823529412 0.35 0.7270588235294118 0.35 0.7364705882352941 0.346875 0.7388235294117647 0.346875 0.7576470588235295 0.3421875 0.76 0.3421875 0.7741176470588236 0.3390625 0.7764705882352941 0.3390625 0.8023529411764706 0.3359375 0.8047058823529412 0.3359375 0.8235294117647058 0.33125 0.8258823529411765 0.33125 0.8447058823529412 0.334375 0.8447058823529412 0.334375 0.8376470588235294 0.3375 0.8352941176470589 0.3375 0.8258823529411765 0.340625 0.8235294117647058 0.340625 0.8164705882352942 0.3453125 0.8141176470588235 0.3453125 0.8047058823529412 0.3515625 0.7976470588235294 0.3515625 0.788235294117647 0.359375 0.7811764705882352 0.359375 0.7717647058823529 0.3625 0.7694117647058824 0.3625 0.76 0.3671875 0.7576470588235295 0.3671875 0.7505882352941177 0.3703125 0.7482352941176471 0.3703125 0.7388235294117647 0.3734375 0.7364705882352941 0.3734375 0.7270588235294118 0.378125 0.7247058823529412 0.378125 0.7058823529411765 0.38125 0.7035294117647058 0.38125 0.6941176470588235 0.384375 0.691764705882353 0.3859375 0.6823529411764706 0.3890625 0.6823529411764706 0.3890625 0.6729411764705883 0.384375 0.6705882352941176 0.384375 0.6635294117647059 0.38125 0.6611764705882353 0.38125 0.6564705882352941 0.3609375 0.6564705882352941 0.3609375 0.6588235294117647 0.3578125 0.6635294117647059 0.3578125 0.691764705882353
2 0.4765625 0.5905882352941176 0.4765625 0.6 0.4703125 0.6070588235294118 0.4703125 0.6164705882352941 0.4625 0.6235294117647059 0.4625 0.6329411764705882 0.459375 0.6352941176470588 0.459375 0.6447058823529411 0.4546875 0.6470588235294118 0.4546875 0.6541176470588236 0.4484375 0.6564705882352941 0.446875 0.6635294117647059 0.440625 0.6635294117647059 0.440625 0.6823529411764706 0.44375 0.6870588235294117 0.446875 0.6870588235294117 0.4484375 0.691764705882353 0.453125 0.691764705882353 0.4546875 0.6988235294117647 0.475 0.6988235294117647 0.4765625 0.7035294117647058 0.496875 0.7035294117647058 0.4984375 0.6988235294117647 0.5078125 0.6988235294117647 0.509375 0.691764705882353 0.5125 0.691764705882353 0.515625 0.6870588235294117 0.515625 0.6776470588235294 0.51875 0.6752941176470588 0.51875 0.668235294117647 0.5234375 0.6658823529411765 0.5234375 0.64 0.5265625 0.6376470588235295 0.5265625 0.6188235294117647 0.5234375 0.6164705882352941 0.5234375 0.6023529411764705 0.5203125 0.6023529411764705 0.51875 0.5976470588235294 0.509375 0.5976470588235294 0.5078125 0.5952941176470589 0.5078125 0.5811764705882353 0.5046875 0.5788235294117647 0.5046875 0.5741176470588235 0.4875 0.5741176470588235 0.4875 0.5764705882352941 0.4796875 0.5905882352941176 0.4765625 0.5905882352941176
2 0.328125 0.42823529411764705 0.3265625 0.4329411764705882 0.3203125 0.4329411764705882 0.3171875 0.4376470588235294 0.3171875 0.4423529411764706 0.3140625 0.4447058823529412 0.3140625 0.4752941176470588 0.309375 0.4776470588235294 0.309375 0.4964705882352941 0.30625 0.4988235294117647 0.30625 0.5223529411764706 0.303125 0.5247058823529411 0.3015625 0.5317647058823529 0.2984375 0.5317647058823529 0.2984375 0.5623529411764706 0.303125 0.5647058823529412 0.303125 0.571764705882353 0.30625 0.5741176470588235 0.30625 0.5788235294117647 0.303125 0.5835294117647059 0.3078125 0.5835294117647059 0.309375 0.5882352941176471 0.3125 0.5882352941176471 0.3140625 0.5952941176470589 0.3234375 0.5952941176470589 0.325 0.5882352941176471 0.3296875 0.5882352941176471 0.3296875 0.5811764705882353 0.3265625 0.5788235294117647 0.3265625 0.5647058823529412 0.3234375 0.5623529411764706 0.3234375 0.52 0.3265625 0.5176470588235295 0.3265625 0.4823529411764706 0.33125 0.4752941176470588 0.340625 0.4752941176470588 0.3421875 0.4682352941176471 0.3484375 0.4682352941176471 0.3484375 0.4611764705882353 0.3515625 0.4588235294117647 0.3515625 0.4447058823529412 0.3484375 0.4423529411764706 0.3484375 0.42823529411764705 0.3453125 0.4258823529411765 0.3453125 0.4211764705882353 0.3390625 0.4211764705882353 0.3390625 0.4235294117647059 0.3375 0.42823529411764705 0.328125 0.42823529411764705
2 0.4 0.20941176470588235 0.3984375 0.21411764705882352 0.39375 0.21411764705882352 0.3890625 0.22588235294117648 0.3859375 0.22588235294117648 0.3828125 0.23058823529411765 0.3828125 0.24 0.38125 0.24235294117647058 0.375 0.24235294117647058 0.36875 0.25176470588235295 0.36875 0.2611764705882353 0.3640625 0.2635294117647059 0.3640625 0.27294117647058824 0.3609375 0.2752941176470588 0.3609375 0.29411764705882354 0.35625 0.30117647058823527 0.353125 0.30117647058823527 0.353125 0.34823529411764703 0.3578125 0.35058823529411764 0.3578125 0.36 0.3671875 0.36 0.36875 0.35294117647058826 0.3734375 0.35294117647058826 0.3796875 0.34352941176470586 0.3890625 0.34352941176470586 0.3890625 0.3388235294117647 0.3921875 0.33647058823529413 0.3921875 0.32941176470588235 0.3953125 0.3270588235294118 0.3953125 0.3176470588235294 0.4 0.31058823529411766 0.403125 0.31058823529411766 0.4046875 0.3058823529411765 0.409375 0.3058823529411765 0.4109375 0.2988235294117647 0.4140625 0.2988235294117647 0.4140625 0.2917647058823529 0.4203125 0.28941176470588237 0.421875 0.2823529411764706 0.428125 0.2823529411764706 0.43125 0.2776470588235294 0.43125 0.26823529411764707 0.4359375 0.26588235294117646 0.4359375 0.24235294117647058 0.4390625 0.24 0.4390625 0.2188235294117647 0.4359375 0.21411764705882352 0.4328125 0.21411764705882352 0.43125 0.20941176470588235 0.4265625 0.20941176470588235 0.425 0.2023529411764706 0.4078125 0.2023529411764706 0.4078125 0.20470588235294118 0.40625 0.20941176470588235 0.4 0.20941176470588235
2 0.35625 0.6729411764705883 0.35 0.6729411764705883 0.3484375 0.6635294117647059 0.3171875 0.6635294117647059 0.3171875 0.6752941176470588 0.3140625 0.6776470588235294 0.3125 0.6847058823529412 0.309375 0.6847058823529412 0.3078125 0.6894117647058824 0.303125 0.6894117647058824 0.3015625 0.6941176470588235 0.2953125 0.6941176470588235 0.2953125 0.6988235294117647 0.290625 0.7058823529411765 0.2875 0.7058823529411765 0.284375 0.7105882352941176 0.284375 0.72 0.2796875 0.7270588235294118 0.2765625 0.7270588235294118 0.2765625 0.7364705882352941 0.2734375 0.7388235294117647 0.2734375 0.7482352941176471 0.26875 0.7552941176470588 0.265625 0.7552941176470588 0.265625 0.8352941176470589 0.2703125 0.8376470588235294 0.2703125 0.8447058823529412 0.2734375 0.8470588235294118 0.2734375 0.8564705882352941 0.28125 0.8635294117647059 0.28125 0.8682352941176471 0.3125 0.8682352941176471 0.3140625 0.8611764705882353 0.31875 0.8611764705882353 0.3203125 0.8564705882352941 0.3265625 0.8564705882352941 0.328125 0.851764705882353 0.334375 0.851764705882353 0.334375 0.8423529411764706 0.3375 0.84 0.3375 0.8258823529411765 0.340625 0.8235294117647058 0.3421875 0.8141176470588235 0.3453125 0.8141176470588235 0.3453125 0.8047058823529412 0.3515625 0.7976470588235294 0.3515625 0.788235294117647 0.359375 0.7811764705882352 0.359375 0.7717647058823529 0.3625 0.7694117647058824 0.3625 0.76 0.3671875 0.7576470588235295 0.3671875 0.7505882352941177 0.3703125 0.7482352941176471 0.3703125 0.7388235294117647 0.3734375 0.7364705882352941 0.3734375 0.7223529411764706 0.378125 0.72 0.378125 0.7058823529411765 0.38125 0.7035294117647058 0.38125 0.6894117647058824 0.384375 0.6870588235294117 0.384375 0.6635294117647059 0.375 0.6635294117647059 0.3734375 0.6564705882352941 0.3609375 0.6564705882352941 0.3609375 0.6588235294117647 0.3578125 0.6635294117647059 0.35625 0.6729411764705883
2 0.4734375 0.14823529411764705 0.471875 0.15529411764705883 0.465625 0.15529411764705883 0.4578125 0.16941176470588235 0.4515625 0.16941176470588235 0.4515625 0.17882352941176471 0.4484375 0.1811764705882353 0.4484375 0.19058823529411764 0.44375 0.19294117647058823 0.44375 0.2 0.440625 0.2023529411764706 0.440625 0.2776470588235294 0.4484375 0.2847058823529412 0.4484375 0.28941176470588237 0.4515625 0.2917647058823529 0.4515625 0.2988235294117647 0.4546875 0.30117647058823527 0.4546875 0.3058823529411765 0.4578125 0.3058823529411765 0.459375 0.2988235294117647 0.4640625 0.2988235294117647 0.465625 0.29411764705882354 0.46875 0.29411764705882354 0.46875 0.2847058823529412 0.471875 0.2823529411764706 0.471875 0.2752941176470588 0.475 0.27294117647058824 0.475 0.2635294117647059 0.4765625 0.2611764705882353 0.4828125 0.2611764705882353 0.4875 0.24941176470588236 0.490625 0.24941176470588236 0.490625 0.23058823529411765 0.49375 0.22823529411764706 0.49375 0.2188235294117647 0.496875 0.2164705882352941 0.496875 0.20941176470588235 0.5015625 0.20705882352941177 0.5015625 0.2023529411764706 0.509375 0.19058823529411764 0.515625 0.19058823529411764 0.515625 0.18588235294117647 0.5265625 0.17411764705882352 0.5265625 0.16941176470588235 0.53125 0.1623529411764706 0.534375 0.1623529411764706 0.534375 0.15529411764705883 0.528125 0.15529411764705883 0.5265625 0.14823529411764705 0.5171875 0.14823529411764705 0.515625 0.14352941176470588 0.503125 0.14352941176470588 0.503125 0.14588235294117646 0.5015625 0.14823529411764705 0.4734375 0.14823529411764705
2 0.2515625 0.29411764705882354 0.2484375 0.2964705882352941 0.2484375 0.35294117647058826 0.2515625 0.3552941176470588 0.2515625 0.36941176470588233 0.2546875 0.37176470588235294 0.2546875 0.38588235294117645 0.259375 0.38823529411764707 0.259375 0.39294117647058824 0.26875 0.39294117647058824 0.2703125 0.3976470588235294 0.2859375 0.3976470588235294 0.2875 0.39294117647058824 0.3265625 0.39294117647058824 0.328125 0.3976470588235294 0.3375 0.3976470588235294 0.3390625 0.39294117647058824 0.3453125 0.39294117647058824 0.3453125 0.38823529411764707 0.3515625 0.3811764705882353 0.3515625 0.36705882352941177 0.346875 0.36705882352941177 0.3453125 0.3623529411764706 0.3359375 0.3623529411764706 0.334375 0.3552941176470588 0.325 0.3552941176470588 0.3234375 0.35058823529411764 0.3171875 0.35058823529411764 0.3125 0.34352941176470586 0.3125 0.3388235294117647 0.309375 0.3388235294117647 0.3015625 0.3247058823529412 0.2984375 0.3247058823529412 0.296875 0.3176470588235294 0.290625 0.30823529411764705 0.2859375 0.3058823529411765 0.2859375 0.30117647058823527 0.2796875 0.2917647058823529 0.275 0.28941176470588237 0.275 0.2847058823529412 0.265625 0.2847058823529412 0.2640625 0.28 0.2546875 0.28 0.2546875 0.2823529411764706 0.2515625 0.2847058823529412 0.2515625 0.29411764705882354
2 0.4078125 0.30117647058823527 0.4078125 0.3058823529411765 0.403125 0.3129411764705882 0.4 0.3129411764705882 0.396875 0.3176470588235294 0.396875 0.3270588235294118 0.39375 0.32941176470588235 0.39375 0.33647058823529413 0.390625 0.3388235294117647 0.3890625 0.3458823529411765 0.3828125 0.3458823529411765 0.378125 0.3552941176470588 0.371875 0.3552941176470588 0.371875 0.36 0.36875 0.3623529411764706 0.36875 0.36941176470588233 0.371875 0.37176470588235294 0.371875 0.3764705882352941 0.375 0.3811764705882353 0.3796875 0.3835294117647059 0.3796875 0.39294117647058824 0.384375 0.39294117647058824 0.3859375 0.3976470588235294 0.390625 0.4 0.390625 0.40941176470588236 0.4171875 0.40941176470588236 0.41875 0.41411764705882353 0.4390625 0.41411764705882353 0.44375 0.4023529411764706 0.446875 0.4023529411764706 0.4484375 0.3976470588235294 0.453125 0.3976470588235294 0.453125 0.38823529411764707 0.4578125 0.38588235294117645 0.4578125 0.36705882352941177 0.4546875 0.36705882352941177 0.45 0.36 0.45 0.3341176470588235 0.446875 0.33176470588235296 0.446875 0.30117647058823527 0.4421875 0.2988235294117647 0.4421875 0.2917647058823529 0.4359375 0.28941176470588237 0.4359375 0.2847058823529412 0.421875 0.2847058823529412 0.421875 0.28705882352941176 0.4140625 0.30117647058823527 0.4078125 0.30117647058823527
2 0.2484375 0.4 0.246875 0.4047058823529412 0.24375 0.4047058823529412 0.24375 0.40941176470588236 0.2359375 0.4211764705882353 0.2328125 0.4211764705882353 0.2328125 0.43529411764705883 0.2296875 0.4376470588235294 0.2296875 0.4588235294117647 0.2328125 0.4611764705882353 0.2328125 0.4682352941176471 0.246875 0.4682352941176471 0.2484375 0.46352941176470586 0.2578125 0.46352941176470586 0.259375 0.4588235294117647 0.271875 0.4588235294117647 0.2734375 0.45176470588235296 0.2859375 0.45176470588235296 0.2875 0.4470588235294118 0.29375 0.4470588235294118 0.296875 0.45176470588235296 0.2984375 0.4470588235294118 0.3078125 0.4470588235294118 0.309375 0.4423529411764706 0.3125 0.4423529411764706 0.3125 0.4376470588235294 0.3203125 0.4258823529411765 0.3265625 0.4258823529411765 0.328125 0.4188235294117647 0.334375 0.4188235294117647 0.3375 0.41411764705882353 0.3375 0.4047058823529412 0.334375 0.4 0.325 0.4 0.3234375 0.3952941176470588 0.2875 0.3952941176470588 0.2859375 0.4 0.265625 0.4 0.2640625 0.3952941176470588 0.259375 0.3952941176470588 0.259375 0.3976470588235294 0.2578125 0.4 0.2484375 0.4
2 0.2546875 0.5694117647058824 0.253125 0.5741176470588235 0.2484375 0.5741176470588235 0.246875 0.5811764705882353 0.2328125 0.5811764705882353 0.23125 0.5858823529411765 0.221875 0.5858823529411765 0.2140625 0.6023529411764705 0.2109375 0.6023529411764705 0.2078125 0.6070588235294118 0.2078125 0.611764705882353 0.2046875 0.6141176470588235 0.2046875 0.6211764705882353 0.2 0.6235294117647059 0.2 0.6329411764705882 0.196875 0.6352941176470588 0.196875 0.6447058823529411 0.19375 0.6470588235294118 0.19375 0.6611764705882353 0.190625 0.6635294117647059 0.190625 0.6705882352941176 0.1859375 0.6729411764705883 0.1859375 0.6752941176470588 0.190625 0.6776470588235294 0.190625 0.7035294117647058 0.1953125 0.7035294117647058 0.196875 0.7082352941176471 0.203125 0.7082352941176471 0.2046875 0.7152941176470589 0.2140625 0.7152941176470589 0.215625 0.72 0.25 0.72 0.2546875 0.7082352941176471 0.2578125 0.7082352941176471 0.2640625 0.6988235294117647 0.265625 0.691764705882353 0.26875 0.691764705882353 0.275 0.6823529411764706 0.2765625 0.6752941176470588 0.2796875 0.6752941176470588 0.28125 0.6705882352941176 0.2859375 0.6705882352941176 0.2875 0.6658823529411765 0.29375 0.6658823529411765 0.2953125 0.6611764705882353 0.3046875 0.6611764705882353 0.30625 0.6541176470588236 0.3125 0.6541176470588236 0.3140625 0.6494117647058824 0.31875 0.6494117647058824 0.3203125 0.6447058823529411 0.3234375 0.6447058823529411 0.328125 0.6541176470588236 0.3453125 0.6541176470588236 0.3484375 0.6470588235294118 0.3453125 0.6447058823529411 0.3453125 0.6235294117647059 0.340625 0.6211764705882353 0.340625 0.6141176470588235 0.3375 0.611764705882353 0.3375 0.6023529411764705 0.334375 0.6 0.334375 0.5905882352941176 0.3171875 0.5905882352941176 0.315625 0.5858823529411765 0.309375 0.5858823529411765 0.3078125 0.5835294117647059 0.3078125 0.5694117647058824 0.3046875 0.5647058823529412 0.2734375 0.5647058823529412 0.2734375 0.5670588235294117 0.271875 0.5694117647058824 0.2546875 0.5694117647058824
2 0.421875 0.6023529411764705 0.4203125 0.6070588235294118 0.415625 0.6070588235294118 0.4140625 0.6141176470588235 0.4109375 0.6141176470588235 0.4109375 0.6211764705882353 0.4078125 0.6235294117647059 0.4078125 0.6282352941176471 0.403125 0.6352941176470588 0.4 0.6352941176470588 0.396875 0.64 0.396875 0.6447058823529411 0.39375 0.6470588235294118 0.39375 0.6658823529411765 0.4 0.6752941176470588 0.4046875 0.6776470588235294 0.4046875 0.6870588235294117 0.4078125 0.6894117647058824 0.4078125 0.6988235294117647 0.4109375 0.7011764705882353 0.4109375 0.7082352941176471 0.415625 0.7105882352941176 0.415625 0.7152941176470589 0.421875 0.7247058823529412 0.428125 0.7247058823529412 0.4296875 0.731764705882353 0.4359375 0.731764705882353 0.44375 0.7435294117647059 0.44375 0.7529411764705882 0.446875 0.7529411764705882 0.4515625 0.76 0.4515625 0.7647058823529411 0.4609375 0.7647058823529411 0.4625 0.7694117647058824 0.5015625 0.7694117647058824 0.5046875 0.7647058823529411 0.5046875 0.76 0.5078125 0.7576470588235295 0.5078125 0.7505882352941177 0.5125 0.7482352941176471 0.5125 0.7388235294117647 0.515625 0.7364705882352941 0.515625 0.7270588235294118 0.5125 0.7247058823529412 0.5125 0.7176470588235294 0.5078125 0.7152941176470589 0.5078125 0.7105882352941176 0.5046875 0.7058823529411765 0.465625 0.7058823529411765 0.4640625 0.7011764705882353 0.4515625 0.7011764705882353 0.446875 0.6894117647058824 0.44375 0.6894117647058824 0.4390625 0.6823529411764706 0.4390625 0.668235294117647 0.44375 0.6611764705882353 0.446875 0.6611764705882353 0.4484375 0.6541176470588236 0.453125 0.6541176470588236 0.4546875 0.6447058823529411 0.4578125 0.6447058823529411 0.4578125 0.6188235294117647 0.4546875 0.6188235294117647 0.45 0.611764705882353 0.45 0.6070588235294118 0.446875 0.6023529411764705 0.440625 0.6023529411764705 0.4390625 0.5976470588235294 0.4296875 0.5976470588235294 0.4296875 0.6 0.428125 0.6023529411764705 0.421875 0.6023529411764705
2 0.61875 0.691764705882353 0.615625 0.6941176470588235 0.6140625 0.7011764705882353 0.6078125 0.7011764705882353 0.60625 0.7058823529411765 0.6 0.7058823529411765 0.5984375 0.7105882352941176 0.590625 0.7105882352941176 0.5890625 0.7176470588235294 0.5828125 0.7176470588235294 0.58125 0.7105882352941176 0.571875 0.7105882352941176 0.5703125 0.7058823529411765 0.5609375 0.7058823529411765 0.559375 0.7011764705882353 0.553125 0.7011764705882353 0.546875 0.7105882352941176 0.546875 0.72 0.5421875 0.7223529411764706 0.5421875 0.7482352941176471 0.5453125 0.7482352941176471 0.553125 0.76 0.553125 0.7647058823529411 0.5578125 0.7670588235294118 0.5578125 0.7741176470588236 0.5640625 0.7764705882352941 0.5640625 0.7811764705882352 0.5671875 0.7811764705882352 0.56875 0.7741176470588236 0.571875 0.7764705882352941 0.571875 0.7811764705882352 0.609375 0.7811764705882352 0.6109375 0.7741176470588236 0.625 0.7741176470588236 0.628125 0.7694117647058824 0.628125 0.76 0.63125 0.7576470588235295 0.63125 0.7435294117647059 0.6359375 0.7411764705882353 0.6359375 0.7341176470588235 0.6390625 0.731764705882353 0.6390625 0.7105882352941176 0.6359375 0.7058823529411765 0.6328125 0.7058823529411765 0.628125 0.6988235294117647 0.628125 0.6941176470588235 0.625 0.691764705882353 0.625 0.6776470588235294 0.621875 0.6776470588235294 0.621875 0.6823529411764706 0.61875 0.6847058823529412 0.61875 0.691764705882353
2 0.571875 0.4447058823529412 0.56875 0.44941176470588234 0.56875 0.4588235294117647 0.5640625 0.4611764705882353 0.5640625 0.48 0.5703125 0.48 0.575 0.48705882352941177 0.575 0.49176470588235294 0.58125 0.49176470588235294 0.5859375 0.5011764705882353 0.5890625 0.5011764705882353 0.59375 0.508235294117647 0.59375 0.5129411764705882 0.603125 0.5129411764705882 0.603125 0.508235294117647 0.60625 0.5058823529411764 0.60625 0.4988235294117647 0.609375 0.4964705882352941 0.609375 0.47058823529411764 0.60625 0.4682352941176471 0.60625 0.4376470588235294 0.5796875 0.4376470588235294 0.5796875 0.44 0.578125 0.4447058823529412 0.571875 0.4447058823529412
2 0.534375 0.16941176470588235 0.53125 0.16941176470588235 0.53125 0.17411764705882352 0.5234375 0.18588235294117647 0.5171875 0.18588235294117647 0.5171875 0.1952941176470588 0.515625 0.1976470588235294 0.509375 0.1976470588235294 0.5015625 0.21411764705882352 0.4984375 0.21411764705882352 0.4984375 0.2235294117647059 0.4953125 0.22588235294117648 0.4953125 0.2611764705882353 0.4984375 0.26588235294117646 0.5125 0.26588235294117646 0.5140625 0.27294117647058824 0.5265625 0.27294117647058824 0.53125 0.2823529411764706 0.5359375 0.2847058823529412 0.5359375 0.28941176470588237 0.5421875 0.2988235294117647 0.546875 0.30117647058823527 0.546875 0.3058823529411765 0.553125 0.3129411764705882 0.553125 0.32235294117647056 0.55625 0.32235294117647056 0.5609375 0.32941176470588235 0.5609375 0.33647058823529413 0.5640625 0.3388235294117647 0.5640625 0.34823529411764703 0.5703125 0.34823529411764703 0.571875 0.35058823529411764 0.571875 0.36 0.575 0.36470588235294116 0.578125 0.36470588235294116 0.5828125 0.37176470588235294 0.5828125 0.3764705882352941 0.5859375 0.3788235294117647 0.5859375 0.39294117647058824 0.5828125 0.3976470588235294 0.5890625 0.3976470588235294 0.590625 0.4023529411764706 0.5984375 0.4023529411764706 0.5984375 0.3952941176470588 0.603125 0.39294117647058824 0.603125 0.3835294117647059 0.60625 0.3811764705882353 0.60625 0.36705882352941177 0.609375 0.36470588235294116 0.609375 0.2635294117647059 0.60625 0.2611764705882353 0.60625 0.23058823529411765 0.603125 0.22823529411764706 0.603125 0.2188235294117647 0.5984375 0.2164705882352941 0.5984375 0.20941176470588235 0.5953125 0.20705882352941177 0.5953125 0.1976470588235294 0.5890625 0.19058823529411764 0.5890625 0.1811764705882353 0.5859375 0.1811764705882353 0.58125 0.17411764705882352 0.58125 0.16941176470588235 0.578125 0.16470588235294117 0.571875 0.16470588235294117 0.5703125 0.16 0.5421875 0.16 0.5421875 0.1623529411764706 0.5359375 0.16470588235294117 0.534375 0.16941176470588235
2 0.3140625 0.6776470588235294 0.3125 0.6847058823529412 0.309375 0.6847058823529412 0.3078125 0.6894117647058824 0.303125 0.6894117647058824 0.3015625 0.6941176470588235 0.2953125 0.6941176470588235 0.2953125 0.6988235294117647 0.290625 0.7058823529411765 0.2875 0.7058823529411765 0.284375 0.7105882352941176 0.284375 0.72 0.2796875 0.7270588235294118 0.2765625 0.7270588235294118 0.2765625 0.731764705882353 0.2734375 0.7341176470588235 0.2734375 0.7411764705882353 0.2703125 0.7435294117647059 0.2703125 0.7529411764705882 0.265625 0.7552941176470588 0.265625 0.8352941176470589 0.2703125 0.8376470588235294 0.2703125 0.851764705882353 0.2765625 0.8611764705882353 0.28125 0.8635294117647059 0.28125 0.8682352941176471 0.3078125 0.8682352941176471 0.309375 0.8611764705882353 0.31875 0.8611764705882353 0.3203125 0.8564705882352941 0.3234375 0.8564705882352941 0.3265625 0.851764705882353 0.3265625 0.8470588235294118 0.3296875 0.8447058823529412 0.3296875 0.8376470588235294 0.334375 0.8352941176470589 0.334375 0.8211764705882353 0.3375 0.8188235294117647 0.3375 0.8047058823529412 0.340625 0.8023529411764706 0.340625 0.7670588235294118 0.3453125 0.7647058823529411 0.3453125 0.7552941176470588 0.3484375 0.7529411764705882 0.3484375 0.7270588235294118 0.3515625 0.7247058823529412 0.3515625 0.6729411764705883 0.3484375 0.6705882352941176 0.3484375 0.6635294117647059 0.325 0.6635294117647059 0.325 0.6658823529411765 0.3203125 0.668235294117647 0.3140625 0.6776470588235294
2 0.615625 0.47058823529411764 0.615625 0.5058823529411764 0.61875 0.508235294117647 0.61875 0.5129411764705882 0.621875 0.5176470588235295 0.625 0.5176470588235295 0.6296875 0.5247058823529411 0.6296875 0.5294117647058824 0.6328125 0.5341176470588235 0.6359375 0.5341176470588235 0.640625 0.5411764705882353 0.640625 0.5458823529411765 0.64375 0.5505882352941176 0.646875 0.5505882352941176 0.6515625 0.5576470588235294 0.6515625 0.5623529411764706 0.6546875 0.5647058823529412 0.6546875 0.571764705882353 0.659375 0.5741176470588235 0.659375 0.5952941176470589 0.6625 0.5976470588235294 0.6625 0.611764705882353 0.659375 0.6141176470588235 0.659375 0.6211764705882353 0.6625 0.6235294117647059 0.6625 0.6376470588235295 0.665625 0.64 0.665625 0.6447058823529411 0.66875 0.6447058823529411 0.66875 0.64 0.6765625 0.6282352941176471 0.6828125 0.6282352941176471 0.6828125 0.6188235294117647 0.6859375 0.6164705882352941 0.6859375 0.5694117647058824 0.6796875 0.5623529411764706 0.6796875 0.5576470588235294 0.6765625 0.5576470588235294 0.66875 0.5458823529411765 0.66875 0.5411764705882353 0.665625 0.5411764705882353 0.6609375 0.5341176470588235 0.6609375 0.5247058823529411 0.6578125 0.5223529411764706 0.6578125 0.5152941176470588 0.653125 0.5129411764705882 0.653125 0.4988235294117647 0.646875 0.49176470588235294 0.646875 0.4823529411764706 0.64375 0.4823529411764706 0.6390625 0.4752941176470588 0.6390625 0.46588235294117647 0.63125 0.4588235294117647 0.63125 0.4541176470588235 0.625 0.4447058823529412 0.6109375 0.4447058823529412 0.6109375 0.4470588235294118 0.6109375 0.4682352941176471 0.615625 0.47058823529411764