1 0.8859375 0.01912568306010929 0.8828125 0.01912568306010929 0.88125 0.030054644808743168 0.8828125 0.03278688524590164 0.8953125 0.03825136612021858 0.9234375 0.03825136612021858 0.925 0.04371584699453552 0.9296875 0.04644808743169399 0.9421875 0.04371584699453552 0.95 0.05737704918032787 0.9515625 0.05191256830601093 0.95625 0.04918032786885246 0.9640625 0.04918032786885246 0.965625 0.05737704918032787 0.96875 0.060109289617486336 0.9796875 0.060109289617486336 0.98125 0.06284153005464481 0.9796875 0.06557377049180328 0.9515625 0.06557377049180328 0.9484375 0.07103825136612021 0.95625 0.08196721311475409 0.9578125 0.08743169398907104 0.95625 0.09016393442622951 0.9484375 0.08743169398907104 0.940625 0.09289617486338798 0.928125 0.09289617486338798 0.921875 0.09562841530054644 0.91875 0.10382513661202186 0.896875 0.1092896174863388 0.8953125 0.11475409836065574 0.875 0.12295081967213115 0.8703125 0.13387978142076504 0.8625 0.1366120218579235 0.8390625 0.17759562841530055 0.8390625 0.1830601092896175 0.834375 0.1885245901639344 0.8328125 0.1994535519125683 0.828125 0.20491803278688525 0.8234375 0.226775956284153 0.8203125 0.22950819672131148 0.81875 0.2896174863387978 0.8171875 0.2923497267759563 0.815625 0.3251366120218579 0.8125 0.32786885245901637 0.8109375 0.3360655737704918 0.8078125 0.37158469945355194 0.8046875 0.3743169398907104 0.803125 0.3825136612021858 0.803125 0.3989071038251366 0.8 0.40710382513661203 0.8 0.412568306010929 0.79375 0.42349726775956287 0.7921875 0.4426229508196721 0.7890625 0.4453551912568306 0.7890625 0.4972677595628415 0.7921875 0.5 0.7921875 0.5136612021857924 0.7953125 0.5245901639344263 0.796875 0.5491803278688525 0.8 0.5519125683060109 0.803125 0.5683060109289617 0.80625 0.5683060109289617 0.8078125 0.5765027322404371 0.8125 0.5792349726775956 0.8125 0.5901639344262295 0.8171875 0.5983606557377049 0.81875 0.6256830601092896 0.8203125 0.6284153005464481 0.81875 0.644808743169399 0.8203125 0.6475409836065574 0.8203125 0.6639344262295082 0.8234375 0.6666666666666666 0.8265625 0.6885245901639344 0.83125 0.6939890710382514 0.83125 0.6994535519125683 0.8359375 0.7131147540983607 0.8421875 0.7185792349726776 0.84375 0.726775956284153 0.8515625 0.7377049180327869 0.8515625 0.7431693989071039 0.859375 0.7568306010928961 0.8625 0.7568306010928961 0.8734375 0.7759562841530054 0.875 0.7841530054644809 0.8875 0.7896174863387978 0.896875 0.7896174863387978 0.8984375 0.7950819672131147 0.9046875 0.8005464480874317 0.9171875 0.8032786885245902 0.91875 0.8087431693989071 0.9515625 0.8169398907103825 0.953125 0.8224043715846995 0.959375 0.8224043715846995 0.9609375 0.825136612021858 0.996875 0.825136612021858 0.9984375 0.8224043715846995 0.9984375 0.6202185792349727 0.996875 0.6147540983606558 0.9984375 0.6120218579234973 0.9984375 0.592896174863388 0.996875 0.5901639344262295 0.996875 0.5683060109289617 0.9953125 0.5655737704918032 0.996875 0.5 0.9953125 0.4972677595628415 0.9953125 0.4726775956284153 0.9984375 0.4672131147540984 0.996875 0.45901639344262296 0.9984375 0.44808743169398907 0.996875 0.4453551912568306 0.9984375 0.4344262295081967 0.996875 0.43169398907103823 0.9984375 0.42896174863387976 0.9984375 0.13114754098360656 0.9953125 0.12568306010928962 0.996875 0.11748633879781421 0.9953125 0.11475409836065574 0.9953125 0.10382513661202186 0.9984375 0.09836065573770492 0.9984375 0.07923497267759563 0.9921875 0.07377049180327869 0.990625 0.06830601092896176 0.9921875 0.06557377049180328 0.9984375 0.06557377049180328 0.9984375 0.04918032786885246 0.9890625 0.04371584699453552 0.9890625 0.03278688524590164 0.990625 0.030054644808743168 0.9921875 0.03551912568306011 0.9953125 0.03551912568306011 0.9984375 0.02459016393442623 0.9953125 0.01912568306010929 0.990625 0.02185792349726776 0.9875 0.01366120218579235 0.9828125 0.01092896174863388 0.975 0.01366120218579235 0.9734375 0.01912568306010929 0.9703125 0.01092896174863388 0.9640625 0.01366120218579235 0.95625 0.00819672131147541 0.9546875 0.01092896174863388 0.95 0.00819672131147541 0.9484375 0.01092896174863388 0.940625 0.00819672131147541 0.9375 0.01092896174863388 0.9359375 0.00819672131147541 0.9296875 0.01092896174863388 0.9265625 0.00819672131147541 0.925 0.01092896174863388 0.9234375 0.00819672131147541 0.9125 0.00819672131147541 0.9109375 0.01092896174863388 0.903125 0.01092896174863388 0.9015625 0.00819672131147541 0.9 0.00819672131147541 0.890625 0.01092896174863388 0.8859375 0.01912568306010929
1 0 0.7978142076502732 0.003125 0.7978142076502732 0.003125 0.7923497267759563 0.009375 0.7814207650273224 0.0140625 0.7595628415300546 0.0171875 0.7568306010928961 0.021875 0.7213114754098361 0.0265625 0.7131147540983607 0.0296875 0.6830601092896175 0.0328125 0.680327868852459 0.034375 0.6557377049180327 0.0375 0.6475409836065574 0.0375 0.6420765027322405 0.040625 0.639344262295082 0.0453125 0.6065573770491803 0.0484375 0.6038251366120219 0.0484375 0.5819672131147541 0.0515625 0.5683060109289617 0.0515625 0.5573770491803278 0.05625 0.5491803278688525 0.0578125 0.5382513661202186 0.059375 0.4453551912568306 0.0578125 0.4426229508196721 0.0578125 0.42349726775956287 0.053125 0.41530054644808745 0.053125 0.39617486338797814 0.05625 0.39344262295081966 0.05625 0.3825136612021858 0.0609375 0.37158469945355194 0.0609375 0.3551912568306011 0.0640625 0.3524590163934426 0.065625 0.3442622950819672 0.0671875 0.3333333333333333 0.0671875 0.3005464480874317 0.0609375 0.2896174863387978 0.05625 0.2540983606557377 0.053125 0.25136612021857924 0.05 0.22404371584699453 0.0453125 0.22131147540983606 0.0453125 0.2103825136612022 0.040625 0.1912568306010929 0.0359375 0.1912568306010929 0.0359375 0.19398907103825136 0.03125 0.1994535519125683 0.028125 0.22404371584699453 0.0234375 0.23224043715846995 0.021875 0.24863387978142076 0.015625 0.2568306010928962 0.0125 0.27595628415300544 0 0.29508196721311475 0 0.7978142076502732
1 0.2015625 0.10382513661202186 0.190625 0.11748633879781421 0.178125 0.12295081967213115 0.1765625 0.1284153005464481 0.1703125 0.1284153005464481 0.159375 0.1366120218579235 0.1546875 0.1366120218579235 0.153125 0.14207650273224043 0.140625 0.15027322404371585 0.1359375 0.15846994535519127 0.1234375 0.16393442622950818 0.1140625 0.1830601092896175 0.1171875 0.1885245901639344 0.1203125 0.1885245901639344 0.121875 0.19398907103825136 0.1171875 0.20218579234972678 0.1171875 0.22131147540983606 0.1125 0.23224043715846995 0.1125 0.23770491803278687 0.0953125 0.2677595628415301 0.0921875 0.2677595628415301 0.0890625 0.273224043715847 0.0890625 0.2786885245901639 0.0859375 0.2814207650273224 0.08125 0.3005464480874317 0.08125 0.3087431693989071 0.078125 0.3114754098360656 0.075 0.3524590163934426 0.0734375 0.36065573770491804 0.0703125 0.3633879781420765 0.06875 0.3879781420765027 0.0671875 0.3907103825136612 0.0671875 0.40710382513661203 0.065625 0.4098360655737705 0.065625 0.4426229508196721 0.0671875 0.4453551912568306 0.06875 0.48633879781420764 0.0703125 0.4890710382513661 0.0703125 0.5 0.0734375 0.5027322404371585 0.0734375 0.5109289617486339 0.0765625 0.5191256830601093 0.078125 0.5382513661202186 0.08125 0.5409836065573771 0.08125 0.5491803278688525 0.0859375 0.5601092896174863 0.0859375 0.5655737704918032 0.090625 0.5710382513661202 0.090625 0.5765027322404371 0.09375 0.5846994535519126 0.1015625 0.5983606557377049 0.1015625 0.6038251366120219 0.1046875 0.6065573770491803 0.109375 0.6256830601092896 0.1203125 0.6420765027322405 0.125 0.6584699453551912 0.1609375 0.7185792349726776 0.1625 0.726775956284153 0.175 0.7486338797814208 0.175 0.7540983606557377 0.190625 0.7786885245901639 0.19375 0.7950819672131147 0.2015625 0.8032786885245902 0.2046875 0.8032786885245902 0.2078125 0.8114754098360656 0.2125 0.8142076502732241 0.23125 0.8524590163934426 0.2359375 0.855191256830601 0.25625 0.8934426229508197 0.259375 0.8934426229508197 0.2640625 0.9043715846994536 0.2671875 0.9043715846994536 0.2734375 0.9180327868852459 0.2859375 0.9234972677595629 0.321875 0.9234972677595629 0.328125 0.9180327868852459 0.334375 0.9180327868852459 0.3359375 0.912568306010929 0.3453125 0.907103825136612 0.35 0.8961748633879781 0.353125 0.8961748633879781 0.35625 0.8907103825136612 0.35625 0.8852459016393442 0.3765625 0.8497267759562842 0.38125 0.8360655737704918 0.38125 0.8306010928961749 0.3859375 0.8224043715846995 0.3890625 0.7978142076502732 0.3921875 0.7950819672131147 0.396875 0.7704918032786885 0.4 0.76775956284153 0.4046875 0.7540983606557377 0.4046875 0.7377049180327869 0.4078125 0.7349726775956285 0.4125 0.7021857923497268 0.415625 0.6994535519125683 0.415625 0.680327868852459 0.4203125 0.6475409836065574 0.4203125 0.6284153005464481 0.4234375 0.6256830601092896 0.4234375 0.6065573770491803 0.4265625 0.5901639344262295 0.428125 0.5409836065573771 0.4265625 0.5382513661202186 0.4265625 0.47540983606557374 0.425 0.4726775956284153 0.425 0.41530054644808745 0.4234375 0.412568306010929 0.4234375 0.39617486338797814 0.4203125 0.39344262295081966 0.4171875 0.3770491803278688 0.415625 0.34153005464480873 0.4109375 0.3360655737704918 0.409375 0.32786885245901637 0.4 0.3114754098360656 0.4015625 0.2978142076502732 0.4078125 0.2896174863387978 0.4078125 0.2786885245901639 0.4046875 0.27595628415300544 0.4046875 0.25956284153005466 0.403125 0.2540983606557377 0.3984375 0.25136612021857924 0.3953125 0.24316939890710382 0.390625 0.24043715846994534 0.3859375 0.22950819672131148 0.38125 0.226775956284153 0.378125 0.20491803278688525 0.3734375 0.1994535519125683 0.371875 0.1912568306010929 0.365625 0.17759562841530055 0.3515625 0.16939890710382513 0.3484375 0.16120218579234974 0.340625 0.1557377049180328 0.3390625 0.15027322404371585 0.3328125 0.14754098360655737 0.3296875 0.14207650273224043 0.3265625 0.14207650273224043 0.325 0.1366120218579235 0.3203125 0.1366120218579235 0.3140625 0.1284153005464481 0.3109375 0.1284153005464481 0.30625 0.12021857923497267 0.2875 0.11475409836065574 0.2859375 0.1092896174863388 0.2484375 0.10655737704918032 0.246875 0.10382513661202186 0.234375 0.10109289617486339 0.2328125 0.09562841530054644 0.2234375 0.09562841530054644 0.2234375 0.09836065573770492 0.221875 0.10109289617486339 0.2015625 0.10382513661202186
1 0.8890625 0.4972677595628415 0.8859375 0.5027322404371585 0.8828125 0.5027322404371585 0.8609375 0.5409836065573771 0.8515625 0.546448087431694 0.85 0.5519125683060109 0.8390625 0.5601092896174863 0.8328125 0.5710382513661202 0.828125 0.5710382513661202 0.8234375 0.5792349726775956 0.8203125 0.5792349726775956 0.815625 0.5846994535519126 0.815625 0.5983606557377049 0.8203125 0.6229508196721312 0.81875 0.639344262295082 0.8203125 0.6475409836065574 0.8234375 0.6502732240437158 0.8234375 0.6584699453551912 0.8203125 0.6639344262295082 0.8234375 0.6666666666666666 0.828125 0.6912568306010929 0.83125 0.6939890710382514 0.83125 0.6994535519125683 0.8359375 0.7131147540983607 0.84375 0.7240437158469946 0.84375 0.7295081967213115 0.846875 0.7295081967213115 0.8515625 0.7377049180327869 0.8515625 0.7431693989071039 0.859375 0.7568306010928961 0.8640625 0.7595628415300546 0.875 0.7786885245901639 0.875 0.7841530054644809 0.8875 0.7896174863387978 0.9 0.7896174863387978 0.9046875 0.7978142076502732 0.9234375 0.8032786885245902 0.928125 0.8114754098360656 0.9546875 0.8169398907103825 0.95625 0.8224043715846995 0.9625 0.8224043715846995 0.9640625 0.825136612021858 0.9953125 0.825136612021858 0.9984375 0.8224043715846995 0.9984375 0.6147540983606558 0.996875 0.6092896174863388 0.9984375 0.6065573770491803 0.9984375 0.592896174863388 0.9953125 0.5819672131147541 0.990625 0.5819672131147541 0.9875 0.6038251366120219 0.9828125 0.6120218579234973 0.9796875 0.6338797814207651 0.9765625 0.6366120218579235 0.9765625 0.644808743169399 0.9734375 0.6530054644808743 0.96875 0.6557377049180327 0.9671875 0.6612021857923497 0.9640625 0.6612021857923497 0.9625 0.6557377049180327 0.953125 0.6502732240437158 0.95 0.6420765027322405 0.9453125 0.639344262295082 0.934375 0.6202185792349727 0.934375 0.6147540983606558 0.9265625 0.6038251366120219 0.9234375 0.587431693989071 0.9203125 0.5846994535519126 0.915625 0.5655737704918032 0.9125 0.5628415300546448 0.9078125 0.5409836065573771 0.9046875 0.5382513661202186 0.9046875 0.5300546448087432 0.9 0.5109289617486339 0.8984375 0.5109289617486339 0.89375 0.4972677595628415 0.8890625 0.4972677595628415
1 0.003125 0 0.003125 0.00273224043715847 0 0.00546448087431694 0 0.02185792349726776 0.003125 0.02459016393442623 0.003125 0.030054644808743168 0 0.03278688524590164 0 0.8005464480874317 0.009375 0.7841530054644809 0.0140625 0.7595628415300546 0.0171875 0.7568306010928961 0.021875 0.7240437158469946 0.025 0.7213114754098361 0.028125 0.7049180327868853 0.0296875 0.6830601092896175 0.0328125 0.680327868852459 0.034375 0.6721311475409836 0.0375 0.6420765027322405 0.040625 0.639344262295082 0.0453125 0.6092896174863388 0.0484375 0.6065573770491803 0.0484375 0.5819672131147541 0.0515625 0.5710382513661202 0.0515625 0.5573770491803278 0.05625 0.5519125683060109 0.0578125 0.505464480874317 0.0609375 0.4890710382513661 0.059375 0.48360655737704916 0.059375 0.4371584699453552 0.05625 0.4207650273224044 0.05625 0.3879781420765027 0.0609375 0.3743169398907104 0.0609375 0.36065573770491804 0.0640625 0.35792349726775957 0.065625 0.34972677595628415 0.06875 0.31420765027322406 0.071875 0.3114754098360656 0.0734375 0.28415300546448086 0.0765625 0.2786885245901639 0.0765625 0.273224043715847 0.0828125 0.2650273224043716 0.0828125 0.24316939890710382 0.0796875 0.226775956284153 0.075 0.22131147540983606 0.0734375 0.21311475409836064 0.0671875 0.2103825136612022 0.065625 0.20218579234972678 0.0609375 0.1994535519125683 0.059375 0.1830601092896175 0.05625 0.17759562841530055 0.046875 0.17486338797814208 0.0421875 0.16666666666666666 0.040625 0.15846994535519127 0.034375 0.1557377049180328 0.0359375 0.15027322404371585 0.034375 0.14754098360655737 0.0296875 0.1448087431693989 0.0296875 0.1284153005464481 0.0328125 0.12568306010928962 0.0328125 0.12021857923497267 0.0296875 0.11475409836065574 0.0328125 0.1092896174863388 0.028125 0.1092896174863388 0.021875 0.10109289617486339 0.021875 0.09562841530054644 0.0265625 0.09016393442622951 0.053125 0.09289617486338798 0.0546875 0.09016393442622951 0.0609375 0.09016393442622951 0.0640625 0.09289617486338798 0.0671875 0.10109289617486339 0.0671875 0.10655737704918032 0.0703125 0.11202185792349727 0.0671875 0.12021857923497267 0.0671875 0.1284153005464481 0.0625 0.13387978142076504 0.0625 0.14207650273224043 0.059375 0.14754098360655737 0.059375 0.15300546448087432 0.0625 0.15846994535519127 0.0625 0.16939890710382513 0.0671875 0.1721311475409836 0.06875 0.16939890710382513 0.0765625 0.16939890710382513 0.0765625 0.16120218579234974 0.0796875 0.15846994535519127 0.0796875 0.14207650273224043 0.08125 0.13934426229508196 0.0796875 0.10382513661202186 0.0765625 0.10109289617486339 0.0765625 0.09562841530054644 0.071875 0.08743169398907104 0.071875 0.08196721311475409 0.0671875 0.07650273224043716 0.065625 0.06557377049180328 0.05 0.03825136612021858 0.053125 0.03278688524590164 0.053125 0.00546448087431694 0.0390625 0.00546448087431694 0.0359375 0.01092896174863388 0.028125 0.00546448087431694 0.0265625 0 0.003125 0
1 0.58125 0.01366120218579235 0.58125 0.01912568306010929 0.5796875 0.02185792349726776 0.5734375 0.02185792349726776 0.571875 0.01366120218579235 0.56875 0.01366120218579235 0.565625 0.00546448087431694 0.5296875 0.00546448087431694 0.5359375 0.00819672131147541 0.528125 0.01366120218579235 0.5265625 0.02185792349726776 0.528125 0.02459016393442623 0.5265625 0.0273224043715847 0.521875 0.0273224043715847 0.5234375 0.03278688524590164 0.5203125 0.03825136612021858 0.521875 0.040983606557377046 0.521875 0.05737704918032787 0.5265625 0.05737704918032787 0.528125 0.04918032786885246 0.5328125 0.04644808743169399 0.5328125 0.040983606557377046 0.5296875 0.03825136612021858 0.534375 0.030054644808743168 0.540625 0.030054644808743168 0.540625 0.0273224043715847 0.5359375 0.02459016393442623 0.534375 0.0273224043715847 0.53125 0.02459016393442623 0.5296875 0.01912568306010929 0.53125 0.01639344262295082 0.540625 0.01912568306010929 0.54375 0.01639344262295082 0.5453125 0.02185792349726776 0.55 0.02185792349726776 0.553125 0.01639344262295082 0.5640625 0.01639344262295082 0.56875 0.02459016393442623 0.5765625 0.02459016393442623 0.578125 0.0273224043715847 0.5765625 0.03551912568306011 0.578125 0.04371584699453552 0.5734375 0.05191256830601093 0.5734375 0.05737704918032787 0.5703125 0.060109289617486336 0.5734375 0.06284153005464481 0.5671875 0.06830601092896176 0.565625 0.07377049180327869 0.5515625 0.07377049180327869 0.5484375 0.07923497267759563 0.5453125 0.07923497267759563 0.54375 0.08743169398907104 0.528125 0.09016393442622951 0.5265625 0.08743169398907104 0.5125 0.08743169398907104 0.5078125 0.09289617486338798 0.5046875 0.11475409836065574 0.4984375 0.12295081967213115 0.496875 0.14754098360655737 0.490625 0.15846994535519127 0.4890625 0.16939890710382513 0.4796875 0.17486338797814208 0.46875 0.1721311475409836 0.4640625 0.17759562841530055 0.4609375 0.17759562841530055 0.45625 0.18579234972677597 0.45625 0.19398907103825136 0.4484375 0.20491803278688525 0.4484375 0.21584699453551912 0.440625 0.22950819672131148 0.440625 0.23497267759562843 0.4359375 0.24043715846994534 0.434375 0.25136612021857924 0.425 0.2677595628415301 0.421875 0.2677595628415301 0.41875 0.273224043715847 0.4171875 0.2786885245901639 0.4171875 0.3087431693989071 0.41875 0.3114754098360656 0.41875 0.33060109289617484 0.4203125 0.3333333333333333 0.421875 0.36065573770491804 0.425 0.3633879781420765 0.425 0.3770491803278688 0.428125 0.3989071038251366 0.4328125 0.40710382513661203 0.4375 0.42896174863387976 0.4421875 0.4371584699453552 0.4453125 0.46174863387978143 0.4484375 0.4644808743169399 0.453125 0.4808743169398907 0.45625 0.48360655737704916 0.459375 0.4918032786885246 0.459375 0.4972677595628415 0.4640625 0.5027322404371585 0.46875 0.5273224043715847 0.4734375 0.5327868852459017 0.4765625 0.5491803278688525 0.4796875 0.5519125683060109 0.484375 0.5792349726775956 0.4890625 0.5846994535519126 0.4890625 0.5901639344262295 0.4921875 0.5983606557377049 0.4953125 0.6010928961748634 0.5 0.6174863387978142 0.50625 0.6284153005464481 0.5078125 0.644808743169399 0.5125 0.6530054644808743 0.515625 0.6775956284153005 0.51875 0.680327868852459 0.51875 0.6885245901639344 0.521875 0.6967213114754098 0.5234375 0.7213114754098361 0.5265625 0.7240437158469946 0.5265625 0.73224043715847 0.53125 0.7540983606557377 0.5359375 0.7622950819672131 0.5375 0.7814207650273224 0.54375 0.7923497267759563 0.546875 0.8114754098360656 0.5765625 0.8633879781420765 0.5796875 0.8633879781420765 0.584375 0.8688524590163934 0.6078125 0.8715846994535519 0.609375 0.8688524590163934 0.621875 0.8688524590163934 0.634375 0.8633879781420765 0.640625 0.8524590163934426 0.646875 0.8497267759562842 0.65625 0.8306010928961749 0.665625 0.825136612021858 0.6703125 0.8142076502732241 0.6734375 0.8142076502732241 0.6765625 0.8087431693989071 0.6765625 0.8032786885245902 0.6828125 0.7950819672131147 0.6859375 0.7786885245901639 0.6890625 0.7759562841530054 0.690625 0.7650273224043715 0.696875 0.7540983606557377 0.7015625 0.7377049180327869 0.7140625 0.7158469945355191 0.7171875 0.6967213114754098 0.728125 0.6775956284153005 0.7328125 0.6584699453551912 0.7328125 0.6502732240437158 0.7359375 0.6475409836065574 0.7359375 0.6366120218579235 0.7390625 0.6202185792349727 0.7453125 0.6065573770491803 0.7484375 0.5710382513661202 0.753125 0.5655737704918032 0.75625 0.5437158469945356 0.759375 0.5409836065573771 0.7609375 0.5163934426229508 0.7640625 0.5109289617486339 0.7640625 0.5027322404371585 0.76875 0.4972677595628415 0.771875 0.4781420765027322 0.775 0.47540983606557374 0.7796875 0.45901639344262296 0.7828125 0.4562841530054645 0.7875 0.4207650273224044 0.7921875 0.412568306010929 0.7953125 0.39344262295081966 0.7984375 0.3907103825136612 0.8 0.366120218579235 0.803125 0.35792349726775957 0.803125 0.3360655737704918 0.80625 0.3333333333333333 0.8078125 0.31420765027322406 0.8109375 0.30601092896174864 0.8109375 0.2677595628415301 0.8140625 0.2650273224043716 0.8109375 0.26229508196721313 0.8109375 0.2103825136612022 0.8078125 0.19398907103825136 0.8078125 0.17759562841530055 0.8 0.15846994535519127 0.771875 0.15846994535519127 0.76875 0.1366120218579235 0.7640625 0.1366120218579235 0.7640625 0.14754098360655737 0.7625 0.15027322404371585 0.75625 0.15027322404371585 0.753125 0.1448087431693989 0.753125 0.1366120218579235 0.7421875 0.13387978142076504 0.740625 0.13934426229508196 0.74375 0.13934426229508196 0.746875 0.1448087431693989 0.74375 0.15027322404371585 0.73125 0.15027322404371585 0.7328125 0.15846994535519127 0.7453125 0.15300546448087432 0.746875 0.14754098360655737 0.75 0.15027322404371585 0.75 0.1557377049180328 0.759375 0.15300546448087432 0.765625 0.16393442622950818 0.7609375 0.17486338797814208 0.75625 0.17486338797814208 0.7546875 0.16939890710382513 0.746875 0.16939890710382513 0.74375 0.17486338797814208 0.740625 0.17486338797814208 0.7390625 0.1721311475409836 0.740625 0.16939890710382513 0.734375 0.16939890710382513 0.7328125 0.17486338797814208 0.7234375 0.1721311475409836 0.7265625 0.17486338797814208 0.7265625 0.18032786885245902 0.7234375 0.1830601092896175 0.7203125 0.17486338797814208 0.7171875 0.17759562841530055 0.709375 0.16393442622950818 0.703125 0.16120218579234974 0.7015625 0.15027322404371585 0.6953125 0.15027322404371585 0.69375 0.14754098360655737 0.696875 0.14207650273224043 0.69375 0.14207650273224043 0.690625 0.13114754098360656 0.684375 0.1284153005464481 0.6859375 0.12295081967213115 0.6796875 0.12021857923497267 0.6765625 0.11475409836065574 0.675 0.10382513661202186 0.678125 0.09836065573770492 0.6890625 0.09836065573770492 0.6890625 0.09289617486338798 0.6828125 0.09562841530054644 0.68125 0.09289617486338798 0.6859375 0.08469945355191257 0.6859375 0.07923497267759563 0.6828125 0.07650273224043716 0.684375 0.06830601092896176 0.6828125 0.06557377049180328 0.678125 0.06830601092896176 0.6671875 0.060109289617486336 0.66875 0.06284153005464481 0.6671875 0.07103825136612021 0.6640625 0.07377049180327869 0.659375 0.060109289617486336 0.659375 0.0546448087431694 0.6546875 0.05191256830601093 0.6546875 0.04644808743169399 0.6578125 0.040983606557377046 0.6484375 0.040983606557377046 0.64375 0.03278688524590164 0.6453125 0.030054644808743168 0.659375 0.030054644808743168 0.6625 0.02459016393442623 0.6578125 0.01912568306010929 0.6578125 0.01366120218579235 0.659375 0.01092896174863388 0.665625 0.01092896174863388 0.665625 0.00819672131147541 0.659375 0.00546448087431694 0.6375 0.00546448087431694 0.63125 0.00819672131147541 0.63125 0.01639344262295082 0.6265625 0.02459016393442623 0.6234375 0.02459016393442623 0.61875 0.01366120218579235 0.6125 0.01366120218579235 0.6078125 0.02185792349726776 0.59375 0.01912568306010929 0.590625 0.02459016393442623 0.584375 0.01912568306010929 0.584375 0.01366120218579235 0.5796875 0.01092896174863388 0.584375 0.00546448087431694 0.578125 0.00546448087431694 0.5765625 0.01092896174863388 0.58125 0.01366120218579235
2 0.8328125 0 0.8328125 0.00273224043715847 0.8328125 0.00819672131147541 0.8375 0.01092896174863388 0.8421875 0.01912568306010929 0.8578125 0.02459016393442623 0.859375 0.030054644808743168 0.865625 0.03278688524590164 0.8875 0.03825136612021858 0.8890625 0.04371584699453552 0.9171875 0.04371584699453552 0.9359375 0.05191256830601093 0.94375 0.05191256830601093 0.9453125 0.05737704918032787 0.98125 0.060109289617486336 0.99375 0.06557377049180328 0.9953125 0.07103825136612021 0.9984375 0.07103825136612021 0.9984375 0.00546448087431694 0.9953125 0 0.8328125 0
2 0.7296875 0 0.7296875 0.00273224043715847 0.7265625 0.00546448087431694 0.73125 0.01092896174863388 0.73125 0.01639344262295082 0.74375 0.02459016393442623 0.746875 0.03278688524590164 0.753125 0.03551912568306011 0.75625 0.04371584699453552 0.771875 0.05191256830601093 0.7734375 0.05737704918032787 0.7828125 0.05737704918032787 0.784375 0.04644808743169399 0.7828125 0.040983606557377046 0.7703125 0.03278688524590164 0.759375 0.01366120218579235 0.746875 0.00546448087431694 0.740625 0.00546448087431694 0.7390625 0 0.7296875 0
2 0.8765625 0.1830601092896175 0.8640625 0.1912568306010929 0.8625 0.19672131147540983 0.859375 0.19672131147540983 0.8546875 0.20218579234972678 0.853125 0.2103825136612022 0.84375 0.21584699453551912 0.8390625 0.226775956284153 0.828125 0.23224043715846995 0.8203125 0.2459016393442623 0.81875 0.2540983606557377 0.8171875 0.2650273224043716 0.8171875 0.2978142076502732 0.815625 0.3005464480874317 0.815625 0.3114754098360656 0.8125 0.31420765027322406 0.8109375 0.3442622950819672 0.8078125 0.3551912568306011 0.8078125 0.3633879781420765 0.8046875 0.366120218579235 0.803125 0.3743169398907104 0.8015625 0.3989071038251366 0.796875 0.40710382513661203 0.796875 0.412568306010929 0.79375 0.4207650273224044 0.7921875 0.43989071038251365 0.7890625 0.4426229508196721 0.7890625 0.4562841530054645 0.7875 0.45901639344262296 0.7890625 0.4644808743169399 0.7890625 0.5027322404371585 0.7921875 0.505464480874317 0.796875 0.5519125683060109 0.8 0.5546448087431693 0.8046875 0.5710382513661202 0.8078125 0.5710382513661202 0.809375 0.5765027322404371 0.815625 0.5765027322404371 0.8171875 0.5710382513661202 0.83125 0.5655737704918032 0.8359375 0.5573770491803278 0.846875 0.5519125683060109 0.85 0.5437158469945356 0.853125 0.5437158469945356 0.8609375 0.5355191256830601 0.865625 0.5245901639344263 0.86875 0.5245901639344263 0.8859375 0.49453551912568305 0.8890625 0.4781420765027322 0.8921875 0.47540983606557374 0.8921875 0.4344262295081967 0.8890625 0.43169398907103823 0.8921875 0.42896174863387976 0.8921875 0.39617486338797814 0.8890625 0.39344262295081966 0.8890625 0.3879781420765027 0.8921875 0.38524590163934425 0.89375 0.3770491803278688 0.89375 0.3360655737704918 0.8984375 0.3251366120218579 0.9046875 0.3224043715846995 0.9078125 0.31693989071038253 0.9078125 0.3114754098360656 0.9109375 0.30601092896174864 0.9125 0.273224043715847 0.91875 0.26229508196721313 0.91875 0.2459016393442623 0.9125 0.24043715846994534 0.9046875 0.24043715846994534 0.903125 0.23770491803278687 0.9015625 0.226775956284153 0.9046875 0.2185792349726776 0.8984375 0.21584699453551912 0.8953125 0.2103825136612022 0.8953125 0.18579234972677597 0.896875 0.1830601092896175 0.8953125 0.17759562841530055 0.8890625 0.17486338797814208 0.8875 0.17486338797814208 0.878125 0.17759562841530055 0.8765625 0.1830601092896175
2 0.9109375 0.1994535519125683 0.9046875 0.1994535519125683 0.903125 0.20218579234972678 0.9046875 0.2103825136612022 0.91875 0.21311475409836064 0.9234375 0.2103825136612022 0.9328125 0.21584699453551912 0.93125 0.2185792349726776 0.925 0.2185792349726776 0.9234375 0.22404371584699453 0.9203125 0.22404371584699453 0.9171875 0.2185792349726776 0.9125 0.226775956284153 0.9125 0.23497267759562843 0.921875 0.25136612021857924 0.921875 0.2650273224043716 0.91875 0.27049180327868855 0.9171875 0.28415300546448086 0.9140625 0.28688524590163933 0.9140625 0.30327868852459017 0.9109375 0.3087431693989071 0.9109375 0.319672131147541 0.903125 0.3333333333333333 0.896875 0.33879781420765026 0.8984375 0.3469945355191257 0.896875 0.34972677595628415 0.896875 0.37158469945355194 0.8953125 0.3743169398907104 0.8953125 0.3989071038251366 0.8984375 0.41530054644808745 0.8953125 0.4207650273224044 0.896875 0.42349726775956287 0.896875 0.44808743169398907 0.8953125 0.45081967213114754 0.8953125 0.48633879781420764 0.8984375 0.5 0.9015625 0.5027322404371585 0.90625 0.5355191256830601 0.909375 0.5382513661202186 0.9109375 0.5491803278688525 0.9140625 0.5546448087431693 0.9140625 0.5628415300546448 0.9203125 0.5737704918032787 0.9203125 0.5792349726775956 0.925 0.5846994535519126 0.925 0.5901639344262295 0.9296875 0.6038251366120219 0.934375 0.6092896174863388 0.9359375 0.6174863387978142 0.953125 0.6475409836065574 0.95625 0.6475409836065574 0.9609375 0.6530054644808743 0.9671875 0.6530054644808743 0.971875 0.6475409836065574 0.971875 0.6420765027322405 0.975 0.6338797814207651 0.978125 0.6311475409836066 0.9828125 0.5983606557377049 0.9859375 0.5956284153005464 0.9859375 0.587431693989071 0.9890625 0.5792349726775956 0.9890625 0.5601092896174863 0.990625 0.5519125683060109 0.99375 0.5491803278688525 0.996875 0.5027322404371585 0.99375 0.48633879781420764 0.990625 0.48360655737704916 0.990625 0.45901639344262296 0.9859375 0.4453551912568306 0.9859375 0.4371584699453552 0.9828125 0.4344262295081967 0.98125 0.4262295081967213 0.978125 0.39344262295081966 0.975 0.3907103825136612 0.9734375 0.33879781420765026 0.9671875 0.3333333333333333 0.9671875 0.3224043715846995 0.9703125 0.319672131147541 0.9703125 0.31420765027322406 0.9734375 0.3087431693989071 0.9734375 0.2650273224043716 0.9703125 0.2540983606557377 0.9703125 0.23224043715846995 0.9734375 0.22404371584699453 0.9703125 0.21584699453551912 0.975 0.2103825136612022 0.9671875 0.20218579234972678 0.953125 0.20218579234972678 0.9484375 0.20491803278688525 0.946875 0.20218579234972678 0.9484375 0.1994535519125683 0.94375 0.1912568306010929 0.925 0.1912568306010929 0.91875 0.18579234972677597 0.9140625 0.18579234972677597 0.9140625 0.1885245901639344 0.9140625 0.19398907103825136 0.9109375 0.1994535519125683
2 0.8 0.040983606557377046 0.7984375 0.04644808743169399 0.7859375 0.05191256830601093 0.7828125 0.060109289617486336 0.7734375 0.06830601092896176 0.765625 0.08196721311475409 0.765625 0.10109289617486339 0.76875 0.10382513661202186 0.76875 0.11475409836065574 0.7734375 0.14207650273224043 0.7796875 0.15300546448087432 0.7921875 0.1557377049180328 0.79375 0.15300546448087432 0.809375 0.15300546448087432 0.8109375 0.1557377049180328 0.8109375 0.16666666666666666 0.8171875 0.17486338797814208 0.8171875 0.18032786885245902 0.8203125 0.18579234972677597 0.8265625 0.18579234972677597 0.8453125 0.15300546448087432 0.85 0.13934426229508196 0.85 0.13387978142076504 0.853125 0.13114754098360656 0.85 0.1284153005464481 0.85 0.12021857923497267 0.846875 0.11475409836065574 0.846875 0.1092896174863388 0.8515625 0.10109289617486339 0.8609375 0.09836065573770492 0.8609375 0.09289617486338798 0.8421875 0.060109289617486336 0.8421875 0.0546448087431694 0.8390625 0.04918032786885246 0.8359375 0.04918032786885246 0.8296875 0.03825136612021858 0.828125 0.03825136612021858 0.8046875 0.03825136612021858 0.8 0.040983606557377046
2 0 0.2923497267759563 0.0046875 0.2896174863387978 0.0046875 0.28415300546448086 0.0171875 0.26229508196721313 0.021875 0.23224043715846995 0.0265625 0.22404371584699453 0.028125 0.1994535519125683 0.0296875 0.19672131147540983 0.0296875 0.17759562841530055 0.0265625 0.1721311475409836 0.0234375 0.1721311475409836 0.0171875 0.15846994535519127 0.0140625 0.15846994535519127 0.009375 0.14754098360655737 0.00625 0.14754098360655737 0 0.1366120218579235 0 0.13934426229508196 0 0.2923497267759563
2 0.05 0.21311475409836064 0.053125 0.226775956284153 0.0546875 0.24863387978142076 0.0578125 0.25136612021857924 0.0578125 0.26229508196721313 0.0609375 0.27049180327868855 0.0625 0.2896174863387978 0.0671875 0.29508196721311475 0.0703125 0.33060109289617484 0.071875 0.33060109289617484 0.071875 0.319672131147541 0.075 0.3087431693989071 0.0765625 0.2923497267759563 0.0796875 0.2896174863387978 0.08125 0.273224043715847 0.084375 0.2650273224043716 0.084375 0.25136612021857924 0.0875 0.24863387978142076 0.0875 0.23770491803278687 0.075 0.21584699453551912 0.0671875 0.2103825136612022 0.0640625 0.20218579234972678 0.053125 0.19672131147540983 0.0515625 0.1912568306010929 0.04375 0.1885245901639344 0.04375 0.1912568306010929 0.046875 0.2103825136612022 0.05 0.21311475409836064
2 0.2484375 0.15846994535519127 0.2453125 0.16393442622950818 0.2421875 0.16393442622950818 0.2359375 0.17759562841530055 0.23125 0.17759562841530055 0.2296875 0.18579234972677597 0.2265625 0.18579234972677597 0.2234375 0.1912568306010929 0.2171875 0.1912568306010929 0.2140625 0.18579234972677597 0.19375 0.1885245901639344 0.190625 0.1912568306010929 0.190625 0.1994535519125683 0.1875 0.20218579234972678 0.1875 0.2103825136612022 0.1921875 0.21584699453551912 0.19375 0.22404371584699453 0.2046875 0.22950819672131148 0.209375 0.24043715846994534 0.2109375 0.2923497267759563 0.2140625 0.29508196721311475 0.2140625 0.30327868852459017 0.21875 0.31420765027322406 0.21875 0.3251366120218579 0.221875 0.32786885245901637 0.2265625 0.34972677595628415 0.2375 0.36885245901639346 0.240625 0.38524590163934425 0.246875 0.3907103825136612 0.25625 0.4098360655737705 0.25625 0.4262295081967213 0.253125 0.43989071038251365 0.25 0.4426229508196721 0.25 0.453551912568306 0.2484375 0.4562841530054645 0.2484375 0.4890710382513661 0.2515625 0.49453551912568305 0.253125 0.4890710382513661 0.259375 0.48360655737704916 0.2625 0.4890710382513661 0.2625 0.49453551912568305 0.265625 0.5027322404371585 0.26875 0.505464480874317 0.26875 0.5136612021857924 0.275 0.5109289617486339 0.2796875 0.48360655737704916 0.278125 0.43169398907103823 0.2828125 0.42896174863387976 0.29375 0.4453551912568306 0.3078125 0.44808743169398907 0.3109375 0.4344262295081967 0.3109375 0.3907103825136612 0.315625 0.38524590163934425 0.3203125 0.39344262295081966 0.3203125 0.3989071038251366 0.325 0.40437158469945356 0.3265625 0.41530054644808745 0.33125 0.42349726775956287 0.334375 0.43989071038251365 0.3515625 0.46994535519125685 0.35625 0.4726775956284153 0.359375 0.4808743169398907 0.3828125 0.5 0.396875 0.5 0.4 0.4972677595628415 0.403125 0.4098360655737705 0.4015625 0.40710382513661203 0.4 0.3551912568306011 0.396875 0.3524590163934426 0.396875 0.34153005464480873 0.3953125 0.33879781420765026 0.3953125 0.32786885245901637 0.3921875 0.319672131147541 0.3921875 0.3114754098360656 0.4 0.30327868852459017 0.4046875 0.2923497267759563 0.4046875 0.25956284153005466 0.4 0.2459016393442623 0.3921875 0.23770491803278687 0.3890625 0.23770491803278687 0.384375 0.22404371584699453 0.38125 0.22131147540983606 0.378125 0.2103825136612022 0.378125 0.20218579234972678 0.3734375 0.19672131147540983 0.3734375 0.1912568306010929 0.3640625 0.17486338797814208 0.35625 0.1721311475409836 0.353125 0.16393442622950818 0.346875 0.16393442622950818 0.340625 0.15846994535519127 0.3125 0.15846994535519127 0.3109375 0.1557377049180328 0.296875 0.1557377049180328 0.2953125 0.15027322404371585 0.2796875 0.15027322404371585 0.2796875 0.15300546448087432 0.278125 0.1557377049180328 0.2484375 0.15846994535519127
2 0.9796875 0.1994535519125683 0.971875 0.19672131147540983 0.9703125 0.1912568306010929 0.9640625 0.1912568306010929 0.959375 0.18579234972677597 0.95625 0.18579234972677597 0.95 0.16120218579234974 0.9515625 0.14754098360655737 0.946875 0.14207650273224043 0.9390625 0.14754098360655737 0.928125 0.1448087431693989 0.9234375 0.1366120218579235 0.909375 0.1284153005464481 0.9078125 0.1284153005464481 0.8890625 0.1366120218579235 0.884375 0.14754098360655737 0.88125 0.14754098360655737 0.8734375 0.16120218579234974 0.859375 0.16120218579234974 0.85625 0.16939890710382513 0.8515625 0.16939890710382513 0.85625 0.1721311475409836 0.853125 0.1830601092896175 0.8484375 0.17759562841530055 0.8453125 0.18579234972677597 0.840625 0.1885245901639344 0.8359375 0.19672131147540983 0.8453125 0.1994535519125683 0.8484375 0.20491803278688525 0.846875 0.2103825136612022 0.840625 0.2103825136612022 0.8390625 0.20491803278688525 0.8328125 0.20491803278688525 0.83125 0.2103825136612022 0.828125 0.2103825136612022 0.828125 0.21584699453551912 0.8328125 0.21584699453551912 0.834375 0.22131147540983606 0.83125 0.226775956284153 0.825 0.226775956284153 0.8234375 0.22950819672131148 0.825 0.23770491803278687 0.8203125 0.2459016393442623 0.815625 0.3224043715846995 0.8125 0.3251366120218579 0.8109375 0.3333333333333333 0.8109375 0.3469945355191257 0.8078125 0.366120218579235 0.8046875 0.36885245901639346 0.8015625 0.4016393442622951 0.796875 0.4098360655737705 0.7921875 0.43169398907103823 0.7921875 0.4453551912568306 0.7890625 0.44808743169398907 0.7890625 0.5 0.7921875 0.5027322404371585 0.796875 0.5491803278688525 0.8 0.5519125683060109 0.803125 0.5683060109289617 0.809375 0.5710382513661202 0.8109375 0.5765027322404371 0.8140625 0.5765027322404371 0.815625 0.5710382513661202 0.8296875 0.5683060109289617 0.8359375 0.5573770491803278 0.846875 0.5519125683060109 0.85 0.5437158469945356 0.85625 0.5409836065573771 0.8640625 0.5273224043715847 0.86875 0.5245901639344263 0.8890625 0.48633879781420764 0.89375 0.48633879781420764 0.8984375 0.5027322404371585 0.9015625 0.505464480874317 0.90625 0.5273224043715847 0.90625 0.5382513661202186 0.909375 0.5409836065573771 0.9140625 0.5546448087431693 0.9140625 0.5628415300546448 0.9171875 0.5655737704918032 0.91875 0.5765027322404371 0.925 0.587431693989071 0.9296875 0.6038251366120219 0.934375 0.6092896174863388 0.9359375 0.6174863387978142 0.953125 0.6475409836065574 0.95625 0.6475409836065574 0.9609375 0.6530054644808743 0.9671875 0.6530054644808743 0.9734375 0.644808743169399 0.975 0.6338797814207651 0.978125 0.6311475409836066 0.9828125 0.5983606557377049 0.9875 0.5901639344262295 0.990625 0.5546448087431693 0.99375 0.5519125683060109 0.9953125 0.5163934426229508 0.996875 0.5136612021857924 0.996875 0.5 0.99375 0.48360655737704916 0.99375 0.4562841530054645 0.990625 0.453551912568306 0.9875 0.4426229508196721 0.9890625 0.43989071038251365 0.9890625 0.40437158469945356 0.9859375 0.4016393442622951 0.9890625 0.3989071038251366 0.990625 0.3907103825136612 0.996875 0.3907103825136612 0.996875 0.3879781420765027 0.990625 0.3879781420765027 0.9890625 0.38524590163934425 0.990625 0.3770491803278688 0.9890625 0.366120218579235 0.990625 0.3633879781420765 0.9953125 0.366120218579235 0.9984375 0.35792349726775957 0.9984375 0.3524590163934426 0.996875 0.3551912568306011 0.990625 0.3551912568306011 0.9890625 0.3524590163934426 0.99375 0.34972677595628415 0.990625 0.3469945355191257 0.990625 0.34153005464480873 0.9953125 0.3360655737704918 0.9953125 0.3087431693989071 0.9984375 0.30327868852459017 0.9984375 0.2978142076502732 0.9921875 0.29508196721311475 0.9890625 0.2896174863387978 0.9890625 0.27049180327868855 0.9921875 0.2650273224043716 0.9984375 0.26229508196721313 0.996875 0.2568306010928962 0.9984375 0.2540983606557377 0.99375 0.24863387978142076 0.9953125 0.23224043715846995 0.990625 0.22950819672131148 0.990625 0.22404371584699453 0.984375 0.22404371584699453 0.9828125 0.22131147540983606 0.984375 0.21584699453551912 0.9875 0.21584699453551912 0.990625 0.2103825136612022 0.9875 0.2103825136612022 0.9859375 0.20491803278688525 0.9796875 0.1994535519125683
2 0.084375 0.14207650273224043 0.0890625 0.15027322404371585 0.090625 0.15846994535519127 0.0953125 0.16120218579234974 0.096875 0.16666666666666666 0.1078125 0.16666666666666666 0.109375 0.16120218579234974 0.121875 0.15846994535519127 0.13125 0.15300546448087432 0.1328125 0.14754098360655737 0.1375 0.14754098360655737 0.140625 0.14207650273224043 0.14375 0.14207650273224043 0.146875 0.13114754098360656 0.134375 0.1092896174863388 0.125 0.10655737704918032 0.1203125 0.10109289617486339 0.1171875 0.10109289617486339 0.115625 0.09562841530054644 0.1046875 0.09016393442622951 0.103125 0.09016393442622951 0.0828125 0.09289617486338798 0.084375 0.14207650273224043
2 0.0296875 0 0.0296875 0.00273224043715847 0.05 0.03551912568306011 0.05625 0.03551912568306011 0.0578125 0.00546448087431694 0.05625 0 0.0296875 0
2 0.7859375 0.05191256830601093 0.7828125 0.060109289617486336 0.7734375 0.06830601092896176 0.765625 0.08196721311475409 0.765625 0.09016393442622951 0.76875 0.09289617486338798 0.7875 0.09016393442622951 0.7890625 0.08743169398907104 0.8078125 0.08743169398907104 0.809375 0.09016393442622951 0.821875 0.09289617486338798 0.8265625 0.10109289617486339 0.8390625 0.10655737704918032 0.846875 0.10655737704918032 0.8515625 0.10109289617486339 0.8609375 0.10109289617486339 0.8609375 0.09289617486338798 0.8484375 0.07377049180327869 0.8484375 0.06830601092896176 0.8453125 0.060109289617486336 0.8375 0.04644808743169399 0.834375 0.04644808743169399 0.8296875 0.03825136612021858 0.8203125 0.03825136612021858 0.8171875 0.03551912568306011 0.815625 0.03825136612021858 0.8 0.040983606557377046 0.8 0.04371584699453552 0.790625 0.05191256830601093 0.7859375 0.05191256830601093
2 0.140625 0.21311475409836064 0.1390625 0.21584699453551912 0.1234375 0.2185792349726776 0.115625 0.23224043715846995 0.1140625 0.26229508196721313 0.1078125 0.273224043715847 0.1046875 0.2896174863387978 0.1015625 0.2923497267759563 0.1 0.3005464480874317 0.1015625 0.3251366120218579 0.0984375 0.3469945355191257 0.1 0.35792349726775957 0.096875 0.366120218579235 0.096875 0.37158469945355194 0.09375 0.3743169398907104 0.090625 0.3907103825136612 0.090625 0.4180327868852459 0.0890625 0.4207650273224044 0.0890625 0.4562841530054645 0.09375 0.48633879781420764 0.09375 0.4972677595628415 0.096875 0.5 0.096875 0.5081967213114754 0.1015625 0.5191256830601093 0.1015625 0.5245901639344263 0.1046875 0.5273224043715847 0.109375 0.5491803278688525 0.1140625 0.5546448087431693 0.1171875 0.5683060109289617 0.1296875 0.587431693989071 0.1296875 0.592896174863388 0.1328125 0.5983606557377049 0.1328125 0.6065573770491803 0.1359375 0.6092896174863388 0.1359375 0.6202185792349727 0.1390625 0.6256830601092896 0.14375 0.6256830601092896 0.146875 0.5956284153005464 0.15 0.592896174863388 0.1515625 0.5846994535519126 0.153125 0.5519125683060109 0.1515625 0.5491803278688525 0.15 0.5163934426229508 0.146875 0.5136612021857924 0.146875 0.5 0.1421875 0.46994535519125685 0.1421875 0.45081967213114754 0.1390625 0.44808743169398907 0.1390625 0.4371584699453552 0.1375 0.4344262295081967 0.1375 0.34972677595628415 0.1390625 0.3469945355191257 0.1390625 0.319672131147541 0.1421875 0.31693989071038253 0.14375 0.28415300546448086 0.1484375 0.27595628415300544 0.1515625 0.27595628415300544 0.159375 0.26229508196721313 0.1609375 0.23770491803278687 0.159375 0.23497267759562843 0.159375 0.2185792349726776 0.1546875 0.21584699453551912 0.153125 0.21584699453551912 0.1515625 0.21311475409836064 0.140625 0.21311475409836064
2 0.3828125 0.11475409836065574 0.3765625 0.1284153005464481 0.371875 0.1284153005464481 0.3703125 0.13387978142076504 0.375 0.14754098360655737 0.375 0.15300546448087432 0.390625 0.18032786885245902 0.396875 0.1830601092896175 0.4015625 0.18032786885245902 0.4046875 0.16939890710382513 0.4046875 0.15846994535519127 0.4078125 0.1557377049180328 0.4109375 0.11748633879781421 0.4125 0.1092896174863388 0.415625 0.10655737704918032 0.41875 0.07650273224043716 0.4234375 0.07103825136612021 0.4234375 0.06284153005464481 0.4140625 0.06557377049180328 0.4046875 0.08196721311475409 0.403125 0.09016393442622951 0.3953125 0.09562841530054644 0.3953125 0.09836065573770492 0.3859375 0.11475409836065574 0.3828125 0.11475409836065574
2 0 0 0 0.00273224043715847 0 0.02185792349726776 0.003125 0.02459016393442623 0.003125 0.030054644808743168 0 0.03278688524590164 0 0.11748633879781421 0.003125 0.12021857923497267 0.003125 0.12568306010928962 0.0078125 0.13387978142076504 0.0078125 0.13934426229508196 0.0109375 0.13934426229508196 0.015625 0.15300546448087432 0.0203125 0.15300546448087432 0.028125 0.16666666666666666 0.040625 0.17486338797814208 0.0421875 0.18032786885245902 0.0578125 0.1885245901639344 0.06875 0.20765027322404372 0.071875 0.20765027322404372 0.078125 0.21584699453551912 0.084375 0.21584699453551912 0.0859375 0.22131147540983606 0.0921875 0.22131147540983606 0.09375 0.22404371584699453 0.103125 0.22404371584699453 0.1046875 0.21311475409836064 0.0796875 0.16939890710382513 0.08125 0.10655737704918032 0.0765625 0.09836065573770492 0.0734375 0.08196721311475409 0.06875 0.07650273224043716 0.065625 0.06284153005464481 0.053125 0.040983606557377046 0.046875 0.03551912568306011 0.0328125 0.00819672131147541 0.028125 0.00546448087431694 0.0265625 0 0 0
2 0.1984375 0.10382513661202186 0.1890625 0.11748633879781421 0.171875 0.12295081967213115 0.1703125 0.1284153005464481 0.1515625 0.1366120218579235 0.15 0.14207650273224043 0.1375 0.15027322404371585 0.1359375 0.1557377049180328 0.1234375 0.16120218579234974 0.11875 0.16939890710382513 0.1078125 0.17486338797814208 0.1046875 0.18579234972677597 0.10625 0.19672131147540983 0.115625 0.19672131147540983 0.1171875 0.1994535519125683 0.115625 0.20218579234972678 0.1171875 0.2103825136612022 0.1203125 0.21311475409836064 0.1203125 0.22131147540983606 0.1171875 0.22404371584699453 0.1171875 0.24043715846994534 0.1140625 0.25956284153005466 0.1140625 0.2677595628415301 0.1171875 0.27049180327868855 0.1125 0.273224043715847 0.10625 0.28415300546448086 0.10625 0.2978142076502732 0.1015625 0.30601092896174864 0.1046875 0.3087431693989071 0.10625 0.31693989071038253 0.11875 0.31693989071038253 0.1203125 0.319672131147541 0.115625 0.3224043715846995 0.1125 0.33060109289617484 0.11875 0.33060109289617484 0.1203125 0.3251366120218579 0.1234375 0.3333333333333333 0.121875 0.3360655737704918 0.1234375 0.33879781420765026 0.1203125 0.3469945355191257 0.1171875 0.3469945355191257 0.115625 0.34153005464480873 0.1140625 0.3524590163934426 0.1078125 0.34972677595628415 0.109375 0.36065573770491804 0.1046875 0.3633879781420765 0.1078125 0.37158469945355194 0.1015625 0.3825136612021858 0.1046875 0.3879781420765027 0.1015625 0.3907103825136612 0.10625 0.39344262295081966 0.10625 0.3989071038251366 0.103125 0.40710382513661203 0.0984375 0.40710382513661203 0.0953125 0.4016393442622951 0.0921875 0.4016393442622951 0.0921875 0.412568306010929 0.0984375 0.41530054644808745 0.1046875 0.412568306010929 0.10625 0.41530054644808745 0.1046875 0.4180327868852459 0.1078125 0.4262295081967213 0.1109375 0.4262295081967213 0.1140625 0.43169398907103823 0.1125 0.4344262295081967 0.1046875 0.4344262295081967 0.1046875 0.44808743169398907 0.10625 0.45081967213114754 0.10625 0.4672131147540984 0.115625 0.4672131147540984 0.1171875 0.47540983606557374 0.115625 0.4781420765027322 0.1140625 0.47540983606557374 0.10625 0.47540983606557374 0.10625 0.4972677595628415 0.103125 0.5027322404371585 0.1 0.5027322404371585 0.1015625 0.5218579234972678 0.10625 0.5218579234972678 0.109375 0.5355191256830601 0.1140625 0.5355191256830601 0.1171875 0.5409836065573771 0.1140625 0.546448087431694 0.115625 0.5628415300546448 0.125 0.5792349726775956 0.1296875 0.5819672131147541 0.1328125 0.5956284153005464 0.1359375 0.5983606557377049 0.1375 0.6202185792349727 0.14375 0.6092896174863388 0.14375 0.6010928961748634 0.146875 0.5956284153005464 0.1453125 0.5819672131147541 0.15 0.5792349726775956 0.1515625 0.5546448087431693 0.146875 0.5491803278688525 0.146875 0.5437158469945356 0.15 0.5409836065573771 0.146875 0.5382513661202186 0.146875 0.5163934426229508 0.14375 0.5191256830601093 0.1421875 0.5163934426229508 0.14375 0.5109289617486339 0.14375 0.4890710382513661 0.1390625 0.48633879781420764 0.1390625 0.4644808743169399 0.1375 0.45901639344262296 0.1390625 0.4562841530054645 0.1390625 0.4453551912568306 0.134375 0.4207650273224044 0.1359375 0.40710382513661203 0.134375 0.40437158469945356 0.134375 0.3907103825136612 0.1375 0.3770491803278688 0.1375 0.366120218579235 0.1359375 0.3633879781420765 0.1375 0.36065573770491804 0.134375 0.34972677595628415 0.128125 0.3524590163934426 0.1265625 0.34972677595628415 0.128125 0.34153005464480873 0.1234375 0.3360655737704918 0.125 0.3333333333333333 0.134375 0.3333333333333333 0.1359375 0.3360655737704918 0.1375 0.3333333333333333 0.134375 0.3251366120218579 0.1296875 0.3224043715846995 0.1328125 0.31693989071038253 0.1375 0.31693989071038253 0.1375 0.3114754098360656 0.13125 0.3114754098360656 0.1296875 0.3087431693989071 0.1296875 0.29508196721311475 0.134375 0.2923497267759563 0.1359375 0.30327868852459017 0.1390625 0.30327868852459017 0.1390625 0.28688524590163933 0.1484375 0.27049180327868855 0.1515625 0.27049180327868855 0.1546875 0.2650273224043716 0.1546875 0.25956284153005466 0.159375 0.25136612021857924 0.1578125 0.2185792349726776 0.1625 0.2103825136612022 0.1828125 0.2103825136612022 0.1890625 0.21584699453551912 0.19375 0.226775956284153 0.2015625 0.22950819672131148 0.2078125 0.24043715846994534 0.209375 0.25136612021857924 0.209375 0.2896174863387978 0.2140625 0.2978142076502732 0.21875 0.33060109289617484 0.221875 0.3333333333333333 0.2265625 0.3524590163934426 0.2296875 0.3551912568306011 0.234375 0.366120218579235 0.234375 0.37158469945355194 0.240625 0.3825136612021858 0.240625 0.3879781420765027 0.24375 0.3879781420765027 0.2546875 0.40710382513661203 0.2546875 0.43169398907103823 0.253125 0.43989071038251365 0.2484375 0.44808743169398907 0.2484375 0.4890710382513661 0.25 0.49453551912568305 0.253125 0.49453551912568305 0.25625 0.48633879781420764 0.259375 0.48633879781420764 0.265625 0.5027322404371585 0.265625 0.5109289617486339 0.26875 0.5136612021857924 0.275 0.5109289617486339 0.2796875 0.48633879781420764 0.2796875 0.4344262295081967 0.284375 0.43169398907103823 0.2890625 0.4426229508196721 0.3 0.44808743169398907 0.3078125 0.44808743169398907 0.3140625 0.4426229508196721 0.3140625 0.4371584699453552 0.3109375 0.4344262295081967 0.3109375 0.4016393442622951 0.3140625 0.3989071038251366 0.315625 0.3907103825136612 0.31875 0.39344262295081966 0.31875 0.3989071038251366 0.3234375 0.4016393442622951 0.328125 0.42896174863387976 0.33125 0.43169398907103823 0.3296875 0.4371584699453552 0.325 0.4371584699453552 0.325 0.43989071038251365 0.334375 0.43989071038251365 0.3375 0.4426229508196721 0.3421875 0.45081967213114754 0.34375 0.45901639344262296 0.3484375 0.46174863387978143 0.3515625 0.46994535519125685 0.35625 0.4726775956284153 0.359375 0.4808743169398907 0.371875 0.4890710382513661 0.3734375 0.49453551912568305 0.3828125 0.5 0.396875 0.5 0.4015625 0.49453551912568305 0.4 0.48360655737704916 0.4015625 0.4808743169398907 0.403125 0.4016393442622951 0.4015625 0.3989071038251366 0.4 0.34972677595628415 0.396875 0.3469945355191257 0.396875 0.31420765027322406 0.4046875 0.3087431693989071 0.403125 0.3005464480874317 0.4078125 0.29508196721311475 0.4078125 0.2650273224043716 0.4046875 0.26229508196721313 0.4015625 0.2459016393442623 0.3984375 0.2459016393442623 0.39375 0.23770491803278687 0.3890625 0.23497267759562843 0.384375 0.22404371584699453 0.384375 0.2185792349726776 0.3796875 0.21311475409836064 0.378125 0.1994535519125683 0.3734375 0.19398907103825136 0.36875 0.17759562841530055 0.3640625 0.1721311475409836 0.35625 0.16939890710382513 0.353125 0.16120218579234974 0.35 0.16120218579234974 0.346875 0.1557377049180328 0.3421875 0.1557377049180328 0.3375 0.1448087431693989 0.328125 0.14207650273224043 0.321875 0.13114754098360656 0.315625 0.1284153005464481 0.3140625 0.12295081967213115 0.2953125 0.11475409836065574 0.284375 0.11475409836065574 0.2828125 0.1092896174863388 0.2765625 0.10655737704918032 0.2453125 0.10382513661202186 0.23125 0.09289617486338798 0.2171875 0.09562841530054644 0.2171875 0.09836065573770492 0.215625 0.10109289617486339 0.1984375 0.10382513661202186
2 0.4875 0.060109289617486336 0.48125 0.06284153005464481 0.4734375 0.07650273224043716 0.46875 0.07923497267759563 0.4640625 0.09016393442622951 0.4609375 0.09016393442622951 0.45 0.1092896174863388 0.4484375 0.12021857923497267 0.4453125 0.12295081967213115 0.4453125 0.1284153005464481 0.4421875 0.13387978142076504 0.4421875 0.1448087431693989 0.471875 0.1448087431693989 0.4765625 0.1557377049180328 0.4765625 0.16120218579234974 0.4796875 0.16393442622950818 0.4796875 0.16939890710382513 0.4859375 0.1721311475409836 0.490625 0.15846994535519127 0.4953125 0.15300546448087432 0.4984375 0.12021857923497267 0.503125 0.11202185792349727 0.50625 0.07923497267759563 0.509375 0.07650273224043716 0.509375 0.06557377049180328 0.5140625 0.05737704918032787 0.5140625 0.05191256830601093 0.5171875 0.04918032786885246 0.5171875 0.03551912568306011 0.5109375 0.03551912568306011 0.503125 0.040983606557377046 0.503125 0.04371584699453552 0.490625 0.05191256830601093 0.4875 0.060109289617486336
2 0.66875 0.08196721311475409 0.671875 0.10655737704918032 0.675 0.1092896174863388 0.6796875 0.12295081967213115 0.6796875 0.1284153005464481 0.684375 0.13387978142076504 0.6875 0.15300546448087432 0.690625 0.1557377049180328 0.69375 0.1721311475409836 0.6984375 0.17759562841530055 0.703125 0.1912568306010929 0.703125 0.19672131147540983 0.709375 0.20491803278688525 0.7109375 0.21584699453551912 0.7140625 0.2185792349726776 0.71875 0.23224043715846995 0.71875 0.23770491803278687 0.725 0.2459016393442623 0.7265625 0.2568306010928962 0.7296875 0.25956284153005466 0.734375 0.27595628415300544 0.75 0.30327868852459017 0.7609375 0.3114754098360656 0.7703125 0.3114754098360656 0.771875 0.3087431693989071 0.771875 0.2814207650273224 0.775 0.2786885245901639 0.7765625 0.20491803278688525 0.775 0.20218579234972678 0.775 0.17486338797814208 0.771875 0.1721311475409836 0.771875 0.14754098360655737 0.7671875 0.12021857923497267 0.7671875 0.1092896174863388 0.7640625 0.10655737704918032 0.7609375 0.09016393442622951 0.7515625 0.07377049180327869 0.7484375 0.07377049180327869 0.746875 0.06830601092896176 0.7421875 0.06830601092896176 0.7375 0.06284153005464481 0.7265625 0.06557377049180328 0.7171875 0.060109289617486336 0.7078125 0.060109289617486336 0.70625 0.0546448087431694 0.6609375 0.0546448087431694 0.6609375 0.05737704918032787 0.6640625 0.07377049180327869 0.66875 0.08196721311475409
2 0.5421875 0.060109289617486336 0.5359375 0.06284153005464481 0.521875 0.06284153005464481 0.51875 0.06830601092896176 0.5140625 0.06830601092896176 0.5109375 0.07650273224043716 0.5125 0.08469945355191257 0.51875 0.08743169398907104 0.540625 0.08743169398907104 0.5453125 0.08469945355191257 0.546875 0.07923497267759563 0.565625 0.07650273224043716 0.5671875 0.07377049180327869 0.56875 0.07650273224043716 0.58125 0.07923497267759563 0.5828125 0.08469945355191257 0.5890625 0.08743169398907104 0.6046875 0.08743169398907104 0.60625 0.09016393442622951 0.6125 0.08743169398907104 0.615625 0.07923497267759563 0.6109375 0.06557377049180328 0.6046875 0.060109289617486336 0.596875 0.060109289617486336 0.5953125 0.0546448087431694 0.578125 0.0546448087431694 0.5671875 0.04918032786885246 0.565625 0.04918032786885246 0.546875 0.05191256830601093 0.5421875 0.060109289617486336
2 0.4453125 0 0.4453125 0.00273224043715847 0.440625 0.02185792349726776 0.4375 0.02459016393442623 0.4328125 0.04918032786885246 0.425 0.06284153005464481 0.425 0.07103825136612021 0.4203125 0.07650273224043716 0.4171875 0.10655737704918032 0.4140625 0.1092896174863388 0.4125 0.11748633879781421 0.409375 0.16120218579234974 0.415625 0.16120218579234974 0.4390625 0.14207650273224043 0.4421875 0.13114754098360656 0.446875 0.12568306010928962 0.45 0.1092896174863388 0.4671875 0.07923497267759563 0.4703125 0.07923497267759563 0.4765625 0.06557377049180328 0.484375 0.05737704918032787 0.4875 0.05737704918032787 0.490625 0.04918032786885246 0.496875 0.04644808743169399 0.5 0.03825136612021858 0.5125 0.030054644808743168 0.515625 0.02185792349726776 0.51875 0.02185792349726776 0.521875 0.01639344262295082 0.521875 0.01092896174863388 0.525 0.00819672131147541 0.525 0 0.5046875 0 0.503125 0.00546448087431694 0.4921875 0.00546448087431694 0.490625 0 0.4453125 0
2 0.95625 0.08743169398907104 0.9609375 0.09836065573770492 0.9734375 0.10109289617486339 0.975 0.10382513661202186 0.9984375 0.10382513661202186 0.9984375 0.07377049180327869 0.990625 0.07377049180327869 0.9890625 0.06830601092896176 0.971875 0.06557377049180328 0.9703125 0.06284153005464481 0.940625 0.06284153005464481 0.940625 0.06557377049180328 0.953125 0.08743169398907104 0.95625 0.08743169398907104
2 0.4328125 0.15027322404371585 0.43125 0.1557377049180328 0.4265625 0.1557377049180328 0.4140625 0.16393442622950818 0.403125 0.1830601092896175 0.390625 0.1912568306010929 0.3859375 0.20491803278688525 0.3859375 0.22131147540983606 0.3890625 0.226775956284153 0.3921875 0.226775956284153 0.3984375 0.24043715846994534 0.4015625 0.24043715846994534 0.4140625 0.26229508196721313 0.425 0.2650273224043716 0.4328125 0.25136612021857924 0.4328125 0.2459016393442623 0.4390625 0.23497267759562843 0.4390625 0.22950819672131148 0.44375 0.2185792349726776 0.446875 0.21584699453551912 0.4515625 0.19672131147540983 0.4546875 0.19398907103825136 0.4546875 0.1885245901639344 0.459375 0.17759562841530055 0.4703125 0.16666666666666666 0.4734375 0.1557377049180328 0.471875 0.14754098360655737 0.4703125 0.14754098360655737 0.4375 0.14754098360655737 0.4328125 0.15027322404371585
2 0.54375 0 0.54375 0.00273224043715847 0.53125 0.00819672131147541 0.521875 0.0273224043715847 0.521875 0.04644808743169399 0.528125 0.060109289617486336 0.54375 0.05737704918032787 0.5453125 0.05191256830601093 0.5546875 0.04644808743169399 0.5953125 0.04918032786885246 0.6046875 0.030054644808743168 0.60625 0.01092896174863388 0.6046875 0.00546448087431694 0.6 0.00546448087431694 0.5984375 0 0.54375 0
2 0.9828125 0.21311475409836064 0.98125 0.21584699453551912 0.9796875 0.2540983606557377 0.98125 0.26229508196721313 0.9765625 0.27049180327868855 0.9765625 0.2978142076502732 0.971875 0.3114754098360656 0.971875 0.3251366120218579 0.9765625 0.3469945355191257 0.9765625 0.38524590163934425 0.9796875 0.3879781420765027 0.98125 0.39617486338797814 0.984375 0.43169398907103823 0.9875 0.4344262295081967 0.990625 0.453551912568306 0.9953125 0.46174863387978143 0.9953125 0.4672131147540984 0.9984375 0.4672131147540984 0.9984375 0.20491803278688525 0.9921875 0.20491803278688525 0.9921875 0.20765027322404372 0.990625 0.21584699453551912 0.9828125 0.21311475409836064