1 0.3265625 0.6680851063829787 0.3234375 0.674468085106383 0.3171875 0.676595744680851 0.315625 0.6829787234042554 0.309375 0.6893617021276596 0.3078125 0.7042553191489361 0.303125 0.7085106382978723 0.3 0.7191489361702128 0.296875 0.7212765957446808 0.2921875 0.7489361702127659 0.2890625 0.7510638297872341 0.284375 0.774468085106383 0.28125 0.776595744680851 0.2796875 0.8106382978723404 0.278125 0.8127659574468085 0.278125 0.8531914893617021 0.28125 0.8595744680851064 0.28125 0.8680851063829788 0.284375 0.8702127659574468 0.2890625 0.8957446808510638 0.3 0.902127659574468 0.3390625 0.902127659574468 0.340625 0.9063829787234042 0.4421875 0.9063829787234042 0.44375 0.902127659574468 0.471875 0.902127659574468 0.4734375 0.9 0.4703125 0.8872340425531915 0.465625 0.8808510638297873 0.4640625 0.8382978723404255 0.4671875 0.8319148936170213 0.465625 0.823404255319149 0.4671875 0.8170212765957446 0.465625 0.8127659574468085 0.46875 0.8063829787234043 0.478125 0.8063829787234043 0.4859375 0.8 0.490625 0.7808510638297872 0.4953125 0.774468085106383 0.496875 0.7297872340425532 0.49375 0.7127659574468085 0.4859375 0.7042553191489361 0.4859375 0.7 0.4734375 0.6978723404255319 0.46875 0.7 0.4640625 0.7191489361702128 0.4578125 0.7276595744680852 0.453125 0.7297872340425532 0.446875 0.7404255319148936 0.4375 0.7382978723404255 0.428125 0.725531914893617 0.4234375 0.7085106382978723 0.4203125 0.7063829787234043 0.41875 0.6808510638297872 0.4109375 0.674468085106383 0.40625 0.676595744680851 0.4046875 0.6787234042553192 0.40625 0.6893617021276596 0.4046875 0.6957446808510638 0.409375 0.7042553191489361 0.40625 0.7063829787234043 0.40625 0.7212765957446808 0.403125 0.7361702127659574 0.3984375 0.7425531914893617 0.3984375 0.7595744680851064 0.3953125 0.774468085106383 0.396875 0.8063829787234043 0.39375 0.8127659574468085 0.3921875 0.8085106382978723 0.3875 0.8085106382978723 0.384375 0.8021276595744681 0.38125 0.8021276595744681 0.3796875 0.7978723404255319 0.375 0.7978723404255319 0.3671875 0.7914893617021277 0.3625 0.7808510638297872 0.3625 0.7617021276595745 0.365625 0.7510638297872341 0.365625 0.7425531914893617 0.36875 0.7404255319148936 0.36875 0.7297872340425532 0.371875 0.7170212765957447 0.36875 0.6659574468085107 0.365625 0.6638297872340425 0.3640625 0.6531914893617021 0.35625 0.6531914893617021 0.346875 0.6595744680851063 0.3421875 0.6595744680851063 0.3421875 0.6617021276595745 0.3375 0.6659574468085107 0.3265625 0.6680851063829787
1 0.734375 0.7510638297872341 0.721875 0.7553191489361702 0.7203125 0.7595744680851064 0.7171875 0.7595744680851064 0.7109375 0.7659574468085106 0.6953125 0.7872340425531915 0.6921875 0.8 0.6875 0.8042553191489362 0.6875 0.8127659574468085 0.6828125 0.8319148936170213 0.6765625 0.8382978723404255 0.675 0.8468085106382979 0.671875 0.8489361702127659 0.66875 0.8595744680851064 0.6671875 0.8808510638297873 0.6703125 0.9 0.678125 0.902127659574468 0.6796875 0.9063829787234042 0.7125 0.9063829787234042 0.7140625 0.902127659574468 0.715625 0.9063829787234042 0.771875 0.9085106382978724 0.7734375 0.9063829787234042 0.7921875 0.9063829787234042 0.7953125 0.902127659574468 0.796875 0.9063829787234042 0.85 0.9063829787234042 0.853125 0.9085106382978724 0.8546875 0.9063829787234042 0.8765625 0.9063829787234042 0.878125 0.8914893617021277 0.8765625 0.8829787234042553 0.871875 0.8765957446808511 0.8703125 0.8617021276595744 0.871875 0.8595744680851064 0.871875 0.8468085106382979 0.86875 0.8425531914893617 0.86875 0.8382978723404255 0.8640625 0.8340425531914893 0.8625 0.8170212765957446 0.8546875 0.8063829787234043 0.85 0.8042553191489362 0.8484375 0.7851063829787234 0.834375 0.7702127659574468 0.8328125 0.7638297872340426 0.825 0.7617021276595745 0.821875 0.7553191489361702 0.81875 0.7553191489361702 0.815625 0.7510638297872341 0.7953125 0.7489361702127659 0.79375 0.7446808510638298 0.7890625 0.7446808510638298 0.7859375 0.7489361702127659 0.784375 0.7446808510638298 0.7765625 0.7425531914893617 0.75625 0.7446808510638298 0.75625 0.7468085106382979 0.7484375 0.7510638297872341 0.734375 0.7510638297872341
1 0.146875 0 0.146875 0.002127659574468085 0.1484375 0.04680851063829787 0.1515625 0.04893617021276596 0.1515625 0.05531914893617021 0.15625 0.059574468085106386 0.1703125 0.059574468085106386 0.178125 0.05531914893617021 0.1796875 0.05106382978723404 0.190625 0.05106382978723404 0.1921875 0.05531914893617021 0.2 0.05531914893617021 0.2140625 0.06170212765957447 0.2171875 0.07021276595744681 0.221875 0.07446808510638298 0.2265625 0.08723404255319149 0.2328125 0.09574468085106383 0.234375 0.11063829787234042 0.2375 0.1127659574468085 0.2375 0.12978723404255318 0.240625 0.13617021276595745 0.2625 0.13404255319148936 0.271875 0.12978723404255318 0.2734375 0.125531914893617 0.2828125 0.12340425531914893 0.2875 0.1148936170212766 0.2984375 0.10851063829787234 0.309375 0.09361702127659574 0.321875 0.08723404255319149 0.3328125 0.07234042553191489 0.34375 0.06595744680851064 0.3484375 0.06595744680851064 0.35 0.06170212765957447 0.35625 0.06170212765957447 0.3578125 0.06595744680851064 0.365625 0.06595744680851064 0.3671875 0.06170212765957447 0.3765625 0.05531914893617021 0.3765625 0.0425531914893617 0.3796875 0.02553191489361702 0.3765625 0.010638297872340425 0.3734375 0.00851063829787234 0.3703125 0 0.28125 0 0.2796875 0.00425531914893617 0.2734375 0.00425531914893617 0.271875 0 0.2109375 0 0.209375 0.00425531914893617 0.20625 0.00425531914893617 0.2046875 0 0.146875 0
1 0.3796875 0 0.3796875 0.002127659574468085 0.3859375 0.010638297872340425 0.390625 0.036170212765957444 0.396875 0.036170212765957444 0.3984375 0.029787234042553193 0.409375 0.027659574468085105 0.4125 0.031914893617021274 0.4125 0.036170212765957444 0.409375 0.04468085106382979 0.41875 0.05106382978723404 0.421875 0.0574468085106383 0.440625 0.0574468085106383 0.44375 0.05531914893617021 0.446875 0.0574468085106383 0.4484375 0.05531914893617021 0.459375 0.05531914893617021 0.4640625 0.04893617021276596 0.471875 0.04468085106382979 0.4796875 0.04468085106382979 0.48125 0.04042553191489362 0.49375 0.03404255319148936 0.5015625 0.023404255319148935 0.5046875 0 0.4640625 0 0.4625 0.00425531914893617 0.4421875 0.00425531914893617 0.440625 0 0.3796875 0
1 0.6609375 0 0.6609375 0.002127659574468085 0.6640625 0.023404255319148935 0.66875 0.029787234042553193 0.66875 0.04680851063829787 0.671875 0.05531914893617021 0.68125 0.0574468085106383 0.6859375 0.06170212765957447 0.6921875 0.06170212765957447 0.69375 0.06595744680851064 0.696875 0.06595744680851064 0.7015625 0.07234042553191489 0.703125 0.08085106382978724 0.709375 0.08085106382978724 0.7109375 0.07659574468085106 0.715625 0.07659574468085106 0.7171875 0.08085106382978724 0.73125 0.08085106382978724 0.734375 0.08723404255319149 0.74375 0.08723404255319149 0.7484375 0.07659574468085106 0.75 0.07872340425531915 0.759375 0.07872340425531915 0.7625 0.06808510638297872 0.7703125 0.06808510638297872 0.7765625 0.07659574468085106 0.784375 0.07659574468085106 0.7859375 0.08723404255319149 0.7859375 0.08297872340425531 0.7890625 0.07872340425531915 0.7984375 0.07659574468085106 0.8015625 0.07872340425531915 0.803125 0.07659574468085106 0.8109375 0.07872340425531915 0.83125 0.10638297872340426 0.834375 0.11914893617021277 0.8375 0.11914893617021277 0.840625 0.12340425531914893 0.840625 0.12978723404255318 0.84375 0.13191489361702127 0.84375 0.14042553191489363 0.846875 0.14042553191489363 0.8515625 0.14680851063829786 0.8515625 0.15319148936170213 0.85625 0.1574468085106383 0.8578125 0.16595744680851063 0.8640625 0.16808510638297872 0.865625 0.1723404255319149 0.8765625 0.17872340425531916 0.8796875 0.1851063829787234 0.8859375 0.18936170212765957 0.89375 0.18936170212765957 0.8953125 0.19361702127659575 0.9 0.19361702127659575 0.903125 0.19787234042553192 0.9109375 0.2 0.9125 0.20425531914893616 0.9203125 0.20425531914893616 0.921875 0.20638297872340425 0.9546875 0.20638297872340425 0.9578125 0.2 0.9546875 0.19574468085106383 0.9546875 0.19148936170212766 0.928125 0.18723404255319148 0.9234375 0.18085106382978725 0.9140625 0.17872340425531916 0.9078125 0.1702127659574468 0.8984375 0.16595744680851063 0.88125 0.1425531914893617 0.8765625 0.1276595744680851 0.8734375 0.1276595744680851 0.865625 0.11914893617021277 0.8625 0.10638297872340426 0.8421875 0.08085106382978724 0.8390625 0.06808510638297872 0.8421875 0.059574468085106386 0.8453125 0.0574468085106383 0.8453125 0.04893617021276596 0.8421875 0.04680851063829787 0.840625 0.04042553191489362 0.8328125 0.03829787234042553 0.8265625 0.029787234042553193 0.8265625 0.02127659574468085 0.8296875 0.019148936170212766 0.8359375 0.006382978723404255 0.85 0.006382978723404255 0.8546875 0.01276595744680851 0.8703125 0.01702127659574468 0.875 0.023404255319148935 0.884375 0.023404255319148935 0.884375 0.01702127659574468 0.8796875 0.014893617021276596 0.8765625 0.00851063829787234 0.8671875 0.00425531914893617 0.865625 0 0.85625 0 0.8546875 0.00425531914893617 0.8421875 0.00425531914893617 0.840625 0 0.784375 0 0.7828125 0.00425531914893617 0.771875 0.00425531914893617 0.7703125 0 0.7296875 0 0.728125 0.00425531914893617 0.7234375 0.006382978723404255 0.70625 0.00851063829787234 0.7015625 0.006382978723404255 0.6984375 0 0.6609375 0
1 0.1640625 0.06382978723404255 0.1625 0.06808510638297872 0.1546875 0.07234042553191489 0.1515625 0.07872340425531915 0.140625 0.0851063829787234 0.128125 0.10425531914893617 0.125 0.10425531914893617 0.11875 0.1148936170212766 0.115625 0.1148936170212766 0.1109375 0.12340425531914893 0.10625 0.125531914893617 0.10625 0.12978723404255318 0.0984375 0.13829787234042554 0.0984375 0.1425531914893617 0.0921875 0.14893617021276595 0.090625 0.15531914893617021 0.078125 0.1702127659574468 0.0734375 0.1851063829787234 0.0703125 0.18723404255319148 0.065625 0.2170212765957447 0.0625 0.21914893617021278 0.0625 0.2574468085106383 0.065625 0.25957446808510637 0.065625 0.2680851063829787 0.06875 0.27872340425531916 0.0734375 0.28297872340425534 0.078125 0.2957446808510638 0.08125 0.2978723404255319 0.0828125 0.31063829787234043 0.0859375 0.3148936170212766 0.1046875 0.3170212765957447 0.1125 0.3148936170212766 0.1171875 0.32127659574468087 0.1265625 0.3276595744680851 0.128125 0.33404255319148934 0.13125 0.3382978723404255 0.134375 0.3382978723404255 0.1359375 0.3425531914893617 0.1515625 0.3425531914893617 0.153125 0.3382978723404255 0.159375 0.3382978723404255 0.1609375 0.3425531914893617 0.1625 0.3382978723404255 0.175 0.33404255319148934 0.196875 0.33191489361702126 0.1984375 0.3276595744680851 0.2046875 0.32553191489361705 0.2109375 0.3170212765957447 0.2171875 0.3127659574468085 0.2171875 0.30851063829787234 0.2296875 0.29148936170212764 0.2296875 0.2765957446808511 0.2328125 0.2702127659574468 0.2328125 0.25957446808510637 0.2359375 0.2574468085106383 0.2375 0.17872340425531916 0.2359375 0.17659574468085107 0.2359375 0.14893617021276595 0.2328125 0.14680851063829786 0.2328125 0.13191489361702127 0.23125 0.12978723404255318 0.23125 0.10638297872340426 0.228125 0.09574468085106383 0.225 0.09361702127659574 0.2203125 0.08085106382978724 0.215625 0.07659574468085106 0.2140625 0.07021276595744681 0.20625 0.06170212765957447 0.1984375 0.059574468085106386 0.196875 0.059574468085106386 0.1765625 0.059574468085106386 0.1640625 0.06382978723404255
1 0.28125 0.6829787234042554 0.2921875 0.6829787234042554 0.2953125 0.674468085106383 0.2953125 0.6680851063829787 0.2984375 0.6659574468085107 0.3 0.648936170212766 0.30625 0.6404255319148936 0.3078125 0.6106382978723405 0.3109375 0.5936170212765958 0.3078125 0.5829787234042553 0.3015625 0.5765957446808511 0.2984375 0.548936170212766 0.275 0.5234042553191489 0.275 0.5191489361702127 0.271875 0.5170212765957447 0.26875 0.5063829787234042 0.2625 0.5042553191489362 0.2609375 0.5 0.25625 0.4978723404255319 0.246875 0.4978723404255319 0.24375 0.49361702127659574 0.24375 0.48936170212765956 0.2359375 0.4787234042553192 0.2296875 0.4787234042553192 0.2171875 0.4723404255319149 0.19375 0.4723404255319149 0.1921875 0.46808510638297873 0.16875 0.46170212765957447 0.1546875 0.46170212765957447 0.1515625 0.4574468085106383 0.1515625 0.4595744680851064 0.15 0.46170212765957447 0.125 0.46382978723404256 0.1140625 0.46808510638297873 0.103125 0.4829787234042553 0.1 0.4829787234042553 0.09375 0.48936170212765956 0.0890625 0.4978723404255319 0.0890625 0.5127659574468085 0.0875 0.5148936170212766 0.078125 0.5191489361702127 0.075 0.5255319148936171 0.06875 0.5297872340425532 0.06875 0.5382978723404256 0.065625 0.5425531914893617 0.0625 0.5425531914893617 0.0609375 0.5468085106382978 0.0625 0.5680851063829787 0.059375 0.5787234042553191 0.059375 0.5872340425531914 0.0609375 0.5893617021276596 0.0609375 0.6425531914893617 0.0578125 0.6468085106382979 0.0390625 0.648936170212766 0.0375 0.6531914893617021 0.03125 0.6574468085106383 0.03125 0.6617021276595745 0.0375 0.6659574468085107 0.0671875 0.6659574468085107 0.0734375 0.6680851063829787 0.078125 0.676595744680851 0.084375 0.6787234042553192 0.0859375 0.6829787234042554 0.0921875 0.6829787234042554 0.0984375 0.6914893617021277 0.1 0.7170212765957447 0.0984375 0.7191489361702128 0.0984375 0.7297872340425532 0.09375 0.7340425531914894 0.090625 0.7468085106382979 0.084375 0.7531914893617021 0.08125 0.7638297872340426 0.08125 0.7808510638297872 0.084375 0.7914893617021277 0.0890625 0.7893617021276595 0.1015625 0.7702127659574468 0.10625 0.7680851063829788 0.109375 0.7723404255319148 0.109375 0.7787234042553192 0.121875 0.7957446808510639 0.121875 0.8 0.1296875 0.8063829787234043 0.128125 0.8106382978723404 0.1296875 0.8127659574468085 0.1390625 0.8170212765957446 0.140625 0.8212765957446808 0.1515625 0.823404255319149 0.1609375 0.8361702127659575 0.165625 0.8340425531914893 0.1765625 0.8382978723404255 0.1984375 0.8382978723404255 0.2 0.8425531914893617 0.2015625 0.8382978723404255 0.2140625 0.8361702127659575 0.2171875 0.8382978723404255 0.2203125 0.8361702127659575 0.2234375 0.8276595744680851 0.2328125 0.8276595744680851 0.246875 0.8212765957446808 0.2484375 0.8170212765957446 0.2671875 0.8127659574468085 0.271875 0.8063829787234043 0.271875 0.7936170212765957 0.275 0.7914893617021277 0.2765625 0.7829787234042553 0.2765625 0.7659574468085106 0.275 0.7638297872340426 0.2765625 0.7617021276595745 0.26875 0.7510638297872341 0.2640625 0.7489361702127659 0.2640625 0.7510638297872341 0.25625 0.7553191489361702 0.2515625 0.7659574468085106 0.246875 0.7638297872340426 0.2453125 0.7553191489361702 0.2390625 0.7531914893617021 0.2390625 0.7489361702127659 0.246875 0.7382978723404255 0.259375 0.7361702127659574 0.2609375 0.7276595744680852 0.2671875 0.725531914893617 0.26875 0.7212765957446808 0.27139423125 0.7230769234042553 0.2703125 0.7127659574468085 0.275 0.7063829787234043 0.275 0.7 0.2796875 0.6936170212765957 0.2796875 0.6851063829787234 0.28125 0.6829787234042554
1 0.3421875 0.10638297872340426 0.340625 0.11063829787234042 0.334375 0.11063829787234042 0.3234375 0.11702127659574468 0.321875 0.12127659574468085 0.309375 0.125531914893617 0.30625 0.13191489361702127 0.2953125 0.13829787234042554 0.290625 0.14893617021276595 0.2875 0.14893617021276595 0.2828125 0.1574468085106383 0.2796875 0.1574468085106383 0.2734375 0.16595744680851063 0.2734375 0.17446808510638298 0.2765625 0.17659574468085107 0.2765625 0.1829787234042553 0.2703125 0.1851063829787234 0.2640625 0.19148936170212766 0.2609375 0.20638297872340425 0.2578125 0.20851063829787234 0.25625 0.225531914893617 0.253125 0.23404255319148937 0.253125 0.24893617021276596 0.25 0.251063829787234 0.25 0.2574468085106383 0.253125 0.25957446808510637 0.25 0.26170212765957446 0.25 0.274468085106383 0.253125 0.2765957446808511 0.253125 0.31063829787234043 0.2546875 0.3127659574468085 0.25625 0.33404255319148934 0.2609375 0.3404255319148936 0.2640625 0.3553191489361702 0.26875 0.3595744680851064 0.2734375 0.37446808510638296 0.2875 0.39148936170212767 0.290625 0.39148936170212767 0.3 0.40638297872340423 0.3078125 0.4106382978723404 0.3109375 0.41702127659574467 0.321875 0.41914893617021276 0.3265625 0.42340425531914894 0.3390625 0.42340425531914894 0.340625 0.4276595744680851 0.3484375 0.4297872340425532 0.3515625 0.42340425531914894 0.35625 0.42127659574468085 0.359375 0.4127659574468085 0.3625 0.4127659574468085 0.36875 0.40638297872340423 0.371875 0.39787234042553193 0.3765625 0.39787234042553193 0.390625 0.37872340425531914 0.3953125 0.37659574468085105 0.3984375 0.3702127659574468 0.4015625 0.3702127659574468 0.40625 0.3595744680851064 0.4109375 0.3574468085106383 0.4125 0.3446808510638298 0.4109375 0.3382978723404255 0.4171875 0.3276595744680851 0.4515625 0.32553191489361705 0.4625 0.32127659574468087 0.45625 0.3127659574468085 0.45625 0.30851063829787234 0.4578125 0.30638297872340425 0.4671875 0.30638297872340425 0.475 0.2957446808510638 0.478125 0.2957446808510638 0.48125 0.28936170212765955 0.48125 0.28297872340425534 0.4859375 0.27872340425531916 0.4890625 0.2680851063829787 0.490625 0.24468085106382978 0.49375 0.2425531914893617 0.49375 0.21914893617021278 0.490625 0.2170212765957447 0.490625 0.20851063829787234 0.49375 0.20638297872340425 0.49375 0.18936170212765957 0.490625 0.18723404255319148 0.4875 0.17659574468085107 0.4828125 0.1723404255319149 0.4796875 0.1595744680851064 0.4625 0.13617021276595745 0.446875 0.12127659574468085 0.44375 0.12127659574468085 0.440625 0.1148936170212766 0.4296875 0.11063829787234042 0.428125 0.10638297872340426 0.4171875 0.1 0.4125 0.1 0.4109375 0.09574468085106383 0.3828125 0.09361702127659574 0.38125 0.09574468085106383 0.371875 0.09574468085106383 0.371875 0.09787234042553192 0.35625 0.10425531914893617 0.3421875 0.10638297872340426
1 0.6546875 0.44042553191489364 0.64375 0.44680851063829785 0.6421875 0.451063829787234 0.628125 0.4574468085106383 0.6265625 0.46170212765957447 0.615625 0.46808510638297873 0.6140625 0.4723404255319149 0.609375 0.4723404255319149 0.60625 0.4787234042553192 0.60625 0.4851063829787234 0.6015625 0.48936170212765956 0.6 0.5 0.6015625 0.5191489361702127 0.6046875 0.5212765957446809 0.6046875 0.551063829787234 0.6015625 0.5553191489361702 0.6046875 0.5574468085106383 0.6 0.5617021276595745 0.596875 0.5829787234042553 0.59375 0.5851063829787234 0.5921875 0.597872340425532 0.58125 0.6106382978723405 0.5828125 0.6319148936170212 0.578125 0.6361702127659574 0.575 0.6531914893617021 0.5703125 0.6574468085106383 0.5703125 0.6659574468085107 0.5671875 0.676595744680851 0.5578125 0.6893617021276596 0.546875 0.6914893617021277 0.5453125 0.6978723404255319 0.546875 0.7042553191489361 0.55 0.7063829787234043 0.55 0.7170212765957447 0.559375 0.7212765957446808 0.5578125 0.7276595744680852 0.553125 0.7276595744680852 0.55 0.7340425531914894 0.5546875 0.7531914893617021 0.5609375 0.7595744680851064 0.56875 0.7595744680851064 0.5703125 0.7617021276595745 0.5703125 0.7702127659574468 0.5734375 0.7723404255319148 0.5734375 0.7829787234042553 0.578125 0.7893617021276595 0.596875 0.7936170212765957 0.6015625 0.8 0.60625 0.8 0.6078125 0.7957446808510639 0.621875 0.7957446808510639 0.6234375 0.8 0.6359375 0.8021276595744681 0.6421875 0.8 0.64375 0.7957446808510639 0.6484375 0.7936170212765957 0.659375 0.7957446808510639 0.6609375 0.7936170212765957 0.6703125 0.7936170212765957 0.66875 0.7872340425531915 0.6625 0.7829787234042553 0.6625 0.774468085106383 0.66875 0.7723404255319148 0.665625 0.7702127659574468 0.665625 0.7617021276595745 0.671875 0.7510638297872341 0.678125 0.7531914893617021 0.6828125 0.7510638297872341 0.6859375 0.7553191489361702 0.6859375 0.7595744680851064 0.690625 0.7574468085106383 0.696875 0.7595744680851064 0.7046875 0.7531914893617021 0.7046875 0.7446808510638298 0.7078125 0.7404255319148936 0.7078125 0.7276595744680852 0.715625 0.7148936170212766 0.7171875 0.7021276595744681 0.7203125 0.7 0.7234375 0.6893617021276596 0.725 0.6234042553191489 0.721875 0.6042553191489362 0.715625 0.597872340425532 0.7140625 0.5829787234042553 0.709375 0.5787234042553191 0.709375 0.5531914893617021 0.703125 0.5531914893617021 0.6984375 0.548936170212766 0.7015625 0.5446808510638298 0.7046875 0.5446808510638298 0.70625 0.5404255319148936 0.7125 0.5382978723404256 0.7046875 0.5255319148936171 0.7046875 0.5191489361702127 0.7078125 0.5148936170212766 0.709375 0.5063829787234042 0.7140625 0.502127659574468 0.7171875 0.48723404255319147 0.7203125 0.4851063829787234 0.7203125 0.4787234042553192 0.7171875 0.4765957446808511 0.715625 0.4702127659574468 0.7140625 0.44042553191489364 0.709375 0.4297872340425532 0.70625 0.4297872340425532 0.7046875 0.425531914893617 0.6671875 0.425531914893617 0.6671875 0.4276595744680851 0.65625 0.43617021276595747 0.6546875 0.44042553191489364
1 0.45 0.3446808510638298 0.44375 0.3446808510638298 0.4359375 0.34893617021276596 0.4328125 0.3553191489361702 0.421875 0.3595744680851064 0.41875 0.3659574468085106 0.40625 0.3723404255319149 0.3953125 0.3872340425531915 0.3859375 0.39361702127659576 0.3765625 0.4085106382978723 0.3734375 0.4085106382978723 0.3703125 0.4127659574468085 0.3703125 0.41702127659574467 0.359375 0.4297872340425532 0.3546875 0.4425531914893617 0.3515625 0.44468085106382976 0.346875 0.4808510638297872 0.34375 0.4829787234042553 0.34375 0.5276595744680851 0.346875 0.5297872340425532 0.3515625 0.5723404255319149 0.3578125 0.5808510638297872 0.353125 0.5893617021276596 0.35 0.5893617021276596 0.3359375 0.6063829787234043 0.334375 0.6212765957446809 0.3359375 0.625531914893617 0.3390625 0.6297872340425532 0.3515625 0.6340425531914894 0.378125 0.6340425531914894 0.3921875 0.6297872340425532 0.39375 0.625531914893617 0.4 0.6234042553191489 0.40625 0.6127659574468085 0.4203125 0.6148936170212767 0.421875 0.6170212765957447 0.421875 0.6553191489361702 0.4203125 0.6617021276595745 0.4296875 0.676595744680851 0.4296875 0.6829787234042554 0.4265625 0.6851063829787234 0.4296875 0.6978723404255319 0.428125 0.7063829787234043 0.4328125 0.7127659574468085 0.4359375 0.725531914893617 0.4390625 0.725531914893617 0.4421875 0.7297872340425532 0.446875 0.7297872340425532 0.4546875 0.7212765957446808 0.45625 0.7127659574468085 0.459375 0.7106382978723405 0.459375 0.7021276595744681 0.4640625 0.6978723404255319 0.465625 0.676595744680851 0.46875 0.6723404255319149 0.471875 0.6723404255319149 0.4828125 0.6851063829787234 0.4953125 0.6893617021276596 0.496875 0.6936170212765957 0.5140625 0.6936170212765957 0.515625 0.6893617021276596 0.5203125 0.6872340425531915 0.5203125 0.6659574468085107 0.521875 0.6638297872340425 0.540625 0.6680851063829787 0.5421875 0.6723404255319149 0.5578125 0.6723404255319149 0.5578125 0.6553191489361702 0.553125 0.6510638297872341 0.55 0.6425531914893617 0.55 0.6361702127659574 0.546875 0.6361702127659574 0.54375 0.6319148936170212 0.5421875 0.625531914893617 0.54375 0.6148936170212767 0.55 0.6106382978723405 0.55 0.6063829787234043 0.5640625 0.5872340425531914 0.56875 0.5723404255319149 0.5734375 0.5659574468085107 0.5734375 0.5617021276595745 0.584375 0.5553191489361702 0.5890625 0.548936170212766 0.5921875 0.5382978723404256 0.5921875 0.5297872340425532 0.5953125 0.5276595744680851 0.5953125 0.5 0.5921875 0.4978723404255319 0.5875 0.46595744680851064 0.584375 0.46382978723404256 0.5796875 0.44468085106382976 0.575 0.44042553191489364 0.5734375 0.4319148936170213 0.56875 0.4276595744680851 0.5640625 0.4106382978723404 0.559375 0.40638297872340423 0.55625 0.39361702127659576 0.553125 0.39148936170212767 0.5515625 0.3829787234042553 0.5453125 0.37446808510638296 0.540625 0.3617021276595745 0.5328125 0.35106382978723405 0.51875 0.3446808510638298 0.5171875 0.3404255319148936 0.4953125 0.3382978723404255 0.49375 0.33617021276595743 0.4921875 0.33617021276595743 0.4515625 0.3404255319148936 0.45 0.3446808510638298
1 0.5390625 0 0.5390625 0.002127659574468085 0.534375 0.006382978723404255 0.5296875 0.006382978723404255 0.5234375 0.014893617021276596 0.51875 0.029787234042553193 0.51875 0.03829787234042553 0.515625 0.04042553191489362 0.515625 0.04680851063829787 0.5125 0.05319148936170213 0.5125 0.09361702127659574 0.5140625 0.09574468085106383 0.515625 0.13404255319148936 0.51875 0.13617021276595745 0.521875 0.14680851063829786 0.525 0.14680851063829786 0.5375 0.16382978723404254 0.5453125 0.16808510638297872 0.565625 0.16595744680851063 0.571875 0.16808510638297872 0.5828125 0.1829787234042553 0.59375 0.18723404255319148 0.6203125 0.18936170212765957 0.628125 0.18723404255319148 0.63125 0.1829787234042553 0.634375 0.1829787234042553 0.6375 0.17659574468085107 0.6453125 0.17446808510638298 0.65 0.16808510638297872 0.6546875 0.14893617021276595 0.659375 0.14468085106382977 0.6625 0.13404255319148936 0.665625 0.13191489361702127 0.665625 0.125531914893617 0.66875 0.11914893617021277 0.6703125 0.08297872340425531 0.66875 0.08085106382978724 0.66875 0.06382978723404255 0.665625 0.05531914893617021 0.665625 0.04042553191489362 0.6625 0.03829787234042553 0.6625 0.029787234042553193 0.6578125 0.014893617021276596 0.6546875 0.01276595744680851 0.653125 0.00425531914893617 0.646875 0.00425531914893617 0.6453125 0 0.5390625 0
1 0.5609375 0.19574468085106383 0.5390625 0.19787234042553192 0.5328125 0.20638297872340425 0.5234375 0.20851063829787234 0.521875 0.2170212765957447 0.5140625 0.21914893617021278 0.5125 0.2276595744680851 0.5140625 0.2297872340425532 0.503125 0.24468085106382978 0.503125 0.251063829787234 0.5 0.2531914893617021 0.5 0.2702127659574468 0.503125 0.2723404255319149 0.5046875 0.28085106382978725 0.503125 0.3276595744680851 0.5046875 0.33191489361702126 0.521875 0.3382978723404255 0.5234375 0.3425531914893617 0.534375 0.3468085106382979 0.5390625 0.3553191489361702 0.5421875 0.3553191489361702 0.546875 0.3617021276595745 0.546875 0.3659574468085106 0.55 0.3680851063829787 0.553125 0.37872340425531914 0.5578125 0.3829787234042553 0.5609375 0.39574468085106385 0.565625 0.4 0.5703125 0.41914893617021276 0.584375 0.43829787234042555 0.5890625 0.44042553191489364 0.6 0.4297872340425532 0.5984375 0.42340425531914894 0.6015625 0.41914893617021276 0.6078125 0.41702127659574467 0.6125 0.42127659574468085 0.61875 0.41702127659574467 0.621875 0.40638297872340423 0.6296875 0.40638297872340423 0.63125 0.4021276595744681 0.6390625 0.4021276595744681 0.6453125 0.4106382978723404 0.6484375 0.41914893617021276 0.6515625 0.41914893617021276 0.6625 0.4021276595744681 0.665625 0.4021276595744681 0.66875 0.39787234042553193 0.6828125 0.39574468085106385 0.6875 0.4 0.6984375 0.4 0.7046875 0.39148936170212767 0.7046875 0.3723404255319149 0.7015625 0.3702127659574468 0.696875 0.3446808510638298 0.6984375 0.32340425531914896 0.696875 0.3148936170212766 0.6921875 0.3127659574468085 0.690625 0.30851063829787234 0.684375 0.30638297872340425 0.6828125 0.3021276595744681 0.678125 0.3021276595744681 0.6765625 0.2978723404255319 0.6875 0.28297872340425534 0.70625 0.27872340425531916 0.7078125 0.274468085106383 0.7125 0.274468085106383 0.71875 0.2680851063829787 0.721875 0.2680851063829787 0.7359375 0.24893617021276596 0.7375 0.23404255319148937 0.73125 0.23191489361702128 0.7265625 0.23404255319148937 0.715625 0.24893617021276596 0.7015625 0.2553191489361702 0.7 0.25957446808510637 0.671875 0.26170212765957446 0.66875 0.2702127659574468 0.6609375 0.2702127659574468 0.6578125 0.274468085106383 0.6546875 0.274468085106383 0.6453125 0.25957446808510637 0.646875 0.23191489361702128 0.6453125 0.22340425531914893 0.6375 0.2127659574468085 0.63125 0.21063829787234042 0.628125 0.20638297872340425 0.60625 0.20638297872340425 0.6046875 0.20212765957446807 0.5859375 0.19574468085106383 0.584375 0.19148936170212766 0.5765625 0.18936170212765957 0.575 0.18936170212765957 0.5625 0.19148936170212766 0.5609375 0.19574468085106383
1 0.7859375 0.1 0.78125 0.1 0.778125 0.10425531914893617 0.7796875 0.11914893617021277 0.7890625 0.12340425531914893 0.778125 0.1425531914893617 0.771875 0.14680851063829786 0.765625 0.14680851063829786 0.7609375 0.14042553191489363 0.7609375 0.12340425531914893 0.7671875 0.12127659574468085 0.7703125 0.10425531914893617 0.7671875 0.1 0.7625 0.1 0.7609375 0.09574468085106383 0.734375 0.09574468085106383 0.7328125 0.1 0.728125 0.10212765957446808 0.7109375 0.10638297872340426 0.703125 0.11702127659574468 0.7015625 0.13617021276595745 0.6984375 0.14468085106382977 0.6984375 0.15531914893617021 0.6953125 0.1574468085106383 0.69375 0.17446808510638298 0.6984375 0.17872340425531916 0.6953125 0.18085106382978725 0.6953125 0.18723404255319148 0.7046875 0.18723404255319148 0.7078125 0.1829787234042553 0.721875 0.1829787234042553 0.725 0.18936170212765957 0.7296875 0.19148936170212766 0.7296875 0.19574468085106383 0.725 0.2 0.725 0.20638297872340425 0.721875 0.2148936170212766 0.7171875 0.21914893617021278 0.7375 0.2170212765957447 0.74375 0.22127659574468084 0.7484375 0.2297872340425532 0.75 0.23829787234042554 0.75625 0.2404255319148936 0.7625 0.23829787234042554 0.771875 0.2425531914893617 0.7796875 0.2531914893617021 0.78125 0.2702127659574468 0.7875 0.274468085106383 0.7921875 0.274468085106383 0.7953125 0.28297872340425534 0.803125 0.2936170212765957 0.80625 0.2936170212765957 0.809375 0.3 0.815625 0.3 0.81875 0.30425531914893617 0.8234375 0.30425531914893617 0.8265625 0.31063829787234043 0.8453125 0.3127659574468085 0.8453125 0.30851063829787234 0.85625 0.2936170212765957 0.8578125 0.28297872340425534 0.86875 0.2702127659574468 0.8734375 0.23829787234042554 0.8765625 0.23617021276595745 0.88125 0.21914893617021278 0.884375 0.2170212765957447 0.8875 0.20638297872340425 0.8875 0.19574468085106383 0.884375 0.18936170212765957 0.8796875 0.18723404255319148 0.8703125 0.17446808510638298 0.865625 0.17446808510638298 0.8625 0.16808510638297872 0.859375 0.16808510638297872 0.85625 0.16382978723404254 0.8546875 0.15531914893617021 0.85 0.15106382978723404 0.8484375 0.13829787234042554 0.8265625 0.10851063829787234 0.821875 0.09574468085106383 0.809375 0.09148936170212765 0.8078125 0.09148936170212765 0.7875 0.09574468085106383 0.7859375 0.1
6 0.8125 0.04042553191489362 0.8125 0.04680851063829787 0.825 0.06382978723404255 0.828125 0.1 0.840625 0.11702127659574468 0.8421875 0.12340425531914893 0.846875 0.1276595744680851 0.8515625 0.1425531914893617 0.85625 0.14680851063829786 0.85625 0.15106382978723404 0.859375 0.15531914893617021 0.859375 0.16170212765957448 0.8671875 0.1723404255319149 0.878125 0.17872340425531916 0.88125 0.1851063829787234 0.8890625 0.18936170212765957 0.8953125 0.18936170212765957 0.8984375 0.19574468085106383 0.909375 0.2 0.9109375 0.20425531914893616 0.9390625 0.20851063829787234 0.940625 0.20638297872340425 0.95625 0.20638297872340425 0.9578125 0.2 0.9546875 0.19148936170212766 0.925 0.1851063829787234 0.9234375 0.18085106382978725 0.909375 0.17446808510638298 0.9078125 0.1702127659574468 0.8984375 0.16595744680851063 0.8953125 0.1595744680851064 0.890625 0.1574468085106383 0.8640625 0.12127659574468085 0.8625 0.1127659574468085 0.8578125 0.10851063829787234 0.853125 0.09574468085106383 0.8484375 0.09148936170212765 0.8375 0.06808510638297872 0.834375 0.06595744680851064 0.8296875 0.04680851063829787 0.8265625 0.04468085106382979 0.825 0.031914893617021274 0.81875 0.029787234042553193 0.815625 0.031914893617021274 0.815625 0.03404255319148936 0.815625 0.03829787234042553 0.8125 0.04042553191489362
6 0.4125 0.6042553191489362 0.4078125 0.6127659574468085 0.4015625 0.6170212765957447 0.39375 0.6276595744680851 0.39375 0.6319148936170212 0.390625 0.6340425531914894 0.3859375 0.6446808510638298 0.371875 0.6468085106382979 0.3703125 0.6531914893617021 0.3703125 0.6829787234042554 0.371875 0.6851063829787234 0.371875 0.7276595744680852 0.3703125 0.7382978723404255 0.3671875 0.7404255319148936 0.365625 0.7489361702127659 0.3625 0.7808510638297872 0.365625 0.7893617021276595 0.38125 0.7957446808510639 0.3875 0.7957446808510639 0.39375 0.7893617021276595 0.39375 0.7659574468085106 0.396875 0.7574468085106383 0.396875 0.7489361702127659 0.4 0.7468085106382979 0.4015625 0.7340425531914894 0.4046875 0.7276595744680852 0.4046875 0.6808510638297872 0.403125 0.676595744680851 0.4046875 0.6702127659574468 0.4078125 0.6680851063829787 0.4109375 0.648936170212766 0.415625 0.6425531914893617 0.415625 0.6382978723404256 0.4296875 0.6191489361702127 0.4328125 0.6191489361702127 0.4359375 0.6127659574468085 0.4390625 0.6127659574468085 0.4421875 0.6042553191489362 0.4359375 0.5957446808510638 0.421875 0.5957446808510638 0.421875 0.597872340425532 0.415625 0.6042553191489362 0.4125 0.6042553191489362
6 0.91875 0.23191489361702128 0.91875 0.23617021276595745 0.9140625 0.23829787234042554 0.9109375 0.24680851063829787 0.90625 0.251063829787234 0.9015625 0.2680851063829787 0.896875 0.2723404255319149 0.89375 0.28297872340425534 0.890625 0.2851063829787234 0.8890625 0.2936170212765957 0.8859375 0.2978723404255319 0.8828125 0.2978723404255319 0.8796875 0.31063829787234043 0.875 0.3148936170212766 0.8703125 0.33191489361702126 0.8671875 0.33404255319148934 0.8625 0.34893617021276596 0.859375 0.35106382978723405 0.859375 0.3553191489361702 0.85625 0.3595744680851064 0.8546875 0.3702127659574468 0.8515625 0.3723404255319149 0.8484375 0.39574468085106385 0.8546875 0.39574468085106385 0.85625 0.39148936170212767 0.8609375 0.39148936170212767 0.865625 0.3851063829787234 0.8734375 0.3595744680851064 0.8796875 0.35319148936170214 0.8890625 0.32978723404255317 0.89375 0.32553191489361705 0.896875 0.3148936170212766 0.9 0.3127659574468085 0.9046875 0.2957446808510638 0.9078125 0.2936170212765957 0.9125 0.28085106382978725 0.9125 0.2765957446808511 0.91875 0.2680851063829787 0.91875 0.26382978723404255 0.9234375 0.25957446808510637 0.9234375 0.2553191489361702 0.928125 0.24680851063829787 0.928125 0.2404255319148936 0.93125 0.23829787234042554 0.93125 0.2276595744680851 0.928125 0.2276595744680851 0.9265625 0.22340425531914893 0.9265625 0.225531914893617 0.921875 0.2276595744680851 0.91875 0.23191489361702128
6 0.7234375 0.23829787234042554 0.71875 0.2404255319148936 0.7140625 0.24893617021276596 0.6953125 0.2553191489361702 0.69375 0.25957446808510637 0.6890625 0.26170212765957446 0.6796875 0.26170212765957446 0.6734375 0.26595744680851063 0.66875 0.26595744680851063 0.6671875 0.2702127659574468 0.65625 0.274468085106383 0.6515625 0.28085106382978725 0.6484375 0.28085106382978725 0.646875 0.28936170212765955 0.653125 0.3 0.665625 0.3 0.6671875 0.2957446808510638 0.6828125 0.28936170212765955 0.684375 0.2851063829787234 0.709375 0.27872340425531916 0.7109375 0.274468085106383 0.7234375 0.2680851063829787 0.73125 0.2574468085106383 0.7328125 0.251063829787234 0.7359375 0.251063829787234 0.7390625 0.2425531914893617 0.7390625 0.2276595744680851 0.7375 0.22340425531914893 0.734375 0.22340425531914893 0.734375 0.225531914893617 0.7265625 0.23191489361702128 0.7234375 0.23829787234042554
6 0.059375 0.6468085106382979 0.0421875 0.6468085106382979 0.028125 0.6574468085106383 0.028125 0.6617021276595745 0.03125 0.6659574468085107 0.065625 0.6659574468085107 0.0671875 0.6680851063829787 0.0796875 0.6680851063829787 0.08125 0.6723404255319149 0.10625 0.6723404255319149 0.1078125 0.6680851063829787 0.11875 0.6680851063829787 0.1203125 0.6723404255319149 0.1359375 0.6723404255319149 0.1375 0.6680851063829787 0.146875 0.6659574468085107 0.1453125 0.648936170212766 0.1390625 0.6446808510638298 0.1375 0.6446808510638298 0.0609375 0.6446808510638298 0.059375 0.6468085106382979
6 0.40625 0.2936170212765957 0.40625 0.30425531914893617 0.409375 0.30638297872340425 0.4140625 0.32127659574468087 0.421875 0.32553191489361705 0.434375 0.3276595744680851 0.4359375 0.33191489361702126 0.4484375 0.33617021276595743 0.478125 0.33617021276595743 0.4796875 0.33404255319148934 0.4890625 0.33404255319148934 0.4890625 0.32978723404255317 0.475 0.32340425531914896 0.4734375 0.3191489361702128 0.4609375 0.3127659574468085 0.459375 0.30851063829787234 0.434375 0.3021276595744681 0.4328125 0.2978723404255319 0.4265625 0.2957446808510638 0.415625 0.28297872340425534 0.4109375 0.28297872340425534 0.4109375 0.2851063829787234 0.409375 0.29148936170212764 0.40625 0.2936170212765957
2 0.496875 0.6170212765957447 0.4953125 0.6340425531914894 0.5 0.6425531914893617 0.509375 0.6468085106382979 0.5203125 0.6617021276595745 0.525 0.6617021276595745 0.53125 0.6680851063829787 0.5359375 0.6680851063829787 0.5375 0.6723404255319149 0.5609375 0.676595744680851 0.5609375 0.6595744680851063 0.553125 0.6510638297872341 0.5484375 0.6361702127659574 0.540625 0.625531914893617 0.53125 0.6234042553191489 0.5265625 0.6170212765957447 0.5109375 0.6148936170212767 0.509375 0.6127659574468085 0.5078125 0.6127659574468085 0.5 0.6127659574468085 0.496875 0.6170212765957447
2 0.103125 0.7276595744680852 0.096875 0.7340425531914894 0.09375 0.7340425531914894 0.0890625 0.7468085106382979 0.084375 0.7531914893617021 0.08125 0.7638297872340426 0.08125 0.7723404255319148 0.078125 0.774468085106383 0.078125 0.7829787234042553 0.08125 0.7851063829787234 0.0828125 0.7936170212765957 0.0875 0.7936170212765957 0.0921875 0.7829787234042553 0.096875 0.7787234042553192 0.0984375 0.7723404255319148 0.103125 0.7702127659574468 0.1109375 0.7595744680851064 0.1109375 0.7553191489361702 0.11875 0.7468085106382979 0.1234375 0.7319148936170212 0.128125 0.7276595744680852 0.128125 0.7191489361702128 0.1234375 0.7127659574468085 0.1171875 0.7127659574468085 0.1171875 0.7148936170212766 0.1078125 0.7191489361702128 0.103125 0.7276595744680852
2 0.15625 0.7063829787234043 0.159375 0.7085106382978723 0.1609375 0.7148936170212766 0.1703125 0.7276595744680852 0.184375 0.7319148936170212 0.2125 0.7297872340425532 0.215625 0.7319148936170212 0.2203125 0.7297872340425532 0.2203125 0.7170212765957447 0.2171875 0.7148936170212766 0.2140625 0.7 0.2046875 0.6872340425531915 0.1984375 0.6851063829787234 0.196875 0.6808510638297872 0.171875 0.6808510638297872 0.1609375 0.674468085106383 0.159375 0.676595744680851 0.15625 0.6808510638297872 0.15625 0.7063829787234043