6 0.7809076687500001 0.5641726582278481 0.7793427234375 0.5705116772151899 0.7746478875 0.5705116772151899 0.7699530515624999 0.5831897151898734 0.7652582156250001 0.5831897151898734 0.7543036 0.6085457879746835 0.7496087640625 0.6085457879746835 0.744913928125 0.6212238259493671 0.7402190921875 0.6212238259493671 0.73552425625 0.6339018639240506 0.7308294203125001 0.6339018639240506 0.7261345859375 0.6465799018987343 0.7214397499999999 0.6465799018987343 0.7167449140625 0.6592579398734177 0.712050078125 0.6592579398734177 0.7104851328125 0.6655969556962026 0.705790296875 0.6655969556962026 0.7042253515625 0.6719359746835444 0.6995305171874999 0.6719359746835444 0.6948356812500001 0.6846140126582279 0.6870109546875 0.6846140126582279 0.68231611875 0.6972920506329114 0.6776212828125 0.6972920506329114 0.6760563375 0.7036310696202531 0.671361503125 0.7036310696202531 0.6697965578125 0.7099700886075949 0.66197183125 0.7099700886075949 0.6604068859375001 0.7163091075949367 0.652582159375 0.7163091075949367 0.6510172140625 0.7226481265822785 0.6431924875 0.7226481265822785 0.6416275437500001 0.7289871424050633 0.6369327078125 0.7289871424050633 0.62910798125 0.7480041993670886 0.6244131453125 0.7480041993670886 0.6228482 0.7543432183544304 0.611893584375 0.7543432183544304 0.6103286390625 0.7606822373417721 0.59624413125 0.7606822373417721 0.5946791859375 0.7670212563291139 0.5743348984375001 0.7670212563291139 0.572769953125 0.7733602753164557 0.5680751171875 0.7733602753164557 0.5649452265625 0.7828688006329114 0.5680751171875 0.7892078196202531 0.582159625 0.7892078196202531 0.5837245703125 0.7828688006329114 0.6103286390625 0.7828688006329114 0.611893584375 0.7765297848101266 0.6197183093749999 0.7765297848101266 0.6212832546875 0.7701907658227848 0.62910798125 0.7701907658227848 0.6306729265625 0.763851746835443 0.6416275437500001 0.763851746835443 0.6431924875 0.7575127278481013 0.6478873234375 0.7575127278481013 0.64945226875 0.7511737088607595 0.6541471046875 0.7511737088607595 0.65571205 0.7448346898734177 0.6604068859375001 0.7448346898734177 0.66197183125 0.7384956708860759 0.6666666671875 0.7384956708860759 0.6682316125 0.7321566518987341 0.672926446875 0.7321566518987341 0.6776212828125 0.7194786170886076 0.685446009375 0.7194786170886076 0.6870109546875 0.7131395981012658 0.691705790625 0.7131395981012658 0.6932707359375 0.706800579113924 0.7010954609375 0.706800579113924 0.7026604062499999 0.7004615601265823 0.7073552421875 0.7004615601265823 0.712050078125 0.6877835221518988 0.7167449140625 0.6877835221518988 0.7214397499999999 0.6751054841772153 0.7261345859375 0.6751054841772153 0.7308294203125001 0.6624274493670886 0.73552425625 0.6624274493670886 0.7402190921875 0.649749411392405 0.744913928125 0.649749411392405 0.7496087640625 0.6370713734177215 0.7543036 0.6370713734177215 0.762128325 0.6180543164556962 0.7668231609375 0.6180543164556962 0.777777778125 0.5926982436708861 0.7824726140625 0.5926982436708861 0.7871674484375 0.5800202056962025 0.791862284375 0.5800202056962025 0.7965571203125 0.567342167721519 0.80125195625 0.567342167721519 0.80125195625 0.5578336392405063 0.798122065625 0.5514946202531645 0.7934272296875 0.5514946202531645 0.791862284375 0.5578336392405063 0.7871674484375 0.5578336392405063 0.7871674484375 0.5610031487341772 0.7856025046874999 0.5641726582278481 0.7809076687500001 0.5641726582278481
6 0.3896713609375 0 0.3896713609375 0.0031695094936708863 0.3896713609375 0.022186566455696204 0.3928012515625 0.02535607594936709 0.3928012515625 0.0538816582278481 0.3959311421875 0.05705116772151898 0.3959311421875 0.08557675316455696 0.3990610328125 0.08874625949367089 0.3990610328125 0.11093282594936708 0.4021909234375 0.11410233544303797 0.4021909234375 0.14262792088607595 0.40532081406250003 0.14579742721518987 0.40532081406250003 0.17432301265822786 0.4084507046875 0.17749252215189873 0.4084507046875 0.20601810443037974 0.4115805953125 0.20918761392405064 0.4115805953125 0.2440522183544304 0.414710484375 0.24722172784810129 0.414710484375 0.27574731012658227 0.41784037500000004 0.27891681962025316 0.41784037500000004 0.30110338607594933 0.420970265625 0.3042728955696202 0.420970265625 0.3454765158227848 0.42410015625 0.3486460253164557 0.42410015625 0.42788375949367086 0.427230046875 0.43105326898734175 0.427230046875 0.5166300189873418 0.4303599375 0.5197995284810126 0.4303599375 0.5356470759493671 0.43348982812500003 0.538816585443038 0.43348982812500003 0.5546641297468354 0.43661971875 0.5578336392405063 0.43661971875 0.5736811867088607 0.439749609375 0.5800202056962025 0.44757433437499994 0.5800202056962025 0.4491392796875 0.5863592246835443 0.45696400625000005 0.5863592246835443 0.4585289515625 0.5895287341772152 0.45696400625000005 0.595867753164557 0.4428794984375 0.595867753164557 0.4428794984375 0.6117152974683544 0.439749609375 0.6148848069620253 0.439749609375 0.6434103924050634 0.4460093890625 0.652918920886076 0.4460093890625 0.7701907658227848 0.4428794984375 0.7733602753164557 0.4428794984375 0.8082248765822785 0.439749609375 0.8113943860759494 0.439749609375 0.8462589873417722 0.43661971875 0.849428496835443 0.43661971875 0.8716150632911392 0.43348982812500003 0.87478457278481 0.43348982812500003 0.9033101550632912 0.4303599375 0.9064796645569619 0.4303599375 0.9540223069620253 0.427230046875 0.9571918132911393 0.427230046875 0.9983954367088608 0.43818466406249995 0.9983954367088608 0.43818466406249995 0.9888869082278482 0.44131455468749997 0.9857173987341772 0.44131455468749997 0.9762088702531646 0.4428794984375 0.9730393607594936 0.44757433437499994 0.9793783797468354 0.45070422499999996 0.9730393607594936 0.45070422499999996 0.9635308322784811 0.44757433437499994 0.9571918132911393 0.4460093890625 0.9571918132911393 0.4460093890625 0.9667003417721519 0.44444444375 0.9698698512658228 0.44131455468749997 0.9667003417721519 0.44131455468749997 0.9254967215189874 0.44444444375 0.9223272120253164 0.44444444375 0.9001406455696201 0.44757433437499994 0.8969711360759494 0.44757433437499994 0.8621065348101266 0.45070422499999996 0.8589370253164558 0.45070422499999996 0.8367504620253164 0.4522691703125 0.8335809525316457 0.45696400625000005 0.8335809525316457 0.4585289515625 0.8399199683544304 0.46635367812500006 0.8399199683544304 0.46948356875 0.8335809525316457 0.46948356875 0.8177334050632911 0.4616588421875 0.8177334050632911 0.4616588421875 0.8272419335443039 0.460093896875 0.8304114430379747 0.4522691703125 0.8304114430379747 0.45070422499999996 0.8240724240506329 0.453834115625 0.8209029145569621 0.453834115625 0.7860383101265822 0.45696400625000005 0.7828688006329114 0.45696400625000005 0.7670212563291139 0.460093896875 0.763851746835443 0.460093896875 0.7543432183544304 0.46322378750000004 0.7511737088607595 0.4647887328125 0.7543432183544304 0.4647887328125 0.763851746835443 0.46948356875 0.763851746835443 0.46948356875 0.7543432183544304 0.46635367812500006 0.7511737088607595 0.46635367812500006 0.7416651803797468 0.4616588421875 0.7416651803797468 0.460093896875 0.7384956708860759 0.460093896875 0.6465799018987343 0.45696400625000005 0.6434103924050634 0.45696400625000005 0.6275628449367088 0.453834115625 0.624393335443038 0.453834115625 0.6022067721518987 0.4553990609375 0.5990372626582279 0.46322378750000004 0.5990372626582279 0.46635367812500006 0.6053762816455696 0.46635367812500006 0.595867753164557 0.46322378750000004 0.5926982436708861 0.46322378750000004 0.5578336392405063 0.460093896875 0.5546641297468354 0.460093896875 0.538816585443038 0.45696400625000005 0.5356470759493671 0.45696400625000005 0.5261385474683544 0.453834115625 0.5229690379746835 0.453834115625 0.5071214905063292 0.45070422499999996 0.5039519810126583 0.45070422499999996 0.4627483607594937 0.453834115625 0.45640934177215187 0.45070422499999996 0.45323983227848097 0.45070422499999996 0.43105326898734175 0.44757433437499994 0.42788375949367086 0.44757433437499994 0.3930191550632911 0.44444444375 0.38984964556962026 0.44444444375 0.36132406329113925 0.44131455468749997 0.35815455379746836 0.44131455468749997 0.3232899493670886 0.43818466406249995 0.3201204398734177 0.43818466406249995 0.2915948575949367 0.4350547734375 0.2884253481012658 0.4350547734375 0.25356074683544305 0.43192488281249997 0.25039123734177215 0.43192488281249997 0.22186565189873417 0.42879499218749995 0.21869614240506327 0.42879499218749995 0.19017056012658226 0.4256651015625 0.1870010506329114 0.4256651015625 0.1584754651898734 0.42253521093749996 0.15530595569620254 0.42253521093749996 0.1331193924050633 0.4194053203125 0.1299498829113924 0.4194053203125 0.1077633164556962 0.4162754296875 0.10459380696202532 0.4162754296875 0.07606822468354431 0.413145540625 0.07289871518987341 0.413145540625 0.044373129746835445 0.41001564999999995 0.041203620253164555 0.41001564999999995 0.006339018987341773 0.406885759375 0 0.3896713609375 0
6 0.4303599375 0.06972920569620253 0.4303599375 0.08557675316455696 0.43348982812500003 0.08874625949367089 0.43348982812500003 0.10459380696202532 0.439749609375 0.11410233544303797 0.439749609375 0.12361086392405064 0.4460093890625 0.1331193924050633 0.4460093890625 0.14896693670886077 0.4491392796875 0.15213644620253164 0.4491392796875 0.1679839936708861 0.4522691703125 0.17115350316455696 0.4522691703125 0.1870010506329114 0.460093896875 0.1870010506329114 0.4616588421875 0.19334006962025316 0.46635367812500006 0.19334006962025316 0.4679186234375 0.19650957911392405 0.4679186234375 0.20601810443037974 0.474178403125 0.2155266329113924 0.474178403125 0.22503516139240504 0.46948356875 0.23454368987341775 0.46635367812500006 0.22820467088607593 0.4616588421875 0.22820467088607593 0.4616588421875 0.23771319936708862 0.4647887328125 0.24088270886075952 0.4647887328125 0.25673025632911395 0.4710485140625 0.26623878164556963 0.4710485140625 0.2884253481012658 0.474178403125 0.2915948575949367 0.474178403125 0.31378142405063286 0.47730829375 0.3169509335443038 0.47730829375 0.35181553481012656 0.48043818437499997 0.35498504430379746 0.48043818437499997 0.36449357278481015 0.483568075 0.367663082278481 0.483568075 0.37717160759493673 0.486697965625 0.38034111708860757 0.486697965625 0.42154474050632906 0.48982785624999997 0.42471424999999996 0.48982785624999997 0.44056179430379744 0.492957746875 0.44373130379746833 0.492957746875 0.4659178702531646 0.49608763749999996 0.4690873797468355 0.49608763749999996 0.4912739462025317 0.499217528125 0.4944434525316456 0.499217528125 0.5166300189873418 0.5148669796875 0.5483251139240506 0.516431925 0.5483251139240506 0.516431925 0.5324775664556962 0.519561815625 0.5261385474683544 0.516431925 0.5229690379746835 0.516431925 0.47542639873417725 0.513302034375 0.47225688924050635 0.513302034375 0.4500703227848101 0.51017214375 0.44690081329113923 0.51017214375 0.43105326898734175 0.5070422531250001 0.42788375949367086 0.5070422531250001 0.4056971930379747 0.5039123625 0.4025276835443038 0.5039123625 0.367663082278481 0.500782471875 0.36449357278481015 0.500782471875 0.3486460253164557 0.5039123625 0.3454765158227848 0.5039123625 0.28525583860759496 0.500782471875 0.28208632911392406 0.500782471875 0.2598997658227848 0.4976525828125 0.25673025632911395 0.4976525828125 0.22820467088607593 0.4945226921875 0.22503516139240504 0.4945226921875 0.2155266329113924 0.49139280156250004 0.2123571234177215 0.49139280156250004 0.19650957911392405 0.4882629109375 0.19334006962025316 0.4882629109375 0.1838315411392405 0.48513302031250005 0.18066203164556963 0.48513302031250005 0.17115350316455696 0.48200312968750003 0.1679839936708861 0.48200312968750003 0.1584754651898734 0.4788732390625 0.15530595569620254 0.4788732390625 0.14579742721518987 0.4726134578125 0.1362889018987342 0.4726134578125 0.12678037341772153 0.46948356875 0.12361086392405064 0.46948356875 0.11410233544303797 0.46635367812500006 0.11093282594936708 0.46635367812500006 0.10142429746835442 0.4616588421875 0.10142429746835442 0.453834115625 0.08557675316455696 0.453834115625 0.07606822468354431 0.4491392796875 0.07606822468354431 0.44444444375 0.06655969620253165 0.44444444375 0.05705116772151898 0.439749609375 0.05705116772151898 0.4350547734375 0.04754263924050633 0.4350547734375 0.03803411075949367 0.43192488281249997 0.0316950917721519 0.427230046875 0.0316950917721519 0.42253521093749996 0.019017056962025315 0.41784037500000004 0.019017056962025315 0.41784037500000004 0.022186566455696204 0.41784037500000004 0.04754263924050633 0.4303599375 0.06972920569620253
6 0.4491392796875 0 0.4491392796875 0.0031695094936708863 0.4491392796875 0.01584754746835443 0.4460093890625 0.022186566455696204 0.4491392796875 0.02535607594936709 0.4491392796875 0.0538816582278481 0.4522691703125 0.05705116772151898 0.4522691703125 0.06655969620253165 0.4585289515625 0.07606822468354431 0.4585289515625 0.08557675316455696 0.4647887328125 0.09825478797468354 0.46948356875 0.09825478797468354 0.46948356875 0.019017056962025315 0.46635367812500006 0.01584754746835443 0.46635367812500006 0 0.4491392796875 0
6 0.327073553125 0.6339018639240506 0.327073553125 0.6624274493670886 0.3239436625 0.6655969556962026 0.3239436625 0.7004615601265823 0.32081377187500004 0.7036310696202531 0.32081377187500004 0.7575127278481013 0.31768388125 0.7606822373417721 0.31768388125 0.7701907658227848 0.314553990625 0.7733602753164557 0.314553990625 0.8018858575949367 0.31924882656250003 0.8018858575949367 0.31924882656250003 0.792377329113924 0.3223787171875 0.7892078196202531 0.3223787171875 0.7796992943037975 0.33176838750000004 0.763851746835443 0.33176838750000004 0.7289871424050633 0.334898278125 0.7258176329113925 0.334898278125 0.6972920506329114 0.33802816875 0.6941225411392405 0.33802816875 0.6655969556962026 0.341158059375 0.6624274493670886 0.33802816875 0.6560884303797468 0.33802816875 0.6465799018987343 0.341158059375 0.6434103924050634 0.341158059375 0.6022067721518987 0.3333333328125 0.6022067721518987 0.3333333328125 0.6117152974683544 0.33020344218750003 0.6148848069620253 0.33020344218750003 0.6180543164556962 0.33020344218750003 0.6307323544303797 0.327073553125 0.6339018639240506
6 0.28951486718749997 0 0.28951486718749997 0.0031695094936708863 0.28951486718749997 0.01584754746835443 0.2863849765625 0.019017056962025315 0.2863849765625 0.03486460126582278 0.2832550859375 0.03803411075949367 0.2832550859375 0.06022067721518988 0.2801251953125 0.06655969620253165 0.2832550859375 0.06972920569620253 0.2832550859375 0.08557675316455696 0.2910798125 0.08557675316455696 0.2910798125 0.07606822468354431 0.294209703125 0.07289871518987341 0.294209703125 0.06339018670886076 0.30046948281249997 0.0538816582278481 0.30046948281249997 0.044373129746835445 0.3035993734375 0.041203620253164555 0.3035993734375 0.02535607594936709 0.3067292640625 0.022186566455696204 0.3067292640625 0.006339018987341773 0.30985915468749997 0 0.28951486718749997 0
6 0.6807511734375 0.8557675158227848 0.6791862281250001 0.8621065348101266 0.6744913921875 0.8621065348101266 0.672926446875 0.8684455537974682 0.6682316125 0.8684455537974682 0.6666666671875 0.87478457278481 0.66197183125 0.87478457278481 0.652582159375 0.8938016297468354 0.652582159375 0.9033101550632912 0.6478873234375 0.9128186835443037 0.6431924875 0.9128186835443037 0.6431924875 0.9223272120253164 0.6384976531250001 0.9318357405063292 0.6338028171875 0.9318357405063292 0.6306729265625 0.938174759493671 0.6306729265625 0.9476832879746835 0.6228482 0.9635308322784811 0.6181533640625 0.9635308322784811 0.6181533640625 0.9730393607594936 0.6134585296874999 0.9825478892405064 0.6087636937500001 0.9825478892405064 0.6025039125 0.9983954367088608 0.6165884187499999 0.9983954367088608 0.6181533640625 0.992056417721519 0.6228482 0.992056417721519 0.6244131453125 0.9857173987341772 0.62910798125 0.9857173987341772 0.6416275437500001 0.9603613227848101 0.6416275437500001 0.9508527974683545 0.65571205 0.9223272120253164 0.6604068859375001 0.9223272120253164 0.6807511734375 0.877954082278481 0.6885759 0.877954082278481 0.6901408453125 0.8716150632911392 0.6948356812500001 0.8716150632911392 0.6964006265625 0.8652760443037975 0.7010954609375 0.8652760443037975 0.7042253515625 0.8589370253164558 0.7042253515625 0.849428496835443 0.7010954609375 0.8430894778481012 0.6901408453125 0.8430894778481012 0.6870109546875 0.849428496835443 0.6870109546875 0.852598006329114 0.685446009375 0.8557675158227848 0.6807511734375 0.8557675158227848
6 0.3646322375 0.6085457879746835 0.3646322375 0.6180543164556962 0.367762128125 0.6212238259493671 0.367762128125 0.6307323544303797 0.37089201875 0.6339018639240506 0.37089201875 0.6560884303797468 0.374021909375 0.6592579398734177 0.374021909375 0.6687664651898735 0.3771518 0.6719359746835444 0.3771518 0.6877835221518988 0.380281690625 0.6909530316455696 0.380281690625 0.7131395981012658 0.38341158124999997 0.7163091075949367 0.38341158124999997 0.7321566518987341 0.38654147031249997 0.735326161392405 0.38654147031249997 0.7511737088607595 0.3896713609375 0.7543432183544304 0.3896713609375 0.7701907658227848 0.3928012515625 0.7733602753164557 0.3928012515625 0.7955468386075949 0.3959311421875 0.7987163481012658 0.3959311421875 0.8209029145569621 0.3990610328125 0.8240724240506329 0.3990610328125 0.8589370253164558 0.4021909234375 0.8621065348101266 0.4021909234375 0.8716150632911392 0.40532081406250003 0.87478457278481 0.40532081406250003 0.8906321202531645 0.4084507046875 0.8938016297468354 0.4084507046875 0.909649174050633 0.413145540625 0.9001406455696201 0.41001564999999995 0.8969711360759494 0.41001564999999995 0.8177334050632911 0.406885759375 0.8145638955696203 0.406885759375 0.7733602753164557 0.40375586874999997 0.7701907658227848 0.40375586874999997 0.7543432183544304 0.400625978125 0.7511737088607595 0.400625978125 0.7289871424050633 0.3974960875 0.7258176329113925 0.3974960875 0.7099700886075949 0.39436619687499996 0.706800579113924 0.39436619687499996 0.6846140126582279 0.39123630625 0.681444503164557 0.39123630625 0.6655969556962026 0.388106415625 0.6624274493670886 0.388106415625 0.6465799018987343 0.3849765265625 0.6434103924050634 0.3849765265625 0.6275628449367088 0.3818466359375 0.624393335443038 0.3818466359375 0.6148848069620253 0.3787167453125 0.6117152974683544 0.3787167453125 0.6022067721518987 0.37558685468749997 0.5990372626582279 0.37558685468749997 0.5895287341772152 0.3724569640625 0.5863592246835443 0.3724569640625 0.5768506962025316 0.3693270734375 0.5705116772151899 0.361502346875 0.5705116772151899 0.35837245625 0.5768506962025316 0.35837245625 0.5800202056962025 0.35837245625 0.5990372626582279 0.3646322375 0.6085457879746835
6 0.486697965625 0.538816585443038 0.486697965625 0.5483251139240506 0.48982785624999997 0.5514946202531645 0.48982785624999997 0.5610031487341772 0.5086071984375 0.595867753164557 0.5086071984375 0.6053762816455696 0.5179968703125 0.6212238259493671 0.5179968703125 0.6307323544303797 0.5273865421874999 0.6465799018987343 0.5273865421874999 0.6624274493670886 0.5305164312499999 0.6655969556962026 0.5305164312499999 0.6751054841772153 0.5367762125 0.6846140126582279 0.5367762125 0.6941225411392405 0.54303599375 0.7036310696202531 0.54303599375 0.7194786170886076 0.546165884375 0.7226481265822785 0.546165884375 0.7384956708860759 0.549295775 0.7416651803797468 0.549295775 0.7511737088607595 0.5524256656250001 0.7543432183544304 0.5524256656250001 0.7701907658227848 0.5555555562500001 0.7733602753164557 0.5555555562500001 0.8018858575949367 0.5586854453125001 0.8050553670886076 0.5586854453125001 0.8145638955696203 0.5618153359375 0.8177334050632911 0.5618153359375 0.8399199683544304 0.5649452265625 0.8430894778481012 0.5649452265625 0.8652760443037975 0.5680751171875 0.8684455537974682 0.5680751171875 0.909649174050633 0.5712050078125 0.9128186835443037 0.5712050078125 0.9983954367088608 0.5790297343749999 0.9983954367088608 0.582159625 0.992056417721519 0.582159625 0.9128186835443037 0.5790297343749999 0.909649174050633 0.5790297343749999 0.8621065348101266 0.57589984375 0.8589370253164558 0.57589984375 0.8430894778481012 0.572769953125 0.8399199683544304 0.572769953125 0.8177334050632911 0.5696400625 0.8145638955696203 0.5696400625 0.7860383101265822 0.566510171875 0.7828688006329114 0.566510171875 0.7606822373417721 0.56338028125 0.7575127278481013 0.56338028125 0.7416651803797468 0.560250390625 0.7384956708860759 0.560250390625 0.7289871424050633 0.5571205015625 0.7258176329113925 0.5571205015625 0.7099700886075949 0.5539906109375 0.706800579113924 0.5539906109375 0.6909530316455696 0.5508607203125 0.6877835221518988 0.5508607203125 0.6782749936708861 0.5477308296875 0.6751054841772153 0.5477308296875 0.6655969556962026 0.5446009390625 0.6624274493670886 0.5446009390625 0.652918920886076 0.5352112671875 0.6370713734177215 0.5352112671875 0.6275628449367088 0.525821596875 0.6117152974683544 0.525821596875 0.6022067721518987 0.5039123625 0.5610031487341772 0.5039123625 0.5514946202531645 0.499217528125 0.5514946202531645 0.4976525828125 0.5451556044303797 0.49608763749999996 0.5451556044303797 0.4945226921875 0.538816585443038 0.486697965625 0.538816585443038
1 0.7276995312500001 0.24722172784810129 0.7245696406250001 0.25356074683544305 0.7245696406250001 0.26940829113924053 0.7214397499999999 0.27257780063291137 0.7214397499999999 0.28208632911392406 0.7245696406250001 0.28525583860759496 0.7245696406250001 0.30110338607594933 0.7276995312500001 0.3074424050632911 0.732394365625 0.3074424050632911 0.7339593109375 0.31378142405063286 0.7417840375 0.31378142405063286 0.7433489828125001 0.3201204398734177 0.74804381875 0.3201204398734177 0.7496087640625 0.3264594588607595 0.7543036 0.3264594588607595 0.7558685453125 0.3327984778481013 0.7605633796875 0.3327984778481013 0.7668231609375 0.3201204398734177 0.7668231609375 0.27891681962025316 0.7543036 0.25356074683544305 0.7496087640625 0.25356074683544305 0.74804381875 0.24722172784810129 0.7433489828125001 0.24722172784810129 0.7417840375 0.24088270886075952 0.7339593109375 0.24088270886075952 0.7339593109375 0.2440522183544304 0.732394365625 0.24722172784810129 0.7276995312500001 0.24722172784810129
1 0.4021909234375 0.5863592246835443 0.3990610328125 0.5895287341772152 0.3990610328125 0.6117152974683544 0.3959311421875 0.6148848069620253 0.3959311421875 0.6687664651898735 0.3990610328125 0.6719359746835444 0.3990610328125 0.681444503164557 0.4021909234375 0.6846140126582279 0.4021909234375 0.7004615601265823 0.4084507046875 0.7099700886075949 0.4084507046875 0.7194786170886076 0.414710484375 0.7289871424050633 0.414710484375 0.7384956708860759 0.41784037500000004 0.7416651803797468 0.41784037500000004 0.7511737088607595 0.420970265625 0.7543432183544304 0.420970265625 0.763851746835443 0.427230046875 0.7733602753164557 0.427230046875 0.7828688006329114 0.43192488281249997 0.7828688006329114 0.43348982812500003 0.7892078196202531 0.43818466406249995 0.7828688006329114 0.43818466406249995 0.7670212563291139 0.44131455468749997 0.763851746835443 0.44131455468749997 0.7163091075949367 0.44444444375 0.7131395981012658 0.44444444375 0.6782749936708861 0.44131455468749997 0.6751054841772153 0.44131455468749997 0.6592579398734177 0.43818466406249995 0.6560884303797468 0.43818466406249995 0.6402408829113924 0.4350547734375 0.6370713734177215 0.4350547734375 0.5705116772151899 0.43192488281249997 0.567342167721519 0.43192488281249997 0.5451556044303797 0.4256651015625 0.5324775664556962 0.42253521093749996 0.538816585443038 0.41784037500000004 0.538816585443038 0.41784037500000004 0.5419860949367089 0.4021909234375 0.5705116772151899 0.4021909234375 0.5863592246835443
1 0.4710485140625 0.8177334050632911 0.4710485140625 0.852598006329114 0.4679186234375 0.8557675158227848 0.4679186234375 0.8969711360759494 0.4647887328125 0.9001406455696201 0.4647887328125 0.909649174050633 0.4616588421875 0.9128186835443037 0.4616588421875 0.93500525 0.4585289515625 0.938174759493671 0.4585289515625 0.9603613227848101 0.4616588421875 0.9667003417721519 0.48200312968750003 0.9667003417721519 0.483568075 0.9730393607594936 0.49139280156250004 0.9730393607594936 0.5023474171875 0.9983954367088608 0.5539906109375 0.9983954367088608 0.56338028125 0.9793783797468354 0.56338028125 0.9698698512658228 0.566510171875 0.9667003417721519 0.566510171875 0.9571918132911393 0.5696400625 0.9540223069620253 0.5696400625 0.9191577025316455 0.566510171875 0.9159881930379747 0.566510171875 0.8621065348101266 0.56338028125 0.8589370253164558 0.56338028125 0.8430894778481012 0.560250390625 0.8399199683544304 0.560250390625 0.8304114430379747 0.5571205015625 0.8272419335443039 0.5571205015625 0.8113943860759494 0.5539906109375 0.8050553670886076 0.546165884375 0.8050553670886076 0.5446009390625 0.7987163481012658 0.5273865421874999 0.7987163481012658 0.525821596875 0.8050553670886076 0.5023474171875 0.8050553670886076 0.500782471875 0.7987163481012658 0.48043818437499997 0.7987163481012658 0.4788732390625 0.8050553670886076 0.474178403125 0.8050553670886076 0.474178403125 0.8082248765822785 0.474178403125 0.8145638955696203 0.4710485140625 0.8177334050632911
1 0.439749609375 0.3074424050632911 0.4428794984375 0.310611914556962 0.4428794984375 0.35181553481012656 0.4460093890625 0.35498504430379746 0.4460093890625 0.38351062658227847 0.4491392796875 0.38668013607594937 0.4491392796875 0.4025276835443038 0.4522691703125 0.40886670253164553 0.47574334843750005 0.40886670253164553 0.48200312968750003 0.396188664556962 0.48200312968750003 0.367663082278481 0.4788732390625 0.36449357278481015 0.4788732390625 0.3486460253164557 0.47574334843750005 0.3454765158227848 0.47574334843750005 0.3169509335443038 0.4726134578125 0.31378142405063286 0.4726134578125 0.2979338765822785 0.46948356875 0.2947643670886076 0.46948356875 0.28525583860759496 0.46635367812500006 0.27891681962025316 0.4616588421875 0.27891681962025316 0.460093896875 0.27257780063291137 0.4553990609375 0.27257780063291137 0.453834115625 0.26623878164556963 0.4428794984375 0.26623878164556963 0.4428794984375 0.26940829113924053 0.439749609375 0.27257780063291137 0.439749609375 0.3074424050632911
1 0.1924882625 0.14579742721518987 0.1909233171875 0.15213644620253164 0.1830985921875 0.15213644620253164 0.181533646875 0.1584754651898734 0.17370892031250001 0.1584754651898734 0.172143975 0.1648144841772152 0.1643192484375 0.1648144841772152 0.162754303125 0.17115350316455696 0.1580594671875 0.17115350316455696 0.1564945234375 0.17749252215189873 0.1517996875 0.17749252215189873 0.129890453125 0.22186565189873417 0.129890453125 0.23137418037974686 0.1267605640625 0.23454368987341775 0.1267605640625 0.2440522183544304 0.1236306734375 0.24722172784810129 0.1236306734375 0.25673025632911395 0.12050078281250001 0.2598997658227848 0.12050078281250001 0.26940829113924053 0.1173708921875 0.27257780063291137 0.1173708921875 0.28208632911392406 0.11424100156250001 0.28525583860759496 0.11424100156250001 0.3074424050632911 0.1111111109375 0.310611914556962 0.1111111109375 0.37717160759493673 0.11424100156250001 0.38034111708860757 0.11424100156250001 0.38984964556962026 0.12050078281250001 0.3993581740506329 0.12050078281250001 0.40886670253164553 0.1267605640625 0.4183752310126582 0.1267605640625 0.42788375949367086 0.13302034375 0.43739228481012654 0.13302034375 0.44690081329113923 0.142410015625 0.4627483607594937 0.142410015625 0.47225688924050635 0.1517996875 0.4881044367088608 0.1517996875 0.49761296202531646 0.154929578125 0.5007824715189874 0.154929578125 0.510291 0.1580594671875 0.513460509493671 0.1580594671875 0.5229690379746835 0.1611893578125 0.5261385474683544 0.1611893578125 0.5356470759493671 0.1643192484375 0.538816585443038 0.1643192484375 0.5483251139240506 0.1705790296875 0.5578336392405063 0.1705790296875 0.567342167721519 0.17370892031250001 0.5705116772151899 0.17370892031250001 0.5800202056962025 0.1799687015625 0.5895287341772152 0.1799687015625 0.5990372626582279 0.18622848125 0.6085457879746835 0.18622848125 0.6180543164556962 0.1924882625 0.6307323544303797 0.19718309843749998 0.6307323544303797 0.19874804375 0.6339018639240506 0.19874804375 0.6434103924050634 0.20500782499999998 0.652918920886076 0.20500782499999998 0.6624274493670886 0.2143974953125 0.6782749936708861 0.2143974953125 0.6877835221518988 0.22378716718749997 0.706800579113924 0.22848200312500003 0.706800579113924 0.2300469484375 0.7131395981012658 0.2503912359375 0.7131395981012658 0.25352112656250003 0.7194786170886076 0.255086071875 0.7131395981012658 0.275430359375 0.7131395981012658 0.2769953046875 0.706800579113924 0.281690140625 0.706800579113924 0.2832550859375 0.7004615601265823 0.287949921875 0.7004615601265823 0.28951486718749997 0.6941225411392405 0.294209703125 0.6941225411392405 0.3129890453125 0.6560884303797468 0.3129890453125 0.6465799018987343 0.31924882656250003 0.6370713734177215 0.31924882656250003 0.6275628449367088 0.3255086078125 0.6180543164556962 0.3255086078125 0.6085457879746835 0.328638496875 0.6053762816455696 0.328638496875 0.595867753164557 0.341158059375 0.5736811867088607 0.341158059375 0.5641726582278481 0.3458528953125 0.5546641297468354 0.35054773125 0.5546641297468354 0.35054773125 0.5451556044303797 0.3521126765625 0.5419860949367089 0.3568075125 0.5419860949367089 0.361502346875 0.5293080569620253 0.3661971828125 0.5293080569620253 0.3771518 0.5039519810126583 0.3818466359375 0.5039519810126583 0.39436619687499996 0.47859590822784814 0.39436619687499996 0.4690873797468355 0.3974960875 0.4659178702531646 0.3974960875 0.45640934177215187 0.400625978125 0.45323983227848097 0.400625978125 0.44373130379746833 0.406885759375 0.43422277531645564 0.406885759375 0.41203621202531643 0.41001564999999995 0.40886670253164553 0.41001564999999995 0.3930191550632911 0.413145540625 0.38984964556962026 0.413145540625 0.3232899493670886 0.41001564999999995 0.3201204398734177 0.41001564999999995 0.310611914556962 0.406885759375 0.3074424050632911 0.406885759375 0.2979338765822785 0.40375586874999997 0.2947643670886076 0.40375586874999997 0.28525583860759496 0.400625978125 0.28208632911392406 0.400625978125 0.27257780063291137 0.3849765265625 0.24088270886075952 0.380281690625 0.24088270886075952 0.37558685468749997 0.22820467088607593 0.37089201875 0.22820467088607593 0.3693270734375 0.22186565189873417 0.3646322375 0.22186565189873417 0.3630672921875 0.2155266329113924 0.3552425671875 0.2155266329113924 0.353677621875 0.20918761392405064 0.33020344218750003 0.20918761392405064 0.328638496875 0.20284859493670884 0.31768388125 0.20284859493670884 0.31611893593749996 0.19650957911392405 0.302034428125 0.19650957911392405 0.30046948281249997 0.19017056012658226 0.2863849765625 0.19017056012658226 0.28482003125 0.1838315411392405 0.267605634375 0.1838315411392405 0.2660406890625 0.17749252215189873 0.261345853125 0.17749252215189873 0.2597809078125 0.1838315411392405 0.255086071875 0.1838315411392405 0.25352112656250003 0.17749252215189873 0.2300469484375 0.17749252215189873 0.22848200312500003 0.17115350316455696 0.22065727656249998 0.17115350316455696 0.21283255156249997 0.15530595569620254 0.21909233125 0.13945841139240506 0.208137715625 0.13945841139240506 0.208137715625 0.14262792088607595 0.2065727703125 0.14579742721518987 0.1924882625 0.14579742721518987
1 0.4428794984375 0.3232899493670886 0.4428794984375 0.35815455379746836 0.4460093890625 0.36132406329113925 0.4460093890625 0.38984964556962026 0.4491392796875 0.3930191550632911 0.4491392796875 0.4025276835443038 0.4522691703125 0.40886670253164553 0.460093896875 0.40886670253164553 0.4616588421875 0.4152057215189873 0.4726134578125 0.4152057215189873 0.474178403125 0.40886670253164553 0.4788732390625 0.40886670253164553 0.4788732390625 0.3993581740506329 0.48200312968750003 0.396188664556962 0.48200312968750003 0.367663082278481 0.4788732390625 0.36449357278481015 0.4788732390625 0.3486460253164557 0.47574334843750005 0.3454765158227848 0.47574334843750005 0.3169509335443038 0.4726134578125 0.31378142405063286 0.4726134578125 0.2979338765822785 0.46948356875 0.2947643670886076 0.46948356875 0.28525583860759496 0.46635367812500006 0.27891681962025316 0.4616588421875 0.27891681962025316 0.460093896875 0.27257780063291137 0.4553990609375 0.27257780063291137 0.453834115625 0.26623878164556963 0.439749609375 0.26623878164556963 0.439749609375 0.26940829113924053 0.439749609375 0.3201204398734177 0.4428794984375 0.3232899493670886
1 0.5837245703125 0.3359679873417722 0.582159625 0.3423070063291139 0.539906103125 0.3423070063291139 0.5383411578125 0.3486460253164557 0.5273865421874999 0.3486460253164557 0.525821596875 0.35498504430379746 0.5211267609375 0.35498504430379746 0.5148669796875 0.367663082278481 0.5148669796875 0.37717160759493673 0.5117370890624999 0.38034111708860757 0.5117370890624999 0.38984964556962026 0.5086071984375 0.3930191550632911 0.5086071984375 0.4025276835443038 0.5117370890624999 0.4056971930379747 0.5117370890624999 0.43422277531645564 0.5148669796875 0.43739228481012654 0.5148669796875 0.45323983227848097 0.5179968703125 0.45640934177215187 0.5179968703125 0.4659178702531646 0.5211267609375 0.4690873797468355 0.5211267609375 0.4849349272151899 0.5242566515625 0.4881044367088608 0.5242566515625 0.49761296202531646 0.5289514859375 0.49761296202531646 0.5305164312499999 0.5007824715189874 0.5305164312499999 0.510291 0.5336463218749999 0.513460509493671 0.5336463218749999 0.5229690379746835 0.5367762125 0.5261385474683544 0.5367762125 0.5356470759493671 0.54303599375 0.5451556044303797 0.54303599375 0.5546641297468354 0.5477308296875 0.5546641297468354 0.5743348984375001 0.6117152974683544 0.5790297343749999 0.6117152974683544 0.5805946796875 0.6180543164556962 0.5946791859375 0.6180543164556962 0.59624413125 0.6117152974683544 0.6009389671875 0.6117152974683544 0.6071987484375 0.5990372626582279 0.6071987484375 0.5895287341772152 0.6134585296874999 0.5800202056962025 0.6134585296874999 0.5705116772151899 0.6165884187499999 0.567342167721519 0.6165884187499999 0.513460509493671 0.625978090625 0.49761296202531646 0.625978090625 0.48176541772151904 0.62910798125 0.47859590822784814 0.62910798125 0.4690873797468355 0.6322378718749999 0.4659178702531646 0.6322378718749999 0.45640934177215187 0.6353677625 0.45323983227848097 0.6353677625 0.44373130379746833 0.6384976531250001 0.44056179430379744 0.6384976531250001 0.43105326898734175 0.6416275437500001 0.42788375949367086 0.6416275437500001 0.41203621202531643 0.6447574328125001 0.40886670253164553 0.6447574328125001 0.367663082278481 0.6416275437500001 0.36449357278481015 0.6416275437500001 0.35498504430379746 0.6353677625 0.3423070063291139 0.6306729265625 0.3423070063291139 0.62910798125 0.3359679873417722 0.6212832546875 0.3359679873417722 0.6197183093749999 0.3296289683544304 0.6087636937500001 0.3296289683544304 0.6087636937500001 0.3327984778481013 0.6071987484375 0.3359679873417722 0.5837245703125 0.3359679873417722
1 0.474178403125 0.12361086392405064 0.47730829375 0.12678037341772153 0.47730829375 0.14262792088607595 0.483568075 0.15213644620253164 0.483568075 0.1679839936708861 0.486697965625 0.17115350316455696 0.486697965625 0.18066203164556963 0.48982785624999997 0.1838315411392405 0.48982785624999997 0.19334006962025316 0.49608763749999996 0.20284859493670884 0.49608763749999996 0.2123571234177215 0.5023474171875 0.22503516139240504 0.5070422531250001 0.22503516139240504 0.5148669796875 0.2440522183544304 0.519561815625 0.2440522183544304 0.5211267609375 0.25039123734177215 0.5289514859375 0.25039123734177215 0.5305164312499999 0.2440522183544304 0.5383411578125 0.2440522183544304 0.54303599375 0.23137418037974686 0.5477308296875 0.23137418037974686 0.5790297343749999 0.1679839936708861 0.5790297343749999 0.1584754651898734 0.582159625 0.15530595569620254 0.582159625 0.1077633164556962 0.5790297343749999 0.10459380696202532 0.5790297343749999 0.08240724367088607 0.57589984375 0.07923773417721519 0.57589984375 0.05705116772151898 0.5696400625 0.044373129746835445 0.5555555562500001 0.044373129746835445 0.5539906109375 0.03803411075949367 0.47730829375 0.03803411075949367 0.47730829375 0.041203620253164555 0.474178403125 0.044373129746835445 0.474178403125 0.12361086392405064
1 0.23630672968750002 0 0.23630672968750002 0.0031695094936708863 0.23317683906250003 0.006339018987341773 0.23317683906250003 0.01584754746835443 0.23161189375000002 0.019017056962025315 0.2269170578125 0.019017056962025315 0.22535211249999998 0.012678037974683545 0.21752738593749998 0.012678037974683545 0.21596244062499997 0.006339018987341773 0.21126760625 0.006339018987341773 0.208137715625 0.012678037974683545 0.208137715625 0.022186566455696204 0.2065727703125 0.02535607594936709 0.19874804375 0.02535607594936709 0.1940532078125 0.012678037974683545 0.189358371875 0.012678037974683545 0.189358371875 0.022186566455696204 0.1877934265625 0.02535607594936709 0.1705790296875 0.02535607594936709 0.169014084375 0.0316950917721519 0.1611893578125 0.0316950917721519 0.1611893578125 0.041203620253164555 0.1705790296875 0.05705116772151898 0.1705790296875 0.06655969620253165 0.1768388109375 0.07606822468354431 0.1768388109375 0.08557675316455696 0.189358371875 0.11093282594936708 0.1940532078125 0.11093282594936708 0.195618153125 0.11727184493670888 0.20970266093749998 0.11727184493670888 0.21126760625 0.12044135443037976 0.21126760625 0.1299498829113924 0.20970266093749998 0.1331193924050633 0.20187793437499998 0.1331193924050633 0.2003129890625 0.13945841139240506 0.195618153125 0.13945841139240506 0.1940532078125 0.14579742721518987 0.18622848125 0.14579742721518987 0.1846635375 0.15213644620253164 0.1799687015625 0.15213644620253164 0.17840375625 0.1584754651898734 0.1705790296875 0.1584754651898734 0.169014084375 0.1648144841772152 0.1611893578125 0.1648144841772152 0.15962441249999998 0.17115350316455696 0.154929578125 0.17115350316455696 0.129890453125 0.22186565189873417 0.129890453125 0.23137418037974686 0.1267605640625 0.23454368987341775 0.1267605640625 0.2440522183544304 0.12050078281250001 0.25356074683544305 0.12050078281250001 0.26306927215189874 0.1173708921875 0.26623878164556963 0.1173708921875 0.28208632911392406 0.11424100156250001 0.28525583860759496 0.11424100156250001 0.30110338607594933 0.1111111109375 0.3042728955696202 0.1111111109375 0.37717160759493673 0.11424100156250001 0.38034111708860757 0.11424100156250001 0.38984964556962026 0.12050078281250001 0.3993581740506329 0.12050078281250001 0.40886670253164553 0.1267605640625 0.4183752310126582 0.1267605640625 0.42788375949367086 0.13302034375 0.43739228481012654 0.13302034375 0.44690081329113923 0.142410015625 0.4627483607594937 0.142410015625 0.47225688924050635 0.1517996875 0.4881044367088608 0.1517996875 0.49761296202531646 0.154929578125 0.5007824715189874 0.154929578125 0.510291 0.1580594671875 0.513460509493671 0.1580594671875 0.5229690379746835 0.1611893578125 0.5261385474683544 0.1611893578125 0.5356470759493671 0.1643192484375 0.538816585443038 0.1643192484375 0.5483251139240506 0.1674491390625 0.5514946202531645 0.1674491390625 0.5610031487341772 0.17370892031250001 0.5705116772151899 0.17370892031250001 0.5800202056962025 0.1768388109375 0.5831897151898734 0.1768388109375 0.5926982436708861 0.18622848125 0.6085457879746835 0.18622848125 0.6180543164556962 0.20500782499999998 0.652918920886076 0.20500782499999998 0.6624274493670886 0.21126760625 0.6719359746835444 0.21126760625 0.681444503164557 0.22378716718749997 0.706800579113924 0.22848200312500003 0.706800579113924 0.2300469484375 0.7131395981012658 0.24413145468750003 0.7131395981012658 0.2456964 0.7194786170886076 0.2597809078125 0.7194786170886076 0.261345853125 0.7131395981012658 0.275430359375 0.7131395981012658 0.2769953046875 0.706800579113924 0.28482003125 0.706800579113924 0.28951486718749997 0.6941225411392405 0.294209703125 0.6941225411392405 0.3129890453125 0.6560884303797468 0.3129890453125 0.6465799018987343 0.31924882656250003 0.6370713734177215 0.31924882656250003 0.6275628449367088 0.3255086078125 0.6180543164556962 0.3255086078125 0.6085457879746835 0.33176838750000004 0.5990372626582279 0.33176838750000004 0.5895287341772152 0.361502346875 0.5293080569620253 0.3661971828125 0.5293080569620253 0.3771518 0.5039519810126583 0.3818466359375 0.5039519810126583 0.3974960875 0.47225688924050635 0.3974960875 0.4627483607594937 0.400625978125 0.45957885126582276 0.400625978125 0.4500703227848101 0.40375586874999997 0.44690081329113923 0.40375586874999997 0.43739228481012654 0.406885759375 0.43422277531645564 0.406885759375 0.41203621202531643 0.41001564999999995 0.40886670253164553 0.41001564999999995 0.3930191550632911 0.413145540625 0.38984964556962026 0.413145540625 0.367663082278481 0.4162754296875 0.36132406329113925 0.413145540625 0.35815455379746836 0.413145540625 0.3423070063291139 0.4162754296875 0.3359679873417722 0.413145540625 0.3327984778481013 0.413145540625 0.3232899493670886 0.41001564999999995 0.3201204398734177 0.41001564999999995 0.310611914556962 0.406885759375 0.3074424050632911 0.406885759375 0.2979338765822785 0.40375586874999997 0.2947643670886076 0.40375586874999997 0.27891681962025316 0.3849765265625 0.24088270886075952 0.380281690625 0.24088270886075952 0.37558685468749997 0.22820467088607593 0.37089201875 0.22820467088607593 0.3693270734375 0.22186565189873417 0.3646322375 0.22186565189873417 0.3630672921875 0.2155266329113924 0.3552425671875 0.2155266329113924 0.353677621875 0.20918761392405064 0.3489827859375 0.20918761392405064 0.34428795 0.19650957911392405 0.33959311406250003 0.19650957911392405 0.33802816875 0.19334006962025316 0.33959311406250003 0.1870010506329114 0.35054773125 0.1870010506329114 0.3521126765625 0.18066203164556963 0.3787167453125 0.18066203164556963 0.3787167453125 0.17115350316455696 0.374021909375 0.17115350316455696 0.3724569640625 0.1648144841772152 0.3646322375 0.1648144841772152 0.3599374015625 0.15530595569620254 0.3599374015625 0.14579742721518987 0.3661971828125 0.1362889018987342 0.3661971828125 0.12678037341772153 0.3630672921875 0.12044135443037976 0.3646322375 0.11727184493670888 0.37558685468749997 0.11727184493670888 0.37558685468749997 0.10142429746835442 0.3771518 0.09825478797468354 0.3818466359375 0.09825478797468354 0.3818466359375 0.09508527848101266 0.374021909375 0.09508527848101266 0.374021909375 0.10459380696202532 0.3724569640625 0.1077633164556962 0.361502346875 0.1077633164556962 0.35837245625 0.11410233544303797 0.361502346875 0.12044135443037976 0.3599374015625 0.12678037341772153 0.3364632234375 0.12678037341772153 0.334898278125 0.12044135443037976 0.33802816875 0.11727184493670888 0.33802816875 0.10142429746835442 0.341158059375 0.09825478797468354 0.341158059375 0.08874625949367089 0.34428795 0.08557675316455696 0.34428795 0.07606822468354431 0.3364632234375 0.07606822468354431 0.334898278125 0.07289871518987341 0.334898278125 0.06339018670886076 0.33802816875 0.06022067721518988 0.33802816875 0.05071214873417721 0.334898278125 0.04754263924050633 0.334898278125 0.03803411075949367 0.33176838750000004 0.0316950917721519 0.3239436625 0.0316950917721519 0.31924882656250003 0.044373129746835445 0.3114241 0.044373129746835445 0.30985915468749997 0.05071214873417721 0.302034428125 0.05071214873417721 0.2989045390625 0.044373129746835445 0.2957746484375 0.05071214873417721 0.294209703125 0.04754263924050633 0.294209703125 0.03803411075949367 0.2926447578125 0.03803411075949367 0.2910798125 0.044373129746835445 0.2863849765625 0.044373129746835445 0.2801251953125 0.05705116772151898 0.275430359375 0.04754263924050633 0.275430359375 0.0316950917721519 0.27230046875 0.028525585443037973 0.275430359375 0.019017056962025315 0.267605634375 0.019017056962025315 0.2660406890625 0.02535607594936709 0.2582159625 0.02535607594936709 0.24726134531250002 0 0.23630672968750002 0
1 0.2738654140625 0.8304114430379747 0.27230046875 0.8367504620253164 0.2582159625 0.8367504620253164 0.2566510171875 0.8430894778481012 0.248826290625 0.8430894778481012 0.24413145468750003 0.8557675158227848 0.23943662031250001 0.8557675158227848 0.22378716718749997 0.8874626107594936 0.22378716718749997 0.9033101550632912 0.22065727656249998 0.9064796645569619 0.22065727656249998 0.9223272120253164 0.21752738593749998 0.9254967215189874 0.21752738593749998 0.9540223069620253 0.22065727656249998 0.9571918132911393 0.22065727656249998 0.992056417721519 0.22378716718749997 0.9983954367088608 0.3255086078125 0.9983954367088608 0.3333333328125 0.9793783797468354 0.33802816875 0.9793783797468354 0.33959311406250003 0.9730393607594936 0.34741784062500003 0.9730393607594936 0.3489827859375 0.9667003417721519 0.353677621875 0.9667003417721519 0.3552425671875 0.9603613227848101 0.3630672921875 0.9603613227848101 0.3661971828125 0.9540223069620253 0.3630672921875 0.9445137784810127 0.3552425671875 0.9445137784810127 0.353677621875 0.9508527974683545 0.3458528953125 0.9508527974683545 0.341158059375 0.9413442689873418 0.3521126765625 0.9159881930379747 0.388106415625 0.9159881930379747 0.3896713609375 0.909649174050633 0.400625978125 0.909649174050633 0.400625978125 0.8874626107594936 0.3974960875 0.8842931012658228 0.3974960875 0.87478457278481 0.39123630625 0.8652760443037975 0.39123630625 0.8557675158227848 0.3818466359375 0.8367504620253164 0.3771518 0.8367504620253164 0.3724569640625 0.8240724240506329 0.361502346875 0.8240724240506329 0.3599374015625 0.8177334050632911 0.3458528953125 0.8177334050632911 0.34428795 0.8240724240506329 0.3364632234375 0.8240724240506329 0.334898278125 0.8304114430379747 0.2957746484375 0.8304114430379747 0.294209703125 0.8240724240506329 0.28951486718749997 0.8240724240506329 0.28951486718749997 0.8272419335443039 0.287949921875 0.8304114430379747 0.2738654140625 0.8304114430379747
2 0.37558685468749997 0.09508527848101266 0.37089201875 0.09508527848101266 0.3693270734375 0.10142429746835442 0.3646322375 0.10142429746835442 0.3630672921875 0.1077633164556962 0.35837245625 0.1077633164556962 0.353677621875 0.12044135443037976 0.3458528953125 0.12044135443037976 0.34428795 0.12678037341772153 0.33959311406250003 0.12678037341772153 0.3364632234375 0.1331193924050633 0.3364632234375 0.14262792088607595 0.3333333328125 0.14579742721518987 0.3333333328125 0.15530595569620254 0.34428795 0.15530595569620254 0.3458528953125 0.14896693670886077 0.3568075125 0.14896693670886077 0.35837245625 0.14262792088607595 0.3661971828125 0.14262792088607595 0.374021909375 0.12361086392405064 0.3787167453125 0.12361086392405064 0.3818466359375 0.11727184493670888 0.3818466359375 0.1077633164556962 0.38341158124999997 0.10459380696202532 0.388106415625 0.10459380696202532 0.388106415625 0.08240724367088607 0.3849765265625 0.07606822468354431 0.3771518 0.07606822468354431 0.3771518 0.07923773417721519 0.3771518 0.09191576898734177 0.37558685468749997 0.09508527848101266
2 0.23317683906250003 0 0.23317683906250003 0.0031695094936708863 0.23317683906250003 0.028525585443037973 0.23630672968750002 0.0316950917721519 0.23630672968750002 0.041203620253164555 0.23943662031250001 0.044373129746835445 0.23943662031250001 0.0538816582278481 0.2425665109375 0.06022067721518988 0.2503912359375 0.06022067721518988 0.25352112656250003 0.0538816582278481 0.25352112656250003 0.044373129746835445 0.2566510171875 0.041203620253164555 0.2566510171875 0.012678037974683545 0.2503912359375 0 0.23317683906250003 0
2 0.1830985921875 0 0.1830985921875 0.0031695094936708863 0.18622848125 0.006339018987341773 0.18622848125 0.041203620253164555 0.1830985921875 0.04754263924050633 0.18622848125 0.0538816582278481 0.1909233171875 0.0538816582278481 0.1924882625 0.05705116772151898 0.1924882625 0.06655969620253165 0.195618153125 0.07289871518987341 0.2003129890625 0.07289871518987341 0.20500782499999998 0.08557675316455696 0.20970266093749998 0.08557675316455696 0.2143974953125 0.09825478797468354 0.222222221875 0.09825478797468354 0.222222221875 0.08874625949367089 0.21909233125 0.08557675316455696 0.21909233125 0.07606822468354431 0.21283255156249997 0.06655969620253165 0.21283255156249997 0.05071214873417721 0.20970266093749998 0.04754263924050633 0.20970266093749998 0.03803411075949367 0.19718309843749998 0.012678037974683545 0.1924882625 0.012678037974683545 0.1909233171875 0.009508528481012657 0.1909233171875 0 0.1830985921875 0
2 0.2989045390625 0.06339018670886076 0.2957746484375 0.06972920569620253 0.2957746484375 0.07923773417721519 0.2863849765625 0.09508527848101266 0.2863849765625 0.10459380696202532 0.2801251953125 0.11410233544303797 0.2801251953125 0.1362889018987342 0.287949921875 0.1362889018987342 0.28951486718749997 0.14262792088607595 0.29733959374999996 0.14262792088607595 0.302034428125 0.1299498829113924 0.3067292640625 0.1299498829113924 0.30829420937499996 0.12361086392405064 0.3129890453125 0.12361086392405064 0.33176838750000004 0.08557675316455696 0.33176838750000004 0.06972920569620253 0.334898278125 0.06339018670886076 0.33176838750000004 0.05705116772151898 0.327073553125 0.05705116772151898 0.3255086078125 0.05071214873417721 0.30829420937499996 0.05071214873417721 0.30829420937499996 0.0538816582278481 0.3035993734375 0.06339018670886076 0.2989045390625 0.06339018670886076
2 0.267605634375 0.019017056962025315 0.267605634375 0.028525585443037973 0.26447574375 0.0316950917721519 0.26447574375 0.04754263924050633 0.261345853125 0.05071214873417721 0.261345853125 0.06022067721518988 0.2582159625 0.06339018670886076 0.2582159625 0.08557675316455696 0.261345853125 0.08874625949367089 0.261345853125 0.10459380696202532 0.267605634375 0.11410233544303797 0.267605634375 0.12361086392405064 0.27230046875 0.1299498829113924 0.275430359375 0.12361086392405064 0.275430359375 0.10142429746835442 0.27856025 0.09825478797468354 0.27856025 0.044373129746835445 0.275430359375 0.041203620253164555 0.275430359375 0.012678037974683545 0.2738654140625 0.012678037974683545 0.2738654140625 0.01584754746835443 0.27230046875 0.019017056962025315 0.267605634375 0.019017056962025315
2 0.208137715625 0.041203620253164555 0.21126760625 0.044373129746835445 0.21126760625 0.0538816582278481 0.2143974953125 0.05705116772151898 0.2143974953125 0.06655969620253165 0.21752738593749998 0.06972920569620253 0.21752738593749998 0.07923773417721519 0.22065727656249998 0.08240724367088607 0.22065727656249998 0.09191576898734177 0.2269170578125 0.10459380696202532 0.237871675 0.10459380696202532 0.237871675 0.09508527848101266 0.24100156562500002 0.09191576898734177 0.24100156562500002 0.05705116772151898 0.237871675 0.0538816582278481 0.237871675 0.044373129746835445 0.234741784375 0.041203620253164555 0.234741784375 0.0316950917721519 0.22848200312500003 0.019017056962025315 0.22378716718749997 0.019017056962025315 0.222222221875 0.012678037974683545 0.21752738593749998 0.012678037974683545 0.21596244062499997 0.006339018987341773 0.21126760625 0.006339018987341773 0.21126760625 0.009508528481012657 0.208137715625 0.012678037974683545 0.208137715625 0.041203620253164555
2 0.1705790296875 0.06339018670886076 0.1705790296875 0.07289871518987341 0.17370892031250001 0.07606822468354431 0.17370892031250001 0.08557675316455696 0.18622848125 0.11093282594936708 0.1909233171875 0.11093282594936708 0.1924882625 0.11727184493670888 0.2034428796875 0.11727184493670888 0.20500782499999998 0.12361086392405064 0.23161189375000002 0.12361086392405064 0.23161189375000002 0.12044135443037976 0.22848200312500003 0.11410233544303797 0.22378716718749997 0.11410233544303797 0.222222221875 0.1077633164556962 0.21752738593749998 0.1077633164556962 0.21596244062499997 0.10142429746835442 0.208137715625 0.10142429746835442 0.2065727703125 0.09508527848101266 0.195618153125 0.09508527848101266 0.1940532078125 0.08874625949367089 0.189358371875 0.08874625949367089 0.175273865625 0.06022067721518988 0.175273865625 0.05071214873417721 0.172143975 0.044373129746835445 0.1674491390625 0.044373129746835445 0.1643192484375 0.03803411075949367 0.1643192484375 0.041203620253164555 0.1643192484375 0.0538816582278481 0.1705790296875 0.06339018670886076
2 0.2989045390625 0.1679839936708861 0.3067292640625 0.1679839936708861 0.30829420937499996 0.17432301265822786 0.3129890453125 0.17432301265822786 0.314553990625 0.18066203164556963 0.3255086078125 0.18066203164556963 0.327073553125 0.1870010506329114 0.3787167453125 0.1870010506329114 0.380281690625 0.18066203164556963 0.3849765265625 0.18066203164556963 0.3896713609375 0.1679839936708861 0.39436619687499996 0.1679839936708861 0.3974960875 0.1584754651898734 0.3928012515625 0.1584754651898734 0.39123630625 0.1648144841772152 0.3646322375 0.1648144841772152 0.3630672921875 0.1584754651898734 0.3114241 0.1584754651898734 0.30985915468749997 0.15213644620253164 0.2957746484375 0.15213644620253164 0.2957746484375 0.15530595569620254 0.2957746484375 0.1616449746835443 0.2989045390625 0.1679839936708861
2 0.261345853125 0.0316950917721519 0.2425665109375 0.06972920569620253 0.2425665109375 0.11093282594936708 0.2456964 0.11410233544303797 0.2456964 0.12361086392405064 0.248826290625 0.1299498829113924 0.27230046875 0.1299498829113924 0.27230046875 0.1077633164556962 0.275430359375 0.10459380696202532 0.275430359375 0.05705116772151898 0.267605634375 0.05705116772151898 0.2660406890625 0.0538816582278481 0.267605634375 0.04754263924050633 0.27230046875 0.04754263924050633 0.275430359375 0.041203620253164555 0.275430359375 0.019017056962025315 0.270735525 0.019017056962025315 0.270735525 0.022186566455696204 0.2660406890625 0.0316950917721519 0.261345853125 0.0316950917721519
0 0.7996870109375 0.49761296202531646 0.7965571203125 0.5007824715189874 0.7965571203125 0.5483251139240506 0.8028169015625 0.5610031487341772 0.8075117374999999 0.5610031487341772 0.8090766828125 0.567342167721519 0.8638497656249999 0.567342167721519 0.8669796562500001 0.5610031487341772 0.8669796562500001 0.538816585443038 0.8638497656249999 0.5324775664556962 0.8591549296875 0.5324775664556962 0.8575899843749999 0.5261385474683544 0.8528951484375 0.5261385474683544 0.8482003125 0.5166300189873418 0.8482003125 0.4944434525316456 0.8388106421874999 0.47542639873417725 0.83411580625 0.47542639873417725 0.8325508609375 0.4690873797468355 0.827856025 0.4690873797468355 0.8262910796874999 0.4627483607594937 0.8153364625 0.4627483607594937 0.8106416281250001 0.45323983227848097 0.8106416281250001 0.44373130379746833 0.8075117374999999 0.44056179430379744 0.8075117374999999 0.4056971930379747 0.8028169015625 0.4056971930379747 0.8028169015625 0.40886670253164553 0.7996870109375 0.41203621202531643 0.7996870109375 0.49761296202531646