5 0.1109375 0.8975609756097561 0.10625 0.9195121951219513 0.1078125 0.9219512195121952 0.1234375 0.9219512195121952 0.125 0.9195121951219513 0.125 0.9073170731707317 0.1234375 0.9024390243902439 0.121875 0.9024390243902439 0.11875 0.8975609756097561 0.1109375 0.8975609756097561
5 0.9546875 0.3439024390243902 0.9484375 0.3439024390243902 0.9421875 0.348780487804878 0.934375 0.36341463414634145 0.925 0.36829268292682926 0.9234375 0.37317073170731707 0.9234375 0.4146341463414634 0.9296875 0.4219512195121951 0.928125 0.44634146341463415 0.93125 0.4585365853658537 0.9359375 0.4658536585365854 0.94375 0.47073170731707314 0.9609375 0.4902439024390244 0.98125 0.4926829268292683 0.9984375 0.47804878048780486 0.9984375 0.36097560975609755 0.99375 0.35121951219512193 0.9875 0.35121951219512193 0.9765625 0.3439024390243902 0.9703125 0.3439024390243902 0.9671875 0.33902439024390246 0.965625 0.33902439024390246 0.9625 0.33658536585365856 0.9546875 0.3439024390243902
5 0.2546875 0.9560975609756097 0.2484375 0.9634146341463414 0.2484375 0.9707317073170731 0.253125 0.9853658536585366 0.253125 0.9926829268292683 0.25625 0.9975609756097561 0.275 0.9951219512195122 0.2890625 0.9780487804878049 0.2890625 0.9634146341463414 0.2765625 0.9512195121951219 0.271875 0.9512195121951219 0.271875 0.9536585365853658 0.26875 0.9585365853658536 0.2546875 0.9560975609756097
5 0.653125 0.9243902439024391 0.6578125 0.9292682926829269 0.665625 0.9292682926829269 0.6640625 0.9170731707317074 0.6578125 0.9097560975609756 0.65625 0.9121951219512195 0.6515625 0.9146341463414634 0.653125 0.9243902439024391
5 0.946875 0.5560975609756098 0.9421875 0.5634146341463414 0.9359375 0.5658536585365853 0.925 0.5804878048780487 0.9234375 0.6268292682926829 0.925 0.6292682926829268 0.93125 0.6268292682926829 0.934375 0.6365853658536585 0.94375 0.6365853658536585 0.9515625 0.6292682926829268 0.971875 0.6292682926829268 0.9703125 0.6195121951219512 0.9640625 0.6146341463414634 0.9640625 0.6 0.9671875 0.5951219512195122 0.965625 0.5560975609756098 0.9671875 0.5536585365853659 0.9671875 0.5365853658536586 0.959375 0.5292682926829269 0.9578125 0.5317073170731708 0.9484375 0.5439024390243903 0.946875 0.5560975609756098
5 0.803125 0.4073170731707317 0.803125 0.4195121951219512 0.80625 0.4292682926829268 0.81875 0.44878048780487806 0.828125 0.45365853658536587 0.8375 0.44878048780487806 0.84375 0.43902439024390244 0.84375 0.4292682926829268 0.840625 0.4195121951219512 0.8421875 0.4 0.83125 0.3902439024390244 0.8296875 0.3902439024390244 0.8203125 0.3926829268292683 0.803125 0.4073170731707317
5 0.06875 0.8219512195121951 0.0765625 0.824390243902439 0.0796875 0.8195121951219512 0.0921875 0.8170731707317073 0.0953125 0.8121951219512196 0.0953125 0.8 0.0921875 0.7951219512195122 0.0796875 0.7975609756097561 0.075 0.8073170731707318 0.06875 0.8097560975609757 0.06875 0.8121951219512196 0.0671875 0.8170731707317073 0.06875 0.8219512195121951
5 0.1453125 0.3853658536585366 0.025 0.03414634146341464
5 0.8984375 0.7390243902439024 0.8875 0.7414634146341463 0.884375 0.7463414634146341 0.86875 0.7585365853658537 0.865625 0.7585365853658537 0.85 0.7731707317073171 0.8453125 0.7829268292682927 0.8421875 0.8 0.8421875 0.8170731707317073 0.8578125 0.8390243902439024 0.875 0.8512195121951219 0.90625 0.8536585365853658 0.9484375 0.8317073170731707 0.953125 0.8268292682926829 0.9546875 0.8195121951219512 0.959375 0.8121951219512196 0.9671875 0.8073170731707318 0.9671875 0.802439024390244 0.9625 0.7975609756097561 0.9609375 0.7902439024390244 0.9609375 0.7780487804878049 0.946875 0.7536585365853659 0.9328125 0.7463414634146341 0.915625 0.7317073170731707 0.9140625 0.7317073170731707 0.90625 0.7317073170731707 0.8984375 0.7390243902439024
5 0.203125 0.4 0.0234375 0.03170731707317073
5 0 0.8853658536585366 0.00625 0.8853658536585366 0.0109375 0.8780487804878049 0.0109375 0.8731707317073171 0.00625 0.8634146341463415 0 0.8634146341463415 0 0.8658536585365854 0 0.8853658536585366
5 0.0203125 0.4317073170731707 0.0203125 0.43658536585365854 0.0234375 0.44146341463414634 0.0359375 0.44146341463414634 0.040625 0.43658536585365854 0.040625 0.4317073170731707 0.0390625 0.4268292682926829 0.034375 0.424390243902439 0.0328125 0.424390243902439 0.025 0.424390243902439 0.0203125 0.4317073170731707
5 0.9546875 0.6853658536585366 0.9515625 0.6878048780487804 0.9484375 0.6951219512195121 0.9484375 0.7048780487804878 0.9359375 0.7170731707317073 0.9359375 0.724390243902439 0.9421875 0.7317073170731707 0.95 0.7317073170731707 0.9609375 0.7390243902439024 0.965625 0.7390243902439024 0.9703125 0.724390243902439 0.978125 0.7219512195121951 0.9859375 0.7097560975609756 0.9765625 0.6926829268292682 0.96875 0.6878048780487804 0.9671875 0.6878048780487804 0.965625 0.6853658536585366 0.9546875 0.6853658536585366
5 0.484375 0.9536585365853658 0.4796875 0.9609756097560975 0.4796875 0.9682926829268292 0.490625 0.9804878048780488 0.4953125 0.9902439024390244 0.5015625 0.9902439024390244 0.503125 0.9804878048780488 0.5015625 0.9780487804878049 0.5015625 0.9682926829268292 0.4953125 0.9560975609756097 0.49375 0.9560975609756097 0.4921875 0.9536585365853658 0.484375 0.9536585365853658
5 0.64375 0.9353658536585366 0.0203125 0.02195121951219512
5 0.025 0.8439024390243902 0.01875 0.8609756097560975 0.0296875 0.8780487804878049 0.0375 0.8804878048780488 0.0453125 0.8707317073170732 0.0453125 0.8585365853658536 0.034375 0.8390243902439024 0.0328125 0.8390243902439024 0.028125 0.8390243902439024 0.025 0.8439024390243902
5 0.21875 0.8634146341463415 0.209375 0.8829268292682927 0.2078125 0.8902439024390244 0.2203125 0.9121951219512195 0.23125 0.9195121951219513 0.240625 0.9195121951219513 0.2515625 0.9073170731707317 0.25625 0.8951219512195122 0.25625 0.8878048780487805 0.253125 0.875609756097561 0.246875 0.8707317073170732 0.2390625 0.8585365853658536 0.2375 0.8585365853658536 0.2265625 0.8585365853658536 0.21875 0.8634146341463415
5 0.1546875 0.8707317073170732 0.1625 0.8804878048780488 0.171875 0.8878048780487805 0.178125 0.8878048780487805 0.184375 0.8926829268292683 0.1921875 0.8926829268292683 0.2015625 0.8853658536585366 0.203125 0.8731707317073171 0.2015625 0.8707317073170732 0.2015625 0.8585365853658536 0.1953125 0.8463414634146341 0.18125 0.8390243902439024 0.16875 0.8365853658536585 0.165625 0.8317073170731707 0.1609375 0.8317073170731707 0.1609375 0.8341463414634146 0.1546875 0.8463414634146341 0.1546875 0.8707317073170732
5 0.76953125 0.25365853658536586 0.0171875 0.024390243902439025
5 0.0890625 0.7121951219512195 0.0875 0.7195121951219512 0.0921875 0.7292682926829268 0.0984375 0.7341463414634146 0.1109375 0.7365853658536585 0.1171875 0.724390243902439 0.1171875 0.7073170731707317 0.1125 0.7024390243902439 0.10625 0.7024390243902439 0.1046875 0.7 0.103125 0.7 0.0953125 0.7024390243902439 0.0890625 0.7121951219512195
5 0.9390625 0.7121951219512195 0.934375 0.724390243902439 0.940625 0.7317073170731707 0.965625 0.7390243902439024 0.96875 0.7317073170731707 0.9671875 0.7170731707317073 0.9546875 0.7097560975609756 0.953125 0.7097560975609756 0.9421875 0.7097560975609756 0.9390625 0.7121951219512195
5 0.2625 0.9243902439024391 0.265625 0.926829268292683 0.2765625 0.926829268292683 0.2796875 0.9219512195121952 0.2796875 0.9170731707317074 0.271875 0.9048780487804878 0.2703125 0.9048780487804878 0.2625 0.9121951219512195 0.2625 0.9243902439024391
5 0 0.8 0.0546875 0.8 0.059375 0.7975609756097561 0.0640625 0.7902439024390244 0.06875 0.775609756097561 0.06875 0.7658536585365854 0.0765625 0.748780487804878 0.078125 0.7292682926829268 0.0765625 0.7268292682926829 0.0765625 0.7048780487804878 0.08125 0.6926829268292682 0.08125 0.6853658536585366 0.078125 0.675609756097561 0.0765625 0.6536585365853659 0.071875 0.6463414634146342 0.06875 0.6439024390243903 0.0515625 0.6439024390243903 0.046875 0.6414634146341464 0.040625 0.6317073170731707 0.0390625 0.6317073170731707 0.0375 0.6292682926829268 0.0265625 0.6292682926829268 0.0125 0.6463414634146342 0.00625 0.6682926829268293 0 0.6707317073170732 0 0.8
5 0.9921875 0.7853658536585366 0.9984375 0.7878048780487805 0.9984375 0.775609756097561 0.996875 0.775609756097561 0.9921875 0.7780487804878049 0.9921875 0.7853658536585366
5 0.9078125 0.47317073170731705 0.9015625 0.4658536585365854 0.8984375 0.4682926829268293 0.8921875 0.4658536585365854 0.8859375 0.47804878048780486 0.884375 0.4878048780487805 0.8734375 0.5024390243902439 0.86875 0.5024390243902439 0.8625 0.4975609756097561 0.8546875 0.48048780487804876 0.8421875 0.47560975609756095 0.8375 0.4682926829268293 0.8265625 0.4609756097560976 0.8265625 0.4560975609756098 0.834375 0.44390243902439025 0.8390625 0.44146341463414634 0.840625 0.43658536585365854 0.8390625 0.4219512195121951 0.834375 0.4121951219512195 0.8359375 0.4073170731707317 0.8328125 0.4024390243902439 0.8171875 0.40487804878048783 0.8109375 0.4121951219512195 0.8015625 0.4121951219512195 0.7890625 0.3926829268292683 0.7703125 0.3853658536585366 0.7625 0.37073170731707317 0.759375 0.36829268292682926 0.7484375 0.36829268292682926 0.7390625 0.35609756097560974 0.7328125 0.33902439024390246 0.71875 0.33902439024390246 0.703125 0.32195121951219513 0.6953125 0.3195121951219512 0.690625 0.3146341463414634 0.68125 0.3097560975609756 0.6671875 0.3073170731707317 0.6328125 0.28292682926829266 0.621875 0.28292682926829266 0.6171875 0.275609756097561 0.6140625 0.2634146341463415 0.6140625 0.25365853658536586 0.6125 0.25121951219512195 0.6140625 0.24878048780487805 0.6140625 0.23414634146341465 0.6078125 0.22439024390243903 0.5859375 0.20243902439024392 0.58125 0.20243902439024392 0.5703125 0.1951219512195122 0.565625 0.1878048780487805 0.5609375 0.17073170731707318 0.5375 0.13902439024390245 0.5265625 0.13414634146341464 0.5203125 0.12195121951219512 0.5078125 0.11951219512195121 0.5015625 0.11463414634146342 0.5 0.11463414634146342 0.4875 0.11219512195121951 0.48125 0.11463414634146342 0.4671875 0.13170731707317074 0.459375 0.13170731707317074 0.4453125 0.12195121951219512 0.43125 0.12195121951219512 0.425 0.12682926829268293 0.4109375 0.12926829268292683 0.4015625 0.13902439024390245 0.39375 0.14146341463414633 0.3875 0.14878048780487804 0.371875 0.14878048780487804 0.3671875 0.15121951219512195 0.359375 0.16341463414634147 0.353125 0.18048780487804877 0.3515625 0.20243902439024392 0.3484375 0.2146341463414634 0.3421875 0.22439024390243903 0.33125 0.23414634146341465 0.3296875 0.24146341463414633 0.33125 0.24634146341463414 0.3265625 0.25853658536585367 0.3140625 0.26097560975609757 0.3046875 0.275609756097561 0.296875 0.275609756097561 0.2890625 0.2658536585365854 0.28125 0.2658536585365854 0.2765625 0.2804878048780488 0.2796875 0.3121951219512195 0.2734375 0.32195121951219513 0.265625 0.32195121951219513 0.2625 0.3170731707317073 0.253125 0.3170731707317073 0.246875 0.32439024390243903 0.24375 0.33902439024390246 0.2328125 0.35121951219512193 0.23125 0.35853658536585364 0.23125 0.37073170731707317 0.234375 0.3780487804878049 0.234375 0.3878048780487805 0.23125 0.3975609756097561 0.23125 0.40487804878048783 0.2171875 0.4317073170731707 0.2015625 0.4219512195121951 0.196875 0.4146341463414634 0.178125 0.4121951219512195 0.175 0.4146341463414634 0.171875 0.4268292682926829 0.1640625 0.43658536585365854 0.1625 0.44390243902439025 0.1578125 0.45121951219512196 0.1546875 0.45121951219512196 0.1515625 0.44634146341463415 0.1375 0.44634146341463415 0.1265625 0.47073170731707314 0.1078125 0.47317073170731705 0.103125 0.48048780487804876 0.078125 0.5 0.0765625 0.5195121951219512 0.0703125 0.5365853658536586 0.078125 0.5414634146341464 0.084375 0.5365853658536586 0.0875 0.5390243902439025 0.0890625 0.5414634146341464 0.0890625 0.5536585365853659 0.084375 0.5634146341463414 0.0765625 0.5707317073170731 0.0625 0.5682926829268292 0.0640625 0.5780487804878048 0.071875 0.5756097560975609 0.0796875 0.5853658536585366 0.078125 0.5878048780487805 0.078125 0.6097560975609756 0.08125 0.6146341463414634 0.090625 0.6146341463414634 0.096875 0.6097560975609756 0.11875 0.6048780487804878 0.1265625 0.6 0.128125 0.6024390243902439 0.1203125 0.6146341463414634 0.1046875 0.6170731707317073 0.096875 0.6219512195121951 0.0953125 0.6341463414634146 0.10625 0.6390243902439025 0.109375 0.6487804878048781 0.1078125 0.6585365853658537 0.103125 0.6658536585365854 0.096875 0.6682926829268293 0.0953125 0.6829268292682927 0.096875 0.6902439024390243 0.115625 0.7024390243902439 0.121875 0.697560975609756 0.1265625 0.7024390243902439 0.1296875 0.7097560975609756 0.1328125 0.7292682926829268 0.1390625 0.7414634146341463 0.1421875 0.7536585365853659 0.1578125 0.7804878048780488 0.171875 0.7853658536585366 0.1796875 0.7853658536585366 0.18125 0.7829268292682927 0.184375 0.7853658536585366 0.1859375 0.7926829268292683 0.184375 0.7975609756097561 0.178125 0.802439024390244 0.1765625 0.8073170731707318 0.18125 0.8146341463414634 0.184375 0.8292682926829268 0.196875 0.8439024390243902 0.2171875 0.8560975609756097 0.2296875 0.8560975609756097 0.23125 0.8512195121951219 0.2375 0.8536585365853658 0.2421875 0.8634146341463415 0.246875 0.8658536585365854 0.2515625 0.8731707317073171 0.2546875 0.8707317073170732 0.2890625 0.8707317073170732 0.29375 0.8682926829268293 0.2984375 0.875609756097561 0.3 0.8829268292682927 0.309375 0.8975609756097561 0.315625 0.9024390243902439 0.3328125 0.9024390243902439 0.3421875 0.8926829268292683 0.35 0.8926829268292683 0.3578125 0.8975609756097561 0.359375 0.9024390243902439 0.3671875 0.9024390243902439 0.3765625 0.9097560975609756 0.3828125 0.9048780487804878 0.3890625 0.9048780487804878 0.39375 0.9097560975609756 0.4046875 0.9097560975609756 0.4140625 0.9024390243902439 0.41875 0.8902439024390244 0.4234375 0.8902439024390244 0.4296875 0.8975609756097561 0.4375 0.8975609756097561 0.44375 0.8902439024390244 0.440625 0.8804878048780488 0.4453125 0.8731707317073171 0.45 0.8731707317073171 0.459375 0.8829268292682927 0.4703125 0.8853658536585366 0.4734375 0.8902439024390244 0.4734375 0.9 0.46875 0.9073170731707317 0.46875 0.9121951219512195 0.471875 0.9170731707317074 0.48125 0.9170731707317074 0.4953125 0.9121951219512195 0.5046875 0.8975609756097561 0.5125 0.8902439024390244 0.5203125 0.8951219512195122 0.525 0.9048780487804878 0.53125 0.9097560975609756 0.5484375 0.9121951219512195 0.55 0.9097560975609756 0.5625 0.9097560975609756 0.5734375 0.8951219512195122 0.5875 0.8902439024390244 0.5859375 0.8878048780487805 0.5875 0.8829268292682927 0.578125 0.8707317073170732 0.5703125 0.8658536585365854 0.56875 0.8634146341463415 0.5703125 0.8609756097560975 0.58125 0.8609756097560975 0.5921875 0.875609756097561 0.590625 0.8780487804878049 0.5921875 0.8804878048780488 0.596875 0.8829268292682927 0.6046875 0.8804878048780488 0.6140625 0.8634146341463415 0.621875 0.8634146341463415 0.6265625 0.8707317073170732 0.6484375 0.8731707317073171 0.6546875 0.8829268292682927 0.6671875 0.8829268292682927 0.66875 0.8804878048780488 0.671875 0.8853658536585366 0.675 0.8853658536585366 0.6765625 0.8829268292682927 0.6796875 0.8878048780487805 0.678125 0.8902439024390244 0.6828125 0.8951219512195122 0.6875 0.8951219512195122 0.69375 0.9 0.703125 0.9 0.709375 0.8878048780487805 0.7296875 0.8780487804878049 0.734375 0.8707317073170732 0.734375 0.8609756097560975 0.7375 0.8560975609756097 0.7453125 0.8634146341463415 0.7609375 0.8609756097560975 0.7640625 0.8560975609756097 0.7640625 0.8365853658536585 0.7703125 0.8219512195121951 0.79375 0.8170731707317073 0.796875 0.8121951219512196 0.8 0.8121951219512196 0.81875 0.7804878048780488 0.8390625 0.7804878048780488 0.8453125 0.775609756097561 0.8453125 0.7634146341463415 0.8359375 0.751219512195122 0.834375 0.7365853658536585 0.8234375 0.724390243902439 0.825 0.7073170731707317 0.83125 0.697560975609756 0.8359375 0.6951219512195121 0.8515625 0.6951219512195121 0.8546875 0.6902439024390243 0.85625 0.6804878048780488 0.8609375 0.675609756097561 0.896875 0.6780487804878049 0.8984375 0.675609756097561 0.8953125 0.6634146341463415 0.903125 0.6439024390243903 0.903125 0.6390243902439025 0.9125 0.6268292682926829 0.9203125 0.6219512195121951 0.9234375 0.6146341463414634 0.9234375 0.6 0.91875 0.5707317073170731 0.9203125 0.5634146341463414 0.9171875 0.5536585365853659 0.9171875 0.5341463414634147 0.921875 0.5292682926829269 0.925 0.5195121951219512 0.925 0.5024390243902439 0.9265625 0.4975609756097561 0.928125 0.4951219512195122 0.9265625 0.4902439024390244 0.928125 0.4878048780487805 0.921875 0.47804878048780486 0.9203125 0.48048780487804876 0.9171875 0.47317073170731705 0.9078125 0.47317073170731705
5 0.303125 0.9170731707317074 0.2984375 0.9243902439024391 0.2984375 0.9292682926829269 0.3046875 0.9341463414634147 0.30625 0.9317073170731708 0.309375 0.9341463414634147 0.3125 0.9414634146341463 0.3203125 0.9463414634146341 0.33125 0.9341463414634147 0.33125 0.926829268292683 0.328125 0.9195121951219513 0.3203125 0.9121951219512195 0.31875 0.9121951219512195 0.3109375 0.9121951219512195 0.303125 0.9170731707317074
5 0.084375 0.7536585365853659 0.084375 0.7634146341463415 0.0921875 0.7707317073170732 0.1 0.7731707317073171 0.103125 0.7707317073170732 0.1015625 0.7634146341463415 0.103125 0.7536585365853659 0.0984375 0.7463414634146341 0.096875 0.7463414634146341 0.0890625 0.748780487804878 0.084375 0.7536585365853659
5 0.1265625 0.40487804878048783 0.1171875 0.4219512195121951 0.1171875 0.4292682926829268 0.1203125 0.43902439024390244 0.1328125 0.44146341463414634 0.1421875 0.4268292682926829 0.140625 0.4195121951219512 0.1375 0.4170731707317073 0.1359375 0.4170731707317073 0.13125 0.40487804878048783 0.1265625 0.40487804878048783
5 0.0921875 0.8512195121951219 0.084375 0.8512195121951219 0.078125 0.8585365853658536 0.078125 0.875609756097561 0.0828125 0.8878048780487805 0.0984375 0.8878048780487805 0.1046875 0.8804878048780488 0.1046875 0.8560975609756097 0.103125 0.8512195121951219 0.1015625 0.8512195121951219 0.09375 0.8536585365853658 0.0921875 0.8512195121951219
5 0.9 0.4585365853658537 0.8890625 0.4585365853658537 0.8859375 0.4634146341463415 0.8828125 0.4634146341463415 0.8796875 0.4682926829268293 0.8796875 0.47317073170731705 0.8828125 0.47804878048780486 0.8828125 0.4926829268292683 0.8765625 0.5024390243902439 0.884375 0.5024390243902439 0.9015625 0.5292682926829269 0.90625 0.5317073170731708 0.921875 0.5317073170731708 0.9328125 0.5219512195121951 0.934375 0.5170731707317073 0.934375 0.4951219512195122 0.93125 0.4853658536585366 0.91875 0.4658536585365854 0.9171875 0.4658536585365854 0.9109375 0.4658536585365854 0.9 0.4585365853658537
5 0.771875 0.28780487804878047 0.7625 0.2975609756097561 0.7609375 0.3024390243902439 0.7609375 0.34146341463414637 0.7640625 0.35365853658536583 0.7796875 0.3804878048780488 0.7859375 0.3804878048780488 0.80625 0.36829268292682926 0.8140625 0.36097560975609755 0.815625 0.35609756097560974 0.809375 0.3121951219512195 0.8015625 0.2951219512195122 0.796875 0.29024390243902437 0.7953125 0.29024390243902437 0.7890625 0.28536585365853656 0.771875 0.28780487804878047
5 0.953125 0.6853658536585366 0.9484375 0.6926829268292682 0.9484375 0.7048780487804878 0.953125 0.7097560975609756 0.9609375 0.7097560975609756 0.971875 0.7219512195121951 0.978125 0.7219512195121951 0.9859375 0.7097560975609756 0.98125 0.697560975609756 0.9765625 0.6926829268292682 0.975 0.6926829268292682 0.9671875 0.6853658536585366 0.953125 0.6853658536585366
5 0.1484375 0.43658536585365854 0.1515625 0.43658536585365854 0.1609375 0.424390243902439 0.1609375 0.4170731707317073 0.1578125 0.4097560975609756 0.15 0.4097560975609756 0.1421875 0.4219512195121951 0.14375 0.424390243902439 0.14375 0.4292682926829268 0.1484375 0.43658536585365854
5 0.1921875 0.33170731707317075 0.2015625 0.33170731707317075 0.203125 0.32682926829268294 0.1984375 0.3195121951219512 0.196875 0.3195121951219512 0.1921875 0.32195121951219513 0.1921875 0.33170731707317075