2 0.0875 0.9671361502347418 0.08125 0.9741784037558685 0.0796875 0.9906103286384976 0.08125 0.9976525821596244 0.1109375 0.9976525821596244 0.1109375 0.9859154929577465 0.103125 0.971830985915493 0.1015625 0.971830985915493 0.0984375 0.9671361502347418 0.0875 0.9671361502347418
2 0.3421875 0.6267605633802817 0.340625 0.6338028169014085 0.34375 0.6596244131455399 0.35625 0.6619718309859155 0.3734375 0.636150234741784 0.375 0.6197183098591549 0.3734375 0.6173708920187794 0.3734375 0.607981220657277 0.365625 0.5985915492957746 0.3640625 0.5985915492957746 0.359375 0.6009389671361502 0.3421875 0.6267605633802817
2 0.30625 0 0.3 0.009389671361502348 0.2984375 0.035211267605633804 0.2890625 0.06103286384976526 0.2890625 0.07042253521126761 0.29375 0.08215962441314555 0.30625 0.0892018779342723 0.3078125 0.08685446009389672 0.3140625 0.08685446009389672 0.321875 0.07981220657276995 0.325 0.06103286384976526 0.3296875 0.051643192488262914 0.3296875 0.04225352112676056 0.334375 0.025821596244131457 0.328125 0.004694835680751174 0.3265625 0.004694835680751174 0.3234375 0 0.30625 0
2 0.6875 0.30985915492957744 0.68125 0.3145539906103286 0.675 0.323943661971831 0.6734375 0.3286384976525822 0.6734375 0.3474178403755869 0.675 0.34976525821596244 0.675 0.36384976525821594 0.678125 0.37089201877934275 0.6859375 0.3755868544600939 0.696875 0.3755868544600939 0.703125 0.3732394366197183 0.7109375 0.3568075117370892 0.7109375 0.3474178403755869 0.70625 0.3380281690140845 0.7078125 0.323943661971831 0.703125 0.3145539906103286 0.6984375 0.31220657276995306 0.696875 0.31220657276995306 0.6953125 0.30985915492957744 0.6875 0.30985915492957744
2 0.5734375 0.4295774647887324 0.5765625 0.42018779342723006 0.5765625 0.4014084507042254 0.5734375 0.39436619718309857 0.5703125 0.39436619718309857 0.5671875 0.38967136150234744 0.56875 0.3732394366197183 0.5671875 0.36619718309859156 0.5546875 0.36384976525821594 0.55 0.36619718309859156 0.54375 0.3755868544600939 0.5390625 0.38967136150234744 0.5390625 0.40375586854460094 0.546875 0.42488262910798125 0.5578125 0.4413145539906103 0.559375 0.43896713615023475 0.5671875 0.43896713615023475 0.5734375 0.4295774647887324
2 0.80546875 0.2511737089201878 0.040625 0.07276995305164319
2 0.375 0.4765258215962441 0.3625 0.49061032863849763 0.3625 0.5070422535211268 0.36875 0.5164319248826291 0.36875 0.5211267605633803 0.371875 0.5211267605633803 0.375 0.5258215962441315 0.3859375 0.5258215962441315 0.390625 0.5211267605633803 0.3984375 0.5211267605633803 0.4015625 0.49295774647887325 0.3984375 0.4812206572769953 0.390625 0.4671361502347418 0.3828125 0.4624413145539906 0.38125 0.4647887323943662 0.375 0.4694835680751174 0.375 0.4765258215962441
2 0.06875 0.8215962441314554 0.075 0.8333333333333334 0.075 0.8380281690140845 0.0828125 0.8497652582159625 0.090625 0.8544600938967136 0.096875 0.852112676056338 0.0984375 0.8427230046948356 0.0921875 0.8309859154929577 0.0921875 0.8262910798122066 0.0859375 0.8169014084507042 0.078125 0.795774647887324 0.0734375 0.7934272300469484 0.071875 0.795774647887324 0.06875 0.795774647887324 0.06875 0.8215962441314554
2 0.4125 0.5164319248826291 0.4125 0.5211267605633803 0.409375 0.5258215962441315 0.4 0.5328638497652582 0.4 0.5492957746478874 0.4015625 0.5539906103286385 0.4046875 0.5586854460093896 0.4140625 0.5610328638497653 0.421875 0.5539906103286385 0.4234375 0.5422535211267606 0.428125 0.539906103286385 0.4359375 0.5258215962441315 0.4359375 0.5140845070422535 0.4296875 0.5046948356807511 0.428125 0.5046948356807511 0.4203125 0.5046948356807511 0.4125 0.5164319248826291
2 0.0828125 0.27699530516431925 0.08125 0.2863849765258216 0.0734375 0.3028169014084507 0.075 0.32629107981220656 0.08125 0.3333333333333333 0.0921875 0.3333333333333333 0.096875 0.32629107981220656 0.0984375 0.30985915492957744 0.1046875 0.2863849765258216 0.103125 0.2793427230046948 0.0953125 0.2699530516431925 0.09375 0.2699530516431925 0.0890625 0.2699530516431925 0.0828125 0.27699530516431925
2 0.9765625 0.16666666666666666 0.9625 0.17136150234741784 0.95 0.19014084507042253 0.95 0.2112676056338028 0.9578125 0.22300469483568075 0.971875 0.22300469483568075 0.9859375 0.20422535211267606 0.9921875 0.19953051643192488 0.99375 0.18309859154929578 0.9921875 0.176056338028169 0.9875 0.16901408450704225 0.9859375 0.16901408450704225 0.984375 0.16666666666666666 0.9765625 0.16666666666666666
2 0.4875 0.4647887323943662 0.48125 0.47183098591549294 0.48125 0.49295774647887325 0.4828125 0.4953051643192488 0.475 0.5093896713615024 0.4765625 0.5211267605633803 0.4828125 0.5305164319248826 0.4984375 0.5305164319248826 0.5046875 0.5211267605633803 0.503125 0.49765258215962443 0.5078125 0.4835680751173709 0.5046875 0.4694835680751174 0.5015625 0.4671361502347418 0.5 0.4671361502347418 0.4984375 0.4647887323943662 0.4875 0.4647887323943662
2 0.2171875 0.6854460093896714 0.2125 0.6971830985915493 0.2125 0.7112676056338029 0.21875 0.7300469483568075 0.2234375 0.7347417840375586 0.2328125 0.7629107981220657 0.234375 0.7652582159624414 0.24375 0.7652582159624414 0.253125 0.755868544600939 0.2546875 0.7300469483568075 0.2484375 0.7136150234741784 0.2421875 0.7112676056338029 0.2390625 0.7065727699530516 0.234375 0.6854460093896714 0.2296875 0.6807511737089202 0.228125 0.6807511737089202 0.2234375 0.6807511737089202 0.2171875 0.6854460093896714
2 0.56875 0.4765258215962441 0.5625 0.4859154929577465 0.5625 0.5046948356807511 0.56875 0.5211267605633803 0.571875 0.5211267605633803 0.575 0.5258215962441315 0.5859375 0.5258215962441315 0.590625 0.5211267605633803 0.5921875 0.5164319248826291 0.5921875 0.4953051643192488 0.5984375 0.4859154929577465 0.6 0.47417840375586856 0.5921875 0.460093896713615 0.578125 0.460093896713615 0.575 0.4624413145539906 0.575 0.4647887323943662 0.56875 0.47183098591549294 0.56875 0.4765258215962441
2 0.359375 0.14788732394366197 0.3546875 0.15023474178403756 0.35 0.1596244131455399 0.35 0.19248826291079812 0.3578125 0.19953051643192488 0.3640625 0.19953051643192488 0.36875 0.20422535211267606 0.3765625 0.20422535211267606 0.3796875 0.19953051643192488 0.3796875 0.19248826291079812 0.3859375 0.1807511737089202 0.3890625 0.16901408450704225 0.3890625 0.1619718309859155 0.3828125 0.15023474178403756 0.38125 0.15023474178403756 0.3625 0.15023474178403756 0.359375 0.14788732394366197
2 0.3796875 0.5633802816901409 0.3765625 0.57981220657277 0.3765625 0.596244131455399 0.3828125 0.6056338028169014 0.390625 0.6056338028169014 0.3984375 0.596244131455399 0.3984375 0.5774647887323944 0.4 0.5751173708920188 0.3984375 0.5610328638497653 0.39375 0.5563380281690141 0.3921875 0.5563380281690141 0.384375 0.5563380281690141 0.3796875 0.5633802816901409
2 0.4875 0.38967136150234744 0.4875 0.42018779342723006 0.4828125 0.42488262910798125 0.48125 0.43896713615023475 0.4875 0.4507042253521127 0.4984375 0.45774647887323944 0.5046875 0.45774647887323944 0.5171875 0.44835680751173707 0.5234375 0.43896713615023475 0.5234375 0.431924882629108 0.528125 0.4225352112676056 0.528125 0.4154929577464789 0.5234375 0.3967136150234742 0.515625 0.38497652582159625 0.503125 0.38028169014084506 0.5015625 0.38028169014084506 0.49375 0.3826291079812207 0.4875 0.38967136150234744
2 0.25 0.5845070422535211 0.24375 0.5845070422535211 0.2375 0.5938967136150235 0.2390625 0.6220657276995305 0.24375 0.6291079812206573 0.24375 0.6338028169014085 0.2515625 0.6431924882629108 0.25625 0.6431924882629108 0.2734375 0.636150234741784 0.2796875 0.6244131455399061 0.2796875 0.607981220657277 0.2765625 0.6032863849765259 0.2765625 0.5938967136150235 0.2734375 0.5845070422535211 0.2671875 0.5751173708920188 0.265625 0.5751173708920188 0.2578125 0.5751173708920188 0.25 0.5845070422535211
2 0.13125 0.6455399061032864 0.13125 0.6690140845070423 0.1375 0.6854460093896714 0.14375 0.6948356807511737 0.146875 0.6971830985915493 0.16875 0.6971830985915493 0.1734375 0.6924882629107981 0.175 0.6901408450704225 0.175 0.6572769953051644 0.171875 0.6408450704225352 0.1640625 0.6267605633802817 0.153125 0.6267605633802817 0.15 0.6291079812206573 0.15 0.6314553990610329 0.1359375 0.636150234741784 0.13125 0.6455399061032864
2 0.021875 0.9131455399061033 0.01875 0.9178403755868545 0.0171875 0.9413145539906104 0.0078125 0.960093896713615 0.0078125 0.9765258215962441 0.0109375 0.9906103286384976 0.015625 0.9976525821596244 0.0296875 0.9976525821596244 0.0359375 0.9859154929577465 0.0375 0.9694835680751174 0.0421875 0.9530516431924883 0.0421875 0.9272300469483568 0.0390625 0.9178403755868545 0.0375 0.9178403755868545 0.0328125 0.9107981220657277 0.021875 0.9131455399061033
2 0.621875 0.36619718309859156 0.6265625 0.3755868544600939 0.6265625 0.38967136150234744 0.634375 0.4014084507042254 0.646875 0.4014084507042254 0.65625 0.392018779342723 0.6609375 0.38497652582159625 0.6625 0.37089201877934275 0.6609375 0.3685446009389671 0.6609375 0.3568075117370892 0.653125 0.3380281690140845 0.6359375 0.3380281690140845 0.628125 0.3474178403755869 0.625 0.3474178403755869 0.625 0.34976525821596244 0.621875 0.3568075117370892 0.621875 0.36619718309859156
2 0.1625 0.715962441314554 0.1625 0.7253521126760564 0.15625 0.7347417840375586 0.15 0.7582159624413145 0.15 0.7816901408450704 0.15625 0.7910798122065728 0.159375 0.7910798122065728 0.1671875 0.7816901408450704 0.16875 0.7652582159624414 0.1734375 0.755868544600939 0.1796875 0.7276995305164319 0.1796875 0.7065727699530516 0.175 0.6971830985915493 0.1734375 0.6971830985915493 0.1671875 0.7018779342723005 0.1625 0.715962441314554
2 0.446875 0.44835680751173707 0.4421875 0.45539906103286387 0.4375 0.45774647887323944 0.43125 0.4694835680751174 0.43125 0.4788732394366197 0.4390625 0.4953051643192488 0.4421875 0.4953051643192488 0.45 0.5023474178403756 0.45625 0.5023474178403756 0.4734375 0.48826291079812206 0.4734375 0.4788732394366197 0.4765625 0.4694835680751174 0.4765625 0.4624413145539906 0.471875 0.4460093896713615 0.4609375 0.43427230046948356 0.459375 0.43427230046948356 0.4515625 0.43661971830985913 0.446875 0.44835680751173707
2 0.525 0.43427230046948356 0.525 0.44366197183098594 0.515625 0.45539906103286387 0.5140625 0.4647887323943662 0.5171875 0.47417840375586856 0.525 0.4859154929577465 0.5421875 0.48826291079812206 0.5484375 0.4859154929577465 0.5546875 0.47417840375586856 0.55625 0.44835680751173707 0.5546875 0.43896713615023475 0.5484375 0.4295774647887324 0.5390625 0.4225352112676056 0.5375 0.4225352112676056 0.5328125 0.4225352112676056 0.525 0.43427230046948356
2 0.6609375 0.20422535211267606 0.659375 0.2300469483568075 0.6640625 0.25821596244131456 0.66875 0.2676056338028169 0.6796875 0.27230046948356806 0.68125 0.27699530516431925 0.6859375 0.27699530516431925 0.6890625 0.27230046948356806 0.6984375 0.2676056338028169 0.7046875 0.25821596244131456 0.70625 0.2511737089201878 0.70625 0.22535211267605634 0.703125 0.2112676056338028 0.6953125 0.20422535211267606 0.684375 0.20657276995305165 0.678125 0.19718309859154928 0.6765625 0.19953051643192488 0.6625 0.19953051643192488 0.6609375 0.20422535211267606
2 0.09921875 0.8849765258215962 0.021875 0.06103286384976526
2 0.8125 0.13849765258215962 0.80625 0.15492957746478872 0.80625 0.16901408450704225 0.8125 0.18544600938967137 0.815625 0.18544600938967137 0.81875 0.19014084507042253 0.8296875 0.19014084507042253 0.8375 0.18544600938967137 0.8421875 0.1784037558685446 0.8453125 0.16901408450704225 0.8453125 0.1596244131455399 0.828125 0.13380281690140844 0.8265625 0.13380281690140844 0.8203125 0.13145539906103287 0.8125 0.13849765258215962
2 0.7078125 0.25821596244131456 0.6875 0.284037558685446 0.6875 0.2981220657276995 0.69375 0.3075117370892019 0.7 0.3075117370892019 0.7046875 0.31220657276995306 0.715625 0.3145539906103286 0.7234375 0.3075117370892019 0.725 0.2934272300469484 0.7328125 0.27699530516431925 0.73125 0.2652582159624413 0.7234375 0.25586854460093894 0.721875 0.25586854460093894 0.7109375 0.25586854460093894 0.7078125 0.25821596244131456
2 0.796875 0.07746478873239436 0.79375 0.07981220657276995 0.7890625 0.08450704225352113 0.7859375 0.09389671361502347 0.778125 0.10328638497652583 0.775 0.10328638497652583 0.7703125 0.11502347417840375 0.7703125 0.12910798122065728 0.78125 0.14788732394366197 0.7984375 0.15023474178403756 0.8046875 0.14788732394366197 0.8046875 0.1431924882629108 0.815625 0.12910798122065728 0.81875 0.11502347417840375 0.8171875 0.09389671361502347 0.8078125 0.07981220657276995 0.80625 0.07981220657276995 0.8046875 0.07746478873239436 0.796875 0.07746478873239436
2 0.3359375 0.5610328638497653 0.340625 0.5774647887323944 0.34375 0.5821596244131455 0.34375 0.5868544600938967 0.3546875 0.5915492957746479 0.3671875 0.5845070422535211 0.3703125 0.568075117370892 0.36875 0.5469483568075117 0.3640625 0.5352112676056338 0.359375 0.5328638497652582 0.353125 0.5352112676056338 0.3453125 0.528169014084507 0.34375 0.528169014084507 0.3375 0.5328638497652582 0.3359375 0.5610328638497653
2 0.18125 0.755868544600939 0.175 0.7676056338028169 0.171875 0.7793427230046949 0.171875 0.7887323943661971 0.175 0.7981220657276995 0.1859375 0.8098591549295775 0.1859375 0.8192488262910798 0.1921875 0.8286384976525821 0.1984375 0.8309859154929577 0.2046875 0.8286384976525821 0.2109375 0.8215962441314554 0.221875 0.8028169014084507 0.2234375 0.795774647887324 0.2234375 0.7723004694835681 0.221875 0.7676056338028169 0.2171875 0.7582159624413145 0.2046875 0.7464788732394366 0.203125 0.7464788732394366 0.1890625 0.7488262910798122 0.18125 0.755868544600939
2 0.7390625 0.22535211267605634 0.7375 0.24413145539906103 0.7328125 0.2535211267605634 0.7328125 0.2605633802816901 0.74375 0.2793427230046948 0.7546875 0.2793427230046948 0.7578125 0.28169014084507044 0.759375 0.2793427230046948 0.765625 0.2793427230046948 0.7734375 0.2676056338028169 0.7734375 0.2511737089201878 0.775 0.24882629107981222 0.7734375 0.2300469483568075 0.7609375 0.215962441314554 0.759375 0.215962441314554 0.7453125 0.215962441314554 0.7390625 0.22535211267605634
5 0.00625 0 0 0.004694835680751174 0 0.09389671361502347 0.003125 0.09624413145539906 0 0.09859154929577464 0 0.3286384976525822 0.003125 0.33098591549295775 0.003125 0.33568075117370894 0 0.3380281690140845 0 0.43896713615023475 0.003125 0.4413145539906103 0.003125 0.45774647887323944 0 0.4647887323943662 0 0.6431924882629108 0.003125 0.6455399061032864 0 0.6502347417840375 0 0.676056338028169 0.003125 0.6807511737089202 0 0.6854460093896714 0 0.7863849765258216 0.009375 0.7981220657276995 0.0125 0.8075117370892019 0.01875 0.8169014084507042 0.021875 0.8333333333333334 0.01875 0.8615023474178404 0.0109375 0.8802816901408451 0.0125 0.8967136150234741 0.01875 0.9061032863849765 0.028125 0.9061032863849765 0.0296875 0.903755868544601 0.0359375 0.9061032863849765 0.04375 0.9154929577464789 0.046875 0.9295774647887324 0.04375 0.971830985915493 0.0390625 0.9859154929577465 0.0390625 0.9953051643192489 0.0453125 0.9953051643192489 0.046875 0.9976525821596244 0.0484375 0.9953051643192489 0.0640625 0.9953051643192489 0.0671875 0.9906103286384976 0.0734375 0.9882629107981221 0.071875 0.9835680751173709 0.0828125 0.9647887323943662 0.096875 0.960093896713615 0.0984375 0.9577464788732394 0.0984375 0.9483568075117371 0.103125 0.9413145539906104 0.1125 0.9389671361502347 0.11875 0.9436619718309859 0.1296875 0.960093896713615 0.14375 0.9835680751173709 0.14375 0.9906103286384976 0.1484375 0.9953051643192489 0.1796875 0.9929577464788732 0.18125 0.9953051643192489 0.25625 0.9953051643192489 0.259375 0.9929577464788732 0.2609375 0.9953051643192489 0.4125 0.9953051643192489 0.4140625 0.9976525821596244 0.4578125 0.9976525821596244 0.459375 0.9953051643192489 0.4671875 0.9953051643192489 0.46875 0.9976525821596244 0.4796875 0.9976525821596244 0.48125 0.9953051643192489 0.49375 0.9953051643192489 0.4953125 0.9976525821596244 0.51875 0.9976525821596244 0.5234375 0.9953051643192489 0.5265625 0.9976525821596244 0.528125 0.9953051643192489 0.5359375 0.9953051643192489 0.55 0.9859154929577465 0.5515625 0.9882629107981221 0.565625 0.9906103286384976 0.5703125 0.9976525821596244 0.59375 0.9976525821596244 0.5953125 0.9953051643192489 0.6140625 0.9953051643192489 0.615625 0.9929577464788732 0.6484375 0.9929577464788732 0.65 0.9953051643192489 0.678125 0.9953051643192489 0.6796875 0.9976525821596244 0.68125 0.9953051643192489 0.6859375 0.9976525821596244 0.6875 0.9953051643192489 0.7109375 0.9953051643192489 0.7125 0.9976525821596244 0.73125 0.9953051643192489 0.7328125 0.9976525821596244 0.7546875 0.9976525821596244 0.75625 0.9953051643192489 0.7671875 0.9953051643192489 0.76875 0.9976525821596244 0.8078125 0.9976525821596244 0.809375 0.9953051643192489 0.815625 0.9953051643192489 0.81875 0.9976525821596244 0.8203125 0.9953051643192489 0.8328125 0.9953051643192489 0.8390625 0.9976525821596244 0.840625 0.9953051643192489 0.8484375 0.9953051643192489 0.85 0.9976525821596244 0.8765625 0.9976525821596244 0.878125 0.9953051643192489 0.946875 0.9953051643192489 0.9484375 0.9976525821596244 0.9828125 0.9976525821596244 0.984375 0.9953051643192489 0.9953125 0.9953051643192489 0.9984375 0.9929577464788732 0.996875 0.9342723004694836 0.9984375 0.931924882629108 0.9984375 0.8849765258215962 0.9953125 0.8732394366197183 0.996875 0.8708920187793427 0.996875 0.8497652582159625 0.9953125 0.8427230046948356 0.99375 0.8403755868544601 0.9921875 0.8427230046948356 0.9890625 0.8380281690140845 0.984375 0.8380281690140845 0.975 0.823943661971831 0.96875 0.823943661971831 0.9671875 0.8192488262910798 0.9609375 0.8145539906103286 0.95625 0.8145539906103286 0.953125 0.8098591549295775 0.95 0.8098591549295775 0.946875 0.7981220657276995 0.9375 0.7910798122065728 0.9359375 0.7863849765258216 0.9234375 0.784037558685446 0.91875 0.7769953051643192 0.9171875 0.7676056338028169 0.9171875 0.7417840375586855 0.921875 0.7276995305164319 0.921875 0.7206572769953051 0.9296875 0.7018779342723005 0.95 0.6713615023474179 0.9609375 0.6713615023474179 0.9671875 0.6666666666666666 0.9859375 0.6690140845070423 0.9984375 0.6643192488262911 0.9921875 0.6619718309859155 0.9890625 0.6572769953051644 0.996875 0.647887323943662 0.9984375 0.6267605633802817 0.9953125 0.6267605633802817 0.996875 0.6291079812206573 0.9921875 0.6338028169014085 0.9890625 0.6291079812206573 0.9921875 0.6267605633802817 0.9890625 0.6244131455399061 0.9875 0.6173708920187794 0.984375 0.6197183098591549 0.9796875 0.6150234741784038 0.975 0.6244131455399061 0.978125 0.6244131455399061 0.98125 0.6314553990610329 0.975 0.6338028169014085 0.9796875 0.6338028169014085 0.9828125 0.6408450704225352 0.9796875 0.6455399061032864 0.9765625 0.6455399061032864 0.9703125 0.6549295774647887 0.9671875 0.6502347417840375 0.9671875 0.6455399061032864 0.9515625 0.6431924882629108 0.95 0.6408450704225352 0.9546875 0.6338028169014085 0.9671875 0.636150234741784 0.9703125 0.6338028169014085 0.9671875 0.6291079812206573 0.9625 0.6291079812206573 0.9609375 0.6220657276995305 0.9578125 0.6220657276995305 0.9578125 0.6314553990610329 0.95625 0.6338028169014085 0.9546875 0.6314553990610329 0.9546875 0.6173708920187794 0.9609375 0.6150234741784038 0.9609375 0.6103286384976526 0.9546875 0.607981220657277 0.959375 0.6032863849765259 0.9578125 0.5985915492957746 0.959375 0.596244131455399 0.95 0.6009389671361502 0.946875 0.596244131455399 0.9484375 0.5915492957746479 0.94375 0.5868544600938967 0.94375 0.57981220657277 0.95 0.568075117370892 0.95625 0.5657276995305164 0.9859375 0.5633802816901409 0.9875 0.5657276995305164 0.9984375 0.5657276995305164 0.9984375 0.49765258215962443 0.996875 0.49061032863849763 0.9984375 0.48826291079812206 0.9984375 0.4507042253521127 0.996875 0.4413145539906103 0.9984375 0.43896713615023475 0.9984375 0.4131455399061033 0.9953125 0.4061032863849765 0.9984375 0.39436619718309857 0.9953125 0.392018779342723 0.99375 0.38497652582159625 0.9953125 0.3826291079812207 0.9953125 0.3732394366197183 0.9984375 0.37089201877934275 0.9984375 0.3403755868544601 0.9953125 0.33568075117370894 0.9953125 0.33098591549295775 0.9984375 0.3215962441314554 0.996875 0.27230046948356806 0.9984375 0.2699530516431925 0.9984375 0.25821596244131456 0.996875 0.25586854460093894 0.996875 0.24413145539906103 0.9984375 0.23943661971830985 0.996875 0.2300469483568075 0.9984375 0.22769953051643194 0.9984375 0.20892018779342722 0.99375 0.20657276995305165 0.990625 0.20892018779342722 0.9796875 0.22535211267605634 0.9765625 0.22535211267605634 0.9703125 0.2323943661971831 0.9609375 0.2323943661971831 0.9484375 0.22300469483568075 0.94375 0.19953051643192488 0.9390625 0.19718309859154928 0.9296875 0.20657276995305165 0.9125 0.20657276995305165 0.90625 0.2112676056338028 0.8984375 0.22535211267605634 0.8921875 0.2300469483568075 0.884375 0.2300469483568075 0.875 0.22535211267605634 0.8671875 0.20657276995305165 0.8671875 0.18309859154929578 0.8640625 0.1807511737089202 0.8515625 0.1807511737089202 0.8484375 0.18544600938967137 0.8390625 0.19014084507042253 0.834375 0.19718309859154928 0.8265625 0.19718309859154928 0.825 0.19953051643192488 0.825 0.2136150234741784 0.8296875 0.2300469483568075 0.83125 0.2652582159624413 0.828125 0.2746478873239437 0.8171875 0.29107981220657275 0.8015625 0.2934272300469484 0.790625 0.2887323943661972 0.7859375 0.28169014084507044 0.78125 0.284037558685446 0.7796875 0.28169014084507044 0.76875 0.29577464788732394 0.765625 0.31220657276995306 0.75625 0.32629107981220656 0.740625 0.3286384976525822 0.73125 0.323943661971831 0.728125 0.3192488262910798 0.715625 0.3192488262910798 0.7125 0.3215962441314554 0.7125 0.34976525821596244 0.7140625 0.3568075117370892 0.7125 0.36619718309859156 0.7046875 0.3779342723004695 0.696875 0.3826291079812207 0.6703125 0.38028169014084506 0.6609375 0.39436619718309857 0.65625 0.3967136150234742 0.653125 0.40375586854460094 0.6484375 0.4061032863849765 0.6296875 0.40375586854460094 0.6234375 0.39436619718309857 0.621875 0.3779342723004695 0.6171875 0.36619718309859156 0.603125 0.3568075117370892 0.59375 0.3544600938967136 0.5859375 0.3474178403755869 0.58125 0.3474178403755869 0.5796875 0.3380281690140845 0.575 0.33568075117370894 0.5796875 0.32629107981220656 0.596875 0.32629107981220656 0.5984375 0.3192488262910798 0.6078125 0.3051643192488263 0.5984375 0.2887323943661972 0.5984375 0.28169014084507044 0.5953125 0.2746478873239437 0.5953125 0.26291079812206575 0.5984375 0.24882629107981222 0.603125 0.24178403755868544 0.6078125 0.23943661971830985 0.6265625 0.2347417840375587 0.6296875 0.2300469483568075 0.6296875 0.20657276995305165 0.6421875 0.18779342723004694 0.659375 0.18544600938967137 0.6671875 0.1784037558685446 0.6734375 0.1784037558685446 0.6796875 0.18309859154929578 0.6859375 0.19483568075117372 0.696875 0.19718309859154928 0.70625 0.20657276995305165 0.7125 0.2300469483568075 0.7125 0.24413145539906103 0.71875 0.24882629107981222 0.7296875 0.24647887323943662 0.7359375 0.22300469483568075 0.7421875 0.2136150234741784 0.7453125 0.20422535211267606 0.74375 0.20187793427230047 0.74375 0.19014084507042253 0.746875 0.1784037558685446 0.75625 0.16666666666666666 0.76875 0.16666666666666666 0.7734375 0.1619718309859155 0.7734375 0.15023474178403756 0.7671875 0.13615023474178403 0.7671875 0.11032863849765258 0.76875 0.1056338028169014 0.778125 0.09154929577464789 0.7859375 0.08450704225352113 0.7875 0.07981220657276995 0.7921875 0.07746478873239436 0.79375 0.07276995305164319 0.8109375 0.07276995305164319 0.821875 0.07981220657276995 0.828125 0.07042253521126761 0.8296875 0.06103286384976526 0.8328125 0.056338028169014086 0.8296875 0.03990610328638498 0.8296875 0.023474178403755867 0.8359375 0.004694835680751174 0.83125 0 0.8125 0.002347417840375587 0.809375 0 0.80625 0.002347417840375587 0.8046875 0 0.7671875 0 0.765625 0.002347417840375587 0.7640625 0 0.7546875 0 0.75 0.002347417840375587 0.7484375 0 0.73125 0 0.728125 0.004694835680751174 0.709375 0.004694835680751174 0.7046875 0 0.6875 0 0.6859375 0.002347417840375587 0.6421875 0 0.640625 0.002347417840375587 0.6359375 0 0.634375 0.002347417840375587 0.625 0.002347417840375587 0.6203125 0 0.61875 0.002347417840375587 0.6125 0.002347417840375587 0.6109375 0 0.6 0 0.5984375 0.002347417840375587 0.5953125 0 0.59375 0.002347417840375587 0.58125 0.002347417840375587 0.5796875 0 0.559375 0 0.55625 0.002347417840375587 0.553125 0 0.55 0.002347417840375587 0.546875 0 0.5453125 0.002347417840375587 0.5375 0.002347417840375587 0.5328125 0 0.528125 0.002347417840375587 0.5265625 0 0.5109375 0 0.509375 0.002347417840375587 0.49375 0.002347417840375587 0.4921875 0 0.478125 0 0.4765625 0.002347417840375587 0.4671875 0.002347417840375587 0.465625 0 0.4390625 0 0.4375 0.002347417840375587 0.4078125 0.002347417840375587 0.403125 0 0.396875 0.01643192488262911 0.390625 0.025821596244131457 0.38125 0.028169014084507043 0.375 0.03755868544600939 0.375 0.056338028169014086 0.36875 0.06572769953051644 0.36875 0.07042253521126761 0.365625 0.07511737089201878 0.365625 0.08685446009389672 0.3625 0.09859154929577464 0.3546875 0.107981220657277 0.346875 0.11032863849765258 0.33125 0.10328638497652583 0.3234375 0.09154929577464789 0.3 0.09389671361502347 0.29375 0.0892018779342723 0.2875 0.07981220657276995 0.2859375 0.07511737089201878 0.2859375 0.056338028169014086 0.2890625 0.046948356807511735 0.2921875 0.04460093896713615 0.29375 0.025821596244131457 0.296875 0.01643192488262911 0.296875 0.004694835680751174 0.2921875 0.002347417840375587 0.2671875 0 0.2640625 0.002347417840375587 0.2625 0 0.2546875 0.004694835680751174 0.24375 0.004694835680751174 0.2421875 0.002347417840375587 0.228125 0.002347417840375587 0.2265625 0 0.190625 0 0.1890625 0.002347417840375587 0.1859375 0 0.18125 0.004694835680751174 0.18125 0.009389671361502348 0.16875 0.028169014084507043 0.16875 0.035211267605633804 0.159375 0.0539906103286385 0.15625 0.056338028169014086 0.1390625 0.056338028169014086 0.1359375 0.051643192488262914 0.125 0.04460093896713615 0.115625 0.018779342723004695 0.115625 0.009389671361502348 0.1171875 0.007042253521126761 0.109375 0 0.1078125 0 0.06875 0.002347417840375587 0.0671875 0 0.00625 0
6 0.2046875 0.7394366197183099 0.2234375 0.7629107981220657 0.228125 0.7629107981220657 0.2296875 0.7582159624413145 0.2171875 0.7347417840375586 0.2078125 0.7300469483568075 0.1828125 0.7018779342723005 0.1796875 0.7018779342723005 0.1796875 0.704225352112676 0.1828125 0.7230046948356808 0.2046875 0.7394366197183099