2 0.6421875 0.06095238095238095 0.646875 0.06666666666666667 0.665625 0.0761904761904762 0.6734375 0.07428571428571429 0.6734375 0.05142857142857143 0.6671875 0.04380952380952381 0.6421875 0.04380952380952381 0.6421875 0.045714285714285714 0.640625 0.05714285714285714 0.6421875 0.06095238095238095
2 0.3921875 0.820952380952381 0.3890625 0.8247619047619048 0.384375 0.8247619047619048 0.375 0.8380952380952381 0.371875 0.8495238095238096 0.375 0.8590476190476191 0.38125 0.8647619047619047 0.3875 0.8647619047619047 0.3984375 0.8609523809523809 0.40625 0.8552380952380952 0.4125 0.8438095238095238 0.4140625 0.8285714285714286 0.409375 0.8228571428571428 0.4078125 0.8228571428571428 0.40625 0.820952380952381 0.3921875 0.820952380952381
2 0.71875 0.44761904761904764 0.7140625 0.4533333333333333 0.7140625 0.45714285714285713 0.721875 0.45714285714285713 0.728125 0.4533333333333333 0.728125 0.44761904761904764 0.7265625 0.44761904761904764 0.7234375 0.44571428571428573 0.71875 0.44761904761904764
2 0.5359375 0.4838095238095238 0.5328125 0.4895238095238095 0.5328125 0.4990476190476191 0.5359375 0.5047619047619047 0.5546875 0.5066666666666667 0.5671875 0.5009523809523809 0.56875 0.49714285714285716 0.5765625 0.49142857142857144 0.578125 0.4838095238095238 0.5765625 0.48 0.5703125 0.47619047619047616 0.56875 0.47619047619047616 0.5453125 0.47619047619047616 0.5359375 0.4838095238095238
2 0.5828125 0.7447619047619047 0.5875 0.7466666666666667 0.596875 0.7466666666666667 0.6 0.7428571428571429 0.5953125 0.7352380952380952 0.584375 0.7352380952380952 0.584375 0.7371428571428571 0.58125 0.7409523809523809 0.5828125 0.7447619047619047
2 0.7484375 0.4361904761904762 0.7390625 0.44761904761904764 0.7375 0.4552380952380952 0.7390625 0.46095238095238095 0.7453125 0.4685714285714286 0.7515625 0.4704761904761905 0.7546875 0.4742857142857143 0.76875 0.4742857142857143 0.7734375 0.4666666666666667 0.7734375 0.46285714285714286 0.7765625 0.46095238095238095 0.7765625 0.4533333333333333 0.7671875 0.4380952380952381 0.765625 0.4380952380952381 0.75625 0.4342857142857143 0.7484375 0.4361904761904762
2 0.5921875 0.23238095238095238 0.603125 0.22285714285714286 0.603125 0.21333333333333335 0.5953125 0.21333333333333335 0.590625 0.21714285714285714 0.590625 0.21904761904761905 0.590625 0.23047619047619047 0.5921875 0.23238095238095238
2 0.2421875 0.5904761904761905 0.2421875 0.6057142857142858 0.240625 0.6076190476190476 0.24375 0.6152380952380953 0.246875 0.6152380952380953 0.2578125 0.6114285714285714 0.2734375 0.6 0.275 0.5942857142857143 0.2734375 0.5885714285714285 0.2609375 0.5828571428571429 0.259375 0.5828571428571429 0.253125 0.580952380952381 0.2421875 0.5904761904761905
2 0.19375 0.9257142857142857 0.19375 0.9371428571428572 0.1953125 0.940952380952381 0.2109375 0.9447619047619048 0.2140625 0.9219047619047619 0.2109375 0.9180952380952381 0.209375 0.9180952380952381 0.2046875 0.9180952380952381 0.19375 0.9257142857142857
2 0.3359375 0.3238095238095238 0.334375 0.3580952380952381 0.3375 0.3638095238095238 0.3453125 0.3657142857142857 0.3578125 0.36 0.359375 0.3523809523809524 0.3578125 0.34476190476190477 0.3515625 0.33714285714285713 0.3515625 0.3295238095238095 0.346875 0.3219047619047619 0.3453125 0.3219047619047619 0.340625 0.3180952380952381 0.3359375 0.3238095238095238
2 0.578125 0.19238095238095237 0.575 0.1961904761904762 0.571875 0.21714285714285714 0.5734375 0.21904761904761905 0.584375 0.21904761904761905 0.5890625 0.21523809523809523 0.590625 0.20952380952380953 0.5890625 0.20761904761904762 0.5890625 0.19238095238095237 0.5859375 0.18476190476190477 0.58125 0.18476190476190477 0.58125 0.18666666666666668 0.578125 0.18857142857142858 0.578125 0.19238095238095237
2 0.0671875 0.7733333333333333 0.0640625 0.7771428571428571 0.0515625 0.7771428571428571 0.0453125 0.780952380952381 0.0453125 0.7866666666666666 0.0625 0.8038095238095239 0.078125 0.8038095238095239 0.084375 0.7961904761904762 0.084375 0.7866666666666666 0.0765625 0.7771428571428571 0.075 0.7771428571428571 0.071875 0.7733333333333333 0.0671875 0.7733333333333333
2 0.3203125 0.38285714285714284 0.3359375 0.38857142857142857 0.340625 0.38666666666666666 0.34375 0.37714285714285717 0.3390625 0.36952380952380953 0.321875 0.36952380952380953 0.3171875 0.37333333333333335 0.3171875 0.37523809523809526 0.3171875 0.379047619047619 0.3203125 0.38285714285714284
2 0.9875 0.6438095238095238 0.9984375 0.64 0.9984375 0.6228571428571429 0.9953125 0.6190476190476191 0.984375 0.6190476190476191 0.9765625 0.6247619047619047 0.975 0.6342857142857142 0.9765625 0.6342857142857142 0.98125 0.6419047619047619 0.9875 0.6438095238095238
2 0.2203125 0.940952380952381 0.225 0.9485714285714286 0.23125 0.9504761904761905 0.2421875 0.940952380952381 0.2515625 0.9257142857142857 0.253125 0.9104761904761904 0.2484375 0.9028571428571428 0.240625 0.9028571428571428 0.2234375 0.9142857142857143 0.2234375 0.9161904761904762 0.2203125 0.9219047619047619 0.2203125 0.940952380952381
2 0.4171875 0.8552380952380952 0.4171875 0.8704761904761905 0.421875 0.878095238095238 0.4265625 0.8819047619047619 0.44375 0.8819047619047619 0.4515625 0.878095238095238 0.459375 0.8704761904761905 0.4578125 0.8590476190476191 0.4609375 0.8552380952380952 0.4625 0.8476190476190476 0.4609375 0.8285714285714286 0.4515625 0.820952380952381 0.45 0.820952380952381 0.4421875 0.8247619047619048 0.4171875 0.8552380952380952
2 0.1890625 0.9428571428571428 0.175 0.9542857142857143 0.175 0.9638095238095238 0.1828125 0.9714285714285714 0.2 0.9714285714285714 0.2046875 0.9676190476190476 0.209375 0.9676190476190476 0.2140625 0.96 0.2140625 0.9504761904761905 0.20625 0.9447619047619048 0.2046875 0.9447619047619048 0.203125 0.9428571428571428 0.1890625 0.9428571428571428
2 0.3703125 0.3619047619047619 0.0171875 0.02857142857142857
2 0.571875 0.2361904761904762 0.575 0.2419047619047619 0.578125 0.2419047619047619 0.5859375 0.2342857142857143 0.5875 0.22095238095238096 0.575 0.22095238095238096 0.575 0.22285714285714286 0.571875 0.22666666666666666 0.571875 0.2361904761904762
2 0.3765625 0.7657142857142857 0.36875 0.7695238095238095 0.3671875 0.7828571428571428 0.36875 0.7923809523809524 0.375 0.8019047619047619 0.384375 0.8076190476190476 0.39375 0.8076190476190476 0.4046875 0.8 0.40625 0.7733333333333333 0.403125 0.7657142857142857 0.3921875 0.758095238095238 0.390625 0.758095238095238 0.3828125 0.758095238095238 0.3765625 0.7657142857142857
2 0.215625 0.5542857142857143 0.215625 0.5752380952380952 0.2203125 0.5828571428571429 0.2328125 0.5904761904761905 0.2375 0.5904761904761905 0.240625 0.5866666666666667 0.240625 0.580952380952381 0.24375 0.5752380952380952 0.24375 0.5638095238095238 0.234375 0.5428571428571428 0.2234375 0.539047619047619 0.2234375 0.540952380952381 0.2171875 0.5466666666666666 0.215625 0.5542857142857143
2 0.2265625 0.6247619047619047 0.2265625 0.6419047619047619 0.234375 0.6476190476190476 0.2421875 0.6457142857142857 0.2484375 0.638095238095238 0.2515625 0.638095238095238 0.2515625 0.6285714285714286 0.2421875 0.6190476190476191 0.240625 0.6190476190476191 0.2296875 0.6209523809523809 0.2265625 0.6247619047619047
2 0.7375 0.4438095238095238 0.740625 0.44 0.746875 0.41714285714285715 0.74375 0.4076190476190476 0.7390625 0.4076190476190476 0.7296875 0.41714285714285715 0.7234375 0.42857142857142855 0.721875 0.4342857142857143 0.7234375 0.4380952380952381 0.725 0.4380952380952381 0.73125 0.44571428571428573 0.7375 0.4438095238095238
2 0.2109375 0.5961904761904762 0.196875 0.6057142857142858 0.190625 0.6133333333333333 0.19375 0.6209523809523809 0.2171875 0.6209523809523809 0.21875 0.6190476190476191 0.228125 0.6190476190476191 0.234375 0.6133333333333333 0.2328125 0.6019047619047619 0.23125 0.6019047619047619 0.228125 0.5961904761904762 0.2109375 0.5961904761904762
2 0.534375 0.5352380952380953 0.5359375 0.5485714285714286 0.5484375 0.56 0.5546875 0.5619047619047619 0.5640625 0.56 0.5703125 0.5523809523809524 0.571875 0.5428571428571428 0.56875 0.5257142857142857 0.5609375 0.52 0.559375 0.52 0.5390625 0.5238095238095238 0.534375 0.5352380952380953
2 0.34375 0.4 0.3484375 0.4076190476190476 0.359375 0.4114285714285714 0.3640625 0.4 0.3640625 0.38476190476190475 0.3625 0.38285714285714284 0.3609375 0.38285714285714284 0.34375 0.3923809523809524 0.34375 0.4
2 0.703125 0.05142857142857143 0.7 0.05142857142857143 0.69375 0.06476190476190476 0.69375 0.07428571428571429 0.696875 0.07809523809523809 0.709375 0.08 0.7109375 0.07809523809523809 0.7234375 0.07809523809523809 0.7328125 0.06666666666666667 0.73125 0.05523809523809524 0.721875 0.047619047619047616 0.7203125 0.047619047619047616 0.70625 0.047619047619047616 0.703125 0.05142857142857143
2 0.596875 0.7371428571428571 0.603125 0.7428571428571429 0.60625 0.7409523809523809 0.60625 0.7276190476190476 0.603125 0.7238095238095238 0.6015625 0.7238095238095238 0.596875 0.7257142857142858 0.596875 0.7371428571428571
2 0.9984375 0.6228571428571429 0.9984375 0.6038095238095238 0.99375 0.6057142857142858 0.99375 0.6076190476190476 0.99375 0.6190476190476191 0.9984375 0.6228571428571429
2 0.6125 0.7428571428571429 0.621875 0.7333333333333333 0.6234375 0.7276190476190476 0.6140625 0.7257142857142858 0.6078125 0.7295238095238096 0.6078125 0.7314285714285714 0.6078125 0.7409523809523809 0.6125 0.7428571428571429
2 0.50625 0.5142857142857142 0.5 0.5161904761904762 0.4984375 0.5219047619047619 0.503125 0.5238095238095238 0.525 0.5161904761904762 0.534375 0.5085714285714286 0.534375 0.5047619047619047 0.5296875 0.4990476190476191 0.528125 0.4990476190476191 0.5203125 0.4990476190476191 0.50625 0.5142857142857142
2 0.503125 0.44 0.496875 0.44 0.4890625 0.4514285714285714 0.4875 0.4666666666666667 0.490625 0.4780952380952381 0.496875 0.4857142857142857 0.5140625 0.4876190476190476 0.5203125 0.49142857142857144 0.53125 0.4685714285714286 0.53125 0.4552380952380952 0.525 0.4438095238095238 0.515625 0.4361904761904762 0.5140625 0.4361904761904762 0.50625 0.4361904761904762 0.503125 0.44
2 0.4140625 0.780952380952381 0.4140625 0.7980952380952381 0.425 0.8114285714285714 0.4390625 0.8114285714285714 0.45 0.8038095238095239 0.4546875 0.7980952380952381 0.4578125 0.7847619047619048 0.4609375 0.780952380952381 0.4609375 0.7695238095238095 0.4578125 0.7504761904761905 0.4484375 0.7466666666666667 0.4375 0.7466666666666667 0.4328125 0.7504761904761905 0.4328125 0.7523809523809524 0.425 0.758095238095238 0.4140625 0.780952380952381
2 0.6953125 0.4095238095238095 0.690625 0.41523809523809524 0.6890625 0.42857142857142855 0.6984375 0.4380952380952381 0.715625 0.4380952380952381 0.721875 0.43238095238095237 0.721875 0.42857142857142855 0.71875 0.41714285714285715 0.7125 0.4114285714285714 0.7109375 0.4114285714285714 0.709375 0.4095238095238095 0.6953125 0.4095238095238095
2 0.6765625 0.06095238095238095 0.68125 0.07047619047619047 0.6859375 0.06857142857142857 0.6953125 0.05714285714285714 0.696875 0.04380952380952381 0.6921875 0.03619047619047619 0.68125 0.0380952380952381 0.68125 0.04 0.6765625 0.047619047619047616 0.6765625 0.06095238095238095
2 0.1953125 0.9980952380952381 0.2234375 0.9980952380952381 0.228125 0.9942857142857143 0.23125 0.9809523809523809 0.221875 0.9695238095238096 0.2078125 0.9695238095238096 0.2 0.9733333333333334 0.2 0.9752380952380952 0.1953125 0.9828571428571429 0.1953125 0.9980952380952381
5 0 0 0 0.0019047619047619048 0 0.9961904761904762 0.003125 0.9980952380952381 0.065625 0.9980952380952381 0.071875 0.9942857142857143 0.084375 0.9942857142857143 0.090625 0.9980952380952381 0.1515625 0.9980952380952381 0.1609375 0.9904761904761905 0.1625 0.9809523809523809 0.1609375 0.9733333333333334 0.165625 0.9676190476190476 0.1703125 0.9657142857142857 0.175 0.9504761904761905 0.184375 0.940952380952381 0.1890625 0.939047619047619 0.190625 0.9257142857142857 0.19375 0.92 0.2078125 0.9142857142857143 0.2171875 0.9180952380952381 0.2296875 0.9047619047619048 0.234375 0.9047619047619048 0.2390625 0.900952380952381 0.2515625 0.900952380952381 0.25625 0.9104761904761904 0.25625 0.92 0.2515625 0.9333333333333333 0.2390625 0.9466666666666667 0.2359375 0.9561904761904761 0.2265625 0.9619047619047619 0.2265625 0.9676190476190476 0.2328125 0.9752380952380952 0.234375 0.9828571428571429 0.23125 0.9942857142857143 0.2328125 0.9980952380952381 0.290625 0.9980952380952381 0.2953125 0.9961904761904762 0.296875 0.9980952380952381 0.3625 0.9980952380952381 0.3703125 0.9961904761904762 0.371875 0.9980952380952381 0.403125 0.9980952380952381 0.4046875 0.9961904761904762 0.4234375 0.9961904761904762 0.425 0.9980952380952381 0.5625 0.9980952380952381 0.565625 0.9961904761904762 0.5671875 0.9980952380952381 0.5765625 0.9980952380952381 0.578125 0.9961904761904762 0.590625 0.9961904761904762 0.5921875 0.9980952380952381 0.746875 0.9980952380952381 0.753125 0.9961904761904762 0.7546875 0.9980952380952381 0.8609375 0.9980952380952381 0.8671875 0.9961904761904762 0.86875 0.9980952380952381 0.9515625 0.9980952380952381 0.953125 0.9961904761904762 0.9546875 0.9980952380952381 0.984375 0.9980952380952381 0.996875 0.9942857142857143 0.9984375 0.9904761904761905 0.9984375 0.96 0.9953125 0.9485714285714286 0.9953125 0.9123809523809524 0.9984375 0.9047619047619048 0.9984375 0.8933333333333333 0.9953125 0.8876190476190476 0.996875 0.8838095238095238 0.9953125 0.8819047619047619 0.99375 0.8552380952380952 0.9953125 0.8533333333333334 0.9953125 0.8304761904761905 0.996875 0.8285714285714286 0.9953125 0.7733333333333333 0.9984375 0.7676190476190476 0.996875 0.7466666666666667 0.9984375 0.7409523809523809 0.996875 0.7371428571428571 0.9984375 0.7333333333333333 0.996875 0.7295238095238096 0.9984375 0.7180952380952381 0.996875 0.7161904761904762 0.9953125 0.6933333333333334 0.9984375 0.6761904761904762 0.9953125 0.6647619047619048 0.996875 0.659047619047619 0.9953125 0.6495238095238095 0.9984375 0.6438095238095238 0.990625 0.6476190476190476 0.9828125 0.6438095238095238 0.9734375 0.6342857142857142 0.9734375 0.6285714285714286 0.98125 0.6171428571428571 0.9890625 0.6152380952380953 0.9921875 0.6057142857142858 0.9984375 0.5980952380952381 0.996875 0.5295238095238095 0.9984375 0.518095238095238 0.9953125 0.5085714285714286 0.9953125 0.49523809523809526 0.9984375 0.4876190476190476 0.996875 0.4419047619047619 0.9984375 0.44 0.9984375 0.4247619047619048 0.996875 0.41523809523809524 0.9984375 0.41333333333333333 0.9984375 0.37714285714285717 0.996875 0.37333333333333335 0.9984375 0.37142857142857144 0.9984375 0.3580952380952381 0.9953125 0.3466666666666667 0.9953125 0.32571428571428573 0.9984375 0.3161904761904762 0.9953125 0.3047619047619048 0.9953125 0.2857142857142857 0.9984375 0.2780952380952381 0.996875 0.26095238095238094 0.9984375 0.259047619047619 0.9984375 0.22666666666666666 0.9953125 0.22095238095238096 0.996875 0.21904761904761905 0.996875 0.1961904761904762 0.9953125 0.19047619047619047 0.9984375 0.17904761904761904 0.9984375 0.11619047619047619 0.996875 0.11238095238095239 0.9984375 0.10285714285714286 0.996875 0.09142857142857143 0.9984375 0.08952380952380952 0.9984375 0.07809523809523809 0.996875 0.0761904761904762 0.9984375 0.07047619047619047 0.9953125 0.06285714285714286 0.9984375 0.047619047619047616 0.9953125 0.04 0.9984375 0.03238095238095238 0.996875 0.030476190476190476 0.9984375 0.02857142857142857 0.9984375 0.011428571428571429 0.9953125 0.005714285714285714 0.990625 0.005714285714285714 0.984375 0 0.9546875 0 0.9515625 0.0038095238095238095 0.9453125 0.005714285714285714 0.94375 0.0038095238095238095 0.9296875 0.0038095238095238095 0.9234375 0.005714285714285714 0.9140625 0.0019047619047619048 0.9046875 0.0038095238095238095 0.9015625 0 0.8921875 0 0.890625 0.0019047619047619048 0.8890625 0 0.7109375 0 0.7078125 0.0038095238095238095 0.7078125 0.017142857142857144 0.7046875 0.02095238095238095 0.7046875 0.03428571428571429 0.7015625 0.0380952380952381 0.7046875 0.04380952380952381 0.71875 0.04380952380952381 0.725 0.045714285714285714 0.7265625 0.049523809523809526 0.73125 0.05142857142857143 0.7359375 0.05904761904761905 0.7359375 0.07047619047619047 0.725 0.08 0.7109375 0.0838095238095238 0.70625 0.09333333333333334 0.7 0.09142857142857143 0.69375 0.10285714285714286 0.684375 0.10666666666666667 0.678125 0.11238095238095239 0.66875 0.12571428571428572 0.6546875 0.1295238095238095 0.6171875 0.13142857142857142 0.615625 0.1295238095238095 0.61875 0.12571428571428572 0.63125 0.12380952380952381 0.6359375 0.12 0.6546875 0.12380952380952381 0.65625 0.12 0.6609375 0.12 0.6671875 0.11238095238095239 0.665625 0.09333333333333334 0.6671875 0.0838095238095238 0.6515625 0.07238095238095238 0.6484375 0.07238095238095238 0.6390625 0.06095238095238095 0.6375 0.047619047619047616 0.64375 0.04 0.6765625 0.0380952380952381 0.6875 0.030476190476190476 0.6921875 0.030476190476190476 0.7015625 0.013333333333333334 0.7015625 0.005714285714285714 0.6984375 0.0038095238095238095 0.6828125 0.005714285714285714 0.68125 0.0038095238095238095 0.6625 0.0038095238095238095 0.659375 0 0.534375 0 0.5296875 0.0019047619047619048 0.528125 0 0.4265625 0 0.4203125 0.0038095238095238095 0.4125 0.0038095238095238095 0.409375 0 0.2203125 0 0.2171875 0.0038095238095238095 0.215625 0 0.0328125 0 0.028125 0.0019047619047619048 0.0265625 0 0 0
3 0.671875 0.08571428571428572 0.671875 0.09714285714285714 0.66875 0.10285714285714286 0.66875 0.11047619047619048 0.6609375 0.1219047619047619 0.6328125 0.1219047619047619 0.628125 0.12571428571428572 0.60625 0.12571428571428572 0.6015625 0.1219047619047619 0.5609375 0.12380952380952381 0.559375 0.1219047619047619 0.5265625 0.12 0.5234375 0.1219047619047619 0.5234375 0.12380952380952381 0.5546875 0.12761904761904763 0.55625 0.1295238095238095 0.5921875 0.12761904761904763 0.596875 0.13333333333333333 0.596875 0.13714285714285715 0.6 0.13904761904761906 0.6 0.14285714285714285 0.6109375 0.16380952380952382 0.6109375 0.1676190476190476 0.6140625 0.16952380952380952 0.6171875 0.18095238095238095 0.6296875 0.20761904761904762 0.6359375 0.21333333333333335 0.6390625 0.22285714285714286 0.6390625 0.2361904761904762 0.646875 0.2761904761904762 0.6578125 0.2838095238095238 0.6609375 0.2819047619047619 0.6609375 0.2723809523809524 0.659375 0.2704761904761905 0.6578125 0.24 0.6546875 0.2342857142857143 0.653125 0.21714285714285714 0.6515625 0.21333333333333335 0.640625 0.2038095238095238 0.640625 0.2 0.628125 0.17904761904761904 0.625 0.16952380952380952 0.621875 0.1676190476190476 0.61875 0.15619047619047619 0.6125 0.14476190476190476 0.6109375 0.13523809523809524 0.6125 0.13333333333333333 0.640625 0.13142857142857142 0.6421875 0.1295238095238095 0.6578125 0.13142857142857142 0.6703125 0.12380952380952381 0.6765625 0.11238095238095239 0.6796875 0.09904761904761905 0.6828125 0.09523809523809523 0.6890625 0.09333333333333334 0.6890625 0.09142857142857143 0.6828125 0.08952380952380952 0.6828125 0.08571428571428572 0.6859375 0.0838095238095238 0.6890625 0.08571428571428572 0.6890625 0.0838095238095238 0.6875 0.0838095238095238 0.684375 0.08 0.671875 0.08571428571428572