2 0.959375 0.3489208633093525 0.959375 0.35611510791366907 0.9640625 0.35611510791366907 0.9859375 0.3381294964028777 0.9953125 0.3381294964028777 0.9984375 0.3345323741007194 0.9984375 0.31654676258992803 0.996875 0.32014388489208634 0.9703125 0.3345323741007194 0.959375 0.3489208633093525
2 0.8921875 0.5467625899280576 0.8796875 0.5611510791366906 0.875 0.5755395683453237 0.8640625 0.5863309352517986 0.8578125 0.5971223021582733 0.8484375 0.6223021582733813 0.834375 0.6726618705035972 0.834375 0.6834532374100719 0.83125 0.6942446043165468 0.8296875 0.7122302158273381 0.821875 0.7410071942446043 0.8203125 0.7589928057553957 0.825 0.7589928057553957 0.828125 0.7517985611510791 0.8296875 0.7410071942446043 0.8390625 0.7158273381294964 0.8421875 0.7014388489208633 0.8515625 0.6798561151079137 0.85625 0.6510791366906474 0.8734375 0.6079136690647482 0.8765625 0.60431654676259 0.8875 0.5683453237410072 0.9 0.539568345323741 0.909375 0.5 0.9125 0.49640287769784175 0.9234375 0.4676258992805755 0.9171875 0.4712230215827338 0.90625 0.5 0.9046875 0.5 0.9046875 0.5035971223021583 0.896875 0.5359712230215827 0.8921875 0.5467625899280576
2 0.1828125 0.7805755395683454 0.16875 0.7949640287769785 0.1625 0.7949640287769785 0.14375 0.8093525179856115 0.1375 0.8093525179856115 0.13125 0.8165467625899281 0.1265625 0.8165467625899281 0.121875 0.8237410071942446 0.1171875 0.8237410071942446 0.10625 0.8345323741007195 0.0984375 0.8345323741007195 0.0921875 0.8453237410071942 0.0921875 0.8489208633093526 0.0953125 0.8525179856115108 0.1046875 0.8453237410071942 0.1109375 0.8453237410071942 0.1125 0.841726618705036 0.121875 0.841726618705036 0.134375 0.8309352517985612 0.1421875 0.8309352517985612 0.15 0.8201438848920863 0.1578125 0.8165467625899281 0.165625 0.8057553956834532 0.1859375 0.7913669064748201 0.190625 0.7841726618705036 0.2 0.7769784172661871 0.2078125 0.7769784172661871 0.2203125 0.762589928057554 0.228125 0.7589928057553957 0.2375 0.7482014388489209 0.24722222187499998 0.7226219028776979 0.234375 0.737410071942446 0.2265625 0.7517985611510791 0.215625 0.762589928057554 0.2046875 0.7661870503597122 0.190625 0.7805755395683454 0.1828125 0.7805755395683454
2 0.95625 0.6906474820143885 0.9453125 0.7122302158273381 0.9078125 0.7482014388489209 0.890625 0.7769784172661871 0.8828125 0.7841726618705036 0.871875 0.8057553956834532 0.8703125 0.8129496402877698 0.865625 0.8165467625899281 0.8625 0.8273381294964028 0.8609375 0.8561151079136691 0.8578125 0.8633093525179856 0.8578125 0.8812949640287769 0.8640625 0.8920863309352518 0.8796875 0.8884892086330936 0.8796875 0.8741007194244604 0.878125 0.8705035971223022 0.8796875 0.8669064748201439 0.8796875 0.8561151079136691 0.8875 0.8381294964028777 0.8921875 0.8309352517985612 0.8953125 0.8309352517985612 0.9046875 0.8129496402877698 0.909375 0.8093525179856115 0.925 0.7769784172661871 0.9546875 0.7050359712230215 0.95625 0.7050359712230215 0.9625 0.6798561151079137 0.96875 0.6654676258992805 0.9734375 0.6618705035971223 0.978125 0.6474820143884892 0.9875 0.6366906474820144 0.9953125 0.6330935251798561 0.9953125 0.6294964028776978 0.990625 0.6294964028776978 0.98125 0.6366906474820144 0.9671875 0.6618705035971223 0.9671875 0.6654676258992805 0.9625 0.6690647482014388 0.95625 0.6906474820143885
2 0.7546875 0.6079136690647482 0.7625 0.6223021582733813 0.778125 0.6618705035971223 0.78125 0.6834532374100719 0.7875 0.697841726618705 0.79375 0.7050359712230215 0.7984375 0.7050359712230215 0.7984375 0.697841726618705 0.79375 0.6762589928057554 0.7859375 0.6618705035971223 0.7765625 0.6294964028776978 0.7671875 0.6115107913669064 0.7640625 0.6115107913669064 0.759375 0.6007194244604317 0.7484375 0.5863309352517986 0.7328125 0.5755395683453237 0.7265625 0.5755395683453237 0.728125 0.579136690647482 0.7515625 0.6079136690647482 0.7546875 0.6079136690647482
2 0.0265625 0.9568345323741008 0.0234375 0.9496402877697842 0.021875 0.935251798561151 0.01875 0.9280575539568345 0.0140625 0.9280575539568345 0.0125 0.935251798561151 0.0140625 0.9388489208633094 0.0140625 0.9820143884892086 0.015625 0.9856115107913669 0.015625 0.9964028776978417 0.0171875 0.9964028776978417 0.034375 0.9964028776978417 0.0265625 0.9568345323741008
2 0.875 0.7230215827338129 0.865625 0.7446043165467626 0.865625 0.7517985611510791 0.8625 0.762589928057554 0.8625 0.7913669064748201 0.8609375 0.7949640287769785 0.8625 0.8309352517985612 0.8734375 0.802158273381295 0.8734375 0.7949640287769785 0.86875 0.7769784172661871 0.8703125 0.7482014388489209 0.8828125 0.7194244604316546 0.8875 0.7194244604316546 0.896875 0.7014388489208633 0.9078125 0.6690647482014388 0.90625 0.6690647482014388 0.8921875 0.697841726618705 0.875 0.7230215827338129
2 0.7 0.9136690647482014 0.7 0.9928057553956835 0.6984375 0.9964028776978417 0.7078125 0.9964028776978417 0.7046875 0.9712230215827338 0.7046875 0.9028776978417267 0.70625 0.8920863309352518 0.7046875 0.89568345323741 0.703125 0.89568345323741 0.7 0.9136690647482014
2 0.0671875 0.9964028776978417 0.090625 0.9964028776978417 0.103125 0.9532374100719424 0.103125 0.9424460431654677 0.109375 0.9172661870503597 0.1109375 0.8920863309352518 0.10625 0.8920863309352518 0.0921875 0.935251798561151 0.08125 0.9496402877697842 0.08125 0.9532374100719424 0.0734375 0.9676258992805755 0.0671875 0.9964028776978417
2 0.1125 0.5683453237410072 0.1125 0.5755395683453237 0.10625 0.5971223021582733 0.10625 0.60431654676259 0.0984375 0.6330935251798561 0.0984375 0.6726618705035972 0.1046875 0.6618705035971223 0.10625 0.6474820143884892 0.109375 0.6402877697841727 0.109375 0.6330935251798561 0.1125 0.6223021582733813 0.1125 0.6115107913669064 0.1171875 0.5971223021582733 0.1234375 0.539568345323741 0.1296875 0.5107913669064749 0.128125 0.5107913669064749 0.1265625 0.5143884892086331 0.121875 0.539568345323741 0.1125 0.5683453237410072
2 0.1859375 0.7194244604316546 0.184375 0.7230215827338129 0.1703125 0.7230215827338129 0.1609375 0.7302158273381295 0.1484375 0.7302158273381295 0.146875 0.7338129496402878 0.134375 0.7338129496402878 0.1328125 0.737410071942446 0.115625 0.7410071942446043 0.1 0.762589928057554 0.10625 0.7733812949640287 0.1140625 0.7733812949640287 0.115625 0.7697841726618705 0.1359375 0.762589928057554 0.1640625 0.737410071942446 0.1828125 0.7302158273381295 0.1921875 0.7194244604316546 0.2015625 0.7194244604316546 0.209375 0.7122302158273381 0.2078125 0.7122302158273381 0.20625 0.7122302158273381 0.1859375 0.7194244604316546
2 0.8375 0.9856115107913669 0.8328125 0.9964028776978417 0.884375 0.9964028776978417 0.8765625 0.9748201438848921 0.871875 0.9712230215827338 0.8703125 0.9712230215827338 0.853125 0.9712230215827338 0.8375 0.9856115107913669
2 0.0921875 0.6906474820143885 0.0890625 0.697841726618705 0.0859375 0.7194244604316546 0.0859375 0.7661870503597122 0.0890625 0.7769784172661871 0.0953125 0.7769784172661871 0.096875 0.7733812949640287 0.096875 0.7589928057553957 0.1 0.7482014388489209 0.1 0.697841726618705 0.0984375 0.6942446043165468 0.0984375 0.6798561151079137 0.1 0.6726618705035972 0.0984375 0.6690647482014388 0.096875 0.6726618705035972 0.0921875 0.6834532374100719 0.0921875 0.6906474820143885
2 0 0.6007194244604317 0.0140625 0.6258992805755396 0.025 0.658273381294964 0.04375 0.697841726618705 0.05 0.7230215827338129 0.05 0.7302158273381295 0.059375 0.7410071942446043 0.0609375 0.7482014388489209 0.0640625 0.7517985611510791 0.0734375 0.7877697841726619 0.0796875 0.7985611510791367 0.08125 0.8057553956834532 0.0859375 0.8057553956834532 0.0859375 0.7949640287769785 0.084375 0.7841726618705036 0.078125 0.7733812949640287 0.0734375 0.7589928057553957 0.071875 0.7482014388489209 0.0578125 0.7194244604316546 0.0484375 0.6942446043165468 0.0484375 0.6870503597122302 0.04375 0.6726618705035972 0.0359375 0.6654676258992805 0.0140625 0.6115107913669064 0 0.5863309352517986 0 0.5899280575539568 0 0.6007194244604317
2 0.84375 0.7482014388489209 0.8359375 0.7589928057553957 0.8296875 0.762589928057554 0.828125 0.7661870503597122 0.828125 0.7769784172661871 0.83125 0.7949640287769785 0.834375 0.802158273381295 0.834375 0.8093525179856115 0.8390625 0.8237410071942446 0.8421875 0.8273381294964028 0.8484375 0.7949640287769785 0.8546875 0.7733812949640287 0.859375 0.7266187050359713 0.8625 0.7194244604316546 0.8625 0.7086330935251799 0.8609375 0.7158273381294964 0.8515625 0.7266187050359713 0.84375 0.7482014388489209
2 0.1140625 0.737410071942446 0.1234375 0.6690647482014388 0.128125 0.6618705035971223 0.1375 0.6294964028776978 0.140625 0.6115107913669064 0.1453125 0.60431654676259 0.1484375 0.5827338129496403 0.1296875 0.6223021582733813 0.1203125 0.6546762589928058 0.1078125 0.6834532374100719 0.103125 0.7086330935251799 0.1046875 0.7230215827338129 0.103125 0.7266187050359713 0.103125 0.7410071942446043 0.1046875 0.7446043165467626 0.1015625 0.7482014388489209 0.103125 0.7517985611510791 0.109375 0.7482014388489209 0.1140625 0.737410071942446
5 0.8453125 0.21942446043165467 0.8484375 0.22302158273381295 0.8578125 0.22302158273381295 0.859375 0.22661870503597123 0.8671875 0.22661870503597123 0.86875 0.2302158273381295 0.8765625 0.2302158273381295 0.878125 0.23381294964028776 0.909375 0.23741007194244604 0.9171875 0.2446043165467626 0.9375 0.24820143884892087 0.9390625 0.2517985611510791 0.9671875 0.25539568345323743 0.971875 0.26258992805755393 0.975 0.2589928057553957 0.984375 0.2589928057553957 0.9859375 0.26258992805755393 0.9984375 0.26258992805755393 0.9984375 0.21942446043165467 0.996875 0.2158273381294964 0.9546875 0.2158273381294964 0.95 0.21942446043165467 0.9484375 0.2158273381294964 0.928125 0.2158273381294964 0.925 0.21942446043165467 0.9234375 0.2158273381294964 0.915625 0.2158273381294964 0.9140625 0.21942446043165467 0.903125 0.21942446043165467 0.9015625 0.2158273381294964 0.896875 0.2158273381294964 0.8953125 0.21942446043165467 0.8796875 0.21942446043165467 0.875 0.2158273381294964 0.8734375 0.21942446043165467 0.8671875 0.21942446043165467 0.865625 0.2158273381294964 0.8640625 0.2158273381294964 0.8609375 0.21942446043165467 0.8453125 0.21942446043165467
5 0 0.579136690647482 0.00625 0.5863309352517986 0.015625 0.6079136690647482 0.01875 0.6079136690647482 0.021875 0.6187050359712231 0.025 0.6223021582733813 0.0265625 0.6330935251798561 0.0375 0.6546762589928058 0.046875 0.6654676258992805 0.05 0.6726618705035972 0.05 0.6798561151079137 0.0609375 0.7086330935251799 0.065625 0.7158273381294964 0.0703125 0.7158273381294964 0.071875 0.7122302158273381 0.071875 0.6834532374100719 0.0703125 0.6798561151079137 0.0703125 0.6690647482014388 0.071875 0.6654676258992805 0.08125 0.6834532374100719 0.0859375 0.6834532374100719 0.0875 0.6762589928057554 0.090625 0.6726618705035972 0.096875 0.6402877697841727 0.0984375 0.6151079136690647 0.1015625 0.6079136690647482 0.1015625 0.5971223021582733 0.10625 0.5827338129496403 0.10625 0.5755395683453237 0.1125 0.5575539568345323 0.115625 0.539568345323741 0.121875 0.5251798561151079 0.1234375 0.5107913669064749 0.1296875 0.5 0.134375 0.5 0.1359375 0.5035971223021583 0.1296875 0.5287769784172662 0.1234375 0.5683453237410072 0.1234375 0.6007194244604317 0.1171875 0.6187050359712231 0.11875 0.6330935251798561 0.121875 0.6330935251798561 0.128125 0.6115107913669064 0.1328125 0.6079136690647482 0.146875 0.5755395683453237 0.15 0.5755395683453237 0.1515625 0.579136690647482 0.1515625 0.5899280575539568 0.1484375 0.6079136690647482 0.1453125 0.6151079136690647 0.1453125 0.6258992805755396 0.146875 0.6294964028776978 0.15625 0.6294964028776978 0.1578125 0.6330935251798561 0.16875 0.6330935251798561 0.1734375 0.6258992805755396 0.175 0.6366906474820144 0.1703125 0.6438848920863309 0.15625 0.6438848920863309 0.1546875 0.6474820143884892 0.1375 0.6510791366906474 0.1359375 0.6618705035971223 0.128125 0.6762589928057554 0.1234375 0.6942446043165468 0.1234375 0.7194244604316546 0.125 0.7230215827338129 0.1578125 0.7230215827338129 0.159375 0.7194244604316546 0.171875 0.7194244604316546 0.1828125 0.7122302158273381 0.190625 0.7122302158273381 0.20625 0.7014388489208633 0.21875 0.7014388489208633 0.221875 0.7122302158273381 0.2171875 0.7194244604316546 0.2015625 0.7230215827338129 0.190625 0.7338129496402878 0.16875 0.7446043165467626 0.1671875 0.7517985611510791 0.1578125 0.7517985611510791 0.134375 0.7769784172661871 0.11875 0.7805755395683454 0.1171875 0.7769784172661871 0.1125 0.7805755395683454 0.1109375 0.7985611510791367 0.1046875 0.8129496402877698 0.109375 0.8165467625899281 0.121875 0.8129496402877698 0.128125 0.8057553956834532 0.134375 0.8057553956834532 0.140625 0.7985611510791367 0.153125 0.7949640287769785 0.159375 0.7877697841726619 0.165625 0.7877697841726619 0.1765625 0.7769784172661871 0.1828125 0.7769784172661871 0.203125 0.7589928057553957 0.2078125 0.7589928057553957 0.2125 0.7517985611510791 0.21875 0.7517985611510791 0.240625 0.7194244604316546 0.24375 0.7194244604316546 0.2515625 0.7086330935251799 0.253125 0.7194244604316546 0.25 0.7230215827338129 0.2453125 0.7410071942446043 0.2390625 0.7553956834532374 0.2171875 0.7769784172661871 0.20625 0.7805755395683454 0.1875 0.7985611510791367 0.1921875 0.8129496402877698 0.1984375 0.8561151079136691 0.2 0.9640287769784173 0.2015625 0.9676258992805755 0.2 0.9784172661870504 0.203125 0.9964028776978417 0.2390625 0.9964028776978417 0.24375 0.9928057553956835 0.2453125 0.9784172661870504 0.2484375 0.9712230215827338 0.2484375 0.9640287769784173 0.2515625 0.9532374100719424 0.2515625 0.9460431654676259 0.25625 0.935251798561151 0.25625 0.9280575539568345 0.2671875 0.8884892086330936 0.2671875 0.8776978417266187 0.271875 0.8597122302158273 0.271875 0.8525179856115108 0.2765625 0.8345323741007195 0.2796875 0.8309352517985612 0.2859375 0.7985611510791367 0.2921875 0.7769784172661871 0.296875 0.7697841726618705 0.3015625 0.7805755395683454 0.296875 0.7985611510791367 0.296875 0.8057553956834532 0.2984375 0.8165467625899281 0.3015625 0.8201438848920863 0.3015625 0.8309352517985612 0.30625 0.8525179856115108 0.30625 0.8633093525179856 0.309375 0.8741007194244604 0.3109375 0.9280575539568345 0.309375 0.9316546762589928 0.309375 0.960431654676259 0.3109375 0.9676258992805755 0.309375 0.9712230215827338 0.309375 0.9820143884892086 0.3125 0.9964028776978417 0.365625 0.9964028776978417 0.3671875 0.9892086330935251 0.36875 0.9892086330935251 0.3703125 0.9964028776978417 0.6921875 0.9964028776978417 0.696875 0.9856115107913669 0.6984375 0.9028776978417267 0.703125 0.8920863309352518 0.70625 0.8920863309352518 0.7078125 0.89568345323741 0.7078125 0.9568345323741008 0.7109375 0.9640287769784173 0.7109375 0.9748201438848921 0.7203125 0.9712230215827338 0.7296875 0.9964028776978417 0.825 0.9964028776978417 0.8328125 0.9820143884892086 0.846875 0.9712230215827338 0.8546875 0.960431654676259 0.865625 0.960431654676259 0.865625 0.9496402877697842 0.85625 0.9244604316546763 0.85 0.89568345323741 0.8390625 0.8669064748201439 0.8390625 0.8597122302158273 0.8359375 0.8489208633093526 0.8265625 0.8309352517985612 0.8234375 0.8093525179856115 0.8171875 0.7949640287769785 0.8140625 0.7805755395683454 0.8109375 0.7805755395683454 0.8078125 0.7733812949640287 0.8046875 0.7482014388489209 0.79375 0.7230215827338129 0.7875 0.7158273381294964 0.7828125 0.7158273381294964 0.7796875 0.7086330935251799 0.7796875 0.6942446043165468 0.7734375 0.6798561151079137 0.771875 0.658273381294964 0.765625 0.6402877697841727 0.7515625 0.6115107913669064 0.74375 0.6079136690647482 0.721875 0.579136690647482 0.71875 0.5719424460431655 0.7203125 0.564748201438849 0.74375 0.5719424460431655 0.7609375 0.5899280575539568 0.7859375 0.6402877697841727 0.790625 0.6618705035971223 0.7984375 0.6762589928057554 0.8078125 0.7122302158273381 0.8140625 0.7230215827338129 0.8140625 0.7266187050359713 0.8203125 0.7266187050359713 0.8265625 0.7086330935251799 0.828125 0.6906474820143885 0.83125 0.6798561151079137 0.83125 0.6690647482014388 0.853125 0.5971223021582733 0.865625 0.5755395683453237 0.8765625 0.564748201438849 0.8796875 0.5539568345323741 0.8828125 0.5539568345323741 0.8875 0.5467625899280576 0.896875 0.5251798561151079 0.896875 0.5179856115107914 0.9015625 0.5071942446043165 0.9015625 0.5 0.9046875 0.49640287769784175 0.9171875 0.46402877697841727 0.928125 0.460431654676259 0.9296875 0.46402877697841727 0.928125 0.4712230215827338 0.9171875 0.4892086330935252 0.9109375 0.5143884892086331 0.903125 0.5323741007194245 0.903125 0.539568345323741 0.9 0.5503597122302158 0.8875 0.579136690647482 0.884375 0.5935251798561151 0.8640625 0.6402877697841727 0.859375 0.658273381294964 0.8578125 0.6726618705035972 0.859375 0.6762589928057554 0.8578125 0.6798561151079137 0.859375 0.6834532374100719 0.865625 0.6726618705035972 0.8703125 0.6798561151079137 0.871875 0.6870503597122302 0.871875 0.7014388489208633 0.86875 0.7122302158273381 0.86875 0.7194244604316546 0.8734375 0.7194244604316546 0.88125 0.7050359712230215 0.884375 0.7050359712230215 0.9 0.6762589928057554 0.903125 0.6654676258992805 0.9078125 0.6654676258992805 0.909375 0.6690647482014388 0.909375 0.6798561151079137 0.8984375 0.7086330935251799 0.890625 0.7158273381294964 0.8890625 0.7230215827338129 0.884375 0.7266187050359713 0.8734375 0.7482014388489209 0.8734375 0.7589928057553957 0.871875 0.762589928057554 0.8765625 0.7805755395683454 0.884375 0.7769784172661871 0.8921875 0.7589928057553957 0.9015625 0.7517985611510791 0.903125 0.7446043165467626 0.90625 0.7446043165467626 0.909375 0.737410071942446 0.9125 0.737410071942446 0.9234375 0.7230215827338129 0.93125 0.7194244604316546 0.95 0.697841726618705 0.95625 0.6762589928057554 0.975 0.6402877697841727 0.9765625 0.6330935251798561 0.9796875 0.6330935251798561 0.9890625 0.6223021582733813 0.9984375 0.6223021582733813 0.9984375 0.35611510791366907 0.990625 0.3489208633093525 0.9828125 0.3489208633093525 0.971875 0.35611510791366907 0.9671875 0.36330935251798563 0.95625 0.36330935251798563 0.9546875 0.3597122302158273 0.9546875 0.3489208633093525 0.965625 0.33093525179856115 0.9609375 0.29856115107913667 0.9609375 0.2697841726618705 0.959375 0.26618705035971224 0.9203125 0.25539568345323743 0.9109375 0.24820143884892087 0.9046875 0.24820143884892087 0.903125 0.2446043165467626 0.884375 0.2446043165467626 0.8828125 0.24100719424460432 0.871875 0.24100719424460432 0.8703125 0.23741007194244604 0.859375 0.23741007194244604 0.8578125 0.23381294964028776 0.8328125 0.2302158273381295 0.8265625 0.22302158273381295 0.825 0.22302158273381295 0.5390625 0.22661870503597123 0.5375 0.2302158273381295 0.38125 0.2302158273381295 0.3796875 0.23381294964028776 0.378125 0.2302158273381295 0.3578125 0.2302158273381295 0.35625 0.23381294964028776 0.2140625 0.23381294964028776 0.2125 0.23741007194244604 0.184375 0.23381294964028776 0.1828125 0.23741007194244604 0.0078125 0.23741007194244604 0.00625 0.24100719424460432 0 0.24100719424460432 0 0.5143884892086331 0.0015625 0.5179856115107914 0 0.5215827338129496 0.0015625 0.5287769784172662 0 0.5323741007194245 0 0.579136690647482
3 0.9015625 0.5215827338129496 0.8921875 0.5467625899280576 0.8796875 0.5611510791366906 0.875 0.5755395683453237 0.8640625 0.5863309352517986 0.8546875 0.60431654676259 0.8359375 0.6654676258992805 0.8328125 0.6906474820143885 0.8296875 0.697841726618705 0.8296875 0.7122302158273381 0.821875 0.7338129496402878 0.8125 0.7338129496402878 0.80625 0.7230215827338129 0.7953125 0.6798561151079137 0.7875 0.6654676258992805 0.7796875 0.6366906474820144 0.7671875 0.6115107913669064 0.7484375 0.5863309352517986 0.728125 0.5755395683453237 0.7328125 0.5827338129496403 0.7328125 0.5863309352517986 0.7515625 0.6079136690647482 0.7546875 0.6079136690647482 0.7671875 0.6330935251798561 0.775 0.6546762589928058 0.7828125 0.697841726618705 0.7890625 0.7086330935251799 0.79375 0.7086330935251799 0.796875 0.7194244604316546 0.8 0.7230215827338129 0.80625 0.7410071942446043 0.80625 0.7482014388489209 0.809375 0.7553956834532374 0.8125 0.7733812949640287 0.8203125 0.7877697841726619 0.828125 0.8129496402877698 0.8296875 0.8309352517985612 0.8375 0.8453237410071942 0.853125 0.8920863309352518 0.8546875 0.9064748201438849 0.8703125 0.9496402877697842 0.871875 0.9640287769784173 0.8703125 0.9676258992805755 0.853125 0.9712230215827338 0.8359375 0.9892086330935251 0.834375 0.9964028776978417 0.8921875 0.9964028776978417 0.88125 0.9460431654676259 0.8796875 0.8920863309352518 0.88125 0.8884892086330936 0.88125 0.8561151079136691 0.8921875 0.8309352517985612 0.8953125 0.8309352517985612 0.909375 0.8093525179856115 0.925 0.7769784172661871 0.953125 0.7086330935251799 0.95625 0.7050359712230215 0.96875 0.6654676258992805 0.971875 0.6654676258992805 0.9765625 0.6510791366906474 0.9953125 0.6330935251798561 0.9953125 0.6294964028776978 0.9890625 0.6294964028776978 0.9796875 0.6366906474820144 0.971875 0.6546762589928058 0.9625 0.6690647482014388 0.9546875 0.6942446043165468 0.946875 0.7086330935251799 0.934375 0.7230215827338129 0.9296875 0.7230215827338129 0.9265625 0.7302158273381295 0.9234375 0.7302158273381295 0.9046875 0.7517985611510791 0.9 0.762589928057554 0.878125 0.7913669064748201 0.8734375 0.7877697841726619 0.86875 0.7769784172661871 0.86875 0.7517985611510791 0.88125 0.7194244604316546 0.8859375 0.7158273381294964 0.88125 0.7158273381294964 0.8734375 0.7266187050359713 0.8625 0.7553956834532374 0.8609375 0.8237410071942446 0.8578125 0.8309352517985612 0.8578125 0.8381294964028777 0.853125 0.8561151079136691 0.84375 0.8309352517985612 0.84375 0.8237410071942446 0.85 0.7913669064748201 0.85625 0.7697841726618705 0.85625 0.7589928057553957 0.859375 0.7517985611510791 0.859375 0.7302158273381295 0.8625 0.7194244604316546 0.8640625 0.7014388489208633 0.8625 0.7014388489208633 0.8609375 0.7122302158273381 0.85625 0.7230215827338129 0.85 0.7266187050359713 0.840625 0.7446043165467626 0.8390625 0.7517985611510791 0.8359375 0.7517985611510791 0.8328125 0.7446043165467626 0.8328125 0.737410071942446 0.8375 0.7302158273381295 0.8375 0.7230215827338129 0.84375 0.7050359712230215 0.8453125 0.6942446043165468 0.8515625 0.6834532374100719 0.85625 0.6510791366906474 0.8734375 0.6079136690647482 0.8765625 0.60431654676259 0.878125 0.5935251798561151 0.8984375 0.5431654676258992 0.9078125 0.5035971223021583 0.9125 0.49640287769784175 0.91875 0.4784172661870504 0.9203125 0.4712230215827338 0.91875 0.4712230215827338 0.9171875 0.4748201438848921 0.903125 0.5071942446043165 0.9015625 0.5215827338129496
3 0 0.60431654676259 0.0046875 0.6079136690647482 0.0171875 0.6330935251798561 0.025 0.658273381294964 0.04375 0.697841726618705 0.0515625 0.7338129496402878 0.0625 0.7517985611510791 0.06875 0.7769784172661871 0.0671875 0.7805755395683454 0.065625 0.9064748201438849 0.0640625 0.9100719424460432 0.059375 0.9100719424460432 0.0515625 0.9244604316546763 0.046875 0.920863309352518 0.0421875 0.9244604316546763 0.0625 0.9280575539568345 0.0671875 0.935251798561151 0.065625 0.9532374100719424 0.0671875 0.9640287769784173 0.065625 0.9676258992805755 0.0671875 0.9748201438848921 0.065625 0.9784172661870504 0.0671875 0.9820143884892086 0.0671875 0.9964028776978417 0.090625 0.9964028776978417 0.1 0.9676258992805755 0.1046875 0.9676258992805755 0.1125 0.9820143884892086 0.1171875 0.9964028776978417 0.121875 0.9964028776978417 0.121875 0.9892086330935251 0.1140625 0.9748201438848921 0.1125 0.9640287769784173 0.1046875 0.9424460431654677 0.109375 0.920863309352518 0.1125 0.8920863309352518 0.103125 0.8920863309352518 0.096875 0.9064748201438849 0.09375 0.9064748201438849 0.090625 0.8992805755395683 0.0953125 0.8848920863309353 0.09375 0.8776978417266187 0.0953125 0.8669064748201439 0.1 0.8525179856115108 0.134375 0.8345323741007195 0.1359375 0.8309352517985612 0.1421875 0.8309352517985612 0.1734375 0.7985611510791367 0.190625 0.7877697841726619 0.1984375 0.7769784172661871 0.2078125 0.7769784172661871 0.2375 0.7482014388489209 0.246875 0.7230215827338129 0.2234375 0.7553956834532374 0.2140625 0.762589928057554 0.209375 0.762589928057554 0.1890625 0.7805755395683454 0.18125 0.7805755395683454 0.165625 0.7949640287769785 0.1296875 0.8129496402877698 0.1234375 0.8201438848920863 0.1046875 0.8273381294964028 0.1015625 0.8201438848920863 0.1015625 0.8093525179856115 0.10625 0.7877697841726619 0.1109375 0.7769784172661871 0.121875 0.7733812949640287 0.1234375 0.7697841726618705 0.13125 0.7697841726618705 0.1359375 0.762589928057554 0.14375 0.7589928057553957 0.146875 0.7517985611510791 0.165625 0.737410071942446 0.1703125 0.737410071942446 0.19375 0.7194244604316546 0.2015625 0.7194244604316546 0.2078125 0.7122302158273381 0.2171875 0.7086330935251799 0.2 0.7122302158273381 0.184375 0.7230215827338129 0.1703125 0.7230215827338129 0.1609375 0.7302158273381295 0.121875 0.7338129496402878 0.11875 0.7230215827338129 0.11875 0.7086330935251799 0.121875 0.6942446043165468 0.121875 0.6834532374100719 0.1359375 0.6402877697841727 0.1390625 0.6187050359712231 0.1453125 0.60431654676259 0.146875 0.5935251798561151 0.146875 0.5863309352517986 0.1359375 0.6115107913669064 0.1328125 0.6115107913669064 0.1171875 0.658273381294964 0.1125 0.6618705035971223 0.109375 0.6546762589928058 0.109375 0.6402877697841727 0.1125 0.6187050359712231 0.11875 0.5971223021582733 0.11875 0.5755395683453237 0.12593749999999998 0.5258992805755395 0.1234375 0.5287769784172662 0.1234375 0.5359712230215827 0.11875 0.5539568345323741 0.115625 0.5575539568345323 0.1109375 0.5827338129496403 0.10625 0.5971223021582733 0.10625 0.60431654676259 0.0984375 0.6330935251798561 0.0984375 0.658273381294964 0.0921875 0.6762589928057554 0.0921875 0.6834532374100719 0.0828125 0.7194244604316546 0.0828125 0.7302158273381295 0.08125 0.7338129496402878 0.078125 0.7230215827338129 0.078125 0.7158273381294964 0.0734375 0.7158273381294964 0.071875 0.7266187050359713 0.0640625 0.7266187050359713 0.0609375 0.7230215827338129 0.0484375 0.6906474820143885 0.0484375 0.6834532374100719 0.0453125 0.6726618705035972 0.0390625 0.6690647482014388 0.0328125 0.658273381294964 0.0296875 0.6474820143884892 0.0015625 0.5863309352517986 0 0.5863309352517986 0 0.60431654676259
6 0.80625 0.737410071942446 0.80625 0.7446043165467626 0.8109375 0.762589928057554 0.815625 0.7769784172661871 0.821875 0.7877697841726619 0.8234375 0.7985611510791367 0.828125 0.8093525179856115 0.8296875 0.8273381294964028 0.840625 0.8489208633093526 0.8421875 0.8597122302158273 0.8484375 0.8741007194244604 0.8515625 0.8884892086330936 0.8546875 0.8920863309352518 0.8546875 0.8992805755395683 0.8703125 0.9496402877697842 0.8765625 0.9640287769784173 0.884375 0.9964028776978417 0.8921875 0.9964028776978417 0.890625 0.9856115107913669 0.875 0.9388489208633094 0.8734375 0.9280575539568345 0.8703125 0.9244604316546763 0.8640625 0.9064748201438849 0.8625 0.89568345323741 0.85625 0.8812949640287769 0.85 0.8525179856115108 0.8359375 0.8201438848920863 0.834375 0.8093525179856115 0.828125 0.7949640287769785 0.8265625 0.7805755395683454 0.821875 0.7733812949640287 0.8171875 0.7553956834532374 0.8140625 0.7517985611510791 0.8125 0.7410071942446043 0.803125 0.7122302158273381 0.7984375 0.7014388489208633 0.79375 0.7014388489208633 0.7953125 0.7050359712230215 0.7984375 0.7194244604316546 0.80625 0.737410071942446