1 0.4734375 0.7794117647058824 0.4734375 0.7836134453781513 0.4703125 0.7857142857142857 0.46875 0.7941176470588235 0.45625 0.8088235294117647 0.4546875 0.8151260504201681 0.4546875 0.8214285714285714 0.4625 0.8256302521008403 0.4640625 0.8298319327731093 0.471875 0.8298319327731093 0.4734375 0.8319327731092437 0.49375 0.819327731092437 0.49375 0.7899159663865546 0.490625 0.7878151260504201 0.490625 0.7794117647058824 0.4875 0.7689075630252101 0.4859375 0.7689075630252101 0.478125 0.7710084033613446 0.4734375 0.7794117647058824
1 0.75 0.25 0.7375 0.2542016806722689 0.734375 0.2605042016806723 0.734375 0.2668067226890756 0.73125 0.2689075630252101 0.7296875 0.2815126050420168 0.73125 0.2920168067226891 0.734375 0.29411764705882354 0.734375 0.3004201680672269 0.7375 0.30462184873949577 0.7390625 0.3277310924369748 0.7421875 0.32983193277310924 0.7421875 0.33403361344537813 0.7390625 0.33613445378151263 0.7390625 0.34663865546218486 0.7375 0.3487394957983193 0.7375 0.37184873949579833 0.734375 0.37815126050420167 0.734375 0.38445378151260506 0.73125 0.3865546218487395 0.728125 0.4012605042016807 0.7234375 0.40756302521008403 0.7234375 0.42016806722689076 0.7203125 0.43067226890756305 0.7109375 0.4432773109243697 0.70625 0.45588235294117646 0.70625 0.46218487394957986 0.696875 0.47478991596638653 0.6953125 0.4957983193277311 0.703125 0.5 0.75625 0.49789915966386555 0.7671875 0.5021008403361344 0.7765625 0.5021008403361344 0.778125 0.5063025210084033 0.790625 0.5105042016806722 0.7921875 0.5147058823529411 0.803125 0.5168067226890757 0.809375 0.5210084033613446 0.825 0.5210084033613446 0.8296875 0.5168067226890757 0.834375 0.5168067226890757 0.8375 0.5105042016806722 0.8453125 0.5063025210084033 0.85 0.49159663865546216 0.853125 0.4894957983193277 0.853125 0.4831932773109244 0.85625 0.47689075630252103 0.85625 0.46638655462184875 0.859375 0.4642857142857143 0.8609375 0.4180672268907563 0.859375 0.41596638655462187 0.859375 0.39915966386554624 0.85625 0.39705882352941174 0.853125 0.3739495798319328 0.85 0.37184873949579833 0.8453125 0.34663865546218486 0.840625 0.3403361344537815 0.8390625 0.32983193277310924 0.8359375 0.3277310924369748 0.83125 0.31092436974789917 0.83125 0.3025210084033613 0.828125 0.3004201680672269 0.825 0.27521008403361347 0.821875 0.27310924369747897 0.8171875 0.2542016806722689 0.8125 0.24789915966386555 0.8109375 0.23739495798319327 0.803125 0.22899159663865545 0.803125 0.22478991596638656 0.7953125 0.22268907563025211 0.790625 0.21638655462184875 0.7765625 0.2184873949579832 0.7765625 0.22058823529411764 0.7671875 0.226890756302521 0.75 0.25
1 0.096875 0.0063025210084033615 0.09375 0.014705882352941176 0.0890625 0.01680672268907563 0.08125 0.0273109243697479 0.0796875 0.04831932773109244 0.08125 0.05042016806722689 0.08125 0.06092436974789916 0.078125 0.06932773109243698 0.0703125 0.06932773109243698 0.06875 0.06512605042016807 0.0515625 0.0546218487394958 0.0484375 0.0546218487394958 0.0453125 0.06092436974789916 0.046875 0.06722689075630252 0.053125 0.07352941176470588 0.053125 0.07773109243697479 0.0671875 0.09453781512605042 0.0671875 0.09873949579831932 0.0703125 0.10294117647058823 0.0703125 0.11134453781512606 0.065625 0.12394957983193278 0.0484375 0.14285714285714285 0.046875 0.14915966386554622 0.0484375 0.15336134453781514 0.0609375 0.15966386554621848 0.0703125 0.17436974789915966 0.0796875 0.17647058823529413 0.096875 0.16596638655462184 0.128125 0.1638655462184874 0.1296875 0.15966386554621848 0.15625 0.15546218487394958 0.1578125 0.15336134453781514 0.184375 0.15336134453781514 0.1859375 0.14915966386554622 0.19375 0.14495798319327732 0.19375 0.1323529411764706 0.1875 0.12394957983193278 0.184375 0.1134453781512605 0.1765625 0.10294117647058823 0.16875 0.09873949579831932 0.1671875 0.09453781512605042 0.1578125 0.08823529411764706 0.1515625 0.07983193277310924 0.153125 0.06302521008403361 0.15625 0.06092436974789916 0.1453125 0.06092436974789916 0.14375 0.05672268907563025 0.140625 0.05672268907563025 0.1359375 0.05042016806722689 0.134375 0.025210084033613446 0.1234375 0.023109243697478993 0.1171875 0.031512605042016806 0.1125 0.031512605042016806 0.10625 0.02100840336134454 0.10625 0.014705882352941176 0.1046875 0.014705882352941176 0.1015625 0.0063025210084033615 0.096875 0.0063025210084033615
1 0 0.8130252100840336 0.0046875 0.819327731092437 0.0171875 0.8256302521008403 0.01875 0.8298319327731093 0.03125 0.8340336134453782 0.0328125 0.8382352941176471 0.040625 0.842436974789916 0.059375 0.8445378151260504 0.0609375 0.8487394957983193 0.06875 0.8487394957983193 0.0828125 0.8550420168067226 0.084375 0.8592436974789915 0.1015625 0.8634453781512605 0.103125 0.8676470588235294 0.1203125 0.8697478991596639 0.121875 0.8718487394957983 0.1359375 0.8718487394957983 0.1375 0.8739495798319328 0.1640625 0.8739495798319328 0.1765625 0.8697478991596639 0.178125 0.8718487394957983 0.19375 0.8739495798319328 0.1953125 0.8781512605042017 0.2015625 0.8802521008403361 0.2203125 0.8823529411764706 0.221875 0.8865546218487395 0.2390625 0.8928571428571429 0.246875 0.8928571428571429 0.2484375 0.8970588235294118 0.2765625 0.8991596638655462 0.278125 0.8970588235294118 0.2859375 0.8970588235294118 0.2875 0.8928571428571429 0.303125 0.8865546218487395 0.3046875 0.8823529411764706 0.3171875 0.8781512605042017 0.3234375 0.8697478991596639 0.3328125 0.8676470588235294 0.3375 0.8613445378151261 0.3453125 0.8592436974789915 0.346875 0.8550420168067226 0.3703125 0.8487394957983193 0.371875 0.8445378151260504 0.4234375 0.842436974789916 0.4296875 0.8382352941176471 0.43125 0.8340336134453782 0.440625 0.8298319327731093 0.440625 0.8256302521008403 0.44375 0.8235294117647058 0.4453125 0.8172268907563025 0.459375 0.8004201680672269 0.4625 0.7899159663865546 0.4671875 0.7857142857142857 0.46875 0.7752100840336135 0.4734375 0.773109243697479 0.4765625 0.7668067226890757 0.4796875 0.7668067226890757 0.48125 0.7605042016806722 0.4859375 0.7584033613445378 0.4921875 0.7478991596638656 0.4953125 0.7478991596638656 0.496875 0.7415966386554622 0.5015625 0.7394957983193278 0.509375 0.7289915966386554 0.5109375 0.7226890756302521 0.5171875 0.7163865546218487 0.51875 0.7100840336134454 0.521875 0.7100840336134454 0.525 0.7058823529411765 0.53125 0.7058823529411765 0.5328125 0.7016806722689075 0.5546875 0.6953781512605042 0.55625 0.6911764705882353 0.5640625 0.6890756302521008 0.5703125 0.6785714285714286 0.5796875 0.6764705882352942 0.58125 0.6722689075630253 0.59375 0.6701680672268907 0.5984375 0.6638655462184874 0.60625 0.6617647058823529 0.609375 0.6533613445378151 0.6171875 0.6491596638655462 0.61875 0.6449579831932774 0.625 0.6407563025210085 0.6265625 0.634453781512605 0.634375 0.6302521008403361 0.6390625 0.615546218487395 0.6515625 0.6008403361344538 0.653125 0.5882352941176471 0.6578125 0.5840336134453782 0.659375 0.5651260504201681 0.6625 0.5630252100840336 0.6671875 0.5483193277310925 0.6703125 0.5462184873949579 0.6734375 0.523109243697479 0.678125 0.5168067226890757 0.6796875 0.5042016806722689 0.684375 0.5 0.6875 0.47478991596638653 0.6921875 0.47058823529411764 0.6921875 0.46638655462184875 0.6984375 0.4579831932773109 0.7015625 0.4474789915966387 0.7046875 0.44537815126050423 0.709375 0.42857142857142855 0.7140625 0.4222689075630252 0.715625 0.4117647058823529 0.71875 0.4096638655462185 0.7203125 0.3949579831932773 0.728125 0.3760504201680672 0.7296875 0.35084033613445376 0.7328125 0.3487394957983193 0.7328125 0.3130252100840336 0.7296875 0.31092436974789917 0.7265625 0.29411764705882354 0.7234375 0.2920168067226891 0.7234375 0.2857142857142857 0.715625 0.2773109243697479 0.7125 0.2689075630252101 0.7125 0.26260504201680673 0.709375 0.2605042016806723 0.709375 0.24579831932773108 0.7125 0.24369747899159663 0.7125 0.22268907563025211 0.709375 0.22058823529411764 0.7078125 0.21218487394957983 0.7046875 0.17857142857142858 0.7 0.17436974789915966 0.6984375 0.16176470588235295 0.6953125 0.15966386554621848 0.69375 0.14915966386554622 0.690625 0.14285714285714285 0.6859375 0.13655462184873948 0.68125 0.13445378151260504 0.68125 0.13025210084033614 0.6765625 0.12184873949579832 0.6625 0.10504201680672269 0.659375 0.09453781512605042 0.6359375 0.06302521008403361 0.6328125 0.06302521008403361 0.6296875 0.05672268907563025 0.6265625 0.05672268907563025 0.621875 0.05042016806722689 0.61875 0.05042016806722689 0.6171875 0.046218487394957986 0.6109375 0.046218487394957986 0.6046875 0.04201680672268908 0.6015625 0.03571428571428571 0.5875 0.031512605042016806 0.5859375 0.0273109243697479 0.5734375 0.023109243697478993 0.5625 0.023109243697478993 0.5609375 0.018907563025210083 0.534375 0.018907563025210083 0.534375 0.02100840336134454 0.5328125 0.023109243697478993 0.5203125 0.023109243697478993 0.50625 0.0273109243697479 0.5046875 0.031512605042016806 0.5 0.031512605042016806 0.4953125 0.03571428571428571 0.4765625 0.037815126050420166 0.4671875 0.05042016806722689 0.4609375 0.05042016806722689 0.459375 0.046218487394957986 0.446875 0.04201680672268908 0.4453125 0.037815126050420166 0.43125 0.03571428571428571 0.425 0.037815126050420166 0.4234375 0.04201680672268908 0.4046875 0.046218487394957986 0.403125 0.05042016806722689 0.3859375 0.05042016806722689 0.3765625 0.05672268907563025 0.3671875 0.06932773109243698 0.3625 0.06932773109243698 0.3546875 0.07983193277310924 0.3515625 0.07983193277310924 0.3375 0.09873949579831932 0.3328125 0.1134453781512605 0.3328125 0.11974789915966387 0.3296875 0.12184873949579832 0.3265625 0.13655462184873948 0.3203125 0.14285714285714285 0.321875 0.16806722689075632 0.3203125 0.17436974789915966 0.3140625 0.18067226890756302 0.3015625 0.18067226890756302 0.2984375 0.17647058823529413 0.2984375 0.17016806722689076 0.29375 0.16596638655462184 0.29375 0.16176470588235295 0.278125 0.15546218487394958 0.2375 0.15546218487394958 0.21875 0.16176470588235295 0.1953125 0.15756302521008403 0.184375 0.16176470588235295 0.1546875 0.16176470588235295 0.153125 0.16596638655462184 0.14375 0.16596638655462184 0.1421875 0.16806722689075632 0.1234375 0.16806722689075632 0.11875 0.17016806722689076 0.1171875 0.17436974789915966 0.096875 0.17647058823529413 0.0890625 0.18067226890756302 0.0875 0.18487394957983194 0.0765625 0.18907563025210083 0.0640625 0.20588235294117646 0.059375 0.20798319327731093 0.0515625 0.2184873949579832 0.0484375 0.2184873949579832 0.034375 0.23739495798319327 0.0328125 0.25210084033613445 0.028125 0.25630252100840334 0.025 0.2668067226890756 0.0203125 0.2710084033613445 0.0171875 0.28781512605042014 0.0125 0.28991596638655465 0.0109375 0.296218487394958 0.00625 0.3004201680672269 0.00625 0.3067226890756303 0.003125 0.31512605042016806 0 0.3172268907563025 0 0.5168067226890757 0.003125 0.5189075630252101 0.003125 0.5252100840336135 0 0.5273109243697479 0 0.5861344537815126 0.009375 0.5966386554621849 0.0046875 0.5987394957983193 0.0046875 0.6029411764705882 0 0.6071428571428571 0 0.6701680672268907 0.003125 0.6722689075630253 0.003125 0.680672268907563 0 0.6827731092436975 0 0.8130252100840336
1 0.215625 0 0.215625 0.0021008403361344537 0.2109375 0.008403361344537815 0.20625 0.05042016806722689 0.2109375 0.07983193277310924 0.2140625 0.0819327731092437 0.215625 0.09663865546218488 0.2234375 0.10714285714285714 0.2328125 0.10504201680672269 0.234375 0.10084033613445378 0.2421875 0.09663865546218488 0.2625 0.09663865546218488 0.2703125 0.10084033613445378 0.2734375 0.10714285714285714 0.2796875 0.10504201680672269 0.2796875 0.10084033613445378 0.2828125 0.09873949579831932 0.2828125 0.08823529411764706 0.284375 0.0861344537815126 0.284375 0.05042016806722689 0.2828125 0.04411764705882353 0.2796875 0.04201680672268908 0.2796875 0.03361344537815126 0.284375 0.029411764705882353 0.2921875 0.029411764705882353 0.303125 0.03361344537815126 0.3078125 0.04201680672268908 0.3109375 0.04201680672268908 0.31875 0.052521008403361345 0.3234375 0.06722689075630252 0.328125 0.07352941176470588 0.328125 0.07773109243697479 0.3328125 0.0819327731092437 0.3390625 0.07983193277310924 0.3421875 0.06932773109243698 0.3453125 0.06722689075630252 0.3453125 0.06092436974789916 0.3515625 0.052521008403361345 0.3671875 0.05042016806722689 0.3765625 0.037815126050420166 0.3734375 0.031512605042016806 0.3734375 0.025210084033613446 0.36875 0.018907563025210083 0.3640625 0.018907563025210083 0.3546875 0.012605042016806723 0.35 0.004201680672268907 0.3421875 0.004201680672268907 0.340625 0 0.215625 0
1 0.75625 0.5651260504201681 0.75 0.569327731092437 0.746875 0.5756302521008403 0.7390625 0.569327731092437 0.7328125 0.5588235294117647 0.725 0.5546218487394958 0.721875 0.5483193277310925 0.7078125 0.5483193277310925 0.6921875 0.5609243697478992 0.6890625 0.5609243697478992 0.684375 0.5672268907563025 0.6765625 0.5714285714285714 0.66875 0.5714285714285714 0.6640625 0.5861344537815126 0.6609375 0.5882352941176471 0.6578125 0.6008403361344538 0.6546875 0.6029411764705882 0.653125 0.6113445378151261 0.640625 0.6281512605042017 0.6390625 0.6449579831932774 0.6359375 0.6533613445378151 0.6375 0.6596638655462185 0.6515625 0.6785714285714286 0.65625 0.680672268907563 0.6578125 0.6869747899159664 0.665625 0.6974789915966386 0.6703125 0.6995798319327731 0.68125 0.7142857142857143 0.68125 0.7184873949579832 0.6859375 0.7226890756302521 0.6890625 0.7373949579831933 0.6921875 0.7394957983193278 0.696875 0.7710084033613446 0.696875 0.7857142857142857 0.7015625 0.792016806722689 0.7125 0.792016806722689 0.7140625 0.7878151260504201 0.7296875 0.7878151260504201 0.73125 0.7857142857142857 0.7546875 0.7815126050420168 0.75625 0.7773109243697479 0.765625 0.773109243697479 0.7671875 0.7689075630252101 0.778125 0.7626050420168067 0.7859375 0.7457983193277311 0.7859375 0.7394957983193278 0.7890625 0.7373949579831933 0.79375 0.7184873949579832 0.79375 0.7100840336134454 0.796875 0.707983193277311 0.7984375 0.6995798319327731 0.7984375 0.6449579831932774 0.8 0.6365546218487395 0.803125 0.634453781512605 0.803125 0.6134453781512605 0.8 0.6113445378151261 0.796875 0.5861344537815126 0.79375 0.5840336134453782 0.79375 0.5798319327731093 0.7890625 0.5714285714285714 0.78125 0.5651260504201681 0.7765625 0.5567226890756303 0.7734375 0.5567226890756303 0.7703125 0.5504201680672269 0.765625 0.5483193277310925 0.7640625 0.5504201680672269 0.759375 0.5546218487394958 0.75625 0.5651260504201681
1 0.4734375 0.8949579831932774 0.478125 0.9159663865546218 0.4828125 0.9222689075630253 0.484375 0.9348739495798319 0.4875 0.9369747899159664 0.490625 0.9558823529411765 0.4921875 0.9957983193277311 0.4953125 0.9978991596638656 0.51875 0.9978991596638656 0.5234375 0.9957983193277311 0.5265625 0.9474789915966386 0.521875 0.9327731092436975 0.5171875 0.9327731092436975 0.5109375 0.9285714285714286 0.5078125 0.9096638655462185 0.5046875 0.907563025210084 0.503125 0.8928571428571429 0.4984375 0.8865546218487395 0.496875 0.8760504201680672 0.4890625 0.8718487394957983 0.4671875 0.8718487394957983 0.4671875 0.8739495798319328 0.46875 0.8886554621848739 0.4734375 0.8949579831932774
1 0.5875 0.7710084033613446 0.578125 0.7668067226890757 0.5625 0.7689075630252101 0.5609375 0.7752100840336135 0.553125 0.7857142857142857 0.5515625 0.7941176470588235 0.5484375 0.7962184873949579 0.546875 0.8298319327731093 0.5484375 0.8319327731092437 0.5484375 0.8634453781512605 0.546875 0.865546218487395 0.5453125 0.8865546218487395 0.5421875 0.8886554621848739 0.540625 0.9054621848739496 0.5375 0.9138655462184874 0.5375 0.9348739495798319 0.5421875 0.9432773109243697 0.55 0.9495798319327731 0.5515625 0.9537815126050421 0.5578125 0.9558823529411765 0.5609375 0.9621848739495799 0.58125 0.9684873949579832 0.5828125 0.9726890756302521 0.6359375 0.9747899159663865 0.64375 0.9726890756302521 0.6453125 0.9684873949579832 0.65625 0.9663865546218487 0.659375 0.9621848739495799 0.6625 0.9621848739495799 0.6640625 0.957983193277311 0.6703125 0.9558823529411765 0.6796875 0.9432773109243697 0.6796875 0.9390756302521008 0.690625 0.9264705882352942 0.6953125 0.9096638655462185 0.6984375 0.907563025210084 0.7 0.8802521008403361 0.6984375 0.8781512605042017 0.6984375 0.865546218487395 0.6953125 0.8634453781512605 0.690625 0.8214285714285714 0.684375 0.8130252100840336 0.684375 0.8088235294117647 0.6640625 0.8025210084033614 0.6515625 0.8025210084033614 0.65 0.7983193277310925 0.6265625 0.7941176470588235 0.625 0.7899159663865546 0.603125 0.7836134453781513 0.6015625 0.7794117647058824 0.59375 0.7752100840336135 0.5921875 0.7752100840336135 0.5890625 0.7752100840336135 0.5875 0.7710084033613446
1 0.590625 0 0.590625 0.0021008403361344537 0.5875 0.014705882352941176 0.590625 0.023109243697478993 0.5953125 0.025210084033613446 0.596875 0.029411764705882353 0.60625 0.031512605042016806 0.6140625 0.03571428571428571 0.615625 0.03991596638655462 0.628125 0.04411764705882353 0.6296875 0.04831932773109244 0.6375 0.04831932773109244 0.64375 0.03991596638655462 0.6453125 0.03361344537815126 0.6421875 0.018907563025210083 0.6375 0.014705882352941176 0.6359375 0 0.590625 0
1 0.6671875 0.018907563025210083 0.65625 0.03361344537815126 0.646875 0.037815126050420166 0.64375 0.04411764705882353 0.640625 0.04411764705882353 0.6375 0.052521008403361345 0.646875 0.06512605042016807 0.646875 0.06932773109243698 0.659375 0.08403361344537816 0.6609375 0.09033613445378151 0.665625 0.09453781512605042 0.66875 0.10504201680672269 0.678125 0.1134453781512605 0.6890625 0.13445378151260504 0.696875 0.14495798319327732 0.7046875 0.14915966386554622 0.709375 0.1323529411764706 0.7203125 0.12394957983193278 0.725 0.11134453781512606 0.7359375 0.10504201680672269 0.7375 0.09243697478991597 0.740625 0.09033613445378151 0.740625 0.07352941176470588 0.7375 0.07142857142857142 0.7375 0.0546218487394958 0.734375 0.04831932773109244 0.7328125 0.037815126050420166 0.71875 0.018907563025210083 0.7046875 0.012605042016806723 0.703125 0.012605042016806723 0.675 0.014705882352941176 0.6671875 0.018907563025210083
2 0.4921875 0.7605042016806722 0.490625 0.7815126050420168 0.4921875 0.792016806722689 0.4953125 0.7941176470588235 0.4953125 0.8046218487394958 0.496875 0.8067226890756303 0.4984375 0.8676470588235294 0.5 0.8781512605042017 0.503125 0.8802521008403361 0.50625 0.907563025210084 0.5109375 0.9138655462184874 0.5125 0.9264705882352942 0.521875 0.9285714285714286 0.5296875 0.9201680672268907 0.5328125 0.907563025210084 0.5359375 0.9054621848739496 0.540625 0.8760504201680672 0.54375 0.8739495798319328 0.54375 0.8634453781512605 0.5453125 0.8613445378151261 0.54375 0.7983193277310925 0.540625 0.7962184873949579 0.5359375 0.7710084033613446 0.5328125 0.7689075630252101 0.5296875 0.7521008403361344 0.525 0.7457983193277311 0.5234375 0.7331932773109243 0.5203125 0.7331932773109243 0.5171875 0.7289915966386554 0.515625 0.7310924369747899 0.5125 0.7310924369747899 0.4921875 0.7605042016806722
2 0.828125 0.5987394957983193 0.8265625 0.6029411764705882 0.821875 0.6029411764705882 0.8140625 0.6092436974789915 0.8125 0.6197478991596639 0.809375 0.6218487394957983 0.8046875 0.6365546218487395 0.8046875 0.6764705882352942 0.8078125 0.6827731092436975 0.8203125 0.6827731092436975 0.8265625 0.6764705882352942 0.83125 0.6764705882352942 0.8328125 0.6722689075630253 0.8390625 0.6701680672268907 0.8421875 0.6512605042016807 0.8453125 0.6491596638655462 0.8484375 0.6365546218487395 0.875 0.6008403361344538 0.8734375 0.5903361344537815 0.8625 0.5903361344537815 0.8625 0.592436974789916 0.8484375 0.5987394957983193 0.828125 0.5987394957983193
2 0.3640625 0.4495798319327731 0.371875 0.4642857142857143 0.375 0.4642857142857143 0.3796875 0.4726890756302521 0.384375 0.4726890756302521 0.384375 0.453781512605042 0.38125 0.4411764705882353 0.378125 0.43907563025210083 0.378125 0.43487394957983194 0.3734375 0.4264705882352941 0.3625 0.42436974789915966 0.3625 0.4264705882352941 0.3609375 0.4327731092436975 0.3640625 0.4495798319327731
2 0.8296875 0.5966386554621849 0.828125 0.5945378151260504 0.821875 0.5966386554621849 0.81875 0.6029411764705882 0.815625 0.6029411764705882 0.8125 0.615546218487395 0.809375 0.6176470588235294 0.8046875 0.6407563025210085 0.8015625 0.6428571428571429 0.8015625 0.6722689075630253 0.8046875 0.6764705882352942 0.8015625 0.6785714285714286 0.8046875 0.680672268907563 0.8046875 0.6890756302521008 0.8015625 0.6911764705882353 0.7984375 0.7163865546218487 0.7953125 0.7184873949579832 0.79375 0.7352941176470589 0.790625 0.7457983193277311 0.7859375 0.7521008403361344 0.784375 0.7647058823529411 0.78125 0.7668067226890757 0.7796875 0.8046218487394958 0.7765625 0.8214285714285714 0.7734375 0.8235294117647058 0.7734375 0.8340336134453782 0.778125 0.8382352941176471 0.7796875 0.8340336134453782 0.7828125 0.8340336134453782 0.7890625 0.8256302521008403 0.8 0.8046218487394958 0.81875 0.8025210084033614 0.821875 0.7941176470588235 0.825 0.792016806722689 0.8265625 0.7605042016806722 0.825 0.7584033613445378 0.825 0.7478991596638656 0.821875 0.7457983193277311 0.8203125 0.7394957983193278 0.821875 0.7352941176470589 0.8328125 0.7289915966386554 0.846875 0.7289915966386554 0.8625 0.7247899159663865 0.8640625 0.7205882352941176 0.8671875 0.7205882352941176 0.8734375 0.7121848739495799 0.8703125 0.7100840336134454 0.8703125 0.7037815126050421 0.859375 0.6890756302521008 0.85625 0.6890756302521008 0.8546875 0.6848739495798319 0.8515625 0.6848739495798319 0.840625 0.6764705882352942 0.8421875 0.6533613445378151 0.8453125 0.6512605042016807 0.8484375 0.6365546218487395 0.853125 0.6323529411764706 0.853125 0.6281512605042017 0.8734375 0.6008403361344538 0.8734375 0.5945378151260504 0.8703125 0.5903361344537815 0.8625 0.5903361344537815 0.8625 0.592436974789916 0.846875 0.5987394957983193 0.8296875 0.5966386554621849
2 0.7953125 0.7310924369747899 0.790625 0.75 0.7875 0.7521008403361344 0.784375 0.7647058823529411 0.78125 0.7668067226890757 0.7796875 0.8046218487394958 0.7765625 0.8130252100840336 0.7765625 0.819327731092437 0.771875 0.8256302521008403 0.7734375 0.8382352941176471 0.7796875 0.8382352941176471 0.78125 0.8340336134453782 0.7859375 0.8319327731092437 0.7859375 0.8277310924369747 0.790625 0.8235294117647058 0.7921875 0.8172268907563025 0.796875 0.8130252100840336 0.796875 0.8088235294117647 0.8015625 0.8025210084033614 0.8125 0.8025210084033614 0.8140625 0.8046218487394958 0.8203125 0.8025210084033614 0.821875 0.7962184873949579 0.825 0.7941176470588235 0.8265625 0.7647058823529411 0.825 0.7626050420168067 0.825 0.7521008403361344 0.8203125 0.7478991596638656 0.81875 0.7415966386554622 0.8140625 0.7373949579831933 0.8140625 0.7331932773109243 0.8109375 0.7310924369747899 0.809375 0.7310924369747899 0.8 0.7289915966386554 0.7953125 0.7310924369747899
2 0.6890625 0.5084033613445378 0.6859375 0.5126050420168067 0.6859375 0.5168067226890757 0.68125 0.523109243697479 0.678125 0.5441176470588235 0.675 0.5462184873949579 0.675 0.5525210084033614 0.671875 0.5588235294117647 0.66875 0.5609243697478992 0.6671875 0.5672268907563025 0.66875 0.569327731092437 0.684375 0.5651260504201681 0.6890625 0.5588235294117647 0.7015625 0.5525210084033614 0.70625 0.5462184873949579 0.71875 0.5441176470588235 0.7265625 0.5483193277310925 0.7421875 0.569327731092437 0.7421875 0.5735294117647058 0.746875 0.5756302521008403 0.7546875 0.5672268907563025 0.75625 0.5588235294117647 0.7609375 0.5546218487394958 0.7609375 0.5504201680672269 0.765625 0.5441176470588235 0.76875 0.5441176470588235 0.7765625 0.5483193277310925 0.7984375 0.5777310924369747 0.7984375 0.5819327731092437 0.803125 0.5840336134453782 0.8078125 0.592436974789916 0.821875 0.592436974789916 0.834375 0.5756302521008403 0.840625 0.5735294117647058 0.8453125 0.5672268907563025 0.8453125 0.5609243697478992 0.8421875 0.5588235294117647 0.840625 0.5504201680672269 0.8359375 0.5462184873949579 0.834375 0.5399159663865546 0.8234375 0.5357142857142857 0.81875 0.5294117647058824 0.809375 0.5273109243697479 0.8078125 0.523109243697479 0.7859375 0.5168067226890757 0.784375 0.5126050420168067 0.7765625 0.5084033613445378 0.7671875 0.5084033613445378 0.765625 0.5042016806722689 0.75625 0.5042016806722689 0.7546875 0.5021008403361344 0.703125 0.5042016806722689 0.703125 0.5063025210084033 0.7015625 0.5084033613445378 0.6890625 0.5084033613445378
2 0.8203125 0.6890756302521008 0.815625 0.6932773109243697 0.8140625 0.7205882352941176 0.815625 0.726890756302521 0.81875 0.7289915966386554 0.8484375 0.7289915966386554 0.8640625 0.7247899159663865 0.865625 0.7205882352941176 0.8734375 0.7163865546218487 0.8734375 0.707983193277311 0.8703125 0.7058823529411765 0.8703125 0.7016806722689075 0.8625 0.6911764705882353 0.840625 0.6785714285714286 0.8390625 0.6743697478991597 0.834375 0.6743697478991597 0.834375 0.6764705882352942 0.8203125 0.6848739495798319 0.8203125 0.6890756302521008
2 0.2859375 0.046218487394957986 0.2875 0.0546218487394958 0.2859375 0.05672268907563025 0.2859375 0.09663865546218488 0.284375 0.10714285714285714 0.28125 0.1092436974789916 0.278125 0.12605042016806722 0.278125 0.1407563025210084 0.28125 0.14705882352941177 0.2890625 0.14915966386554622 0.2921875 0.15546218487394958 0.3 0.16176470588235295 0.3 0.16596638655462184 0.30625 0.17436974789915966 0.3109375 0.17436974789915966 0.3140625 0.1638655462184874 0.3140625 0.14705882352941177 0.3171875 0.14495798319327732 0.31875 0.1323529411764706 0.325 0.12394957983193278 0.328125 0.10714285714285714 0.33125 0.10504201680672269 0.33125 0.09243697478991597 0.3265625 0.0861344537815126 0.325 0.07142857142857142 0.321875 0.06932773109243698 0.321875 0.06512605042016807 0.3171875 0.05672268907563025 0.3109375 0.05042016806722689 0.3109375 0.046218487394957986 0.3046875 0.04201680672268908 0.303125 0.037815126050420166 0.2921875 0.031512605042016806 0.28125 0.03361344537815126 0.28125 0.03571428571428571 0.28125 0.04201680672268908 0.2859375 0.046218487394957986
2 0.2375 0.10294117647058823 0.215625 0.1323529411764706 0.2109375 0.14705882352941177 0.215625 0.15336134453781514 0.2296875 0.15336134453781514 0.23125 0.14915966386554622 0.275 0.14705882352941177 0.2765625 0.14495798319327732 0.275 0.11974789915966387 0.271875 0.11764705882352941 0.2703125 0.1092436974789916 0.265625 0.10294117647058823 0.2578125 0.09873949579831932 0.25625 0.09873949579831932 0.2453125 0.09873949579831932 0.2375 0.10294117647058823
2 0.7484375 0.09663865546218488 0.7421875 0.10294117647058823 0.7390625 0.10294117647058823 0.7375 0.10714285714285714 0.73125 0.1092436974789916 0.7265625 0.11764705882352941 0.7234375 0.11764705882352941 0.71875 0.12815126050420167 0.7109375 0.1323529411764706 0.709375 0.13655462184873948 0.709375 0.15756302521008403 0.7109375 0.1638655462184874 0.7140625 0.16596638655462184 0.7171875 0.18487394957983194 0.721875 0.18907563025210083 0.725 0.21218487394957983 0.7328125 0.21428571428571427 0.734375 0.21218487394957983 0.7515625 0.21218487394957983 0.753125 0.21428571428571427 0.76875 0.21638655462184875 0.778125 0.21008403361344538 0.7796875 0.20378151260504201 0.7828125 0.20168067226890757 0.7828125 0.17436974789915966 0.7796875 0.1722689075630252 0.7765625 0.15756302521008403 0.7625 0.13865546218487396 0.7625 0.12605042016806722 0.765625 0.1134453781512605 0.76875 0.11134453781512606 0.771875 0.09453781512605042 0.775 0.09243697478991597 0.7765625 0.0861344537815126 0.7765625 0.07352941176470588 0.7609375 0.06932773109243698 0.753125 0.07142857142857142 0.753125 0.07352941176470588 0.7515625 0.08823529411764706 0.7484375 0.09663865546218488
2 0.7671875 0.5315126050420168 0.7671875 0.5378151260504201 0.8 0.5798319327731093 0.8 0.5840336134453782 0.8109375 0.5882352941176471 0.8125 0.592436974789916 0.8203125 0.592436974789916 0.821875 0.5882352941176471 0.825 0.5882352941176471 0.83125 0.5819327731092437 0.834375 0.5756302521008403 0.840625 0.5735294117647058 0.8421875 0.569327731092437 0.846875 0.5672268907563025 0.8453125 0.5588235294117647 0.840625 0.5546218487394958 0.8390625 0.5462184873949579 0.834375 0.5399159663865546 0.821875 0.5357142857142857 0.8171875 0.5294117647058824 0.8078125 0.5273109243697479 0.80625 0.523109243697479 0.78125 0.5168067226890757 0.7796875 0.5126050420168067 0.771875 0.5126050420168067 0.771875 0.5147058823529411 0.771875 0.5252100840336135 0.7671875 0.5315126050420168
2 0.63125 0.6659663865546218 0.628125 0.6617647058823529 0.615625 0.6596638655462185 0.609375 0.6638655462184874 0.60625 0.6701680672268907 0.59375 0.6743697478991597 0.5921875 0.6785714285714286 0.584375 0.6785714285714286 0.575 0.6827731092436975 0.571875 0.6890756302521008 0.5578125 0.7016806722689075 0.5421875 0.7037815126050421 0.5375 0.7100840336134454 0.5265625 0.7121848739495799 0.5234375 0.7184873949579832 0.5234375 0.7247899159663865 0.528125 0.7310924369747899 0.53125 0.7310924369747899 0.534375 0.7373949579831933 0.540625 0.7394957983193278 0.5421875 0.7436974789915967 0.5578125 0.75 0.5625 0.7563025210084033 0.578125 0.7584033613445378 0.5828125 0.7647058823529411 0.5953125 0.7689075630252101 0.596875 0.773109243697479 0.609375 0.7773109243697479 0.6109375 0.7815126050420168 0.615625 0.7836134453781513 0.634375 0.7878151260504201 0.6359375 0.792016806722689 0.64375 0.7941176470588235 0.6796875 0.7941176470588235 0.690625 0.7878151260504201 0.69375 0.7773109243697479 0.690625 0.7478991596638656 0.6875 0.7457983193277311 0.6859375 0.7331932773109243 0.6765625 0.7163865546218487 0.6765625 0.7121848739495799 0.66875 0.707983193277311 0.653125 0.6848739495798319 0.646875 0.680672268907563 0.64375 0.6743697478991597 0.6390625 0.6722689075630253 0.6375 0.6722689075630253 0.634375 0.6659663865546218 0.63125 0.6659663865546218
2 0.390625 0 0.390625 0.0021008403361344537 0.3859375 0.004201680672268907 0.3828125 0.012605042016806723 0.3796875 0.012605042016806723 0.378125 0.02100840336134454 0.3796875 0.029411764705882353 0.3859375 0.03571428571428571 0.396875 0.03571428571428571 0.3984375 0.03991596638655462 0.4015625 0.03991596638655462 0.403125 0.03571428571428571 0.4109375 0.03571428571428571 0.428125 0.029411764705882353 0.4390625 0.029411764705882353 0.453125 0.03571428571428571 0.465625 0.03571428571428571 0.4765625 0.029411764705882353 0.4859375 0.029411764705882353 0.4875 0.025210084033613446 0.5046875 0.023109243697478993 0.509375 0.02100840336134454 0.5109375 0.01680672268907563 0.525 0.014705882352941176 0.5296875 0.012605042016806723 0.5296875 0.008403361344537815 0.5265625 0.0063025210084033615 0.525 0 0.390625 0
2 0.5484375 0 0.5484375 0.0021008403361344537 0.5484375 0.01050420168067227 0.553125 0.012605042016806723 0.5734375 0.012605042016806723 0.5859375 0.01680672268907563 0.5890625 0.012605042016806723 0.5890625 0 0.5484375 0