1 0.853125 0.5726141078838174 0.8515625 0.5767634854771784 0.8421875 0.5809128630705395 0.8375 0.5871369294605809 0.828125 0.5892116182572614 0.8171875 0.6037344398340249 0.809375 0.6058091286307054 0.80625 0.6120331950207469 0.7984375 0.6161825726141079 0.796875 0.6203319502074689 0.7890625 0.6265560165975104 0.7828125 0.6390041493775933 0.775 0.6452282157676349 0.771875 0.6556016597510373 0.7671875 0.6597510373443983 0.7671875 0.6639004149377593 0.753125 0.6804979253112033 0.74375 0.7116182572614108 0.7390625 0.7178423236514523 0.7375 0.7282157676348547 0.7328125 0.7344398340248963 0.7296875 0.7489626556016598 0.7265625 0.7510373443983402 0.7234375 0.7676348547717843 0.7203125 0.7697095435684648 0.7171875 0.7925311203319502 0.7125 0.7987551867219918 0.709375 0.8112033195020747 0.709375 0.8215767634854771 0.70625 0.8236514522821576 0.70625 0.8381742738589212 0.703125 0.8526970954356846 0.703125 0.9045643153526971 0.7046875 0.9066390041493776 0.70625 0.9377593360995851 0.709375 0.9398340248962656 0.7140625 0.9647302904564315 0.7171875 0.966804979253112 0.7203125 0.983402489626556 0.7234375 0.9854771784232366 0.725 0.991701244813278 0.7296875 0.9937759336099585 0.7515625 0.991701244813278 0.75625 0.9854771784232366 0.759375 0.975103734439834 0.759375 0.966804979253112 0.7640625 0.9605809128630706 0.7640625 0.9543568464730291 0.76875 0.9522821576763485 0.775 0.941908713692946 0.784375 0.9377593360995851 0.7921875 0.941908713692946 0.7921875 0.9522821576763485 0.7890625 0.9543568464730291 0.7875 0.966804979253112 0.78125 0.975103734439834 0.7796875 0.991701244813278 0.7875 0.991701244813278 0.7890625 0.9937759336099585 0.8546875 0.9937759336099585 0.85625 0.991701244813278 0.8640625 0.991701244813278 0.865625 0.9937759336099585 0.8953125 0.9937759336099585 0.896875 0.991701244813278 0.928125 0.991701244813278 0.9296875 0.9875518672199171 0.934375 0.9875518672199171 0.9359375 0.9771784232365145 0.9390625 0.975103734439834 0.940625 0.9626556016597511 0.94375 0.9564315352697096 0.94375 0.9439834024896265 0.9484375 0.9377593360995851 0.95 0.921161825726141 0.953125 0.9190871369294605 0.95625 0.8941908713692946 0.959375 0.8921161825726142 0.9640625 0.8692946058091287 0.9640625 0.8589211618257261 0.9671875 0.8568464730290456 0.96875 0.8360995850622407 0.9671875 0.8257261410788381 0.96875 0.8236514522821576 0.96875 0.7966804979253111 0.9703125 0.7946058091286307 0.9703125 0.7634854771784232 0.96875 0.7614107883817427 0.9703125 0.7510373443983402 0.96875 0.7489626556016598 0.96875 0.7302904564315352 0.9671875 0.7282157676348547 0.96875 0.6908713692946058 0.975 0.6825726141078838 0.9765625 0.6763485477178424 0.98125 0.6742738589211619 0.984375 0.6784232365145229 0.9859375 0.6887966804979253 0.9890625 0.6908713692946058 0.990625 0.7199170124481328 0.9921875 0.7219917012448133 0.990625 0.7240663900414938 0.9953125 0.7302904564315352 0.9953125 0.6224066390041494 0.99375 0.6161825726141079 0.9875 0.6078838174273858 0.971875 0.5933609958506224 0.9640625 0.5809128630705395 0.95625 0.5767634854771784 0.9546875 0.5726141078838174 0.940625 0.5663900414937759 0.9390625 0.5622406639004149 0.9234375 0.5601659751037344 0.921875 0.558091286307054 0.9015625 0.558091286307054 0.8921875 0.5622406639004149 0.8765625 0.5622406639004149 0.8765625 0.5643153526970954 0.8640625 0.5705394190871369 0.853125 0.5726141078838174
1 0.365625 0.21161825726141079 0.35 0.21784232365145229 0.340625 0.23029045643153526 0.3328125 0.23443983402489627 0.33125 0.23858921161825727 0.31875 0.25103734439834025 0.31875 0.2551867219917012 0.3125 0.26141078838174275 0.309375 0.27385892116182575 0.3046875 0.27800829875518673 0.3015625 0.2966804979253112 0.2984375 0.2987551867219917 0.2953125 0.31950207468879666 0.2921875 0.3215767634854772 0.2921875 0.33402489626556015 0.2890625 0.34232365145228216 0.2875 0.35684647302904565 0.284375 0.35892116182572614 0.2828125 0.3941908713692946 0.28125 0.3962655601659751 0.28125 0.4315352697095436 0.2828125 0.4336099585062241 0.284375 0.46887966804979253 0.2875 0.470954356846473 0.290625 0.504149377593361 0.2921875 0.5062240663900415 0.2921875 0.5228215767634855 0.2953125 0.524896265560166 0.2984375 0.5456431535269709 0.3015625 0.5477178423236515 0.3046875 0.5601659751037344 0.3078125 0.5622406639004149 0.3109375 0.5767634854771784 0.315625 0.5809128630705395 0.31875 0.5933609958506224 0.321875 0.5954356846473029 0.325 0.6058091286307054 0.328125 0.6078838174273858 0.33125 0.6224066390041494 0.346875 0.6431535269709544 0.35 0.6431535269709544 0.359375 0.6576763485477178 0.36875 0.6597510373443983 0.3703125 0.6639004149377593 0.378125 0.6639004149377593 0.384375 0.6701244813278008 0.3890625 0.6701244813278008 0.390625 0.6742738589211619 0.4015625 0.6742738589211619 0.403125 0.6701244813278008 0.409375 0.6701244813278008 0.4171875 0.6659751037344398 0.4296875 0.6493775933609959 0.4328125 0.6390041493775933 0.4328125 0.6307053941908713 0.4359375 0.6286307053941909 0.4375 0.6203319502074689 0.4359375 0.5477178423236515 0.4375 0.5394190871369294 0.4359375 0.5373443983402489 0.4359375 0.5228215767634855 0.4390625 0.5145228215767634 0.4390625 0.508298755186722 0.4421875 0.5062240663900415 0.446875 0.47717842323651455 0.45 0.475103734439834 0.45 0.470954356846473 0.453125 0.46680497925311204 0.453125 0.4605809128630705 0.45625 0.45850622406639 0.4578125 0.45228215767634855 0.4515625 0.42946058091286304 0.45625 0.42323651452282157 0.45625 0.4149377593360996 0.4609375 0.4004149377593361 0.4609375 0.3941908713692946 0.4640625 0.3921161825726141 0.465625 0.38589211618257263 0.4640625 0.3153526970954357 0.465625 0.3132780082987552 0.465625 0.27593360995850624 0.4640625 0.27385892116182575 0.4640625 0.26141078838174275 0.453125 0.24688796680497926 0.45 0.23443983402489627 0.4453125 0.23029045643153526 0.440625 0.23029045643153526 0.4390625 0.22614107883817428 0.4203125 0.22406639004149378 0.415625 0.2157676348547718 0.40625 0.21369294605809128 0.4015625 0.2074688796680498 0.390625 0.2074688796680498 0.3890625 0.2053941908713693 0.3875 0.2053941908713693 0.3671875 0.2074688796680498 0.365625 0.21161825726141079
1 0.5625 0.1950207468879668 0.5578125 0.1950207468879668 0.553125 0.1991701244813278 0.5328125 0.1991701244813278 0.53125 0.2033195020746888 0.521875 0.2053941908713693 0.5171875 0.21161825726141079 0.503125 0.21784232365145229 0.496875 0.23029045643153526 0.4890625 0.23443983402489627 0.4859375 0.24273858921161826 0.4828125 0.24481327800829875 0.4796875 0.2551867219917012 0.4734375 0.26348547717842324 0.471875 0.32987551867219916 0.475 0.3360995850622407 0.4734375 0.35477178423236516 0.475 0.36099585062240663 0.478125 0.3630705394190871 0.478125 0.36929460580912865 0.4828125 0.38381742738589214 0.4875 0.3879668049792531 0.4890625 0.3962655601659751 0.4984375 0.4087136929460581 0.4984375 0.41286307053941906 0.5015625 0.4149377593360996 0.5015625 0.42738589211618255 0.503125 0.4336099585062241 0.50625 0.43568464730290457 0.50625 0.4605809128630705 0.5078125 0.46680497925311204 0.5125 0.470954356846473 0.515625 0.4854771784232365 0.515625 0.495850622406639 0.51875 0.4979253112033195 0.51875 0.520746887966805 0.5234375 0.553941908713693 0.5234375 0.5705394190871369 0.521875 0.5726141078838174 0.5203125 0.6037344398340249 0.51875 0.6099585062240664 0.515625 0.6120331950207469 0.5140625 0.6390041493775933 0.51875 0.6452282157676349 0.521875 0.6556016597510373 0.528125 0.6597510373443983 0.5390625 0.6597510373443983 0.540625 0.6639004149377593 0.5546875 0.6639004149377593 0.55625 0.6659751037344398 0.5796875 0.6639004149377593 0.5828125 0.6659751037344398 0.5890625 0.6639004149377593 0.590625 0.6597510373443983 0.6078125 0.6556016597510373 0.6171875 0.6431535269709544 0.6296875 0.6369294605809128 0.6390625 0.6244813278008299 0.646875 0.6203319502074689 0.6671875 0.5933609958506224 0.6703125 0.578838174273859 0.675 0.5746887966804979 0.678125 0.5622406639004149 0.68125 0.5601659751037344 0.684375 0.5394190871369294 0.6875 0.5373443983402489 0.6890625 0.529045643153527 0.6890625 0.508298755186722 0.6921875 0.4979253112033195 0.6921875 0.47925311203319504 0.6953125 0.47717842323651455 0.6953125 0.42531120331950206 0.6921875 0.42323651452282157 0.6921875 0.4087136929460581 0.6890625 0.4004149377593361 0.6875 0.3775933609958506 0.684375 0.3755186721991701 0.684375 0.3630705394190871 0.68125 0.35477178423236516 0.68125 0.34439834024896265 0.678125 0.34232365145228216 0.675 0.31742738589211617 0.671875 0.3153526970954357 0.6671875 0.29045643153526973 0.6640625 0.2883817427385892 0.6625 0.2800829875518672 0.6578125 0.27593360995850624 0.653125 0.25311203319502074 0.634375 0.22821576763485477 0.634375 0.22406639004149378 0.6296875 0.21784232365145229 0.625 0.2157676348547718 0.6125 0.1991701244813278 0.596875 0.1950207468879668 0.5953125 0.1908713692946058 0.5890625 0.1908713692946058 0.58125 0.18672199170124482 0.5796875 0.18672199170124482 0.5640625 0.1908713692946058 0.5625 0.1950207468879668
1 0.403125 0 0.403125 0.002074688796680498 0.3984375 0.006224066390041493 0.396875 0.02074688796680498 0.39375 0.022821576763485476 0.39375 0.03941908713692946 0.3921875 0.04149377593360996 0.39375 0.04564315352697095 0.3921875 0.04979253112033195 0.39375 0.058091286307053944 0.390625 0.06224066390041494 0.3890625 0.06016597510373444 0.378125 0.06016597510373444 0.3765625 0.06224066390041494 0.3765625 0.08506224066390042 0.3796875 0.0975103734439834 0.3828125 0.0995850622406639 0.384375 0.10995850622406639 0.3765625 0.11618257261410789 0.3765625 0.12033195020746888 0.390625 0.13900414937759337 0.3921875 0.14730290456431536 0.3890625 0.15145228215767634 0.3625 0.14937759336099585 0.3609375 0.15145228215767634 0.34375 0.15352697095435686 0.3421875 0.15767634854771784 0.3375 0.15767634854771784 0.328125 0.16182572614107885 0.3265625 0.16597510373443983 0.321875 0.16597510373443983 0.321875 0.16804979253112035 0.3296875 0.17012448132780084 0.3421875 0.17012448132780084 0.34375 0.17427385892116182 0.3546875 0.17427385892116182 0.36875 0.17842323651452283 0.3703125 0.1825726141078838 0.3890625 0.1887966804979253 0.390625 0.19294605809128632 0.396875 0.1970954356846473 0.396875 0.2012448132780083 0.390625 0.2074688796680498 0.3828125 0.2053941908713693 0.38125 0.2074688796680498 0.3671875 0.2074688796680498 0.365625 0.21161825726141079 0.353125 0.2157676348547718 0.3484375 0.22199170124481327 0.3453125 0.22199170124481327 0.340625 0.23029045643153526 0.3328125 0.23443983402489627 0.33125 0.23858921161825727 0.31875 0.25103734439834025 0.3171875 0.25933609958506226 0.3125 0.26348547717842324 0.3078125 0.27800829875518673 0.3046875 0.2800829875518672 0.3015625 0.3008298755186722 0.296875 0.3070539419087137 0.2953125 0.31950207468879666 0.2921875 0.3215767634854772 0.2875 0.35892116182572614 0.284375 0.36099585062240663 0.2828125 0.4024896265560166 0.28125 0.4045643153526971 0.28125 0.43775933609958506 0.2828125 0.43983402489626555 0.284375 0.46887966804979253 0.2875 0.470954356846473 0.2875 0.483402489626556 0.2921875 0.5 0.2921875 0.5228215767634855 0.2953125 0.524896265560166 0.2984375 0.5456431535269709 0.3046875 0.553941908713693 0.3046875 0.5601659751037344 0.3078125 0.5622406639004149 0.3109375 0.5767634854771784 0.315625 0.5809128630705395 0.31875 0.5933609958506224 0.3234375 0.5975103734439834 0.325 0.6058091286307054 0.328125 0.6078838174273858 0.33125 0.6224066390041494 0.353125 0.6514522821576764 0.35625 0.6514522821576764 0.365625 0.6639004149377593 0.378125 0.6659751037344398 0.384375 0.6701244813278008 0.396875 0.6701244813278008 0.3984375 0.6742738589211619 0.4 0.6701244813278008 0.415625 0.6680497925311203 0.4203125 0.6597510373443983 0.425 0.6576763485477178 0.4328125 0.6390041493775933 0.4328125 0.6307053941908713 0.4359375 0.6286307053941909 0.4359375 0.6161825726141079 0.4375 0.6141078838174274 0.4359375 0.5477178423236515 0.4375 0.5456431535269709 0.4375 0.516597510373444 0.4390625 0.508298755186722 0.4421875 0.5062240663900415 0.44375 0.4896265560165975 0.446875 0.47925311203319504 0.45 0.47717842323651455 0.45 0.470954356846473 0.453125 0.46680497925311204 0.453125 0.46265560165975106 0.4625 0.45020746887966806 0.4796875 0.44813278008298757 0.490625 0.45228215767634855 0.49375 0.45850622406639 0.5046875 0.46473029045643155 0.5140625 0.47925311203319504 0.515625 0.5062240663900415 0.51875 0.508298755186722 0.5203125 0.5373443983402489 0.521875 0.5394190871369294 0.521875 0.5933609958506224 0.51875 0.6099585062240664 0.515625 0.6120331950207469 0.515625 0.6431535269709544 0.51875 0.6452282157676349 0.521875 0.6556016597510373 0.528125 0.6597510373443983 0.5328125 0.6597510373443983 0.534375 0.6639004149377593 0.5859375 0.6659751037344398 0.5921875 0.6639004149377593 0.59375 0.6597510373443983 0.6078125 0.6556016597510373 0.6171875 0.6431535269709544 0.628125 0.6390041493775933 0.6390625 0.6244813278008299 0.646875 0.6203319502074689 0.6671875 0.5933609958506224 0.671875 0.5767634854771784 0.675 0.5746887966804979 0.678125 0.5622406639004149 0.68125 0.5601659751037344 0.684375 0.5414937759336099 0.6875 0.5394190871369294 0.6890625 0.529045643153527 0.6890625 0.508298755186722 0.6921875 0.5020746887966805 0.6921875 0.48132780082987553 0.6953125 0.47925311203319504 0.6953125 0.42531120331950206 0.6921875 0.42323651452282157 0.6921875 0.4087136929460581 0.6890625 0.3962655601659751 0.6875 0.37136929460580914 0.684375 0.36929460580912865 0.68125 0.34439834024896265 0.678125 0.34232365145228216 0.675 0.3153526970954357 0.671875 0.3132780082987552 0.6671875 0.2883817427385892 0.6640625 0.2863070539419087 0.6625 0.27800829875518673 0.6578125 0.27385892116182575 0.65625 0.26141078838174275 0.653125 0.25311203319502074 0.65 0.25103734439834025 0.646875 0.24066390041493776 0.640625 0.23236514522821577 0.6375 0.23236514522821577 0.634375 0.22821576763485477 0.634375 0.22406639004149378 0.6265625 0.21369294605809128 0.6234375 0.21369294605809128 0.6125 0.1991701244813278 0.596875 0.1950207468879668 0.5953125 0.1908713692946058 0.571875 0.18464730290456433 0.5734375 0.17842323651452283 0.58125 0.17427385892116182 0.5828125 0.17012448132780084 0.5984375 0.16390041493775934 0.60625 0.16390041493775934 0.6078125 0.15975103734439833 0.6234375 0.15560165975103735 0.6375 0.15560165975103735 0.640625 0.15145228215767634 0.6359375 0.14937759336099585 0.634375 0.14522821576763487 0.621875 0.14107883817427386 0.59375 0.13900414937759337 0.5921875 0.14107883817427386 0.5765625 0.14315352697095435 0.571875 0.14937759336099585 0.5609375 0.15352697095435686 0.559375 0.15145228215767634 0.5609375 0.14522821576763487 0.571875 0.13692946058091288 0.578125 0.12448132780082988 0.5859375 0.11825726141078838 0.5875 0.1078838174273859 0.5765625 0.1078838174273859 0.575 0.11203319502074689 0.5578125 0.11203319502074689 0.55625 0.1078838174273859 0.546875 0.1078838174273859 0.5453125 0.11203319502074689 0.534375 0.11410788381742738 0.53125 0.10580912863070539 0.53125 0.09336099585062241 0.528125 0.0912863070539419 0.5265625 0.08298755186721991 0.5265625 0.07261410788381743 0.521875 0.06639004149377593 0.521875 0.05186721991701245 0.525 0.04979253112033195 0.525 0.043568464730290454 0.521875 0.04149377593360996 0.515625 0.043568464730290454 0.5078125 0.04149377593360996 0.503125 0.043568464730290454 0.4984375 0.04979253112033195 0.496875 0.04771784232365145 0.496875 0.022821576763485476 0.4875 0.012448132780082987 0.4875 0.008298755186721992 0.48125 0 0.453125 0 0.4484375 0.006224066390041493 0.4484375 0.01037344398340249 0.4453125 0.012448132780082987 0.4390625 0 0.403125 0
2 0.4453125 0.1908713692946058 0.4421875 0.1970954356846473 0.434375 0.1991701244813278 0.425 0.21369294605809128 0.425 0.21991701244813278 0.4453125 0.22406639004149378 0.4484375 0.23029045643153526 0.453125 0.23236514522821577 0.453125 0.23651452282157676 0.4625 0.24896265560165975 0.471875 0.25103734439834025 0.475 0.24688796680497926 0.478125 0.24688796680497926 0.478125 0.24273858921161826 0.49375 0.22199170124481327 0.4921875 0.2157676348547718 0.4875 0.21161825726141079 0.4875 0.2074688796680498 0.4796875 0.1970954356846473 0.465625 0.18672199170124482 0.4640625 0.18672199170124482 0.453125 0.18672199170124482 0.4453125 0.1908713692946058
2 0.5078125 0.04149377593360996 0.5046875 0.04771784232365145 0.5 0.04979253112033195 0.4984375 0.06639004149377593 0.5 0.07676348547717843 0.4953125 0.08091286307053942 0.4953125 0.08713692946058091 0.4984375 0.08921161825726141 0.4984375 0.09336099585062241 0.4953125 0.0954356846473029 0.4984375 0.0975103734439834 0.5 0.10580912863070539 0.4984375 0.12240663900414937 0.4953125 0.12448132780082988 0.4953125 0.12863070539419086 0.5 0.13485477178423236 0.4984375 0.15145228215767634 0.5 0.15560165975103735 0.49375 0.16182572614107885 0.4984375 0.16804979253112035 0.4953125 0.17012448132780084 0.4921875 0.1887966804979253 0.4890625 0.1908713692946058 0.4875 0.2012448132780083 0.4921875 0.2053941908713693 0.4921875 0.2095435684647303 0.4953125 0.21369294605809128 0.5 0.2157676348547718 0.5203125 0.2012448132780083 0.53125 0.18672199170124482 0.534375 0.17634854771784234 0.53125 0.08921161825726141 0.528125 0.08713692946058091 0.5265625 0.07053941908713693 0.521875 0.06431535269709543 0.5203125 0.05394190871369295 0.5171875 0.04771784232365145 0.515625 0.04771784232365145 0.5125 0.04149377593360996 0.5078125 0.04149377593360996
2 0 0.16597510373443983 0.0109375 0.16804979253112035 0.0296875 0.14315352697095435 0.028125 0.12655601659751037 0.025 0.12448132780082988 0.0234375 0.10580912863070539 0.021875 0.0995850622406639 0.01875 0.0975103734439834 0.0171875 0.0975103734439834 0.003125 0.0975103734439834 0 0.0995850622406639 0 0.16597510373443983
2 0.765625 0.9543568464730291 0.7640625 0.966804979253112 0.7609375 0.9688796680497925 0.759375 0.995850622406639 0.771875 0.995850622406639 0.7734375 0.9896265560165975 0.778125 0.983402489626556 0.7796875 0.975103734439834 0.7828125 0.9730290456431535 0.7859375 0.9647302904564315 0.7875 0.9543568464730291 0.790625 0.9522821576763485 0.790625 0.941908713692946 0.7875 0.9398340248962656 0.7859375 0.9398340248962656 0.7734375 0.9439834024896265 0.765625 0.9543568464730291
2 0.971875 0.6867219917012448 0.9703125 0.7095435684647303 0.96875 0.7116182572614108 0.9703125 0.7323651452282157 0.971875 0.7344398340248963 0.971875 0.7614107883817427 0.975 0.7634854771784232 0.975 0.7883817427385892 0.971875 0.7904564315352697 0.96875 0.8589211618257261 0.965625 0.8609958506224067 0.965625 0.8755186721991701 0.9625 0.8817427385892116 0.9609375 0.8962655601659751 0.9578125 0.8983402489626556 0.9546875 0.921161825726141 0.9515625 0.9232365145228216 0.9484375 0.9481327800829875 0.9453125 0.950207468879668 0.9453125 0.9605809128630706 0.940625 0.9771784232365145 0.9375 0.979253112033195 0.9359375 0.991701244813278 0.940625 0.9937759336099585 0.99375 0.9937759336099585 0.9953125 0.995850622406639 0.996875 0.991701244813278 0.996875 0.7531120331950207 0.9953125 0.7427385892116183 0.990625 0.7385892116182573 0.9875 0.6950207468879668 0.984375 0.6929460580912863 0.984375 0.6804979253112033 0.9828125 0.6763485477178424 0.9765625 0.6763485477178424 0.9765625 0.6784232365145229 0.975 0.6846473029045643 0.971875 0.6867219917012448
2 0.65625 0.9896265560165975 0.6578125 0.995850622406639 0.68125 0.995850622406639 0.678125 0.9896265560165975 0.66875 0.9854771784232366 0.6671875 0.9854771784232366 0.659375 0.9854771784232366 0.65625 0.9896265560165975
2 0 0.22406639004149378 0.0171875 0.22406639004149378 0.01875 0.22821576763485477 0.0296875 0.22821576763485477 0.03125 0.22406639004149378 0.0421875 0.22406639004149378 0.05 0.21991701244813278 0.0546875 0.21369294605809128 0.05 0.2095435684647303 0.05 0.2053941908713693 0.0421875 0.1950207468879668 0.03125 0.1887966804979253 0.0296875 0.1887966804979253 0.0171875 0.18672199170124482 0.00625 0.1908713692946058 0.003125 0.2012448132780083 0 0.2033195020746888 0 0.22406639004149378
2 0.3734375 0.12240663900414937 0.3796875 0.13070539419087138 0.3828125 0.13070539419087138 0.3859375 0.13692946058091288 0.390625 0.13900414937759337 0.3890625 0.12240663900414937 0.384375 0.11825726141078838 0.3828125 0.11203319502074689 0.38125 0.11203319502074689 0.3734375 0.11410788381742738 0.3734375 0.12240663900414937
2 0.31875 0.16182572614107885 0.3171875 0.16597510373443983 0.3125 0.16804979253112035 0.328125 0.17012448132780084 0.3296875 0.17427385892116182 0.3484375 0.17427385892116182 0.3640625 0.17842323651452283 0.365625 0.1825726141078838 0.38125 0.18672199170124482 0.3859375 0.1887966804979253 0.3875 0.19294605809128632 0.4015625 0.1970954356846473 0.403125 0.2012448132780083 0.40625 0.2012448132780083 0.409375 0.1950207468879668 0.40625 0.19294605809128632 0.403125 0.17219917012448133 0.3984375 0.16804979253112035 0.396875 0.15975103734439833 0.390625 0.15145228215767634 0.353125 0.14937759336099585 0.3453125 0.15352697095435686 0.3390625 0.15352697095435686 0.3390625 0.15560165975103735 0.33125 0.15975103734439833 0.31875 0.16182572614107885
2 0.5765625 0.14315352697095435 0.571875 0.14937759336099585 0.5625 0.15352697095435686 0.5453125 0.17634854771784234 0.5359375 0.18464730290456433 0.5359375 0.19294605809128632 0.553125 0.1950207468879668 0.5640625 0.18464730290456433 0.5734375 0.1825726141078838 0.575 0.17842323651452283 0.58125 0.17427385892116182 0.5859375 0.17427385892116182 0.590625 0.16804979253112035 0.6125 0.16390041493775934 0.6140625 0.15975103734439833 0.64375 0.15560165975103735 0.64375 0.14937759336099585 0.640625 0.14522821576763487 0.6203125 0.13900414937759337 0.61875 0.13900414937759337 0.5890625 0.13900414937759337 0.5765625 0.14315352697095435
2 0.3734375 0.07468879668049792 0.3765625 0.07676348547717843 0.3765625 0.08713692946058091 0.3796875 0.0954356846473029 0.3796875 0.1016597510373444 0.384375 0.1078838174273859 0.3875 0.12240663900414937 0.390625 0.12448132780082988 0.39375 0.15145228215767634 0.396875 0.15352697095435686 0.4 0.16597510373443983 0.40625 0.17219917012448133 0.4078125 0.1887966804979253 0.4109375 0.1887966804979253 0.4203125 0.2033195020746888 0.4296875 0.2012448132780083 0.43125 0.1970954356846473 0.4375 0.1950207468879668 0.44375 0.18672199170124482 0.44375 0.16597510373443983 0.4390625 0.15975103734439833 0.4375 0.14315352697095435 0.4328125 0.13900414937759337 0.4328125 0.13278008298755187 0.4296875 0.12863070539419086 0.4296875 0.11410788381742738 0.421875 0.10580912863070539 0.421875 0.0995850622406639 0.4140625 0.09336099585062241 0.4125 0.08921161825726141 0.4078125 0.08713692946058091 0.3890625 0.06016597510373444 0.3796875 0.058091286307053944 0.3765625 0.06016597510373444 0.3765625 0.06224066390041494 0.3734375 0.06639004149377593 0.3734375 0.07468879668049792
2 0.403125 0 0.403125 0.002074688796680498 0.3984375 0.006224066390041493 0.396875 0.02074688796680498 0.39375 0.022821576763485476 0.39375 0.07053941908713693 0.396875 0.07261410788381743 0.396875 0.07883817427385892 0.390625 0.08091286307053942 0.3859375 0.08713692946058091 0.3796875 0.08713692946058091 0.3796875 0.0954356846473029 0.3828125 0.0975103734439834 0.3875 0.12033195020746888 0.390625 0.12240663900414937 0.39375 0.13070539419087138 0.39375 0.14107883817427386 0.396875 0.14315352697095435 0.39375 0.14730290456431536 0.396875 0.14937759336099585 0.4 0.15767634854771784 0.403125 0.15767634854771784 0.40625 0.16182572614107885 0.4078125 0.17012448132780084 0.4109375 0.17012448132780084 0.4125 0.17427385892116182 0.415625 0.17427385892116182 0.4203125 0.18049792531120332 0.4203125 0.18672199170124482 0.4234375 0.1887966804979253 0.425 0.1950207468879668 0.425 0.2033195020746888 0.4296875 0.2033195020746888 0.4328125 0.1970954356846473 0.4421875 0.19294605809128632 0.4484375 0.18464730290456433 0.4578125 0.1825726141078838 0.4734375 0.1887966804979253 0.4921875 0.21369294605809128 0.4984375 0.2157676348547718 0.50625 0.21161825726141079 0.509375 0.2053941908713693 0.5171875 0.2033195020746888 0.521875 0.1950207468879668 0.525 0.1950207468879668 0.53125 0.18672199170124482 0.534375 0.15352697095435686 0.5328125 0.15145228215767634 0.53125 0.09336099585062241 0.528125 0.0912863070539419 0.5265625 0.07261410788381743 0.521875 0.06639004149377593 0.5171875 0.043568464730290454 0.5078125 0.04149377593360996 0.503125 0.043568464730290454 0.5 0.04979253112033195 0.4953125 0.04979253112033195 0.49375 0.04771784232365145 0.496875 0.04564315352697095 0.4984375 0.022821576763485476 0.484375 0.004149377593360996 0.48125 0.004149377593360996 0.4796875 0 0.453125 0 0.4484375 0.006224066390041493 0.4484375 0.01037344398340249 0.44375 0.014522821576763486 0.4390625 0.004149377593360996 0.4328125 0.004149377593360996 0.43125 0 0.403125 0
2 0.51875 0.043568464730290454 0.51875 0.04979253112033195 0.521875 0.05394190871369295 0.521875 0.058091286307053944 0.525 0.058091286307053944 0.528125 0.05186721991701245 0.53125 0.05186721991701245 0.5359375 0.04564315352697095 0.5390625 0.04564315352697095 0.540625 0.03941908713692946 0.5390625 0.035269709543568464 0.521875 0.035269709543568464 0.521875 0.03734439834024896 0.515625 0.04149377593360996 0.51875 0.043568464730290454
2 0.54375 0.1078838174273859 0.5421875 0.11203319502074689 0.5359375 0.11410788381742738 0.5359375 0.17634854771784234 0.5390625 0.17634854771784234 0.54375 0.16804979253112035 0.5515625 0.16390041493775934 0.5515625 0.15975103734439833 0.5640625 0.14315352697095435 0.5796875 0.12863070539419086 0.5921875 0.11203319502074689 0.5921875 0.1078838174273859 0.5890625 0.10580912863070539 0.5875 0.10580912863070539 0.58125 0.1078838174273859 0.54375 0.1078838174273859