0 0.055062166962699825 0.059375 0.055062166962699825 0.065625 0.06216696269982238 0.071875 0.06571936056838366 0.078125 0.06394316163410302 0.0796875 0.04440497335701599 0.078125 0.03907637655417407 0.0796875 0.037300177619893425 0.084375 0.04262877442273535 0.1078125 0.046181172291296625 0.115625 0.05150976909413854 0.1203125 0.0497335701598579 0.13125 0.05328596802841918 0.1390625 0.05328596802841918 0.146875 0.0586145648312611 0.15 0.12255772646536411 0.1515625 0.12433392539964476 0.146875 0.11900532859680284 0.1359375 0.11900532859680284 0.13125 0.11545293072824156 0.1296875 0.11012433392539965 0.1171875 0.11012433392539965 0.1109375 0.10657193605683836 0.1046875 0.10657193605683836 0.0984375 0.10301953818827708 0.096875 0.0994671403197158 0.078125 0.0941385435168739 0.0703125 0.07815275310834814 0.0640625 0.07282415630550622 0.059375 0.07104795737122557 0.059375 0.056838365896980464 0.0578125 0.055062166962699825 0.059375
0 0.27708703374777977 0.0703125 0.27886323268206037 0.0828125 0.2877442273534636 0.090625 0.28596802841918295 0.0953125 0.28063943161634103 0.0953125 0.2753108348134991 0.090625 0.26287744227353466 0.0890625 0.24511545293072823 0.0921875 0.2433392539964476 0.0953125 0.23268206039076378 0.0984375 0.22202486678507993 0.10625 0.2202486678507993 0.115625 0.23268206039076378 0.1265625 0.24511545293072823 0.13125 0.2468916518650089 0.134375 0.25754884547069273 0.140625 0.26465364120781526 0.1421875 0.2664298401420959 0.1453125 0.27175843694493784 0.1453125 0.2824156305506217 0.1515625 0.30017761989342806 0.1671875 0.31261101243339257 0.1671875 0.325044404973357 0.1625 0.3321492007104796 0.1546875 0.3392539964476021 0.1328125 0.3428063943161634 0.13125 0.34458259325044405 0.121875 0.3481349911190053 0.1171875 0.34991119005328597 0.1078125 0.3552397868561279 0.103125 0.35701598579040855 0.0875 0.3463587921847247 0.084375 0.34458259325044405 0.08125 0.3268206039076377 0.0765625 0.3108348134991119 0.078125 0.2912966252220249 0.0671875 0.2895204262877442 0.0671875 0.28063943161634103 0.0671875 0.27708703374777977 0.0703125
6 0.7619893428063943 0.9203125 0.7673179396092362 0.925 0.7761989342806395 0.95 0.7797513321492007 0.9515625 0.7868561278863233 0.9734375 0.7921847246891652 0.978125 0.7992895204262878 0.996875 0.8028419182948491 0.9984375 0.8365896980461812 0.9984375 0.8365896980461812 0.9890625 0.8330373001776199 0.9875 0.8312611012433393 0.9765625 0.8241563055062167 0.9625 0.8206039076376554 0.9609375 0.8134991119005328 0.9359375 0.8099467140319716 0.934375 0.8046181172291297 0.9171875 0.8010657193605684 0.909375 0.7975133214920072 0.9078125 0.7975133214920072 0.9046875 0.7886323268206039 0.8953125 0.783303730017762 0.89375 0.7708703374777975 0.89375 0.7619893428063943 0.896875 0.7619893428063943 0.8984375 0.7602131438721137 0.915625 0.7619893428063943 0.9203125
2 0.8259325044404974 0.0546875 0.8206039076376554 0.059375 0.7939609236234458 0.0578125 0.7921847246891652 0.059375 0.7921847246891652 0.078125 0.7957371225577264 0.0875 0.7992895204262878 0.090625 0.8099467140319716 0.0890625 0.8134991119005328 0.090625 0.8206039076376554 0.0984375 0.822380106571936 0.1046875 0.8259325044404974 0.10625 0.8294849023090586 0.1125 0.8348134991119005 0.140625 0.8383658969804618 0.1421875 0.8383658969804618 0.1484375 0.8419182948490231 0.1515625 0.8472468916518651 0.1515625 0.8561278863232682 0.1421875 0.8650088809946714 0.1390625 0.8738898756660746 0.1390625 0.8774422735346359 0.1421875 0.8792184724689165 0.1484375 0.8845470692717584 0.1515625 0.8880994671403197 0.159375 0.8934280639431617 0.1828125 0.8969804618117229 0.184375 0.8969804618117229 0.190625 0.9040852575488455 0.1921875 0.9094138543516874 0.190625 0.91651865008881 0.1828125 0.9236234458259325 0.184375 0.9271758436944938 0.190625 0.9325044404973357 0.19375 0.9396092362344582 0.21875 0.9431616341030196 0.2203125 0.9431616341030196 0.234375 0.9396092362344582 0.2359375 0.9396092362344582 0.240625 0.9431616341030196 0.2421875 0.9431616341030196 0.2515625 0.9538188277087034 0.2515625 0.9733570159857904 0.234375 0.9857904085257548 0.2328125 0.9911190053285968 0.234375 0.9946714031971581 0.2453125 0.9982238010657194 0.240625 0.9964476021314387 0.2140625 0.9982238010657194 0.2125 0.9982238010657194 0.2015625 0.9946714031971581 0.19375 0.9946714031971581 0.1796875 0.9982238010657194 0.1734375 0.9982238010657194 0.153125 0.9946714031971581 0.146875 0.9893428063943162 0.1234375 0.9822380106571936 0.11875 0.9804618117229129 0.1109375 0.9769094138543517 0.1046875 0.9733570159857904 0.103125 0.9680284191829485 0.0921875 0.9644760213143873 0.0921875 0.955595026642984 0.0828125 0.9538188277087034 0.0640625 0.9502664298401421 0.065625 0.9431616341030196 0.075 0.9325044404973357 0.0609375 0.9200710479573713 0.05 0.9147424511545293 0.0484375 0.8987566607460036 0.05 0.8880994671403197 0.046875 0.866785079928952 0.046875 0.8632326820603907 0.05 0.8525754884547069 0.05 0.8383658969804618 0.046875 0.8365896980461812 0.046875 0.827708703374778 0.0484375 0.8259325044404974 0.0546875
2 0.40142095914742454 0.0125 0.3978685612788632 0.0125 0.3907637655417407 0.0203125 0.3907637655417407 0.0234375 0.3872113676731794 0.025 0.38010657193605685 0.0390625 0.3783303730017762 0.046875 0.3747779751332149 0.0484375 0.36767317939609234 0.0703125 0.3641207815275311 0.071875 0.35701598579040855 0.1046875 0.34991119005328597 0.1125 0.34458259325044405 0.134375 0.3410301953818828 0.1359375 0.33747779751332146 0.1421875 0.3321492007104796 0.1671875 0.3285968028419183 0.16875 0.3268206039076377 0.1734375 0.3197158081705151 0.1953125 0.3197158081705151 0.2015625 0.31616341030195383 0.203125 0.31616341030195383 0.2109375 0.3108348134991119 0.228125 0.30550621669627 0.2328125 0.2984014209591474 0.2703125 0.2984014209591474 0.3046875 0.30017761989342806 0.309375 0.2984014209591474 0.3109375 0.2984014209591474 0.3625 0.2966252220248668 0.3640625 0.2966252220248668 0.3859375 0.29307282415630553 0.3875 0.29307282415630553 0.4046875 0.30017761989342806 0.40625 0.3037300177619893 0.403125 0.3037300177619893 0.3984375 0.30728241563055064 0.396875 0.30728241563055064 0.390625 0.3108348134991119 0.3875 0.3108348134991119 0.38125 0.31438721136767317 0.375 0.31438721136767317 0.36875 0.3197158081705151 0.3640625 0.32326820603907636 0.3484375 0.3268206039076377 0.3421875 0.33037300177619894 0.340625 0.3339253996447602 0.328125 0.3463587921847247 0.309375 0.34991119005328597 0.2875 0.35346358792184723 0.2859375 0.35346358792184723 0.265625 0.34991119005328597 0.2640625 0.34991119005328597 0.2453125 0.35346358792184723 0.24375 0.35701598579040855 0.225 0.36767317939609234 0.2140625 0.37300177619893427 0.2140625 0.3747779751332149 0.2171875 0.38898756660746003 0.2203125 0.39431616341030196 0.2125 0.39431616341030196 0.203125 0.3978685612788632 0.1921875 0.40142095914742454 0.190625 0.40852575488454707 0.15 0.40852575488454707 0.1359375 0.41207815275310833 0.134375 0.41207815275310833 0.1109375 0.41563055062166965 0.1 0.41740674955595025 0.06875 0.42095914742451157 0.0515625 0.4191829484902309 0.0171875 0.41563055062166965 0.0125 0.41563055062166965 0.0078125 0.41207815275310833 0.00625 0.4103019538188277 0.00625 0.4049733570159858 0.0078125 0.40142095914742454 0.0125
2 0.13143872113676733 0.41875 0.13321492007104796 0.425 0.14031971580817051 0.43125 0.1438721136767318 0.43125 0.14564831261101244 0.434375 0.17406749555950266 0.4390625 0.17939609236234458 0.440625 0.1811722912966252 0.44375 0.20426287744227353 0.446875 0.21847246891651864 0.4453125 0.2202486678507993 0.446875 0.24866785079928952 0.446875 0.25044404973357015 0.4484375 0.27886323268206037 0.45 0.2841918294849023 0.446875 0.2824156305506217 0.440625 0.27886323268206037 0.4390625 0.27708703374777977 0.4328125 0.261101243339254 0.4203125 0.23978685612788633 0.4171875 0.1936056838365897 0.41875 0.16163410301953818 0.4140625 0.15985790408525755 0.4140625 0.1438721136767318 0.4140625 0.13143872113676733 0.41875
2 0 0.2078125 0.035523978685612786 0.209375 0.037300177619893425 0.2109375 0.07460035523978685 0.209375 0.0763765541740675 0.2109375 0.12078152753108348 0.2125 0.12966252220248667 0.2140625 0.13143872113676733 0.2171875 0.14742451154529307 0.21875 0.1492007104795737 0.2109375 0.14742451154529307 0.203125 0.1438721136767318 0.2 0.14209591474245115 0.190625 0.13854351687388988 0.1890625 0.1349911190053286 0.1828125 0.12966252220248667 0.1625 0.12433392539964476 0.1578125 0.09236234458259325 0.15625 0.0905861456483126 0.153125 0.05328596802841918 0.153125 0.03907637655417407 0.15 0.037300177619893425 0.15 0.007104795737122558 0.15 0 0.153125 0 0.2078125
2 0 0.6328125 0.037300177619893425 0.6296875 0.03907637655417407 0.6265625 0.046181172291296625 0.6234375 0.05150976909413854 0.6234375 0.0586145648312611 0.61875 0.06216696269982238 0.61875 0.06927175843694494 0.6125 0.07282415630550622 0.6125 0.07815275310834814 0.60625 0.0941385435168739 0.6 0.09769094138543517 0.5953125 0.11012433392539965 0.590625 0.11367673179396093 0.5859375 0.12966252220248667 0.578125 0.14564831261101244 0.5625 0.152753108348135 0.5578125 0.15630550621669628 0.5578125 0.16163410301953818 0.5515625 0.16518650088809947 0.5515625 0.1847246891651865 0.534375 0.19715808170515098 0.5296875 0.2024866785079929 0.5296875 0.20959147424511546 0.5234375 0.23090586145648312 0.515625 0.23268206039076378 0.5125 0.23623445825932504 0.5125 0.2433392539964476 0.5078125 0.2557726465364121 0.49375 0.26287744227353466 0.4890625 0.2682060390763766 0.4765625 0.27175843694493784 0.475 0.27353463587921845 0.4703125 0.27353463587921845 0.4671875 0.2664298401420959 0.4609375 0.2522202486678508 0.4625 0.2522202486678508 0.4640625 0.23268206039076378 0.4703125 0.1811722912966252 0.471875 0.17406749555950266 0.4734375 0.17229129662522202 0.4765625 0.1669626998223801 0.478125 0.1438721136767318 0.4828125 0.1172291296625222 0.484375 0.11545293072824156 0.4875 0.10479573712255773 0.4921875 0.09591474245115453 0.5015625 0.08703374777975133 0.5046875 0.0852575488454707 0.5078125 0.0586145648312611 0.5140625 0.056838365896980464 0.5171875 0.03374777975133215 0.5234375 0.015985790408525755 0.534375 0.008880994671403197 0.5359375 0.007104795737122558 0.5390625 0 0.5421875 0 0.6328125
2 0.0763765541740675 0 0.0763765541740675 0.0015625 0.08170515097690942 0.025 0.0852575488454707 0.0265625 0.09236234458259325 0.0546875 0.09591474245115453 0.05625 0.09769094138543517 0.06875 0.10301953818827708 0.078125 0.10479573712255773 0.0953125 0.108348134991119 0.096875 0.11190053285968028 0.115625 0.1172291296625222 0.128125 0.12078152753108348 0.1296875 0.12255772646536411 0.1390625 0.1261101243339254 0.14375 0.12788632326820604 0.1578125 0.13143872113676733 0.159375 0.1349911190053286 0.178125 0.13854351687388988 0.1875 0.1438721136767318 0.190625 0.1438721136767318 0.196875 0.1492007104795737 0.2046875 0.15097690941385436 0.2140625 0.15630550621669628 0.21875 0.16341030195381884 0.23125 0.16873889875666073 0.234375 0.16873889875666073 0.2375 0.1847246891651865 0.259375 0.1847246891651865 0.2625 0.19005328596802842 0.265625 0.1989342806394316 0.29375 0.2024866785079929 0.2953125 0.20781527531083482 0.309375 0.2113676731793961 0.315625 0.216696269982238 0.31875 0.22202486678507993 0.33125 0.2255772646536412 0.3328125 0.2344582593250444 0.353125 0.24156305506216696 0.359375 0.2468916518650089 0.3734375 0.2539964476021314 0.3796875 0.25754884547069273 0.3875 0.261101243339254 0.3890625 0.26465364120781526 0.3984375 0.2682060390763766 0.4015625 0.2699822380106572 0.409375 0.27353463587921845 0.4109375 0.27353463587921845 0.4140625 0.27886323268206037 0.41875 0.2841918294849023 0.415625 0.2841918294849023 0.4046875 0.2824156305506217 0.3984375 0.27886323268206037 0.396875 0.27175843694493784 0.375 0.2682060390763766 0.3734375 0.26287744227353466 0.3609375 0.25932504440497334 0.3453125 0.2539964476021314 0.340625 0.24866785079928952 0.321875 0.24511545293072823 0.3203125 0.23623445825932504 0.290625 0.23268206039076378 0.2890625 0.2255772646536412 0.25625 0.2202486678507993 0.2515625 0.2202486678507993 0.2453125 0.21314387211367672 0.2296875 0.20959147424511546 0.228125 0.2024866785079929 0.1921875 0.19715808170515098 0.1875 0.1882770870337478 0.15625 0.1882770870337478 0.146875 0.1847246891651865 0.1453125 0.1847246891651865 0.1296875 0.17761989342806395 0.0921875 0.17406749555950266 0.090625 0.16873889875666073 0.065625 0.16518650088809947 0.05625 0.16163410301953818 0.0546875 0.16163410301953818 0.0484375 0.15808170515097691 0.04375 0.15452930728241562 0.028125 0.1492007104795737 0.0234375 0.14742451154529307 0.015625 0.14209591474245115 0.0046875 0.13854351687388988 0.003125 0.13854351687388988 0 0.0763765541740675 0
2 0.6571936056838366 0.040625 0.6518650088809946 0.05 0.650088809946714 0.059375 0.6447602131438721 0.0640625 0.6323268206039077 0.0546875 0.6092362344582594 0.053125 0.605683836589698 0.05625 0.5985790408525755 0.05625 0.5950266429840142 0.053125 0.5950266429840142 0.05 0.5896980461811723 0.046875 0.5825932504440497 0.0453125 0.5754884547069272 0.0484375 0.566607460035524 0.0671875 0.5630550621669627 0.06875 0.5595026642984015 0.084375 0.5541740674955595 0.090625 0.5488454706927176 0.0890625 0.5435168738898757 0.0828125 0.5435168738898757 0.0796875 0.5346358792184724 0.075 0.5328596802841918 0.071875 0.5257548845470693 0.0703125 0.522202486678508 0.071875 0.5133214920071048 0.08125 0.5097690941385435 0.1046875 0.5062166962699822 0.1109375 0.5026642984014209 0.1109375 0.49733570159857904 0.1046875 0.4937833037300178 0.1046875 0.48845470692717585 0.0984375 0.47957371225577267 0.096875 0.47602131438721135 0.0984375 0.4724689165186501 0.1015625 0.4724689165186501 0.10625 0.4689165186500888 0.1078125 0.46536412078152756 0.128125 0.46003552397868563 0.1328125 0.44582593250444047 0.1328125 0.43872113676731794 0.1484375 0.4351687388987567 0.15 0.43161634103019536 0.1796875 0.4280639431616341 0.1859375 0.42095914742451157 0.190625 0.4103019538188277 0.1921875 0.4049733570159858 0.1953125 0.40319715808170514 0.203125 0.3996447602131439 0.2046875 0.3996447602131439 0.2296875 0.39431616341030196 0.2328125 0.3836589698046181 0.2234375 0.37122557726465366 0.2234375 0.36767317939609234 0.2265625 0.3641207815275311 0.2265625 0.35701598579040855 0.246875 0.35879218472468916 0.284375 0.3552397868561279 0.296875 0.35168738898756663 0.2984375 0.35168738898756663 0.3125 0.34991119005328597 0.3140625 0.35168738898756663 0.3328125 0.3552397868561279 0.334375 0.35701598579040855 0.3515625 0.33747779751332146 0.35625 0.33570159857904086 0.371875 0.33747779751332146 0.3765625 0.33570159857904086 0.3796875 0.33747779751332146 0.38125 0.33747779751332146 0.3921875 0.3410301953818828 0.3984375 0.34458259325044405 0.4 0.3463587921847247 0.409375 0.34991119005328597 0.415625 0.35701598579040855 0.4203125 0.3641207815275311 0.4359375 0.36767317939609234 0.4375 0.35879218472468916 0.45 0.3605683836589698 0.4765625 0.38543516873889877 0.5125 0.38010657193605685 0.5140625 0.3783303730017762 0.5171875 0.369449378330373 0.509375 0.36767317939609234 0.5046875 0.3623445825932504 0.5046875 0.35879218472468916 0.5203125 0.3552397868561279 0.5234375 0.35168738898756663 0.5234375 0.34458259325044405 0.5140625 0.3392539964476021 0.5140625 0.3321492007104796 0.509375 0.3285968028419183 0.509375 0.32149200710479575 0.5015625 0.3037300177619893 0.4984375 0.29307282415630553 0.5 0.2841918294849023 0.4984375 0.27708703374777977 0.503125 0.27353463587921845 0.5203125 0.2664298401420959 0.5203125 0.261101243339254 0.5171875 0.25932504440497334 0.51875 0.2468916518650089 0.51875 0.24156305506216696 0.521875 0.2344582593250444 0.521875 0.22735346358792186 0.525 0.22380106571936056 0.5296875 0.1989342806394316 0.5359375 0.19538188277087035 0.540625 0.18650088809946713 0.5421875 0.18294849023090587 0.5484375 0.17584369449378331 0.55 0.16518650088809947 0.5625 0.16163410301953818 0.5625 0.15630550621669628 0.56875 0.1492007104795737 0.5703125 0.14031971580817051 0.5765625 0.11900532859680284 0.5953125 0.11545293072824156 0.5953125 0.11190053285968028 0.6 0.09591474245115453 0.6078125 0.08703374777975133 0.6171875 0.08170515097690942 0.6171875 0.07460035523978685 0.6234375 0.06927175843694494 0.6234375 0.06039076376554174 0.63125 0.046181172291296625 0.6375 0.046181172291296625 0.6421875 0.0497335701598579 0.6421875 0.0586145648312611 0.65 0.0674955595026643 0.6546875 0.07815275310834814 0.65625 0.07992895204262877 0.6625 0.0763765541740675 0.665625 0.056838365896980464 0.6671875 0.05328596802841918 0.671875 0.04085257548845471 0.675 0.037300177619893425 0.68125 0.03374777975133215 0.6828125 0.04085257548845471 0.6890625 0.04440497335701599 0.6890625 0.046181172291296625 0.6921875 0.055062166962699825 0.69375 0.0586145648312611 0.696875 0.06394316163410302 0.696875 0.07282415630550622 0.7046875 0.09591474245115453 0.70625 0.10301953818827708 0.7046875 0.13143872113676733 0.709375 0.13676731793960922 0.709375 0.14209591474245115 0.70625 0.14564831261101244 0.709375 0.15630550621669628 0.709375 0.15808170515097691 0.7125 0.16873889875666073 0.7125 0.1705150976909414 0.709375 0.17406749555950266 0.709375 0.17584369449378331 0.7125 0.1811722912966252 0.7140625 0.2255772646536412 0.71875 0.22735346358792186 0.721875 0.2433392539964476 0.721875 0.24511545293072823 0.7234375 0.24866785079928952 0.721875 0.2557726465364121 0.725 0.26465364120781526 0.725 0.28596802841918295 0.7296875 0.2895204262877442 0.734375 0.30728241563055064 0.740625 0.3108348134991119 0.7453125 0.3268206039076377 0.75 0.3285968028419183 0.753125 0.3321492007104796 0.753125 0.3392539964476021 0.7578125 0.35346358792184723 0.7609375 0.35701598579040855 0.765625 0.38188277087033745 0.7703125 0.3836589698046181 0.7734375 0.3925399644760213 0.7734375 0.3960923623445826 0.7765625 0.40142095914742454 0.7765625 0.4049733570159858 0.7796875 0.413854351687389 0.78125 0.41563055062166965 0.784375 0.4227353463587922 0.7875 0.44404973357015987 0.7921875 0.44582593250444047 0.7953125 0.4547069271758437 0.7984375 0.46003552397868563 0.7984375 0.46714031971580816 0.8046875 0.477797513321492 0.8078125 0.5310834813499112 0.8125 0.5328596802841918 0.815625 0.5417406749555951 0.815625 0.5612788632326821 0.8203125 0.5719360568383659 0.81875 0.5737122557726465 0.8203125 0.6039076376554174 0.8203125 0.605683836589698 0.821875 0.6163410301953819 0.8203125 0.6216696269982238 0.821875 0.6234458259325044 0.825 0.6269982238010657 0.825 0.6305506216696269 0.821875 0.6323268206039077 0.825 0.6341030195381883 0.821875 0.6483126110124334 0.8203125 0.650088809946714 0.821875 0.6642984014209592 0.821875 0.6660746003552398 0.825 0.6731793960923623 0.825 0.6838365896980462 0.83125 0.6909413854351687 0.8390625 0.6962699822380106 0.840625 0.6998223801065719 0.846875 0.7211367673179396 0.865625 0.7282415630550622 0.8765625 0.7477797513321492 0.89375 0.7495559502664298 0.9 0.7584369449378331 0.90625 0.7637655417406749 0.9171875 0.7637655417406749 0.921875 0.7673179396092362 0.9234375 0.7690941385435168 0.9296875 0.7744227353463587 0.9359375 0.7761989342806395 0.94375 0.7815275310834814 0.9484375 0.7868561278863233 0.9625 0.7904085257548845 0.9640625 0.7939609236234458 0.9734375 0.7975133214920072 0.9765625 0.7992895204262878 0.990625 0.8081705150976909 0.9953125 0.8241563055062167 0.996875 0.8294849023090586 0.9953125 0.827708703374778 0.9921875 0.8294849023090586 0.9859375 0.8241563055062167 0.9765625 0.8241563055062167 0.971875 0.8206039076376554 0.9703125 0.8134991119005328 0.9484375 0.8063943161634103 0.94375 0.8010657193605684 0.921875 0.7957371225577264 0.91875 0.7939609236234458 0.9109375 0.7939609236234458 0.8953125 0.8010657193605684 0.890625 0.8099467140319716 0.8546875 0.8134991119005328 0.853125 0.8152753108348135 0.8484375 0.8170515097690941 0.834375 0.8241563055062167 0.828125 0.8330373001776199 0.815625 0.8330373001776199 0.8125 0.8383658969804618 0.809375 0.8436944937833037 0.796875 0.8472468916518651 0.7953125 0.8490230905861457 0.790625 0.8561278863232682 0.784375 0.8561278863232682 0.78125 0.8650088809946714 0.7734375 0.866785079928952 0.7671875 0.8756660746003553 0.759375 0.8774422735346359 0.7515625 0.8880994671403197 0.7453125 0.8880994671403197 0.740625 0.8916518650088809 0.7375 0.8969804618117229 0.7375 0.9005328596802842 0.734375 0.9076376554174067 0.7328125 0.9094138543516874 0.728125 0.911190053285968 0.7296875 0.9076376554174067 0.7171875 0.911190053285968 0.709375 0.9182948490230906 0.7078125 0.9236234458259325 0.7140625 0.9236234458259325 0.7171875 0.9325044404973357 0.7171875 0.9360568383658969 0.7203125 0.9378330373001776 0.728125 0.9413854351687388 0.728125 0.9538188277087034 0.71875 0.955595026642984 0.7140625 0.9538188277087034 0.7046875 0.955595026642984 0.703125 0.9449378330373002 0.703125 0.9502664298401421 0.7078125 0.9449378330373002 0.7109375 0.9378330373001776 0.70625 0.9360568383658969 0.7078125 0.9307282415630551 0.703125 0.9271758436944938 0.703125 0.9253996447602132 0.696875 0.9289520426287744 0.6921875 0.9325044404973357 0.6921875 0.9342806394316163 0.684375 0.9378330373001776 0.68125 0.9413854351687388 0.68125 0.9413854351687388 0.678125 0.9449378330373002 0.6765625 0.9449378330373002 0.66875 0.9484902309058615 0.665625 0.955595026642984 0.665625 0.9573712255772646 0.659375 0.9626998223801065 0.6546875 0.9662522202486679 0.65625 0.9698046181172292 0.6546875 0.9680284191829485 0.6515625 0.9733570159857904 0.6453125 0.9733570159857904 0.6390625 0.9786856127886323 0.634375 0.9786856127886323 0.6265625 0.9893428063943162 0.61875 0.9893428063943162 0.6125 0.9928952042628775 0.609375 0.9946714031971581 0.603125 0.9964476021314387 0.5640625 0.9982238010657194 0.5625 0.9964476021314387 0.5234375 0.9982238010657194 0.521875 0.9982238010657194 0.503125 0.9964476021314387 0.5 0.9982238010657194 0.4984375 0.9946714031971581 0.484375 0.9982238010657194 0.48125 0.9964476021314387 0.4625 0.9982238010657194 0.4578125 0.9964476021314387 0.45625 0.9946714031971581 0.421875 0.9982238010657194 0.40625 0.9982238010657194 0.39375 0.9946714031971581 0.3734375 0.9982238010657194 0.36875 0.9964476021314387 0.3640625 0.9982238010657194 0.3578125 0.9946714031971581 0.3546875 0.9982238010657194 0.3515625 0.9964476021314387 0.3296875 0.9982238010657194 0.328125 0.9982238010657194 0.3171875 0.9964476021314387 0.315625 0.9946714031971581 0.2625 0.9893428063943162 0.246875 0.9840142095914742 0.2421875 0.9786856127886323 0.2421875 0.9698046181172292 0.2453125 0.9413854351687388 0.2703125 0.9378330373001776 0.2703125 0.9307282415630551 0.28125 0.9253996447602132 0.2796875 0.9271758436944938 0.2671875 0.9307282415630551 0.265625 0.9325044404973357 0.259375 0.9325044404973357 0.246875 0.9342806394316163 0.2453125 0.9342806394316163 0.2203125 0.9307282415630551 0.203125 0.9271758436944938 0.2015625 0.9236234458259325 0.1921875 0.9200710479573713 0.190625 0.9058614564831261 0.1953125 0.8987566607460036 0.203125 0.8916518650088809 0.2015625 0.8845470692717584 0.1640625 0.8792184724689165 0.159375 0.8774422735346359 0.153125 0.872113676731794 0.146875 0.8579040852575488 0.1484375 0.8419182948490231 0.1625 0.8365896980461812 0.1609375 0.8365896980461812 0.15625 0.8330373001776199 0.1546875 0.8312611012433393 0.1390625 0.8259325044404974 0.121875 0.8241563055062167 0.1171875 0.8206039076376554 0.115625 0.8206039076376554 0.1109375 0.8152753108348135 0.1 0.8063943161634103 0.0984375 0.7921847246891652 0.1109375 0.7886323268206039 0.10625 0.7886323268206039 0.096875 0.7850799289520426 0.0953125 0.7850799289520426 0.0890625 0.7815275310834814 0.0859375 0.7761989342806395 0.0875 0.7690941385435168 0.096875 0.7637655417406749 0.1 0.7548845470692718 0.1296875 0.7548845470692718 0.1375 0.7513321492007105 0.1390625 0.7495559502664298 0.14375 0.7495559502664298 0.15625 0.7460035523978685 0.1578125 0.7442273534635879 0.15625 0.7442273534635879 0.14375 0.7495559502664298 0.1171875 0.7495559502664298 0.10625 0.7531083481349912 0.1046875 0.7531083481349912 0.071875 0.7495559502664298 0.0703125 0.7442273534635879 0.0578125 0.7371225577264654 0.05625 0.7229129662522202 0.0609375 0.7140319715808171 0.0734375 0.7051509769094139 0.0796875 0.7015985790408525 0.0765625 0.69449378330373 0.0484375 0.6785079928952042 0.034375 0.6767317939609236 0.034375 0.6678507992895204 0.034375 0.6571936056838366 0.040625
2 0.015985790408525755 0 0.015985790408525755 0.0015625 0.014209591474245116 0.0078125 0.010657193605683837 0.009375 0.010657193605683837 0.01875 0.0053285968028419185 0.0328125 0 0.0375 0 0.0484375 0.017761989342806393 0.0484375 0.02486678507992895 0.046875 0.03019538188277087 0.0421875 0.03197158081705151 0.0359375 0.037300177619893425 0.0328125 0.037300177619893425 0.0296875 0.04440497335701599 0.0203125 0.056838365896980464 0.0109375 0.0586145648312611 0.00625 0.06216696269982238 0.00625 0.06571936056838366 0.003125 0.06571936056838366 0 0.015985790408525755 0
2 0 0.790625 0.0053285968028419185 0.79375 0.0053285968028419185 0.796875 0.015985790408525755 0.803125 0.023090586145648313 0.81875 0.028419182948490232 0.821875 0.03197158081705151 0.83125 0.037300177619893425 0.834375 0.046181172291296625 0.8515625 0.046181172291296625 0.85625 0.0497335701598579 0.8578125 0.0586145648312611 0.8765625 0.06571936056838366 0.8828125 0.06927175843694494 0.8921875 0.07460035523978685 0.8953125 0.07815275310834814 0.9078125 0.08703374777975133 0.9140625 0.08703374777975133 0.9296875 0.0905861456483126 0.9390625 0.09769094138543517 0.9453125 0.10479573712255773 0.9671875 0.108348134991119 0.96875 0.11012433392539965 0.9796875 0.12255772646536411 0.9921875 0.12966252220248667 0.9953125 0.13143872113676733 0.9984375 0.2753108348134991 0.9984375 0.2753108348134991 0.9953125 0.25932504440497334 0.9828125 0.2539964476021314 0.98125 0.25044404973357015 0.9765625 0.2468916518650089 0.9765625 0.23978685612788633 0.971875 0.22380106571936056 0.9578125 0.21314387211367672 0.9515625 0.20959147424511546 0.9515625 0.20071047957371227 0.9375 0.19715808170515098 0.9375 0.1882770870337478 0.9296875 0.1847246891651865 0.9296875 0.18294849023090587 0.9265625 0.1705150976909414 0.921875 0.1669626998223801 0.9171875 0.15808170515097691 0.9140625 0.12966252220248667 0.8859375 0.11545293072824156 0.8765625 0.108348134991119 0.86875 0.108348134991119 0.865625 0.08880994671403197 0.85 0.08703374777975133 0.8453125 0.07815275310834814 0.8390625 0.0763765541740675 0.834375 0.04085257548845471 0.8046875 0.028419182948490232 0.7890625 0.021314387211367674 0.7859375 0.019538188277087035 0.78125 0.008880994671403197 0.771875 0 0.76875 0 0.7703125 0 0.790625