0 0.59375 0.6550868486352357 0.59375 0.6600496277915633 0.6 0.6625310173697271 0.6046875 0.6575682382133995 0.6046875 0.652605459057072 0.603125 0.652605459057072 0.5953125 0.652605459057072 0.59375 0.6550868486352357
0 0.6328125 0.5285359801488834 0.6375 0.5310173697270472 0.6453125 0.5235732009925558 0.6453125 0.5161290322580645 0.6390625 0.5136476426799007 0.6359375 0.5161290322580645 0.6359375 0.5186104218362283 0.6328125 0.5235732009925558 0.6328125 0.5285359801488834
0 0.02734375 0.5521091811414393 0.0125 0.01488833746898263
0 0.5265625 0.5086848635235732 0.521875 0.5086848635235732 0.51875 0.5136476426799007 0.5203125 0.5161290322580645 0.525 0.5161290322580645 0.5265625 0.5086848635235732
0 0.559375 0.6228287841191067 0.5640625 0.6228287841191067 0.5671875 0.6178660049627791 0.565625 0.6104218362282878 0.5609375 0.607940446650124 0.559375 0.6104218362282878 0.5578125 0.6203473945409429 0.559375 0.6228287841191067
0 0.5828125 0.5880893300248139 0.5828125 0.5806451612903226 0.578125 0.5806451612903226 0.5734375 0.5880893300248139 0.575 0.5880893300248139 0.58125 0.5905707196029777 0.5828125 0.5880893300248139
0 0.759375 0.49379652605459057 0.7609375 0.4913151364764268 0.7609375 0.47890818858560796 0.759375 0.47890818858560796 0.7515625 0.4913151364764268 0.759375 0.49379652605459057
0 0.04375 0.5508684863523573 0.034375 0.5508684863523573 0.03125 0.5558312655086849 0.03125 0.5607940446650124 0.0328125 0.5682382133995038 0.0359375 0.5707196029776674 0.0515625 0.5707196029776674 0.0578125 0.5607940446650124 0.053125 0.5508684863523573 0.0515625 0.5508684863523573 0.0453125 0.5483870967741935 0.04375 0.5508684863523573
0 0.2671875 0.4441687344913151 0.271875 0.4466501240694789 0.2734375 0.4392059553349876 0.271875 0.43672456575682383 0.2703125 0.43672456575682383 0.2671875 0.4392059553349876 0.2671875 0.4441687344913151
0 0.459375 0.8163771712158809 0.4625 0.8238213399503722 0.465625 0.8238213399503722 0.4703125 0.8163771712158809 0.4703125 0.8064516129032258 0.465625 0.7990074441687345 0.4640625 0.7990074441687345 0.459375 0.8039702233250621 0.459375 0.8163771712158809
0 0.5546875 0.8808933002481389 0.5671875 0.8808933002481389 0.5703125 0.8759305210918115 0.5703125 0.8684863523573201 0.5609375 0.8511166253101737 0.559375 0.8535980148883374 0.553125 0.8684863523573201 0.5546875 0.8808933002481389
0 0.65078125 0.7096774193548387 0.009375 0.01240694789081886
0 0.3390625 0.7667493796526055 0.0140625 0.02481389578163772
0 0.65 0.45905707196029777 0.0109375 0.01488833746898263
0 0.2421875 0.4491315136476427 0.246875 0.45161290322580644 0.2484375 0.44168734491315137 0.246875 0.4392059553349876 0.2453125 0.4392059553349876 0.2421875 0.44168734491315137 0.2421875 0.4491315136476427
0 0.83125 0.3325062034739454 0.8328125 0.3250620347394541 0.83125 0.3225806451612903 0.8296875 0.3225806451612903 0.825 0.33002481389578164 0.83125 0.3325062034739454
0 0.76875 0.2729528535980149 0.7703125 0.2679900744416873 0.76875 0.2655086848635236 0.7671875 0.2655086848635236 0.7640625 0.2704714640198511 0.76875 0.2729528535980149
0 0.2109375 0.4813895781637717 0.2125 0.48635235732009924 0.2171875 0.48635235732009924 0.2203125 0.4813895781637717 0.21875 0.4739454094292804 0.2171875 0.4739454094292804 0.2125 0.4739454094292804 0.2109375 0.4813895781637717
0 0.6578125 0.4094292803970223 0.6625 0.4143920595533499 0.665625 0.4094292803970223 0.665625 0.40198511166253104 0.6640625 0.40198511166253104 0.6578125 0.4044665012406948 0.6578125 0.4094292803970223
0 0.1828125 0.4913151364764268 0.1890625 0.4913151364764268 0.1921875 0.48635235732009924 0.190625 0.4813895781637717 0.1890625 0.4813895781637717 0.1828125 0.4838709677419355 0.1828125 0.4913151364764268
0 0.8546875 0.2630272952853598 0.859375 0.2655086848635236 0.8609375 0.25806451612903225 0.859375 0.2555831265508685 0.8578125 0.2555831265508685 0.8546875 0.25806451612903225 0.8546875 0.2630272952853598
0 0.703125 0.4913151364764268 0.709375 0.4913151364764268 0.7109375 0.48883374689826303 0.7109375 0.47890818858560796 0.709375 0.47642679900744417 0.703125 0.47642679900744417 0.703125 0.47890818858560796 0.7 0.48635235732009924 0.703125 0.4913151364764268
0 0.609375 0.38957816377171217 0.609375 0.38461538461538464 0.6046875 0.38461538461538464 0.6046875 0.3870967741935484 0.60625 0.3920595533498759 0.609375 0.38957816377171217
0 0.6359375 0.5483870967741935 0.640625 0.5508684863523573 0.6453125 0.5459057071960298 0.6453125 0.5384615384615384 0.640625 0.5359801488833746 0.6390625 0.5384615384615384 0.634375 0.5409429280397022 0.6359375 0.5483870967741935
0 0.640625 0.47146401985111663 0.6453125 0.4739454094292804 0.6484375 0.46898263027295284 0.6484375 0.4640198511166253 0.640625 0.46153846153846156 0.640625 0.4640198511166253 0.6390625 0.4665012406947891 0.640625 0.47146401985111663
0 0.7984375 0.38957816377171217 0.8 0.38213399503722084 0.7984375 0.37965260545905705 0.790625 0.37965260545905705 0.790625 0.38213399503722084 0.790625 0.3870967741935484 0.7984375 0.38957816377171217
2 0.5765625 0.7965260545905707 0.584375 0.8064516129032258 0.5890625 0.8188585607940446 0.5953125 0.8238213399503722 0.603125 0.8188585607940446 0.603125 0.8064516129032258 0.6015625 0.8039702233250621 0.6078125 0.7890818858560794 0.6078125 0.7766749379652605 0.603125 0.7667493796526055 0.5890625 0.7667493796526055 0.578125 0.771712158808933 0.578125 0.7741935483870968 0.5765625 0.7791563275434243 0.5765625 0.7965260545905707
2 0.52265625 0.7729528535980149 0.0359375 0.04714640198511166
2 0.1484375 0.913151364764268 0.0296875 0.052109181141439205
2 0.4015625 0.8660049627791563 0.3953125 0.8784119106699751 0.39375 0.8933002481389578 0.390625 0.9007444168734491 0.38125 0.9156327543424317 0.3765625 0.9181141439205955 0.371875 0.9280397022332506 0.3734375 0.9330024813895782 0.3796875 0.9354838709677419 0.4109375 0.9354838709677419 0.4203125 0.9255583126550868 0.4203125 0.9156327543424317 0.4171875 0.913151364764268 0.415625 0.9156327543424317 0.4125 0.9106699751861043 0.4125 0.9057071960297767 0.434375 0.8709677419354839 0.4328125 0.8660049627791563 0.4234375 0.858560794044665 0.421875 0.858560794044665 0.4109375 0.858560794044665 0.4015625 0.8660049627791563
2 0.234375 0.8287841191066998 0.2265625 0.8337468982630273 0.2171875 0.8461538461538461 0.2171875 0.8560794044665012 0.221875 0.8635235732009926 0.2234375 0.8759305210918115 0.2328125 0.8784119106699751 0.2359375 0.8833746898263027 0.2484375 0.8858560794044665 0.2625 0.8784119106699751 0.26875 0.8610421836228288 0.2671875 0.8461538461538461 0.25625 0.8337468982630273 0.2546875 0.8337468982630273 0.2453125 0.8287841191066998 0.234375 0.8287841191066998
2 0.6109375 0.7791563275434243 0.6046875 0.8064516129032258 0.609375 0.8163771712158809 0.615625 0.8188585607940446 0.621875 0.8287841191066998 0.63125 0.8312655086848635 0.6453125 0.8163771712158809 0.646875 0.8114143920595533 0.646875 0.7915632754342432 0.640625 0.7791563275434243 0.6265625 0.7692307692307693 0.625 0.7692307692307693 0.6203125 0.7692307692307693 0.6109375 0.7791563275434243
2 0.2140625 0.9429280397022333 0.2109375 0.9528535980148883 0.2109375 0.9702233250620348 0.215625 0.9826302729528535 0.221875 0.9875930521091811 0.2296875 0.9875930521091811 0.2375 0.9801488833746899 0.240625 0.9727047146401985 0.240625 0.9553349875930521 0.228125 0.9330024813895782 0.2265625 0.9330024813895782 0.21875 0.9354838709677419 0.2140625 0.9429280397022333
2 0.45625 0.9503722084367245 0.459375 0.9627791563275434 0.459375 0.9851116625310173 0.4609375 0.9875930521091811 0.4734375 0.9875930521091811 0.4796875 0.9925558312655087 0.4890625 0.9801488833746899 0.490625 0.9627791563275434 0.484375 0.9503722084367245 0.4734375 0.9404466501240695 0.4703125 0.9404466501240695 0.4625 0.9305210918114144 0.4609375 0.9305210918114144 0.45625 0.9354838709677419 0.45625 0.9503722084367245
2 0.365625 0.7791563275434243 0.3734375 0.7741935483870968 0.375 0.7692307692307693 0.375 0.7543424317617866 0.3703125 0.7444168734491315 0.359375 0.7444168734491315 0.3546875 0.7468982630272953 0.3515625 0.7543424317617866 0.3515625 0.771712158808933 0.353125 0.771712158808933 0.359375 0.7791563275434243 0.365625 0.7791563275434243
2 0.1953125 0.8610421836228288 0.1890625 0.8784119106699751 0.1890625 0.8858560794044665 0.1953125 0.9081885856079405 0.19375 0.913151364764268 0.196875 0.9205955334987593 0.2046875 0.9230769230769231 0.2171875 0.9106699751861043 0.2234375 0.8957816377171216 0.2234375 0.8858560794044665 0.221875 0.8833746898263027 0.221875 0.8709677419354839 0.21875 0.8610421836228288 0.2125 0.8560794044665012 0.2109375 0.858560794044665 0.1984375 0.858560794044665 0.1953125 0.8610421836228288
2 0.340625 0.7146401985111662 0.3375 0.71712158808933 0.3375 0.7220843672456576 0.34375 0.7295285359801489 0.346875 0.739454094292804 0.353125 0.7419354838709677 0.3703125 0.7270471464019851 0.371875 0.7220843672456576 0.35625 0.6972704714640199 0.3546875 0.6972704714640199 0.34375 0.7047146401985112 0.340625 0.7146401985111662
2 0.3109375 0.9875930521091811 0.3109375 0.9975186104218362 0.346875 0.9975186104218362 0.3421875 0.9851116625310173 0.3421875 0.9801488833746899 0.3375 0.9727047146401985 0.3359375 0.9727047146401985 0.3140625 0.9776674937965261 0.3109375 0.9875930521091811
2 0.4296875 0.9454094292803971 0.4328125 0.9503722084367245 0.4375 0.9503722084367245 0.4421875 0.9553349875930521 0.4453125 0.9553349875930521 0.45 0.9478908188585607 0.45 0.9230769230769231 0.446875 0.9106699751861043 0.44375 0.9081885856079405 0.4421875 0.9106699751861043 0.4359375 0.9230769230769231 0.4296875 0.9454094292803971
2 0.08125 0.9652605459057072 0.0796875 0.9702233250620348 0.0796875 0.9950372208436724 0.08125 0.9975186104218362 0.1015625 0.9975186104218362 0.1171875 0.967741935483871 0.1109375 0.9652605459057072 0.1015625 0.9503722084367245 0.1 0.9503722084367245 0.0875 0.9553349875930521 0.08125 0.9652605459057072
2 0.596875 0.8436724565756824 0.6015625 0.858560794044665 0.60625 0.8660049627791563 0.6140625 0.8684863523573201 0.6234375 0.8560794044665012 0.6234375 0.8337468982630273 0.615625 0.8213399503722084 0.609375 0.8163771712158809 0.6078125 0.8163771712158809 0.5984375 0.826302729528536 0.596875 0.8436724565756824
2 0.490625 0.7791563275434243 0.4875 0.7816377171215881 0.478125 0.7965260545905707 0.4765625 0.8064516129032258 0.4828125 0.8163771712158809 0.490625 0.8163771712158809 0.5015625 0.826302729528536 0.50625 0.8213399503722084 0.509375 0.8114143920595533 0.509375 0.8014888337468983 0.5015625 0.7816377171215881 0.5 0.7816377171215881 0.4984375 0.7791563275434243 0.490625 0.7791563275434243
2 0.4109375 0.9702233250620348 0.41875 0.9751861042183623 0.43125 0.9751861042183623 0.45 0.9900744416873449 0.453125 0.9900744416873449 0.45625 0.9875930521091811 0.45625 0.9776674937965261 0.4453125 0.9578163771712159 0.425 0.9478908188585607 0.4234375 0.9478908188585607 0.4125 0.9503722084367245 0.4109375 0.9702233250620348
2 0.5390625 0.7593052109181141 0.540625 0.7791563275434243 0.5375 0.7841191066997518 0.5375 0.7915632754342432 0.553125 0.794044665012407 0.5609375 0.7890818858560794 0.56875 0.771712158808933 0.565625 0.7593052109181141 0.5578125 0.749379652605459 0.55625 0.749379652605459 0.5484375 0.749379652605459 0.5390625 0.7593052109181141
3 0.93125 0.09925558312655088 0.9265625 0.12158808933002481 0.921875 0.12903225806451613 0.9140625 0.1513647642679901 0.90625 0.16129032258064516 0.9046875 0.1687344913151365 0.8984375 0.17866004962779156 0.8953125 0.20595533498759305 0.890625 0.21339950372208435 0.8875 0.21339950372208435 0.884375 0.22084367245657568 0.8828125 0.23573200992555832 0.884375 0.23821339950372208 0.884375 0.24813895781637718 0.8796875 0.26054590570719605 0.875 0.2630272952853598 0.8703125 0.2704714640198511 0.8671875 0.2803970223325062 0.865625 0.3027295285359802 0.859375 0.31265508684863524 0.8578125 0.3250620347394541 0.8546875 0.32754342431761785 0.853125 0.3349875930521092 0.853125 0.34987593052109184 0.85625 0.3548387096774194 0.85 0.36724565756823824 0.85 0.3771712158808933 0.8453125 0.38957816377171217 0.8484375 0.3945409429280397 0.846875 0.42431761786600497 0.8359375 0.43424317617866004 0.8203125 0.4317617866004963 0.815625 0.44168734491315137 0.81875 0.4466501240694789 0.8203125 0.4640198511166253 0.8375 0.5136476426799007 0.8421875 0.5459057071960298 0.85 0.56575682382134 0.8515625 0.5880893300248139 0.8453125 0.5930521091811415 0.840625 0.5905707196029777 0.8171875 0.5930521091811415 0.815625 0.5905707196029777 0.8078125 0.5905707196029777 0.8046875 0.5930521091811415 0.803125 0.607940446650124 0.80625 0.6203473945409429 0.80625 0.6377171215880894 0.8078125 0.6426799007444168 0.80625 0.6476426799007444 0.8078125 0.652605459057072 0.7953125 0.6625310173697271 0.7890625 0.674937965260546 0.7890625 0.6799007444168734 0.79375 0.6873449131513648 0.7953125 0.6997518610421837 0.7984375 0.707196029776675 0.7921875 0.7146401985111662 0.7859375 0.7146401985111662 0.784375 0.71712158808933 0.765625 0.7146401985111662 0.7640625 0.71712158808933 0.7578125 0.71712158808933 0.7609375 0.7245657568238213 0.7578125 0.7295285359801489 0.7625 0.7369727047146402 0.7640625 0.7468982630272953 0.7703125 0.7543424317617866 0.7734375 0.7543424317617866 0.78125 0.7667493796526055 0.7828125 0.7766749379652605 0.7890625 0.7866004962779156 0.7890625 0.7915632754342432 0.78125 0.7990074441687345 0.7671875 0.7990074441687345 0.765625 0.7965260545905707 0.7609375 0.8014888337468983 0.75625 0.7965260545905707 0.759375 0.7915632754342432 0.75 0.794044665012407 0.7484375 0.7915632754342432 0.7453125 0.7990074441687345 0.7515625 0.8089330024813896 0.7515625 0.8287841191066998 0.7453125 0.8362282878411911 0.734375 0.8337468982630273 0.7296875 0.826302729528536 0.721875 0.8213399503722084 0.7203125 0.8138957816377171 0.7171875 0.8138957816377171 0.71875 0.8287841191066998 0.7171875 0.8312655086848635 0.7203125 0.8287841191066998 0.7265625 0.8362282878411911 0.728125 0.8486352357320099 0.7234375 0.8560794044665012 0.71875 0.8560794044665012 0.715625 0.8635235732009926 0.71875 0.8784119106699751 0.728125 0.8957816377171216 0.7265625 0.9354838709677419 0.728125 0.9404466501240695 0.7265625 0.9454094292803971 0.7328125 0.9578163771712159 0.7328125 0.967741935483871 0.7359375 0.9801488833746899 0.7359375 0.9950372208436724 0.740625 0.9975186104218362 0.8140625 0.9950372208436724 0.81875 0.9975186104218362 0.821875 0.9950372208436724 0.8234375 0.9975186104218362 0.859375 0.9975186104218362 0.8640625 0.9950372208436724 0.865625 0.9975186104218362 0.9859375 0.9975186104218362 0.9984375 0.9925558312655087 0.9984375 0.9230769230769231 0.996875 0.9205955334987593 0.996875 0.9106699751861043 0.9984375 0.9081885856079405 0.9984375 0.8238213399503722 0.996875 0.8163771712158809 0.9984375 0.8138957816377171 0.9984375 0.543424317617866 0.996875 0.5384615384615384 0.9984375 0.5359801488833746 0.9984375 0.48635235732009924 0.9953125 0.47642679900744417 0.9984375 0.4665012406947891 0.9984375 0.42431761786600497 0.996875 0.4218362282878412 0.9984375 0.41935483870967744 0.996875 0.4143920595533499 0.9984375 0.4119106699751861 0.9984375 0.37965260545905705 0.996875 0.3771712158808933 0.9984375 0.3746898263027295 0.9984375 0.3573200992555831 0.996875 0.3548387096774194 0.996875 0.33002481389578164 0.9984375 0.32754342431761785 0.9984375 0.3027295285359802 0.9953125 0.29528535980148884 0.9953125 0.27543424317617865 0.9984375 0.2729528535980149 0.9984375 0.2456575682382134 0.9953125 0.23325062034739455 0.9984375 0.23076923076923078 0.9984375 0.18610421836228289 0.9953125 0.1761786600496278 0.984375 0.17369727047146402 0.98125 0.1687344913151365 0.9828125 0.16129032258064516 0.98125 0.15632754342431762 0.975 0.1488833746898263 0.9703125 0.13647642679900746 0.9671875 0.13399503722084366 0.9625 0.12158808933002481 0.9546875 0.10918114143920596 0.953125 0.09925558312655088 0.94375 0.08933002481389578 0.9421875 0.08933002481389578 0.9375 0.08933002481389578 0.93125 0.09925558312655088