6 0.5015625 0.8286384976525821 0.4953125 0.8427230046948356 0.4953125 0.8474178403755869 0.4875 0.8591549295774648 0.4796875 0.8802816901408451 0.4796875 0.8896713615023474 0.4765625 0.8943661971830986 0.475 0.9084507042253521 0.4671875 0.931924882629108 0.4671875 0.9413145539906104 0.4640625 0.9460093896713615 0.459375 0.9671361502347418 0.45625 0.971830985915493 0.45625 0.9788732394366197 0.4515625 0.9929577464788732 0.453125 0.9976525821596244 0.48125 0.9976525821596244 0.484375 0.9929577464788732 0.4859375 0.9812206572769953 0.4890625 0.9765258215962441 0.490625 0.9577464788732394 0.49375 0.9530516431924883 0.49375 0.9460093896713615 0.5046875 0.9084507042253521 0.50625 0.8967136150234741 0.509375 0.8943661971830986 0.5125 0.8615023474178404 0.5171875 0.8474178403755869 0.51875 0.8286384976525821 0.5078125 0.8192488262910798 0.50625 0.8215962441314554 0.5015625 0.8215962441314554 0.5015625 0.8286384976525821
6 0.3671875 0.6056338028169014 0.3734375 0.6056338028169014 0.3796875 0.6009389671361502 0.3875 0.6009389671361502 0.396875 0.5892018779342723 0.4046875 0.5868544600938967 0.4078125 0.5821596244131455 0.4125 0.5821596244131455 0.421875 0.5751173708920188 0.43125 0.5751173708920188 0.4375 0.5704225352112676 0.4515625 0.5704225352112676 0.453125 0.568075117370892 0.46875 0.568075117370892 0.475 0.5633802816901409 0.4984375 0.5633802816901409 0.5125 0.5563380281690141 0.5140625 0.5516431924882629 0.5109375 0.5492957746478874 0.496875 0.5539906103286385 0.4265625 0.5563380281690141 0.4140625 0.5610328638497653 0.4109375 0.5657276995305164 0.4 0.5704225352112676 0.38125 0.5845070422535211 0.38125 0.5868544600938967 0.3671875 0.6009389671361502 0.3671875 0.6056338028169014
6 0.5609375 0.4061032863849765 0.55625 0.4131455399061033 0.55625 0.42488262910798125 0.5515625 0.45305164319248825 0.553125 0.4624413145539906 0.5640625 0.460093896713615 0.5640625 0.45305164319248825 0.56875 0.43896713615023475 0.571875 0.41784037558685444 0.575 0.4131455399061033 0.575 0.39906103286384975 0.5796875 0.3873239436619718 0.5796875 0.38028169014084506 0.5828125 0.3755868544600939 0.584375 0.3591549295774648 0.5875 0.3544600938967136 0.5875 0.34507042253521125 0.5921875 0.33568075117370894 0.5921875 0.33098591549295775 0.5953125 0.3286384976525822 0.5953125 0.3192488262910798 0.603125 0.2981220657276995 0.603125 0.2887323943661972 0.6046875 0.2863849765258216 0.6015625 0.28169014084507044 0.59375 0.2934272300469484 0.5890625 0.31690140845070425 0.584375 0.3286384976525822 0.584375 0.33568075117370894 0.58125 0.3403755868544601 0.5765625 0.36384976525821594 0.5734375 0.3685446009389671 0.5734375 0.3755868544600939 0.565625 0.3873239436619718 0.565625 0.38967136150234744 0.5609375 0.39906103286384975 0.5609375 0.4061032863849765
6 0.35 0.4154929577464789 0.375 0.4413145539906103 0.39375 0.47183098591549294 0.403125 0.4812206572769953 0.415625 0.48826291079812206 0.4171875 0.49295774647887325 0.4203125 0.49295774647887325 0.4234375 0.49765258215962443 0.43125 0.49765258215962443 0.434375 0.49295774647887325 0.4265625 0.4812206572769953 0.409375 0.47183098591549294 0.3984375 0.460093896713615 0.396875 0.45539906103286387 0.3921875 0.45305164319248825 0.3875 0.44366197183098594 0.378125 0.43661971830985913 0.3703125 0.42488262910798125 0.365625 0.4225352112676056 0.3640625 0.41784037558685444 0.3484375 0.40375586854460094 0.346875 0.4061032863849765 0.346875 0.4107981220657277 0.35 0.4154929577464789
6 0.559375 0.49295774647887325 0.5609375 0.5 0.5640625 0.5 0.5671875 0.49765258215962443 0.56875 0.49061032863849763 0.578125 0.4765258215962441 0.5875 0.4694835680751174 0.5890625 0.4647887323943662 0.6109375 0.45305164319248825 0.628125 0.4507042253521127 0.6296875 0.44366197183098594 0.6265625 0.43661971830985913 0.6125 0.43661971830985913 0.603125 0.4413145539906103 0.5953125 0.4413145539906103 0.578125 0.45305164319248825 0.5734375 0.460093896713615 0.5734375 0.4624413145539906 0.5703125 0.4647887323943662 0.559375 0.49295774647887325
6 0.5390625 0.3075117370892019 0.546875 0.3333333333333333 0.546875 0.34507042253521125 0.55 0.3544600938967136 0.55 0.3755868544600939 0.553125 0.3826291079812207 0.553125 0.4107981220657277 0.55625 0.4154929577464789 0.559375 0.4107981220657277 0.559375 0.3826291079812207 0.55625 0.36384976525821594 0.55625 0.3380281690140845 0.553125 0.33098591549295775 0.5515625 0.3192488262910798 0.54375 0.3028169014084507 0.54375 0.2981220657276995 0.5359375 0.28169014084507044 0.5328125 0.2793427230046948 0.5296875 0.2699530516431925 0.5265625 0.2676056338028169 0.525 0.2676056338028169 0.521875 0.27230046948356806 0.5390625 0.3075117370892019
6 0.5796875 0.2863849765258216 0.5703125 0.3286384976525822 0.5703125 0.33568075117370894 0.5671875 0.3427230046948357 0.565625 0.3685446009389671 0.5609375 0.3873239436619718 0.5609375 0.392018779342723 0.5640625 0.39436619718309857 0.5671875 0.38967136150234744 0.571875 0.3732394366197183 0.571875 0.36384976525821594 0.575 0.3591549295774648 0.575 0.3474178403755869 0.5796875 0.3333333333333333 0.5796875 0.31690140845070425 0.5828125 0.3051643192488263 0.5828125 0.29577464788732394 0.5875 0.28169014084507044 0.5875 0.27230046948356806 0.584375 0.2699530516431925 0.5828125 0.27230046948356806 0.5796875 0.27699530516431925 0.5796875 0.2863849765258216
6 0.35625 0.4084507042253521 0.3609375 0.4084507042253521 0.3671875 0.4154929577464789 0.3703125 0.4154929577464789 0.375 0.4225352112676056 0.3796875 0.4225352112676056 0.38125 0.4272300469483568 0.3875 0.4295774647887324 0.390625 0.43427230046948356 0.3953125 0.43427230046948356 0.396875 0.43896713615023475 0.403125 0.4413145539906103 0.4109375 0.4507042253521127 0.4265625 0.4624413145539906 0.4296875 0.4694835680751174 0.4390625 0.4765258215962441 0.440625 0.4812206572769953 0.453125 0.49295774647887325 0.4578125 0.48826291079812206 0.4578125 0.4835680751173709 0.4390625 0.45539906103286387 0.4359375 0.45539906103286387 0.4265625 0.44366197183098594 0.4125 0.43661971830985913 0.3859375 0.4131455399061033 0.378125 0.4107981220657277 0.3625 0.39906103286384975 0.359375 0.39906103286384975 0.35625 0.39436619718309857 0.3515625 0.39436619718309857 0.3484375 0.38967136150234744 0.3453125 0.38967136150234744 0.3453125 0.392018779342723 0.346875 0.39906103286384975 0.35625 0.4084507042253521
5 0 0 0 0.002347417840375587 0 0.014084507042253521 0.00625 0.014084507042253521 0.015625 0.02112676056338028 0.0203125 0.02112676056338028 0.0234375 0.025821596244131457 0.0296875 0.025821596244131457 0.0328125 0.03051643192488263 0.040625 0.03051643192488263 0.0484375 0.035211267605633804 0.059375 0.03286384976525822 0.06875 0.03755868544600939 0.0875 0.03755868544600939 0.0921875 0.03286384976525822 0.1 0.03286384976525822 0.1015625 0.03051643192488263 0.1296875 0.03286384976525822 0.13125 0.03051643192488263 0.140625 0.03051643192488263 0.15 0.035211267605633804 0.1515625 0.03286384976525822 0.165625 0.03286384976525822 0.1671875 0.03051643192488263 0.1921875 0.03051643192488263 0.1984375 0.03755868544600939 0.203125 0.03755868544600939 0.20625 0.04225352112676056 0.20625 0.046948356807511735 0.2 0.056338028169014086 0.190625 0.05868544600938967 0.1859375 0.06338028169014084 0.18125 0.07276995305164319 0.1859375 0.07276995305164319 0.19375 0.07981220657276995 0.2015625 0.07981220657276995 0.2109375 0.08450704225352113 0.25 0.08450704225352113 0.253125 0.08215962441314555 0.265625 0.09154929577464789 0.26875 0.09859154929577464 0.26875 0.107981220657277 0.2625 0.12206572769953052 0.2484375 0.11971830985915492 0.246875 0.12206572769953052 0.234375 0.12206572769953052 0.2296875 0.11737089201877934 0.221875 0.11737089201877934 0.21875 0.12206572769953052 0.2 0.12910798122065728 0.178125 0.12910798122065728 0.16875 0.12441314553990611 0.159375 0.1267605633802817 0.15625 0.12206572769953052 0.15625 0.11737089201877934 0.146875 0.11971830985915492 0.1453125 0.12441314553990611 0.1484375 0.13145539906103287 0.146875 0.13849765258215962 0.1328125 0.15023474178403756 0.128125 0.1572769953051643 0.128125 0.1643192488262911 0.1328125 0.1643192488262911 0.1390625 0.17136150234741784 0.1390625 0.176056338028169 0.1296875 0.18779342723004694 0.125 0.18779342723004694 0.1171875 0.19483568075117372 0.1125 0.19483568075117372 0.10625 0.20422535211267606 0.0984375 0.20657276995305165 0.0953125 0.2112676056338028 0.0890625 0.2112676056338028 0.0734375 0.2347417840375587 0.0578125 0.23708920187793428 0.05625 0.23943661971830985 0.0453125 0.23943661971830985 0.04375 0.24178403755868544 0.03125 0.24178403755868544 0.01875 0.24882629107981222 0.015625 0.2535211267605634 0.0109375 0.2535211267605634 0.003125 0.2605633802816901 0 0.2605633802816901 0 0.28169014084507044 0.009375 0.284037558685446 0.0109375 0.28169014084507044 0.0203125 0.28169014084507044 0.021875 0.284037558685446 0.01875 0.2863849765258216 0.0296875 0.2863849765258216 0.0359375 0.29577464788732394 0.0328125 0.3004694835680751 0.053125 0.3051643192488263 0.059375 0.31220657276995306 0.0625 0.3215962441314554 0.0609375 0.33568075117370894 0.0421875 0.36384976525821594 0.0390625 0.37089201877934275 0.040625 0.3755868544600939 0.04375 0.3755868544600939 0.0453125 0.38028169014084506 0.059375 0.3873239436619718 0.0625 0.392018779342723 0.0828125 0.392018779342723 0.0859375 0.3873239436619718 0.1 0.3779342723004695 0.10625 0.3873239436619718 0.0921875 0.4107981220657277 0.078125 0.4107981220657277 0.065625 0.4154929577464789 0.05 0.4131455399061033 0.04375 0.40375586854460094 0.0296875 0.39436619718309857 0.015625 0.39436619718309857 0.0109375 0.38967136150234744 0.003125 0.38967136150234744 0 0.39436619718309857 0 0.812206572769953 0.003125 0.8145539906103286 0.0234375 0.8145539906103286 0.025 0.8169014084507042 0.046875 0.8192488262910798 0.053125 0.8286384976525821 0.059375 0.8309859154929577 0.06875 0.8450704225352113 0.0703125 0.8544600938967136 0.0734375 0.8591549295774648 0.071875 0.8779342723004695 0.0609375 0.892018779342723 0.04375 0.8967136150234741 0.0375 0.903755868544601 0.0328125 0.903755868544601 0.0296875 0.9084507042253521 0.0125 0.9107981220657277 0.003125 0.9154929577464789 0.003125 0.9295774647887324 0 0.931924882629108 0 0.9929577464788732 0.003125 0.9953051643192489 0.1390625 0.9953051643192489 0.1453125 0.9929577464788732 0.146875 0.9953051643192489 0.1796875 0.9953051643192489 0.1828125 0.9929577464788732 0.184375 0.9953051643192489 0.4390625 0.9953051643192489 0.45 0.9765258215962441 0.4546875 0.9647887323943662 0.4546875 0.9577464788732394 0.4625 0.9413145539906104 0.4625 0.9342723004694836 0.465625 0.9295774647887324 0.4671875 0.9178403755868545 0.4734375 0.9014084507042254 0.4734375 0.8873239436619719 0.459375 0.8873239436619719 0.4515625 0.892018779342723 0.4359375 0.8849765258215962 0.43125 0.8802816901408451 0.4171875 0.8755868544600939 0.40625 0.8591549295774648 0.403125 0.8497652582159625 0.4 0.8474178403755869 0.396875 0.8215962441314554 0.3921875 0.8169014084507042 0.39375 0.7981220657276995 0.3921875 0.795774647887324 0.3875 0.7981220657276995 0.3625 0.7981220657276995 0.346875 0.7910798122065728 0.3421875 0.7793427230046949 0.3359375 0.7769953051643192 0.3296875 0.7676056338028169 0.3234375 0.7629107981220657 0.3203125 0.7535211267605634 0.3015625 0.7793427230046949 0.2703125 0.7816901408450704 0.26875 0.7793427230046949 0.2625 0.7793427230046949 0.2578125 0.7746478873239436 0.25 0.7723004694835681 0.2421875 0.7629107981220657 0.228125 0.7417840375586855 0.2203125 0.7206572769953051 0.2171875 0.7183098591549296 0.2140625 0.6854460093896714 0.2171875 0.6807511737089202 0.234375 0.6690140845070423 0.2375 0.6643192488262911 0.24375 0.6643192488262911 0.2625 0.6525821596244131 0.275 0.6408450704225352 0.2796875 0.6267605633802817 0.29375 0.6056338028169014 0.3203125 0.5868544600938967 0.340625 0.5633802816901409 0.3578125 0.5563380281690141 0.3609375 0.5516431924882629 0.3609375 0.5469483568075117 0.3640625 0.5446009389671361 0.3609375 0.5422535211267606 0.3390625 0.539906103286385 0.3296875 0.5352112676056338 0.325 0.528169014084507 0.3359375 0.5164319248826291 0.3484375 0.5164319248826291 0.340625 0.5093896713615024 0.334375 0.5117370892018779 0.3296875 0.5046948356807511 0.33125 0.5023474178403756 0.328125 0.49765258215962443 0.3296875 0.49295774647887325 0.334375 0.49061032863849763 0.3296875 0.48826291079812206 0.33125 0.4859154929577465 0.3375 0.4812206572769953 0.3421875 0.4812206572769953 0.3453125 0.4765258215962441 0.3484375 0.4812206572769953 0.35625 0.4812206572769953 0.359375 0.4859154929577465 0.359375 0.49061032863849763 0.36875 0.49295774647887325 0.371875 0.49765258215962443 0.3890625 0.5 0.3921875 0.4953051643192488 0.3921875 0.48826291079812206 0.3890625 0.4788732394366197 0.384375 0.47183098591549294 0.3765625 0.47183098591549294 0.36875 0.460093896713615 0.359375 0.460093896713615 0.3578125 0.45774647887323944 0.3609375 0.45305164319248825 0.3640625 0.45305164319248825 0.3640625 0.4507042253521127 0.3578125 0.44835680751173707 0.35625 0.44366197183098594 0.353125 0.4460093896713615 0.35 0.4413145539906103 0.35 0.43661971830985913 0.353125 0.431924882629108 0.35 0.431924882629108 0.34375 0.44835680751173707 0.34375 0.45305164319248825 0.340625 0.45774647887323944 0.3265625 0.47183098591549294 0.3234375 0.47183098591549294 0.3203125 0.4765258215962441 0.3015625 0.4765258215962441 0.2875 0.4671361502347418 0.28125 0.4671361502347418 0.271875 0.45539906103286387 0.26875 0.45539906103286387 0.2546875 0.43427230046948356 0.2546875 0.4295774647887324 0.246875 0.42488262910798125 0.2359375 0.4272300469483568 0.234375 0.42488262910798125 0.225 0.431924882629108 0.2265625 0.43896713615023475 0.21875 0.44835680751173707 0.2171875 0.45539906103286387 0.215625 0.4812206572769953 0.2234375 0.4812206572769953 0.2265625 0.4859154929577465 0.2234375 0.49061032863849763 0.21875 0.49061032863849763 0.215625 0.4953051643192488 0.1984375 0.4953051643192488 0.196875 0.49295774647887325 0.1984375 0.48826291079812206 0.196875 0.4835680751173709 0.1875 0.4835680751173709 0.1859375 0.48826291079812206 0.1875 0.49061032863849763 0.1875 0.5 0.190625 0.5046948356807511 0.1890625 0.5093896713615024 0.190625 0.5140845070422535 0.1859375 0.5211267605633803 0.1828125 0.5211267605633803 0.1703125 0.5117370892018779 0.1625 0.5 0.1609375 0.48826291079812206 0.178125 0.4624413145539906 0.1765625 0.39906103286384975 0.1828125 0.3873239436619718 0.2 0.36619718309859156 0.2046875 0.3568075117370892 0.20625 0.3427230046948357 0.21875 0.3286384976525822 0.2234375 0.3286384976525822 0.2296875 0.3215962441314554 0.2421875 0.3215962441314554 0.246875 0.31690140845070425 0.2609375 0.3145539906103286 0.2734375 0.3028169014084507 0.278125 0.3028169014084507 0.284375 0.2981220657276995 0.303125 0.29577464788732394 0.3046875 0.2981220657276995 0.3171875 0.2981220657276995 0.328125 0.3075117370892019 0.33125 0.3192488262910798 0.3359375 0.32629107981220656 0.3484375 0.3286384976525822 0.353125 0.31690140845070425 0.35625 0.31690140845070425 0.3578125 0.3004694835680751 0.35625 0.29577464788732394 0.3609375 0.2934272300469484 0.3640625 0.2981220657276995 0.365625 0.30985915492957744 0.3703125 0.31220657276995306 0.3734375 0.3215962441314554 0.371875 0.323943661971831 0.375 0.3286384976525822 0.375 0.33568075117370894 0.378125 0.3403755868544601 0.4015625 0.3591549295774648 0.4125 0.3568075117370892 0.4203125 0.34976525821596244 0.41875 0.3403755868544601 0.421875 0.33098591549295775 0.4296875 0.3192488262910798 0.4375 0.31690140845070425 0.44375 0.30985915492957744 0.453125 0.30985915492957744 0.465625 0.3051643192488263 0.4703125 0.2887323943661972 0.4640625 0.2863849765258216 0.453125 0.2746478873239437 0.4484375 0.2746478873239437 0.446875 0.2699530516431925 0.4421875 0.2699530516431925 0.4375 0.26291079812206575 0.434375 0.26291079812206575 0.4203125 0.24647887323943662 0.41875 0.24178403755868544 0.4140625 0.24178403755868544 0.3984375 0.22300469483568075 0.3984375 0.21830985915492956 0.39375 0.20657276995305165 0.4015625 0.19718309859154928 0.4078125 0.19718309859154928 0.4109375 0.19248826291079812 0.4109375 0.1807511737089202 0.4125 0.1784037558685446 0.4203125 0.18544600938967137 0.425 0.19483568075117372 0.425 0.20422535211267606 0.4296875 0.20892018779342722 0.4328125 0.20657276995305165 0.4328125 0.19953051643192488 0.4390625 0.18779342723004694 0.440625 0.19718309859154928 0.4453125 0.19953051643192488 0.4453125 0.20422535211267606 0.4546875 0.2112676056338028 0.475 0.2136150234741784 0.4765625 0.215962441314554 0.490625 0.215962441314554 0.4953125 0.22065727699530516 0.5015625 0.21830985915492956 0.503125 0.22535211267605634 0.509375 0.22535211267605634 0.5125 0.21830985915492956 0.5140625 0.22300469483568075 0.51875 0.215962441314554 0.5265625 0.2136150234741784 0.5328125 0.20422535211267606 0.5328125 0.19953051643192488 0.5359375 0.19718309859154928 0.540625 0.18309859154929578 0.5578125 0.1619718309859155 0.5734375 0.1619718309859155 0.58125 0.17136150234741784 0.584375 0.1807511737089202 0.5875 0.1807511737089202 0.590625 0.1784037558685446 0.5921875 0.16901408450704225 0.6015625 0.15492957746478872 0.6078125 0.15492957746478872 0.621875 0.14788732394366197 0.6265625 0.14788732394366197 0.628125 0.15492957746478872 0.6328125 0.1596244131455399 0.6328125 0.1643192488262911 0.6359375 0.16901408450704225 0.646875 0.1784037558685446 0.6765625 0.18309859154929578 0.690625 0.20892018779342722 0.69375 0.22065727699530516 0.6953125 0.24882629107981222 0.703125 0.24882629107981222 0.7015625 0.24413145539906103 0.703125 0.24178403755868544 0.709375 0.24178403755868544 0.7140625 0.2323943661971831 0.7359375 0.2323943661971831 0.7375 0.22769953051643194 0.746875 0.22065727699530516 0.7546875 0.20892018779342722 0.7609375 0.20422535211267606 0.771875 0.20657276995305165 0.775 0.20422535211267606 0.7859375 0.2112676056338028 0.825 0.2112676056338028 0.8265625 0.20892018779342722 0.85 0.20657276995305165 0.8515625 0.20892018779342722 0.8609375 0.20892018779342722 0.8703125 0.215962441314554 0.875 0.22300469483568075 0.8828125 0.2535211267605634 0.8828125 0.2605633802816901 0.8890625 0.2605633802816901 0.896875 0.2511737089201878 0.9046875 0.2511737089201878 0.9078125 0.24413145539906103 0.9109375 0.2323943661971831 0.909375 0.2112676056338028 0.9125 0.19718309859154928 0.9125 0.18544600938967137 0.91875 0.1619718309859155 0.91875 0.1431924882629108 0.915625 0.12910798122065728 0.9046875 0.11032863849765258 0.903125 0.10328638497652583 0.903125 0.07981220657276995 0.90625 0.07276995305164319 0.9171875 0.07042253521126761 0.93125 0.08215962441314555 0.934375 0.0892018779342723 0.9328125 0.09154929577464789 0.940625 0.10328638497652583 0.94375 0.12206572769953052 0.95625 0.1431924882629108 0.965625 0.14553990610328638 0.9671875 0.15023474178403756 0.984375 0.1619718309859155 0.9875 0.16666666666666666 0.9921875 0.1643192488262911 0.9953125 0.16666666666666666 0.9984375 0.1619718309859155 0.996875 0.12206572769953052 0.9984375 0.11971830985915492 0.9953125 0.11032863849765258 0.9984375 0.09154929577464789 0.996875 0.03286384976525822 0.9984375 0.03051643192488263 0.9984375 0.009389671361502348 0.9953125 0 0.95625 0 0.9515625 0.007042253521126761 0.9515625 0.011737089201877934 0.9453125 0.02112676056338028 0.940625 0.02112676056338028 0.940625 0.025821596244131457 0.9359375 0.03286384976525822 0.9296875 0.03051643192488263 0.9234375 0.035211267605633804 0.91875 0.035211267605633804 0.915625 0.03990610328638498 0.909375 0.03990610328638498 0.9046875 0.051643192488262914 0.8984375 0.03990610328638498 0.9 0.03286384976525822 0.89375 0.03051643192488263 0.8859375 0.018779342723004695 0.884375 0.007042253521126761 0.8875 0.004694835680751174 0.878125 0.004694835680751174 0.875 0 0.8609375 0 0.859375 0.002347417840375587 0.8578125 0 0.7796875 0 0.778125 0.002347417840375587 0.765625 0.002347417840375587 0.7640625 0 0.7515625 0 0.746875 0.004694835680751174 0.740625 0.004694835680751174 0.7390625 0 0.6859375 0 0.68125 0.004694835680751174 0.675 0.004694835680751174 0.6671875 0 0.6234375 0 0.6203125 0.004694835680751174 0.6046875 0.004694835680751174 0.6015625 0 0.484375 0 0.48125 0.004694835680751174 0.4671875 0.004694835680751174 0.465625 0 0.421875 0 0.41875 0.004694835680751174 0.4109375 0.002347417840375587 0.4046875 0.004694835680751174 0.4 0 0.3359375 0 0.334375 0.004694835680751174 0.3296875 0.004694835680751174 0.3265625 0 0.26875 0 0.265625 0.002347417840375587 0.2640625 0 0.2453125 0 0.24375 0.002347417840375587 0.2328125 0.002347417840375587 0.23125 0 0.21875 0 0.2171875 0.004694835680751174 0.171875 0.004694835680751174 0.16875 0 0.146875 0 0.1453125 0.004694835680751174 0.121875 0.002347417840375587 0.1203125 0.004694835680751174 0.1125 0.004694835680751174 0.1109375 0 0.1046875 0.002347417840375587 0.1015625 0 0.1 0.004694835680751174 0.0703125 0.004694835680751174 0.065625 0 0 0
2 0.8421875 0.2112676056338028 0.834375 0.215962441314554 0.8078125 0.215962441314554 0.80625 0.21830985915492956 0.79375 0.215962441314554 0.7890625 0.22300469483568075 0.7875 0.2511737089201878 0.7921875 0.2676056338028169 0.7921875 0.2746478873239437 0.796875 0.2863849765258216 0.803125 0.29107981220657275 0.809375 0.2863849765258216 0.8265625 0.284037558685446 0.8328125 0.2793427230046948 0.8453125 0.29107981220657275 0.853125 0.29107981220657275 0.859375 0.2793427230046948 0.865625 0.2793427230046948 0.8734375 0.27230046948356806 0.8765625 0.27230046948356806 0.8796875 0.2676056338028169 0.8796875 0.2535211267605634 0.8734375 0.22769953051643194 0.86875 0.21830985915492956 0.865625 0.215962441314554 0.8546875 0.215962441314554 0.853125 0.2136150234741784 0.8515625 0.2136150234741784 0.85 0.2112676056338028 0.8421875 0.2112676056338028
2 0.640625 0.19953051643192488 0.634375 0.20422535211267606 0.628125 0.20422535211267606 0.6234375 0.215962441314554 0.6234375 0.22065727699530516 0.628125 0.24178403755868544 0.6359375 0.25586854460093894 0.6359375 0.2605633802816901 0.646875 0.2863849765258216 0.6546875 0.2934272300469484 0.6671875 0.31220657276995306 0.6671875 0.3215962441314554 0.6703125 0.3215962441314554 0.6859375 0.3075117370892019 0.6875 0.2652582159624413 0.68125 0.2347417840375587 0.678125 0.2323943661971831 0.66875 0.20892018779342722 0.6609375 0.20187793427230047 0.659375 0.20187793427230047 0.6578125 0.19953051643192488 0.640625 0.19953051643192488
2 0.215625 0.3403755868544601 0.203125 0.3685446009389671 0.1828125 0.39436619718309857 0.1796875 0.40375586854460094 0.1796875 0.4413145539906103 0.1828125 0.44835680751173707 0.1828125 0.45539906103286387 0.196875 0.47417840375586856 0.2046875 0.4765258215962441 0.2078125 0.47417840375586856 0.2125 0.45305164319248825 0.2125 0.43661971830985913 0.2171875 0.4295774647887324 0.21875 0.42018779342723006 0.225 0.4107981220657277 0.23125 0.4084507042253521 0.23125 0.4014084507042254 0.234375 0.3967136150234742 0.2375 0.3967136150234742 0.2390625 0.392018779342723 0.2390625 0.3685446009389671 0.240625 0.36384976525821594 0.2484375 0.352112676056338 0.2546875 0.34976525821596244 0.2671875 0.3380281690140845 0.26875 0.3286384976525822 0.2671875 0.323943661971831 0.26875 0.3215962441314554 0.2671875 0.3192488262910798 0.259375 0.323943661971831 0.25 0.323943661971831 0.2421875 0.3286384976525822 0.228125 0.3286384976525822 0.225 0.33098591549295775 0.225 0.3333333333333333 0.2203125 0.3403755868544601 0.215625 0.3403755868544601
2 0.5484375 0.3145539906103286 0.553125 0.323943661971831 0.5578125 0.3568075117370892 0.5640625 0.3591549295774648 0.565625 0.34507042253521125 0.571875 0.32629107981220656 0.571875 0.31690140845070425 0.575 0.3075117370892019 0.575 0.29577464788732394 0.5703125 0.2934272300469484 0.56875 0.2934272300469484 0.54375 0.29577464788732394 0.5484375 0.3145539906103286
2 0.5625 0.20422535211267606 0.553125 0.215962441314554 0.5515625 0.22535211267605634 0.5578125 0.2347417840375587 0.559375 0.24413145539906103 0.5625 0.24882629107981222 0.56875 0.2511737089201878 0.5734375 0.26291079812206575 0.5796875 0.26291079812206575 0.5890625 0.27230046948356806 0.6 0.2746478873239437 0.6046875 0.27230046948356806 0.6109375 0.26291079812206575 0.6078125 0.23708920187793428 0.5984375 0.2112676056338028 0.584375 0.19483568075117372 0.5828125 0.19483568075117372 0.578125 0.19483568075117372 0.5625 0.20422535211267606
2 0.9046875 0.09859154929577464 0.90625 0.107981220657277 0.909375 0.11032863849765258 0.9140625 0.12441314553990611 0.9171875 0.1267605633802817 0.921875 0.14788732394366197 0.921875 0.1572769953051643 0.9328125 0.1619718309859155 0.9421875 0.17370892018779344 0.946875 0.176056338028169 0.95 0.17370892018779344 0.9515625 0.1643192488262911 0.9546875 0.1596244131455399 0.9546875 0.15258215962441316 0.94375 0.13615023474178403 0.9421875 0.12910798122065728 0.934375 0.11971830985915492 0.93125 0.11032863849765258 0.928125 0.107981220657277 0.9265625 0.09859154929577464 0.915625 0.07746478873239436 0.9140625 0.07746478873239436 0.90625 0.08215962441314555 0.9046875 0.09859154929577464
2 0.6078125 0.3004694835680751 0.60625 0.31690140845070425 0.6078125 0.32629107981220656 0.61875 0.3333333333333333 0.6265625 0.34507042253521125 0.634375 0.34507042253521125 0.6375 0.3427230046948357 0.640625 0.33098591549295775 0.640625 0.30985915492957744 0.6375 0.3004694835680751 0.634375 0.2981220657276995 0.634375 0.2934272300469484 0.6203125 0.2863849765258216 0.61875 0.2863849765258216 0.6125 0.29107981220657275 0.6078125 0.3004694835680751
2 0.428125 0.6338028169014085 0.415625 0.6338028169014085 0.4125 0.636150234741784 0.4015625 0.6549295774647887 0.3953125 0.6807511737089202 0.4015625 0.6971830985915493 0.4015625 0.7018779342723005 0.40625 0.7089201877934272 0.40625 0.7136150234741784 0.4125 0.7230046948356808 0.4171875 0.7253521126760564 0.421875 0.7347417840375586 0.4296875 0.7394366197183099 0.4453125 0.7394366197183099 0.446875 0.7370892018779343 0.4703125 0.7370892018779343 0.4765625 0.7347417840375586 0.4890625 0.7230046948356808 0.496875 0.7065727699530516 0.496875 0.6854460093896714 0.4890625 0.6666666666666666 0.48125 0.6549295774647887 0.4734375 0.6502347417840375 0.4671875 0.6384976525821596 0.4515625 0.636150234741784 0.446875 0.6314553990610329 0.4453125 0.6314553990610329 0.4375 0.6267605633802817 0.428125 0.6338028169014085
2 0.484375 0.4671361502347418 0.48125 0.47183098591549294 0.4765625 0.47183098591549294 0.46875 0.4788732394366197 0.4640625 0.4859154929577465 0.4640625 0.49061032863849763 0.459375 0.5023474178403756 0.459375 0.5187793427230047 0.4671875 0.5258215962441315 0.478125 0.5211267605633803 0.5015625 0.4953051643192488 0.5078125 0.4788732394366197 0.50625 0.47183098591549294 0.5046875 0.47183098591549294 0.4984375 0.4671361502347418 0.484375 0.4671361502347418
2 0.7 0.5305164319248826 0.6984375 0.5352112676056338 0.6984375 0.5586854460093896 0.7 0.5610328638497653 0.6984375 0.568075117370892 0.690625 0.5774647887323944 0.6859375 0.5774647887323944 0.6796875 0.5821596244131455 0.675 0.5892018779342723 0.675 0.596244131455399 0.678125 0.6009389671361502 0.6796875 0.6244131455399061 0.684375 0.6338028169014085 0.6828125 0.647887323943662 0.6984375 0.6643192488262911 0.7015625 0.6948356807511737 0.7078125 0.704225352112676 0.7234375 0.6995305164319249 0.734375 0.687793427230047 0.7390625 0.687793427230047 0.7515625 0.6995305164319249 0.7546875 0.6995305164319249 0.75625 0.704225352112676 0.759375 0.704225352112676 0.765625 0.7136150234741784 0.7765625 0.715962441314554 0.778125 0.7136150234741784 0.778125 0.6737089201877934 0.775 0.6643192488262911 0.775 0.6502347417840375 0.771875 0.6384976525821596 0.7625 0.6173708920187794 0.7640625 0.5938967136150235 0.7625 0.5915492957746479 0.7625 0.5727699530516432 0.7453125 0.5375586854460094 0.7375 0.5352112676056338 0.728125 0.5258215962441315 0.7203125 0.5258215962441315 0.71875 0.5234741784037559 0.7171875 0.5234741784037559 0.70625 0.5234741784037559 0.7 0.5305164319248826
2 0.66875 0.6549295774647887 0.640625 0.6572769953051644 0.6328125 0.6690140845070423 0.6359375 0.6737089201877934 0.6359375 0.6807511737089202 0.640625 0.687793427230047 0.65 0.6948356807511737 0.659375 0.7089201877934272 0.6671875 0.7276995305164319 0.6671875 0.7323943661971831 0.671875 0.7394366197183099 0.6796875 0.7394366197183099 0.6890625 0.7300469483568075 0.6953125 0.7136150234741784 0.696875 0.6830985915492958 0.690625 0.6713615023474179 0.6890625 0.6619718309859155 0.678125 0.6502347417840375 0.6765625 0.6502347417840375 0.671875 0.6502347417840375 0.66875 0.6549295774647887
2 0.346875 0.3685446009389671 0.346875 0.3732394366197183 0.365625 0.38028169014084506 0.3703125 0.38497652582159625 0.378125 0.3873239436619718 0.38125 0.392018779342723 0.3953125 0.392018779342723 0.396875 0.3873239436619718 0.396875 0.37089201877934275 0.3875 0.3544600938967136 0.384375 0.3544600938967136 0.3734375 0.34507042253521125 0.36875 0.3427230046948357 0.3421875 0.3427230046948357 0.3421875 0.34507042253521125 0.3421875 0.3591549295774648 0.346875 0.3685446009389671
2 0 0.37089201877934275 0.00625 0.3685446009389671 0.028125 0.3685446009389671 0.0328125 0.37089201877934275 0.034375 0.3685446009389671 0.0375 0.3615023474178404 0.0375 0.3544600938967136 0.040625 0.34976525821596244 0.040625 0.3427230046948357 0.04375 0.3380281690140845 0.040625 0.3333333333333333 0.040625 0.323943661971831 0.034375 0.31690140845070425 0.03125 0.31690140845070425 0.025 0.3075117370892019 0.01875 0.3051643192488263 0.0171875 0.3075117370892019 0.0140625 0.3075117370892019 0 0.3192488262910798 0 0.37089201877934275
2 0.75625 0.38967136150234744 0.7578125 0.392018779342723 0.7796875 0.392018779342723 0.7875 0.39906103286384975 0.7890625 0.40375586854460094 0.79375 0.4061032863849765 0.80625 0.40375586854460094 0.8125 0.4084507042253521 0.8265625 0.4107981220657277 0.83125 0.4154929577464789 0.840625 0.4154929577464789 0.846875 0.4084507042253521 0.85 0.4084507042253521 0.85625 0.39906103286384975 0.8609375 0.38028169014084506 0.85625 0.37089201877934275 0.8421875 0.36384976525821594 0.78125 0.36619718309859156 0.775 0.36384976525821594 0.771875 0.3591549295774648 0.7640625 0.3591549295774648 0.7640625 0.3615023474178404 0.7578125 0.37089201877934275 0.75625 0.38967136150234744
2 0.6234375 0.7065727699530516 0.6203125 0.7230046948356808 0.6015625 0.7464788732394366 0.6015625 0.7582159624413145 0.60625 0.7699530516431925 0.615625 0.784037558685446 0.625 0.7887323943661971 0.6546875 0.7910798122065728 0.6625 0.7816901408450704 0.665625 0.7723004694835681 0.665625 0.7511737089201878 0.6671875 0.7488262910798122 0.665625 0.7464788732394366 0.665625 0.7276995305164319 0.6578125 0.7089201877934272 0.6390625 0.6854460093896714 0.6328125 0.6854460093896714 0.6328125 0.687793427230047 0.63125 0.6948356807511737 0.6234375 0.7065727699530516
2 0.2875 0.6431924882629108 0.28125 0.6431924882629108 0.275 0.6502347417840375 0.271875 0.6502347417840375 0.2703125 0.6549295774647887 0.2625 0.6619718309859155 0.2328125 0.6737089201877934 0.2296875 0.6784037558685446 0.2265625 0.6784037558685446 0.21875 0.6854460093896714 0.2203125 0.7112676056338029 0.2328125 0.7417840375586855 0.240625 0.7535211267605634 0.2515625 0.7652582159624414 0.2546875 0.7652582159624414 0.25625 0.7699530516431925 0.26875 0.7746478873239436 0.278125 0.7746478873239436 0.2890625 0.7699530516431925 0.3 0.7723004694835681 0.303125 0.7699530516431925 0.3109375 0.755868544600939 0.3109375 0.7511737089201878 0.3140625 0.7464788732394366 0.3140625 0.7394366197183099 0.31875 0.7300469483568075 0.31875 0.7230046948356808 0.321875 0.7183098591549296 0.321875 0.7065727699530516 0.325 0.7018779342723005 0.3265625 0.6924882629107981 0.3265625 0.6830985915492958 0.33125 0.6666666666666666 0.340625 0.6455399061032864 0.3421875 0.636150234741784 0.340625 0.6314553990610329 0.334375 0.6314553990610329 0.3328125 0.636150234741784 0.31875 0.636150234741784 0.3171875 0.6314553990610329 0.315625 0.6314553990610329 0.2984375 0.6314553990610329 0.2875 0.6431924882629108
2 0.2734375 0.3145539906103286 0.275 0.323943661971831 0.271875 0.33098591549295775 0.271875 0.3380281690140845 0.2578125 0.352112676056338 0.2484375 0.3544600938967136 0.2421875 0.36384976525821594 0.240625 0.3967136150234742 0.2578125 0.4225352112676056 0.2609375 0.431924882629108 0.275 0.4507042253521127 0.303125 0.4671361502347418 0.31875 0.4671361502347418 0.328125 0.4624413145539906 0.340625 0.43661971830985913 0.34375 0.4225352112676056 0.3421875 0.3779342723004695 0.3453125 0.3732394366197183 0.3453125 0.3685446009389671 0.340625 0.3568075117370892 0.340625 0.3427230046948357 0.3328125 0.33098591549295775 0.3265625 0.32629107981220656 0.325 0.3145539906103286 0.3203125 0.31690140845070425 0.3140625 0.30985915492957744 0.3046875 0.30985915492957744 0.303125 0.3051643192488263 0.3015625 0.3051643192488263 0.2875 0.3051643192488263 0.2734375 0.3145539906103286
2 0.48125 0.33568075117370894 0.46875 0.3474178403755869 0.4640625 0.3568075117370892 0.4640625 0.3615023474178404 0.4703125 0.37089201877934275 0.459375 0.38967136150234744 0.459375 0.39436619718309857 0.46875 0.39436619718309857 0.484375 0.4014084507042254 0.490625 0.4014084507042254 0.5046875 0.3967136150234742 0.509375 0.38497652582159625 0.509375 0.38028169014084506 0.5125 0.3755868544600939 0.5203125 0.3779342723004695 0.525 0.38497652582159625 0.5375 0.3873239436619718 0.5453125 0.3755868544600939 0.54375 0.3544600938967136 0.53125 0.3427230046948357 0.5234375 0.3286384976525822 0.5140625 0.323943661971831 0.509375 0.31220657276995306 0.503125 0.31220657276995306 0.5015625 0.30985915492957744 0.5 0.30985915492957744 0.4875 0.3192488262910798 0.48125 0.33568075117370894
2 0.40625 0.5140845070422535 0.4015625 0.5258215962441315 0.40625 0.539906103286385 0.4125 0.5469483568075117 0.428125 0.5539906103286385 0.46875 0.5539906103286385 0.4734375 0.5563380281690141 0.48125 0.5516431924882629 0.48125 0.5446009389671361 0.4640625 0.528169014084507 0.4515625 0.5070422535211268 0.4484375 0.5070422535211268 0.440625 0.5 0.4390625 0.5 0.41875 0.5023474178403756 0.40625 0.5140845070422535
2 0.5609375 0.16666666666666666 0.5546875 0.17136150234741784 0.5390625 0.19718309859154928 0.5359375 0.2136150234741784 0.528125 0.2323943661971831 0.51875 0.24647887323943662 0.5203125 0.2511737089201878 0.51875 0.2535211267605634 0.51875 0.2652582159624413 0.5296875 0.2652582159624413 0.5359375 0.2605633802816901 0.5375 0.2535211267605634 0.54375 0.24413145539906103 0.5515625 0.23708920187793428 0.5546875 0.2300469483568075 0.553125 0.22065727699530516 0.559375 0.20892018779342722 0.5671875 0.20187793427230047 0.58125 0.19718309859154928 0.5796875 0.18544600938967137 0.575 0.17136150234741784 0.571875 0.16901408450704225 0.5703125 0.16901408450704225 0.56875 0.16666666666666666 0.5609375 0.16666666666666666
2 0.2078125 0.40375586854460094 0.196875 0.4107981220657277 0.1828125 0.40375586854460094 0.1796875 0.4061032863849765 0.1796875 0.4154929577464789 0.178125 0.41784037558685444 0.178125 0.431924882629108 0.1796875 0.43427230046948356 0.1796875 0.44366197183098594 0.1828125 0.4507042253521127 0.1828125 0.45774647887323944 0.19375 0.4694835680751174 0.1953125 0.47417840375586856 0.20625 0.4765258215962441 0.209375 0.47183098591549294 0.2125 0.45774647887323944 0.2125 0.43661971830985913 0.215625 0.431924882629108 0.2171875 0.4107981220657277 0.21875 0.4084507042253521 0.2171875 0.39906103286384975 0.215625 0.39906103286384975 0.2109375 0.39906103286384975 0.2078125 0.40375586854460094
2 0.353125 0.5657276995305164 0.3484375 0.5657276995305164 0.3453125 0.5704225352112676 0.3421875 0.5704225352112676 0.334375 0.5774647887323944 0.3265625 0.5892018779342723 0.3234375 0.5892018779342723 0.3109375 0.6009389671361502 0.3046875 0.6032863849765259 0.3015625 0.607981220657277 0.2984375 0.607981220657277 0.284375 0.6291079812206573 0.2828125 0.636150234741784 0.2859375 0.6384976525821596 0.3 0.6267605633802817 0.3109375 0.6220657276995305 0.3265625 0.6244131455399061 0.328125 0.6220657276995305 0.340625 0.6220657276995305 0.3421875 0.6173708920187794 0.3453125 0.6173708920187794 0.3484375 0.6126760563380281 0.35 0.6009389671361502 0.35625 0.5892018779342723 0.3640625 0.5868544600938967 0.365625 0.5821596244131455 0.36875 0.5821596244131455 0.3765625 0.5727699530516432 0.3765625 0.568075117370892 0.371875 0.5610328638497653 0.3703125 0.5610328638497653 0.359375 0.5610328638497653 0.353125 0.5657276995305164
2 0.6265625 0.3591549295774648 0.6234375 0.3591549295774648 0.61875 0.36619718309859156 0.615625 0.392018779342723 0.6203125 0.40375586854460094 0.6203125 0.4107981220657277 0.6296875 0.4225352112676056 0.63125 0.4694835680751174 0.6390625 0.49061032863849763 0.640625 0.5023474178403756 0.646875 0.5117370892018779 0.646875 0.5211267605633803 0.6515625 0.528169014084507 0.6515625 0.5328638497652582 0.6546875 0.5352112676056338 0.65625 0.5446009389671361 0.6640625 0.5563380281690141 0.6765625 0.5586854460093896 0.6890625 0.539906103286385 0.6921875 0.5305164319248826 0.6921875 0.5117370892018779 0.6953125 0.5046948356807511 0.6984375 0.5046948356807511 0.703125 0.5117370892018779 0.7109375 0.5117370892018779 0.7125 0.5093896713615024 0.7140625 0.4953051643192488 0.7125 0.49295774647887325 0.7125 0.4835680751173709 0.7109375 0.4788732394366197 0.7046875 0.47417840375586856 0.7078125 0.4694835680751174 0.7 0.460093896713615 0.7 0.45539906103286387 0.696875 0.4507042253521127 0.696875 0.4460093896713615 0.69375 0.4413145539906103 0.69375 0.43661971830985913 0.6890625 0.42488262910798125 0.6765625 0.4084507042253521 0.6765625 0.4014084507042254 0.671875 0.38967136150234744 0.65625 0.3755868544600939 0.646875 0.3615023474178404 0.6453125 0.3544600938967136 0.6421875 0.352112676056338 0.640625 0.352112676056338 0.628125 0.3544600938967136 0.6265625 0.3591549295774648
2 0.425 0.4154929577464789 0.425 0.42018779342723006 0.4203125 0.431924882629108 0.421875 0.43896713615023475 0.4421875 0.45305164319248825 0.453125 0.47417840375586856 0.4578125 0.4788732394366197 0.4640625 0.4788732394366197 0.475 0.4694835680751174 0.4890625 0.4624413145539906 0.4984375 0.43896713615023475 0.496875 0.41784037558685444 0.4890625 0.4061032863849765 0.484375 0.4061032863849765 0.48125 0.4014084507042254 0.475 0.39906103286384975 0.4734375 0.39906103286384975 0.4375 0.4014084507042254 0.425 0.4154929577464789
2 0.4609375 0.3403755868544601 0.465625 0.34507042253521125 0.46875 0.34507042253521125 0.4765625 0.3380281690140845 0.4890625 0.3145539906103286 0.490625 0.3075117370892019 0.4984375 0.2981220657276995 0.5015625 0.2887323943661972 0.5171875 0.2699530516431925 0.51875 0.2652582159624413 0.5171875 0.25821596244131456 0.5203125 0.2535211267605634 0.5203125 0.24647887323943662 0.515625 0.24647887323943662 0.503125 0.25821596244131456 0.4984375 0.2652582159624413 0.4984375 0.2699530516431925 0.4875 0.2863849765258216 0.475 0.3004694835680751 0.4671875 0.3215962441314554 0.4640625 0.323943661971831 0.4640625 0.32629107981220656 0.4609375 0.33098591549295775 0.4609375 0.3403755868544601
2 0.959375 0.7863849765258216 0.9578125 0.7887323943661971 0.9609375 0.8075117370892019 0.971875 0.8262910798122066 0.9703125 0.8333333333333334 0.971875 0.8356807511737089 0.971875 0.852112676056338 0.9796875 0.8591549295774648 0.9921875 0.8615023474178404 0.99375 0.8544600938967136 0.990625 0.8497652582159625 0.9890625 0.8356807511737089 0.98125 0.8145539906103286 0.9765625 0.8075117370892019 0.975 0.8075117370892019 0.9703125 0.8051643192488263 0.959375 0.7863849765258216
2 0.809375 0.2934272300469484 0.7953125 0.29577464788732394 0.7953125 0.31220657276995306 0.796875 0.31690140845070425 0.80625 0.3286384976525822 0.8265625 0.3333333333333333 0.8328125 0.3380281690140845 0.853125 0.3403755868544601 0.8625 0.34507042253521125 0.865625 0.3403755868544601 0.8546875 0.30985915492957744 0.85625 0.3028169014084507 0.8359375 0.2863849765258216 0.834375 0.2863849765258216 0.8265625 0.2863849765258216 0.809375 0.2934272300469484
2 0.7109375 0.31690140845070425 0.7 0.31690140845070425 0.675 0.3380281690140845 0.671875 0.3427230046948357 0.6703125 0.36619718309859156 0.671875 0.3755868544600939 0.6796875 0.3873239436619718 0.6796875 0.392018779342723 0.6828125 0.3967136150234742 0.7234375 0.4014084507042254 0.7375 0.38497652582159625 0.7484375 0.3873239436619718 0.7515625 0.38497652582159625 0.7515625 0.37089201877934275 0.740625 0.3568075117370892 0.73125 0.33098591549295775 0.721875 0.3286384976525822 0.71875 0.323943661971831 0.7171875 0.323943661971831 0.715625 0.3192488262910798 0.7109375 0.31690140845070425
2 0.540625 0.19483568075117372 0.5359375 0.2136150234741784 0.5265625 0.23708920187793428 0.503125 0.25821596244131456 0.4984375 0.2652582159624413 0.4984375 0.2699530516431925 0.471875 0.3075117370892019 0.4625 0.33098591549295775 0.4625 0.3380281690140845 0.4671875 0.34507042253521125 0.478125 0.33568075117370894 0.4859375 0.31690140845070425 0.4890625 0.3145539906103286 0.490625 0.3075117370892019 0.4984375 0.2981220657276995 0.503125 0.2863849765258216 0.521875 0.2676056338028169 0.528125 0.2676056338028169 0.53125 0.26291079812206575 0.534375 0.26291079812206575 0.5390625 0.2511737089201878 0.5515625 0.23708920187793428 0.553125 0.2300469483568075 0.5515625 0.22300469483568075 0.5578125 0.20892018779342722 0.565625 0.20187793427230047 0.56875 0.20187793427230047 0.571875 0.19718309859154928 0.5796875 0.19718309859154928 0.5796875 0.18779342723004694 0.575 0.17136150234741784 0.56875 0.16666666666666666 0.5671875 0.16666666666666666 0.5546875 0.17136150234741784 0.540625 0.19483568075117372
2 0.5703125 0.5352112676056338 0.5671875 0.5305164319248826 0.55625 0.5305164319248826 0.5515625 0.5352112676056338 0.540625 0.5375586854460094 0.534375 0.5422535211267606 0.525 0.5539906103286385 0.521875 0.5539906103286385 0.515625 0.5610328638497653 0.5140625 0.568075117370892 0.5109375 0.5704225352112676 0.5078125 0.5774647887323944 0.50625 0.5915492957746479 0.4984375 0.6103286384976526 0.496875 0.6197183098591549 0.4984375 0.6408450704225352 0.50625 0.6525821596244131 0.528125 0.6549295774647887 0.5328125 0.6525821596244131 0.534375 0.6549295774647887 0.534375 0.6643192488262911 0.5390625 0.6737089201877934 0.5390625 0.6854460093896714 0.5421875 0.6924882629107981 0.5421875 0.704225352112676 0.5453125 0.7206572769953051 0.55 0.7300469483568075 0.553125 0.7300469483568075 0.559375 0.7394366197183099 0.5609375 0.7511737089201878 0.5625 0.7535211267605634 0.571875 0.7535211267605634 0.575 0.7605633802816901 0.5890625 0.7629107981220657 0.6015625 0.7370892018779343 0.60625 0.7370892018779343 0.61875 0.7206572769953051 0.61875 0.7112676056338029 0.6265625 0.6995305164319249 0.63125 0.6830985915492958 0.628125 0.6666666666666666 0.6328125 0.6502347417840375 0.640625 0.647887323943662 0.6515625 0.6525821596244131 0.6578125 0.647887323943662 0.66875 0.647887323943662 0.6734375 0.6455399061032864 0.6765625 0.636150234741784 0.671875 0.6103286384976526 0.671875 0.6009389671361502 0.6640625 0.5845070422535211 0.659375 0.57981220657277 0.6515625 0.5774647887323944 0.6390625 0.5610328638497653 0.63125 0.5586854460093896 0.6265625 0.5539906103286385 0.621875 0.5539906103286385 0.6171875 0.5492957746478874 0.60625 0.5469483568075117 0.6015625 0.5422535211267606 0.6 0.5422535211267606 0.5953125 0.5352112676056338 0.5703125 0.5352112676056338
2 0.509375 0.6971830985915493 0.4953125 0.7136150234741784 0.4875 0.7323943661971831 0.4875 0.744131455399061 0.490625 0.7511737089201878 0.490625 0.7582159624413145 0.4953125 0.7676056338028169 0.4953125 0.7723004694835681 0.4984375 0.7746478873239436 0.4984375 0.7816901408450704 0.50625 0.7981220657276995 0.5078125 0.8075117370892019 0.5109375 0.8145539906103286 0.521875 0.823943661971831 0.5359375 0.8169014084507042 0.54375 0.8075117370892019 0.5515625 0.7887323943661971 0.5515625 0.7746478873239436 0.5546875 0.7699530516431925 0.553125 0.7605633802816901 0.546875 0.7511737089201878 0.546875 0.7417840375586855 0.540625 0.7253521126760564 0.540625 0.7206572769953051 0.5375 0.715962441314554 0.5359375 0.704225352112676 0.534375 0.704225352112676 0.5234375 0.6971830985915493 0.509375 0.6971830985915493
2 0.5875 0.7816901408450704 0.58125 0.7910798122065728 0.5765625 0.8192488262910798 0.584375 0.8403755868544601 0.5890625 0.8474178403755869 0.596875 0.8474178403755869 0.6 0.852112676056338 0.6078125 0.852112676056338 0.6140625 0.8544600938967136 0.6171875 0.8591549295774648 0.6234375 0.8591549295774648 0.628125 0.8544600938967136 0.6390625 0.852112676056338 0.646875 0.8333333333333334 0.653125 0.8286384976525821 0.65625 0.8192488262910798 0.6546875 0.795774647887324 0.6203125 0.7910798122065728 0.6125 0.784037558685446 0.6 0.7629107981220657 0.5984375 0.7629107981220657 0.5890625 0.7723004694835681 0.5875 0.7816901408450704
2 0.3671875 0.607981220657277 0.3546875 0.6150234741784038 0.35 0.6267605633802817 0.346875 0.6291079812206573 0.346875 0.6338028169014085 0.34375 0.636150234741784 0.3421875 0.647887323943662 0.3328125 0.6713615023474179 0.33125 0.687793427230047 0.3265625 0.7018779342723005 0.3265625 0.7136150234741784 0.3203125 0.7276995305164319 0.3203125 0.7370892018779343 0.3265625 0.744131455399061 0.3265625 0.755868544600939 0.3328125 0.7605633802816901 0.3390625 0.7723004694835681 0.34375 0.7723004694835681 0.3515625 0.7863849765258216 0.3578125 0.7887323943661971 0.38125 0.7887323943661971 0.3953125 0.7793427230046949 0.4078125 0.7605633802816901 0.4171875 0.7394366197183099 0.39375 0.704225352112676 0.39375 0.6924882629107981 0.390625 0.6830985915492958 0.396875 0.6713615023474179 0.4 0.6549295774647887 0.403125 0.6525821596244131 0.4109375 0.6338028169014085 0.4109375 0.6291079812206573 0.403125 0.6150234741784038 0.4015625 0.6150234741784038 0.39375 0.607981220657277 0.3671875 0.607981220657277
2 0.459375 0.7488262910798122 0.44375 0.7511737089201878 0.421875 0.7652582159624414 0.4171875 0.7723004694835681 0.4140625 0.7723004694835681 0.4078125 0.7793427230046949 0.4046875 0.795774647887324 0.4015625 0.7981220657276995 0.4015625 0.8192488262910798 0.40625 0.8333333333333334 0.40625 0.8403755868544601 0.4125 0.8544600938967136 0.4234375 0.8708920187793427 0.4421875 0.8779342723004695 0.4453125 0.8826291079812206 0.45625 0.8826291079812206 0.459375 0.8779342723004695 0.4671875 0.8802816901408451 0.4765625 0.8685446009389671 0.48125 0.8661971830985915 0.4890625 0.852112676056338 0.49375 0.8356807511737089 0.49375 0.8145539906103286 0.490625 0.8004694835680751 0.4890625 0.7605633802816901 0.48125 0.7394366197183099 0.4796875 0.7394366197183099 0.471875 0.7394366197183099 0.459375 0.7488262910798122
2 0.7265625 0.4061032863849765 0.7265625 0.41784037558685444 0.7328125 0.4295774647887324 0.7359375 0.4413145539906103 0.734375 0.4647887323943662 0.7375 0.47417840375586856 0.740625 0.4765258215962441 0.7453125 0.49765258215962443 0.7578125 0.5164319248826291 0.7671875 0.5234741784037559 0.76875 0.528169014084507 0.78125 0.5305164319248826 0.79375 0.5211267605633803 0.809375 0.4812206572769953 0.809375 0.45539906103286387 0.80625 0.4413145539906103 0.803125 0.43661971830985913 0.8015625 0.42488262910798125 0.7984375 0.41784037558685444 0.78125 0.39436619718309857 0.7734375 0.39436619718309857 0.771875 0.392018779342723 0.7703125 0.39436619718309857 0.7484375 0.39436619718309857 0.74375 0.38967136150234744 0.7421875 0.38967136150234744 0.734375 0.392018779342723 0.7265625 0.4061032863849765
2 0.421875 0.5774647887323944 0.415625 0.57981220657277 0.4125 0.5845070422535211 0.40625 0.5845070422535211 0.403125 0.5892018779342723 0.4 0.5892018779342723 0.3953125 0.5985915492957746 0.4015625 0.6103286384976526 0.4140625 0.6244131455399061 0.428125 0.6244131455399061 0.434375 0.6220657276995305 0.4421875 0.607981220657277 0.440625 0.5915492957746479 0.4359375 0.57981220657277 0.434375 0.57981220657277 0.4328125 0.5774647887323944 0.421875 0.5774647887323944