1 0.4515625 0.5164319248826291 0.425 0.5516431924882629 0.4140625 0.5539906103286385 0.4109375 0.5727699530516432 0.4 0.5938967136150235 0.3859375 0.6126760563380281 0.3859375 0.6197183098591549 0.378125 0.636150234741784 0.378125 0.6431924882629108 0.371875 0.6502347417840375 0.36875 0.6690140845070423 0.365625 0.676056338028169 0.3671875 0.7065727699530516 0.3796875 0.7347417840375586 0.403125 0.7488262910798122 0.4265625 0.7746478873239436 0.4390625 0.784037558685446 0.45625 0.784037558685446 0.4609375 0.7793427230046949 0.475 0.7793427230046949 0.478125 0.7816901408450704 0.4796875 0.7793427230046949 0.4953125 0.7769953051643192 0.5015625 0.7723004694835681 0.5140625 0.7535211267605634 0.55 0.7323943661971831 0.5578125 0.7183098591549296 0.5578125 0.7136150234741784 0.5671875 0.6924882629107981 0.5796875 0.6690140845070423 0.5640625 0.6103286384976526 0.5453125 0.5821596244131455 0.5328125 0.568075117370892 0.5296875 0.568075117370892 0.521875 0.5539906103286385 0.515625 0.5492957746478874 0.4859375 0.5375586854460094 0.4796875 0.528169014084507 0.4765625 0.5187793427230047 0.4671875 0.5093896713615024 0.465625 0.5093896713615024 0.4609375 0.5093896713615024 0.4515625 0.5164319248826291
0 0.2015625 0.568075117370892 0.1875 0.5868544600938967 0.1859375 0.5938967136150235 0.18125 0.6009389671361502 0.178125 0.6150234741784038 0.178125 0.636150234741784 0.184375 0.6619718309859155 0.1875 0.6995305164319249 0.190625 0.7089201877934272 0.209375 0.7370892018779343 0.2171875 0.7370892018779343 0.234375 0.7253521126760564 0.2421875 0.7253521126760564 0.253125 0.7206572769953051 0.2703125 0.6948356807511737 0.271875 0.6854460093896714 0.2671875 0.6784037558685446 0.2625 0.6619718309859155 0.2640625 0.636150234741784 0.259375 0.6291079812206573 0.2578125 0.6150234741784038 0.23125 0.5868544600938967 0.2203125 0.568075117370892 0.2140625 0.5633802816901409 0.2125 0.5633802816901409 0.2078125 0.5633802816901409 0.2015625 0.568075117370892
6 0.4453125 0.8192488262910798 0.44375 0.8215962441314554 0.4421875 0.852112676056338 0.4328125 0.8967136150234741 0.4390625 0.8990610328638498 0.440625 0.8967136150234741 0.446875 0.8967136150234741 0.45 0.892018779342723 0.4578125 0.8450704225352113 0.4609375 0.8380281690140845 0.4640625 0.8192488262910798 0.4625 0.8192488262910798 0.4515625 0.8215962441314554 0.4453125 0.8192488262910798
2 0.1375 0.5774647887323944 0.1328125 0.5821596244131455 0.121875 0.6032863849765259 0.1015625 0.6197183098591549 0.0953125 0.636150234741784 0.0953125 0.6408450704225352 0.0875 0.6502347417840375 0.08125 0.6643192488262911 0.0796875 0.6784037558685446 0.0765625 0.6854460093896714 0.0765625 0.704225352112676 0.075 0.7065727699530516 0.0765625 0.7112676056338029 0.0703125 0.7183098591549296 0.071875 0.7206572769953051 0.071875 0.7347417840375586 0.0671875 0.7370892018779343 0.0671875 0.7394366197183099 0.084375 0.7488262910798122 0.09375 0.7582159624413145 0.1078125 0.7793427230046949 0.109375 0.7863849765258216 0.1171875 0.7863849765258216 0.15 0.7723004694835681 0.1703125 0.7582159624413145 0.1875 0.7511737089201878 0.19375 0.744131455399061 0.190625 0.7347417840375586 0.18125 0.7206572769953051 0.1671875 0.7065727699530516 0.1625 0.6971830985915493 0.165625 0.6924882629107981 0.171875 0.6924882629107981 0.1765625 0.6971830985915493 0.184375 0.6971830985915493 0.1828125 0.6643192488262911 0.1765625 0.6408450704225352 0.175 0.6150234741784038 0.1578125 0.5892018779342723 0.1515625 0.5751173708920188 0.15 0.5751173708920188 0.14375 0.5727699530516432 0.1375 0.5774647887323944
2 0.35625 0.7629107981220657 0.353125 0.7723004694835681 0.353125 0.7863849765258216 0.3515625 0.7887323943661971 0.353125 0.7910798122065728 0.35625 0.7910798122065728 0.3609375 0.784037558685446 0.3703125 0.7769953051643192 0.3765625 0.7769953051643192 0.378125 0.7746478873239436 0.3921875 0.7769953051643192 0.39375 0.7793427230046949 0.4234375 0.7793427230046949 0.4234375 0.7746478873239436 0.415625 0.7652582159624414 0.3984375 0.7511737089201878 0.39375 0.7511737089201878 0.3875 0.744131455399061 0.38125 0.744131455399061 0.3796875 0.7417840375586855 0.378125 0.744131455399061 0.3640625 0.7511737089201878 0.35625 0.7629107981220657
2 0.465625 0.4765258215962441 0.465625 0.5046948356807511 0.478125 0.5211267605633803 0.4859375 0.5375586854460094 0.496875 0.5375586854460094 0.4984375 0.5352112676056338 0.4984375 0.5258215962441315 0.4921875 0.48826291079812206 0.4875 0.4788732394366197 0.4734375 0.4624413145539906 0.471875 0.4624413145539906 0.46875 0.4647887323943662 0.465625 0.4765258215962441
2 0.6 0 0.6 0.002347417840375587 0.6078125 0.018779342723004695 0.609375 0.03051643192488263 0.615625 0.046948356807511735 0.621875 0.051643192488262914 0.665625 0.0539906103286385 0.6734375 0.04460093896713615 0.69375 0.04460093896713615 0.6984375 0.04225352112676056 0.703125 0.03286384976525822 0.6984375 0.011737089201877934 0.7 0.004694835680751174 0.6984375 0 0.6 0
2 0.3765625 0.45539906103286387 0.378125 0.49765258215962443 0.3796875 0.5 0.3796875 0.5305164319248826 0.3859375 0.5633802816901409 0.390625 0.5704225352112676 0.3921875 0.57981220657277 0.396875 0.5892018779342723 0.4 0.5892018779342723 0.40625 0.5751173708920188 0.4109375 0.5704225352112676 0.409375 0.5586854460093896 0.4109375 0.5539906103286385 0.415625 0.5492957746478874 0.421875 0.5492957746478874 0.4328125 0.539906103286385 0.44375 0.5211267605633803 0.44375 0.5140845070422535 0.434375 0.49061032863849763 0.421875 0.47183098591549294 0.403125 0.45539906103286387 0.39375 0.4507042253521127 0.3921875 0.4507042253521127 0.3828125 0.44835680751173707 0.3765625 0.45539906103286387
2 0.29375 0.6596244131455399 0.2828125 0.6713615023474179 0.2796875 0.6784037558685446 0.2796875 0.6854460093896714 0.2875 0.6948356807511737 0.29375 0.6971830985915493 0.296875 0.7018779342723005 0.3 0.7018779342723005 0.3328125 0.7276995305164319 0.3359375 0.7276995305164319 0.3484375 0.7394366197183099 0.3625 0.7464788732394366 0.3703125 0.7464788732394366 0.3796875 0.7417840375586855 0.3796875 0.7394366197183099 0.3671875 0.7112676056338029 0.3609375 0.7018779342723005 0.3640625 0.6924882629107981 0.3625 0.6807511737089202 0.3640625 0.6784037558685446 0.3640625 0.6666666666666666 0.353125 0.6549295774647887 0.334375 0.6455399061032864 0.3328125 0.6455399061032864 0.31875 0.6455399061032864 0.29375 0.6596244131455399
2 0.328125 0.5422535211267606 0.3265625 0.5469483568075117 0.328125 0.5492957746478874 0.328125 0.5586854460093896 0.3265625 0.5610328638497653 0.3265625 0.5704225352112676 0.3203125 0.5868544600938967 0.3234375 0.6032863849765259 0.3359375 0.6338028169014085 0.34375 0.6384976525821596 0.359375 0.6549295774647887 0.3671875 0.6572769953051644 0.3828125 0.6197183098591549 0.384375 0.6032863849765259 0.359375 0.5610328638497653 0.35625 0.5492957746478874 0.334375 0.5117370892018779 0.3328125 0.5117370892018779 0.328125 0.5187793427230047 0.328125 0.5422535211267606
2 0.6015625 0.6666666666666666 0.5953125 0.6666666666666666 0.5859375 0.6737089201877934 0.578125 0.687793427230047 0.571875 0.6924882629107981 0.5703125 0.6995305164319249 0.5640625 0.7089201877934272 0.559375 0.7300469483568075 0.55625 0.7347417840375586 0.5578125 0.7370892018779343 0.55625 0.7417840375586855 0.559375 0.744131455399061 0.5625 0.7582159624413145 0.5546875 0.7676056338028169 0.5484375 0.7699530516431925 0.55 0.7723004694835681 0.5671875 0.7723004694835681 0.5921875 0.7511737089201878 0.6265625 0.7089201877934272 0.625 0.6971830985915493 0.628125 0.6924882629107981 0.628125 0.687793427230047 0.6140625 0.6666666666666666 0.6125 0.6666666666666666 0.603125 0.6643192488262911 0.6015625 0.6666666666666666
2 0.4359375 0.2652582159624413 0.4328125 0.2605633802816901 0.428125 0.2676056338028169 0.41875 0.2746478873239437 0.4109375 0.27699530516431925 0.4015625 0.284037558685446 0.396875 0.29107981220657275 0.4 0.3075117370892019 0.396875 0.31690140845070425 0.396875 0.34976525821596244 0.39375 0.3568075117370892 0.3828125 0.36619718309859156 0.3640625 0.36619718309859156 0.35625 0.3779342723004695 0.3484375 0.38028169014084506 0.3375 0.39906103286384975 0.328125 0.4295774647887324 0.3171875 0.45539906103286387 0.3140625 0.47417840375586856 0.3140625 0.5070422535211268 0.31875 0.5164319248826291 0.3109375 0.5234741784037559 0.3125 0.5258215962441315 0.3109375 0.5305164319248826 0.3140625 0.5352112676056338 0.3125 0.5516431924882629 0.315625 0.5586854460093896 0.3109375 0.5633802816901409 0.3140625 0.5751173708920188 0.3125 0.5774647887323944 0.3171875 0.5821596244131455 0.321875 0.5727699530516432 0.3203125 0.5563380281690141 0.321875 0.5492957746478874 0.31875 0.5422535211267606 0.3203125 0.5328638497652582 0.325 0.5234741784037559 0.325 0.5187793427230047 0.328125 0.5164319248826291 0.328125 0.5117370892018779 0.33125 0.5070422535211268 0.334375 0.5070422535211268 0.34375 0.5187793427230047 0.3515625 0.5375586854460094 0.3578125 0.5446009389671361 0.3625 0.5610328638497653 0.36875 0.568075117370892 0.38125 0.5915492957746479 0.384375 0.596244131455399 0.390625 0.596244131455399 0.3921875 0.5892018779342723 0.3796875 0.5492957746478874 0.3796875 0.539906103286385 0.3765625 0.5328638497652582 0.3765625 0.5187793427230047 0.375 0.5164319248826291 0.3765625 0.5093896713615024 0.3734375 0.5023474178403756 0.3734375 0.4624413145539906 0.371875 0.460093896713615 0.3734375 0.45305164319248825 0.378125 0.4460093896713615 0.3984375 0.44835680751173707 0.4109375 0.460093896713615 0.4203125 0.4647887323943662 0.4453125 0.5023474178403756 0.446875 0.5093896713615024 0.453125 0.5093896713615024 0.4625 0.5 0.4640625 0.4859154929577465 0.4625 0.4765258215962441 0.465625 0.47183098591549294 0.465625 0.4647887323943662 0.4703125 0.45774647887323944 0.475 0.460093896713615 0.484375 0.47417840375586856 0.490625 0.4765258215962441 0.4984375 0.4859154929577465 0.5 0.49061032863849763 0.496875 0.4953051643192488 0.496875 0.5046948356807511 0.5 0.5211267605633803 0.503125 0.5211267605633803 0.5125 0.5117370892018779 0.5140625 0.5046948356807511 0.5109375 0.4953051643192488 0.5015625 0.4835680751173709 0.503125 0.4788732394366197 0.5109375 0.4788732394366197 0.5265625 0.48826291079812206 0.5375 0.47417840375586856 0.54375 0.47183098591549294 0.5546875 0.460093896713615 0.56875 0.45305164319248825 0.578125 0.4225352112676056 0.5765625 0.39436619718309857 0.571875 0.3826291079812207 0.55625 0.3615023474178404 0.553125 0.3380281690140845 0.5484375 0.3286384976525822 0.5234375 0.323943661971831 0.515625 0.3075117370892019 0.515625 0.3028169014084507 0.5109375 0.29577464788732394 0.4984375 0.29107981220657275 0.484375 0.29577464788732394 0.4703125 0.3145539906103286 0.4609375 0.2934272300469484 0.453125 0.2863849765258216 0.4515625 0.2863849765258216 0.4421875 0.2863849765258216 0.4359375 0.2652582159624413
2 0 0.7394366197183099 0.00625 0.7394366197183099 0.0078125 0.7417840375586855 0.0171875 0.7417840375586855 0.025 0.7347417840375586 0.0390625 0.7300469483568075 0.0546875 0.7136150234741784 0.06875 0.7089201877934272 0.071875 0.704225352112676 0.071875 0.6854460093896714 0.0765625 0.6690140845070423 0.075 0.6596244131455399 0.0828125 0.6525821596244131 0.0890625 0.6408450704225352 0.0890625 0.636150234741784 0.0546875 0.6197183098591549 0.0359375 0.6173708920187794 0.0296875 0.6126760563380281 0 0.6103286384976526 0 0.6126760563380281 0 0.7394366197183099
2 0.2984375 0.5915492957746479 0.046875 0.14084507042253522
2 0.1953125 0.323943661971831 0.1640625 0.33568075117370894 0.1625 0.3380281690140845 0.1625 0.34976525821596244 0.1734375 0.3591549295774648 0.1609375 0.3732394366197183 0.1609375 0.38028169014084506 0.1703125 0.392018779342723 0.1765625 0.392018779342723 0.1796875 0.3967136150234742 0.18125 0.4154929577464789 0.1921875 0.42488262910798125 0.2078125 0.42018779342723006 0.221875 0.4107981220657277 0.2234375 0.4131455399061033 0.2234375 0.4295774647887324 0.2265625 0.431924882629108 0.246875 0.431924882629108 0.2546875 0.4272300469483568 0.2765625 0.4014084507042254 0.2921875 0.37089201877934275 0.3109375 0.3544600938967136 0.31875 0.3427230046948357 0.3265625 0.33568075117370894 0.3390625 0.31690140845070425 0.34375 0.3051643192488263 0.34375 0.3004694835680751 0.340625 0.29577464788732394 0.328125 0.29577464788732394 0.31875 0.29107981220657275 0.2703125 0.29107981220657275 0.2421875 0.3028169014084507 0.2171875 0.3215962441314554 0.2109375 0.3192488262910798 0.209375 0.3192488262910798 0.2015625 0.3192488262910798 0.1953125 0.323943661971831
2 0.4484375 0.7910798122065728 0.4390625 0.7910798122065728 0.425 0.795774647887324 0.421875 0.8004694835680751 0.4265625 0.8075117370892019 0.45 0.8192488262910798 0.4609375 0.8192488262910798 0.4734375 0.8075117370892019 0.478125 0.8075117370892019 0.4921875 0.823943661971831 0.49375 0.8286384976525821 0.5015625 0.8356807511737089 0.5109375 0.852112676056338 0.5140625 0.852112676056338 0.5234375 0.8333333333333334 0.5234375 0.8192488262910798 0.515625 0.8075117370892019 0.5 0.795774647887324 0.490625 0.7910798122065728 0.4796875 0.7910798122065728 0.471875 0.784037558685446 0.4703125 0.784037558685446 0.4640625 0.7816901408450704 0.4484375 0.7910798122065728
2 0.5125 0.7582159624413145 0.5015625 0.7793427230046949 0.5015625 0.784037558685446 0.5078125 0.784037558685446 0.5234375 0.7723004694835681 0.540625 0.7535211267605634 0.5453125 0.755868544600939 0.54375 0.7629107981220657 0.546875 0.7676056338028169 0.5546875 0.7652582159624414 0.559375 0.7582159624413145 0.559375 0.7511737089201878 0.5515625 0.7394366197183099 0.546875 0.7370892018779343 0.5453125 0.7370892018779343 0.534375 0.7417840375586855 0.5125 0.7582159624413145
2 0.03125 0 0.03125 0.002347417840375587 0.0296875 0.004694835680751174 0.0265625 0.002347417840375587 0.025 0.004694835680751174 0.015625 0.004694835680751174 0.0140625 0.014084507042253521 0.009375 0.014084507042253521 0 0.023474178403755867 0 0.07746478873239436 0.0046875 0.08215962441314555 0.0046875 0.0892018779342723 0.0078125 0.09624413145539906 0 0.10328638497652583 0 0.19953051643192488 0.0078125 0.20422535211267606 0.009375 0.20892018779342722 0.003125 0.22300469483568075 0 0.22535211267605634 0 0.24178403755868544 0.0125 0.2535211267605634 0.0484375 0.2746478873239437 0.05 0.28169014084507044 0.046875 0.2887323943661972 0.046875 0.2981220657276995 0.0453125 0.3004694835680751 0.05 0.30985915492957744 0.0625 0.31690140845070425 0.0734375 0.31690140845070425 0.08125 0.3215962441314554 0.0953125 0.323943661971831 0.1015625 0.3215962441314554 0.109375 0.3380281690140845 0.1203125 0.3403755868544601 0.1390625 0.3333333333333333 0.146875 0.3333333333333333 0.1515625 0.3286384976525822 0.1703125 0.3286384976525822 0.2078125 0.31220657276995306 0.2203125 0.3145539906103286 0.2375 0.3004694835680751 0.2453125 0.2981220657276995 0.2578125 0.2887323943661972 0.271875 0.284037558685446 0.28125 0.27699530516431925 0.2953125 0.2746478873239437 0.296875 0.27699530516431925 0.3125 0.2699530516431925 0.3359375 0.2676056338028169 0.340625 0.25586854460093894 0.3359375 0.24178403755868544 0.3171875 0.2136150234741784 0.3140625 0.20422535211267606 0.2890625 0.1784037558685446 0.28125 0.1643192488262911 0.2640625 0.15492957746478872 0.246875 0.12910798122065728 0.23125 0.11267605633802817 0.228125 0.11267605633802817 0.2234375 0.10328638497652583 0.2140625 0.09389671361502347 0.2078125 0.08215962441314555 0.1921875 0.06338028169014084 0.1796875 0.04460093896713615 0.1734375 0.02112676056338028 0.1625 0.004694835680751174 0.1421875 0.004694835680751174 0.140625 0.007042253521126761 0.1390625 0.004694835680751174 0.13125 0.004694835680751174 0.128125 0 0.0875 0 0.084375 0.002347417840375587 0.0828125 0 0.03125 0
2 0.2453125 0.5985915492957746 0.253125 0.6056338028169014 0.2625 0.6220657276995305 0.265625 0.6197183098591549 0.2640625 0.6126760563380281 0.265625 0.6103286384976526 0.2625 0.6032863849765259 0.2640625 0.6009389671361502 0.2640625 0.5915492957746479 0.2671875 0.5868544600938967 0.2671875 0.5704225352112676 0.2625 0.5563380281690141 0.2578125 0.5539906103286385 0.2578125 0.5563380281690141 0.246875 0.5774647887323944 0.2453125 0.5985915492957746
2 0.271875 0.5704225352112676 0.2640625 0.5892018779342723 0.2640625 0.5938967136150235 0.259375 0.6032863849765259 0.2609375 0.6220657276995305 0.265625 0.6291079812206573 0.265625 0.6431924882629108 0.2625 0.6525821596244131 0.2640625 0.6619718309859155 0.26875 0.6784037558685446 0.2734375 0.6830985915492958 0.2765625 0.6807511737089202 0.278125 0.6690140845070423 0.28125 0.6643192488262911 0.278125 0.6314553990610329 0.2765625 0.6291079812206573 0.2765625 0.6150234741784038 0.275 0.6126760563380281 0.2765625 0.6103286384976526 0.275 0.607981220657277 0.275 0.5915492957746479 0.2796875 0.57981220657277 0.2796875 0.5563380281690141 0.278125 0.5563380281690141 0.271875 0.5657276995305164 0.271875 0.5704225352112676
2 0.546875 0.47417840375586856 0.54375 0.47417840375586856 0.5359375 0.4812206572769953 0.515625 0.5117370892018779 0.509375 0.528169014084507 0.509375 0.539906103286385 0.5125 0.5446009389671361 0.5234375 0.5492957746478874 0.5328125 0.5633802816901409 0.5375 0.5657276995305164 0.559375 0.5985915492957746 0.571875 0.6056338028169014 0.590625 0.5751173708920188 0.5953125 0.5446009389671361 0.5953125 0.5258215962441315 0.5890625 0.4835680751173709 0.584375 0.47417840375586856 0.5796875 0.47417840375586856 0.5734375 0.4624413145539906 0.571875 0.4624413145539906 0.55 0.4694835680751174 0.546875 0.47417840375586856
2 0.21875 0.5657276995305164 0.2328125 0.5892018779342723 0.2421875 0.5985915492957746 0.24375 0.596244131455399 0.2390625 0.5727699530516432 0.23125 0.5610328638497653 0.2234375 0.539906103286385 0.215625 0.528169014084507 0.209375 0.5375586854460094 0.2109375 0.5446009389671361 0.209375 0.5469483568075117 0.2109375 0.5492957746478874 0.2109375 0.5610328638497653 0.21875 0.5657276995305164
2 0 0.8286384976525821 0.028125 0.8145539906103286 0.0359375 0.8145539906103286 0.0484375 0.8075117370892019 0.05625 0.8075117370892019 0.06875 0.8004694835680751 0.075 0.8004694835680751 0.0859375 0.7934272300469484 0.1 0.7910798122065728 0.10625 0.7863849765258216 0.10625 0.7816901408450704 0.0890625 0.755868544600939 0.071875 0.744131455399061 0.0609375 0.7417840375586855 0.05625 0.7347417840375586 0.04375 0.7323943661971831 0.0375 0.7370892018779343 0.0296875 0.7370892018779343 0.015625 0.7488262910798122 0.009375 0.744131455399061 0 0.744131455399061 0 0.7464788732394366 0 0.8286384976525821
2 0.0125 0 0.0125 0.002347417840375587 0.0046875 0.009389671361502348 0.00625 0.014084507042253521 0.003125 0.018779342723004695 0.003125 0.025821596244131457 0 0.028169014084507043 0 0.07981220657276995 0.003125 0.08215962441314555 0.003125 0.0892018779342723 0.00625 0.09624413145539906 0 0.10328638497652583 0 0.19953051643192488 0.0078125 0.20892018779342722 0.0078125 0.2136150234741784 0 0.22535211267605634 0 0.24178403755868544 0.025 0.26291079812206575 0.0484375 0.2746478873239437 0.05 0.284037558685446 0.046875 0.29107981220657275 0.046875 0.3028169014084507 0.053125 0.31220657276995306 0.0640625 0.31690140845070425 0.075 0.31690140845070425 0.0828125 0.3215962441314554 0.1015625 0.3215962441314554 0.1109375 0.3403755868544601 0.121875 0.3403755868544601 0.1375 0.3333333333333333 0.1453125 0.3333333333333333 0.15 0.3286384976525822 0.15625 0.3286384976525822 0.165625 0.3333333333333333 0.1765625 0.32629107981220656 0.1828125 0.32629107981220656 0.184375 0.33098591549295775 0.1828125 0.3333333333333333 0.1796875 0.3333333333333333 0.1765625 0.3380281690140845 0.1703125 0.3380281690140845 0.1671875 0.34507042253521125 0.16875 0.34976525821596244 0.1765625 0.3544600938967136 0.175 0.3591549295774648 0.1765625 0.3615023474178404 0.165625 0.38028169014084506 0.184375 0.39436619718309857 0.1828125 0.4107981220657277 0.184375 0.4154929577464789 0.1984375 0.42018779342723006 0.2046875 0.41784037558685444 0.2109375 0.4107981220657277 0.2234375 0.4084507042253521 0.2265625 0.4131455399061033 0.225 0.42018779342723006 0.228125 0.4295774647887324 0.2453125 0.4295774647887324 0.25625 0.42018779342723006 0.259375 0.42018779342723006 0.2734375 0.40375586854460094 0.2828125 0.3873239436619718 0.2921875 0.4014084507042254 0.3 0.4014084507042254 0.3109375 0.39436619718309857 0.3265625 0.38967136150234744 0.3328125 0.3826291079812207 0.3390625 0.352112676056338 0.3421875 0.34507042253521125 0.3515625 0.3568075117370892 0.359375 0.3615023474178404 0.378125 0.3615023474178404 0.3921875 0.3544600938967136 0.3953125 0.3333333333333333 0.39375 0.31690140845070425 0.3953125 0.3145539906103286 0.3953125 0.29577464788732394 0.3921875 0.2863849765258216 0.3953125 0.28169014084507044 0.3984375 0.28169014084507044 0.4109375 0.2699530516431925 0.41875 0.2676056338028169 0.4234375 0.26291079812206575 0.4265625 0.25821596244131456 0.4296875 0.23943661971830985 0.4328125 0.2347417840375587 0.44375 0.2347417840375587 0.4546875 0.22535211267605634 0.4578125 0.22535211267605634 0.4609375 0.22065727699530516 0.4640625 0.22065727699530516 0.4734375 0.20657276995305165 0.478125 0.19718309859154928 0.478125 0.19248826291079812 0.4828125 0.18544600938967137 0.5015625 0.18779342723004694 0.53125 0.176056338028169 0.53125 0.15258215962441316 0.528125 0.1431924882629108 0.53125 0.13849765258215962 0.5375 0.13849765258215962 0.546875 0.13380281690140844 0.55 0.1267605633802817 0.55 0.11971830985915492 0.553125 0.11502347417840375 0.5671875 0.11502347417840375 0.5796875 0.11032863849765258 0.578125 0.09624413145539906 0.565625 0.07276995305164319 0.59375 0.06103286384976526 0.6046875 0.046948356807511735 0.6046875 0.03990610328638498 0.6 0.01643192488262911 0.5890625 0.004694835680751174 0.5875 0 0.534375 0 0.53125 0.004694835680751174 0.5078125 0.004694835680751174 0.5046875 0 0.4796875 0 0.4765625 0.004694835680751174 0.4640625 0.004694835680751174 0.4609375 0 0.4359375 0 0.434375 0.004694835680751174 0.4171875 0.004694835680751174 0.415625 0 0.371875 0 0.3703125 0.004694835680751174 0.3640625 0.007042253521126761 0.3640625 0.035211267605633804 0.3625 0.03755868544600939 0.359375 0.03286384976525822 0.3609375 0.004694835680751174 0.359375 0 0.3015625 0 0.3 0.002347417840375587 0.2984375 0 0.275 0 0.2734375 0.004694835680751174 0.253125 0.004694835680751174 0.25 0 0.0125 0
2 0.3796875 0.3685446009389671 0.3640625 0.36619718309859156 0.359375 0.3685446009389671 0.3546875 0.3779342723004695 0.3453125 0.3826291079812207 0.340625 0.38967136150234744 0.3296875 0.41784037558685444 0.328125 0.4272300469483568 0.3203125 0.44366197183098594 0.3140625 0.4671361502347418 0.3125 0.5070422535211268 0.315625 0.5117370892018779 0.315625 0.5164319248826291 0.3109375 0.5211267605633803 0.3109375 0.5328638497652582 0.3125 0.5352112676056338 0.309375 0.5492957746478874 0.3125 0.5563380281690141 0.3109375 0.5586854460093896 0.3109375 0.5774647887323944 0.315625 0.5845070422535211 0.31875 0.5845070422535211 0.325 0.568075117370892 0.3234375 0.5469483568075117 0.3203125 0.5422535211267606 0.3203125 0.5352112676056338 0.3265625 0.5234741784037559 0.328125 0.5140845070422535 0.33125 0.5093896713615024 0.3359375 0.5093896713615024 0.3578125 0.5469483568075117 0.3609375 0.5586854460093896 0.3859375 0.5985915492957746 0.39375 0.5938967136150235 0.39375 0.5868544600938967 0.38125 0.5539906103286385 0.38125 0.5446009389671361 0.378125 0.5328638497652582 0.3734375 0.45774647887323944 0.3796875 0.4460093896713615 0.3921875 0.4460093896713615 0.4171875 0.4624413145539906 0.4203125 0.45774647887323944 0.41875 0.4131455399061033 0.415625 0.4084507042253521 0.4171875 0.40375586854460094 0.415625 0.3779342723004695 0.4171875 0.3755868544600939 0.4171875 0.36384976525821594 0.4140625 0.352112676056338 0.4078125 0.34507042253521125 0.4 0.34507042253521125 0.4 0.3474178403755869 0.3890625 0.36384976525821594 0.3796875 0.3685446009389671
2 0.1703125 0 0.1703125 0.002347417840375587 0.178125 0.025821596244131457 0.178125 0.03755868544600939 0.1859375 0.051643192488262914 0.20625 0.07746478873239436 0.2109375 0.07981220657276995 0.215625 0.0892018779342723 0.221875 0.09389671361502347 0.2234375 0.09859154929577464 0.2625 0.14788732394366197 0.2828125 0.1619718309859155 0.303125 0.19014084507042253 0.31875 0.20657276995305165 0.3265625 0.22065727699530516 0.3375 0.2300469483568075 0.353125 0.2300469483568075 0.3578125 0.22535211267605634 0.353125 0.19953051643192488 0.353125 0.1807511737089202 0.35 0.16666666666666666 0.35 0.1572769953051643 0.3484375 0.15492957746478872 0.346875 0.11032863849765258 0.3484375 0.1056338028169014 0.3453125 0.10093896713615023 0.3484375 0.09859154929577464 0.346875 0.0539906103286385 0.3546875 0.04460093896713615 0.359375 0.023474178403755867 0.35625 0.01643192488262911 0.3546875 0.018779342723004695 0.3421875 0.018779342723004695 0.3390625 0.025821596244131457 0.3296875 0.01643192488262911 0.3296875 0.009389671361502348 0.3265625 0.004694835680751174 0.328125 0 0.30625 0 0.303125 0.004694835680751174 0.3 0 0.2734375 0 0.271875 0.004694835680751174 0.2515625 0.004694835680751174 0.25 0 0.1703125 0
2 0.4625 0.7816901408450704 0.453125 0.7887323943661971 0.4296875 0.7934272300469484 0.421875 0.7981220657276995 0.4234375 0.8051643192488263 0.4265625 0.8075117370892019 0.45 0.8192488262910798 0.4609375 0.8192488262910798 0.475 0.8075117370892019 0.4765625 0.8028169014084507 0.475 0.7981220657276995 0.478125 0.7910798122065728 0.475 0.7863849765258216 0.4734375 0.7863849765258216 0.4703125 0.7816901408450704 0.4625 0.7816901408450704
2 0.4765625 0.7934272300469484 0.4765625 0.8051643192488263 0.503125 0.8380281690140845 0.5109375 0.852112676056338 0.5140625 0.852112676056338 0.5234375 0.8333333333333334 0.5234375 0.8192488262910798 0.515625 0.8075117370892019 0.5078125 0.8004694835680751 0.490625 0.7910798122065728 0.4890625 0.7910798122065728 0.478125 0.7910798122065728 0.4765625 0.7934272300469484
2 0.3703125 0 0.3703125 0.002347417840375587 0.365625 0.009389671361502348 0.365625 0.023474178403755867 0.3625 0.03286384976525822 0.3625 0.03990610328638498 0.3578125 0.04929577464788732 0.3546875 0.06572769953051644 0.3515625 0.12206572769953052 0.3546875 0.1431924882629108 0.3546875 0.1807511737089202 0.3578125 0.19248826291079812 0.3578125 0.20422535211267606 0.365625 0.2300469483568075 0.375 0.24413145539906103 0.375 0.25821596244131456 0.3625 0.2793427230046948 0.3625 0.284037558685446 0.35625 0.2981220657276995 0.34375 0.3145539906103286 0.3359375 0.3333333333333333 0.3515625 0.3568075117370892 0.3671875 0.3591549295774648 0.36875 0.3615023474178404 0.371875 0.3591549295774648 0.3828125 0.3591549295774648 0.390625 0.352112676056338 0.39375 0.33098591549295775 0.3921875 0.3286384976525822 0.3921875 0.29107981220657275 0.3890625 0.284037558685446 0.390625 0.28169014084507044 0.396875 0.28169014084507044 0.421875 0.2652582159624413 0.4265625 0.25821596244131456 0.4296875 0.23943661971830985 0.4328125 0.2347417840375587 0.434375 0.23708920187793428 0.440625 0.23708920187793428 0.4625 0.22065727699530516 0.465625 0.22065727699530516 0.4734375 0.20892018779342722 0.4828125 0.18544600938967137 0.503125 0.18779342723004694 0.53125 0.176056338028169 0.5328125 0.16666666666666666 0.528125 0.14084507042253522 0.546875 0.13380281690140844 0.55 0.1267605633802817 0.55 0.11971830985915492 0.553125 0.11502347417840375 0.578125 0.11267605633802817 0.5796875 0.1056338028169014 0.578125 0.09624413145539906 0.5640625 0.07276995305164319 0.565625 0.07042253521126761 0.58125 0.06807511737089202 0.59375 0.06103286384976526 0.603125 0.04929577464788732 0.603125 0.03755868544600939 0.6 0.018779342723004695 0.59375 0.009389671361502348 0.5828125 0 0.5359375 0 0.5328125 0.004694835680751174 0.509375 0.004694835680751174 0.5078125 0 0.478125 0 0.475 0.004694835680751174 0.46875 0.004694835680751174 0.465625 0 0.4390625 0 0.4375 0.004694835680751174 0.4171875 0.004694835680751174 0.4140625 0 0.3703125 0
2 0.1703125 0.7065727699530516 0.1765625 0.7112676056338029 0.196875 0.7394366197183099 0.2015625 0.744131455399061 0.209375 0.7417840375586855 0.20625 0.7276995305164319 0.2015625 0.7206572769953051 0.1921875 0.7136150234741784 0.1859375 0.704225352112676 0.16875 0.6924882629107981 0.1671875 0.6948356807511737 0.1640625 0.6971830985915493 0.1703125 0.7065727699530516
2 0.5953125 0.5187793427230047 0.6 0.5234741784037559 0.6109375 0.5117370892018779 0.6203125 0.5070422535211268 0.6265625 0.5070422535211268 0.6296875 0.5 0.6296875 0.48826291079812206 0.6203125 0.4812206572769953 0.61875 0.4812206572769953 0.59375 0.49061032863849763 0.5953125 0.5187793427230047
2 0 0.6032863849765259 0.0125 0.607981220657277 0.03125 0.607981220657277 0.0390625 0.6126760563380281 0.046875 0.6126760563380281 0.0609375 0.6197183098591549 0.0671875 0.6197183098591549 0.078125 0.6267605633802817 0.0921875 0.6267605633802817 0.096875 0.6150234741784038 0.1046875 0.6103286384976526 0.115625 0.5985915492957746 0.1203125 0.5985915492957746 0.1390625 0.5704225352112676 0.15 0.568075117370892 0.1515625 0.5704225352112676 0.1578125 0.5610328638497653 0.1671875 0.5586854460093896 0.1734375 0.5657276995305164 0.18125 0.568075117370892 0.1859375 0.5727699530516432 0.196875 0.5704225352112676 0.2078125 0.5563380281690141 0.2078125 0.5352112676056338 0.2140625 0.5258215962441315 0.2265625 0.539906103286385 0.2296875 0.5516431924882629 0.2390625 0.5704225352112676 0.2484375 0.5704225352112676 0.2515625 0.5610328638497653 0.2609375 0.5492957746478874 0.2640625 0.5516431924882629 0.265625 0.5586854460093896 0.271875 0.5586854460093896 0.278125 0.5446009389671361 0.284375 0.5422535211267606 0.2828125 0.539906103286385 0.2859375 0.5352112676056338 0.2859375 0.5305164319248826 0.2828125 0.5187793427230047 0.2796875 0.5140845070422535 0.2796875 0.5093896713615024 0.2734375 0.5023474178403756 0.265625 0.5023474178403756 0.259375 0.5093896713615024 0.2546875 0.5093896713615024 0.2453125 0.4953051643192488 0.2375 0.49061032863849763 0.2171875 0.49061032863849763 0.2046875 0.4812206572769953 0.1859375 0.47417840375586856 0.1671875 0.47417840375586856 0.15625 0.4671361502347418 0.1421875 0.4647887323943662 0.140625 0.4624413145539906 0.13125 0.4624413145539906 0.1296875 0.460093896713615 0.128125 0.4624413145539906 0.115625 0.4624413145539906 0.1140625 0.460093896713615 0.1 0.45774647887323944 0.0984375 0.45539906103286387 0.0875 0.45539906103286387 0.0859375 0.45305164319248825 0.084375 0.45539906103286387 0.0796875 0.45539906103286387 0.0671875 0.4624413145539906 0.053125 0.4624413145539906 0.0515625 0.4647887323943662 0.034375 0.4671361502347418 0.021875 0.4788732394366197 0.015625 0.48826291079812206 0.00625 0.4953051643192488 0 0.4953051643192488 0 0.6032863849765259
2 0 0.823943661971831 0.0046875 0.823943661971831 0.025 0.8145539906103286 0.03125 0.8145539906103286 0.0453125 0.8075117370892019 0.053125 0.8075117370892019 0.065625 0.8004694835680751 0.078125 0.7981220657276995 0.0828125 0.7934272300469484 0.090625 0.7934272300469484 0.10625 0.7863849765258216 0.1171875 0.7863849765258216 0.1359375 0.7793427230046949 0.1703125 0.7582159624413145 0.1875 0.7511737089201878 0.1953125 0.744131455399061 0.184375 0.7230046948356808 0.1640625 0.6995305164319249 0.165625 0.6924882629107981 0.178125 0.6995305164319249 0.184375 0.6971830985915493 0.1828125 0.6666666666666666 0.1796875 0.6596244131455399 0.1796875 0.6502347417840375 0.1765625 0.6408450704225352 0.175 0.6103286384976526 0.1703125 0.5985915492957746 0.1625 0.5938967136150235 0.15625 0.5821596244131455 0.1578125 0.5751173708920188 0.159375 0.5774647887323944 0.165625 0.5774647887323944 0.165625 0.5751173708920188 0.159375 0.5727699530516432 0.1546875 0.5774647887323944 0.1484375 0.5727699530516432 0.146875 0.5727699530516432 0.1421875 0.5727699530516432 0.1328125 0.5821596244131455 0.1234375 0.6009389671361502 0.1109375 0.607981220657277 0.0984375 0.6220657276995305 0.0984375 0.6267605633802817 0.0953125 0.6314553990610329 0.0953125 0.6384976525821596 0.084375 0.6549295774647887 0.078125 0.6737089201877934 0.075 0.6854460093896714 0.075 0.704225352112676 0.071875 0.7112676056338029 0.059375 0.715962441314554 0.040625 0.7347417840375586 0.0296875 0.7370892018779343 0.015625 0.7511737089201878 0.00625 0.7464788732394366 0 0.7464788732394366 0 0.823943661971831
2 0.621875 0.5446009389671361 0.609375 0.5539906103286385 0.5703125 0.6103286384976526 0.56875 0.6173708920187794 0.5734375 0.6314553990610329 0.5734375 0.6384976525821596 0.578125 0.647887323943662 0.578125 0.6549295774647887 0.584375 0.6643192488262911 0.5890625 0.6619718309859155 0.6 0.6431924882629108 0.60625 0.6244131455399061 0.609375 0.6056338028169014 0.6140625 0.5938967136150235 0.6140625 0.5868544600938967 0.6265625 0.5563380281690141 0.63125 0.5492957746478874 0.6328125 0.5375586854460094 0.63125 0.5375586854460094 0.6265625 0.5375586854460094 0.621875 0.5446009389671361