6 0.9921875 0.8649425287356322 0.990625 0.8936781609195402 0.9875 0.9051724137931034 0.9875 0.9137931034482759 0.990625 0.9195402298850575 0.9921875 0.9137931034482759 0.99375 0.8879310344827587 0.9984375 0.8649425287356322 0.9984375 0.8419540229885057 0.9953125 0.8477011494252874 0.9953125 0.8563218390804598 0.9921875 0.8649425287356322
6 0.94375 0.6350574712643678 0.95 0.6264367816091954 0.95625 0.5919540229885057 0.9546875 0.5919540229885057 0.9515625 0.5948275862068966 0.9453125 0.6091954022988506 0.94375 0.617816091954023 0.9375 0.6293103448275862 0.9359375 0.6408045977011494 0.9328125 0.646551724137931 0.9328125 0.6522988505747126 0.9296875 0.6609195402298851 0.9285416671875 0.6777777787356322 0.93125 0.6752873563218391 0.93125 0.6695402298850575 0.9359375 0.6580459770114943 0.940625 0.6522988505747126 0.940625 0.6436781609195402 0.94375 0.6350574712643678
6 0.8984375 0.7787356321839081 0.8984375 0.7959770114942529 0.9 0.7959770114942529 0.903125 0.7902298850574713 0.9078125 0.764367816091954 0.915625 0.7413793103448276 0.915625 0.7327586206896551 0.91875 0.7270114942528736 0.9203125 0.7126436781609196 0.9265625 0.6982758620689655 0.9276620375 0.6841209022988506 0.921875 0.6867816091954023 0.9203125 0.7040229885057471 0.9171875 0.7097701149425287 0.9171875 0.7183908045977011 0.9078125 0.7413793103448276 0.9015625 0.7758620689655172 0.8984375 0.7787356321839081
6 0.971875 0.5804597701149425 0.9734375 0.6120689655172413 0.975 0.6149425287356322 0.975 0.632183908045977 0.971875 0.6522988505747126 0.971875 0.6666666666666666 0.96875 0.6724137931034483 0.9671875 0.6896551724137931 0.9625 0.6954022988505747 0.9625 0.7040229885057471 0.9671875 0.7068965517241379 0.9671875 0.7155172413793104 0.9640625 0.7241379310344828 0.9640625 0.7298850574712644 0.9609375 0.735632183908046 0.959375 0.7557471264367817 0.9625 0.7528735632183908 0.971875 0.7155172413793104 0.9703125 0.7011494252873564 0.9734375 0.6982758620689655 0.975 0.6896551724137931 0.975 0.6781609195402298 0.978125 0.6666666666666666 0.978125 0.6408045977011494 0.98125 0.6235632183908046 0.98125 0.6063218390804598 0.978125 0.5948275862068966 0.978125 0.5804597701149425 0.975 0.5632183908045977 0.971875 0.5632183908045977 0.971875 0.5660919540229885 0.9703125 0.5775862068965517 0.971875 0.5804597701149425
6 0.5203125 0.3793103448275862 0.5296875 0.3793103448275862 0.5390625 0.3850574712643678 0.5484375 0.3850574712643678 0.55 0.3879310344827586 0.5609375 0.3879310344827586 0.5609375 0.382183908045977 0.5546875 0.382183908045977 0.5484375 0.3764367816091954 0.525 0.3735632183908046 0.51875 0.367816091954023 0.5078125 0.367816091954023 0.4984375 0.3620689655172414 0.46875 0.367816091954023 0.4703125 0.3706896551724138 0.5140625 0.3735632183908046 0.5203125 0.3793103448275862
6 0.6671875 0 0.6671875 0.0028735632183908046 0.678125 0.017241379310344827 0.68125 0.017241379310344827 0.690625 0.03735632183908046 0.6953125 0.03735632183908046 0.7078125 0.05172413793103448 0.715625 0.06609195402298851 0.728125 0.07471264367816093 0.7296875 0.08045977011494253 0.759375 0.11494252873563218 0.765625 0.12643678160919541 0.7703125 0.12931034482758622 0.7734375 0.13793103448275862 0.778125 0.14080459770114942 0.7828125 0.15229885057471265 0.7921875 0.16379310344827586 0.803125 0.1839080459770115 0.815625 0.19827586206896552 0.8234375 0.21264367816091953 0.8296875 0.21551724137931033 0.8296875 0.20689655172413793 0.821875 0.1925287356321839 0.815625 0.1867816091954023 0.80625 0.16379310344827586 0.803125 0.16379310344827586 0.790625 0.14080459770114942 0.790625 0.12931034482758622 0.78125 0.12931034482758622 0.778125 0.12643678160919541 0.7625 0.10344827586206896 0.74375 0.08333333333333333 0.73125 0.06321839080459771 0.71875 0.05459770114942529 0.7171875 0.04885057471264368 0.7078125 0.040229885057471264 0.690625 0.011494252873563218 0.6875 0.011494252873563218 0.684375 0.005747126436781609 0.6796875 0.005747126436781609 0.6765625 0 0.6671875 0
6 0.8703125 0.5488505747126436 0.86875 0.5862068965517241 0.8671875 0.5890804597701149 0.8703125 0.6063218390804598 0.86875 0.646551724137931 0.8703125 0.6494252873563219 0.8703125 0.6867816091954023 0.871875 0.6896551724137931 0.8703125 0.6925287356321839 0.871875 0.6954022988505747 0.875 0.7327586206896551 0.8765625 0.735632183908046 0.878125 0.7298850574712644 0.8765625 0.7270114942528736 0.8765625 0.6925287356321839 0.8734375 0.6781609195402298 0.8734375 0.6580459770114943 0.875 0.6551724137931034 0.8734375 0.646551724137931 0.875 0.6436781609195402 0.8734375 0.6408045977011494 0.8734375 0.6005747126436781 0.875 0.5977011494252874 0.8734375 0.5919540229885057 0.8765625 0.5804597701149425 0.8765625 0.5632183908045977 0.875 0.5574712643678161 0.878125 0.5373563218390804 0.878125 0.5201149425287356 0.875 0.5201149425287356 0.875 0.5229885057471264 0.8734375 0.5402298850574713 0.8703125 0.5488505747126436
5 0 0.9942528735632183 0.00625 0.9971264367816092 0.0203125 0.9971264367816092 0.021875 0.9942528735632183 0.0234375 0.9971264367816092 0.0296875 0.9971264367816092 0.03125 0.9942528735632183 0.040625 0.9942528735632183 0.0421875 0.9971264367816092 0.0765625 0.9971264367816092 0.078125 0.9942528735632183 0.0796875 0.9971264367816092 0.1 0.9971264367816092 0.10625 0.9942528735632183 0.1078125 0.9971264367816092 0.290625 0.9971264367816092 0.2921875 0.9942528735632183 0.3140625 0.9942528735632183 0.31875 0.9971264367816092 0.321875 0.9942528735632183 0.325 0.9971264367816092 0.3296875 0.9942528735632183 0.33125 0.9971264367816092 0.334375 0.9942528735632183 0.3359375 0.9971264367816092 0.3875 0.9971264367816092 0.3890625 0.9942528735632183 0.428125 0.9942528735632183 0.4296875 0.9971264367816092 0.44375 0.9971264367816092 0.4453125 0.9942528735632183 0.4796875 0.9942528735632183 0.48125 0.9971264367816092 0.5109375 0.9971264367816092 0.515625 0.9913793103448276 0.521875 0.9971264367816092 0.5703125 0.9971264367816092 0.5765625 0.9942528735632183 0.578125 0.9971264367816092 0.6109375 0.9971264367816092 0.6125 0.9942528735632183 0.6328125 0.9942528735632183 0.6359375 0.9885057471264368 0.634375 0.985632183908046 0.634375 0.9683908045977011 0.6125 0.9281609195402298 0.6078125 0.9109195402298851 0.6046875 0.9051724137931034 0.6015625 0.9051724137931034 0.590625 0.8850574712643678 0.5921875 0.8793103448275862 0.5921875 0.8448275862068966 0.5890625 0.8448275862068966 0.58125 0.8247126436781609 0.578125 0.8218390804597702 0.5734375 0.8247126436781609 0.565625 0.8218390804597702 0.5640625 0.8247126436781609 0.55625 0.8247126436781609 0.5546875 0.8218390804597702 0.546875 0.8218390804597702 0.5359375 0.8074712643678161 0.53125 0.8074712643678161 0.509375 0.7672413793103449 0.50625 0.7672413793103449 0.503125 0.7614942528735632 0.49375 0.7787356321839081 0.490625 0.7787356321839081 0.484375 0.7873563218390804 0.48125 0.7959770114942529 0.4796875 0.8074712643678161 0.4765625 0.8132183908045977 0.475 0.8419540229885057 0.4765625 0.8505747126436781 0.50625 0.8505747126436781 0.515625 0.8448275862068966 0.5234375 0.853448275862069 0.5265625 0.8706896551724138 0.5140625 0.9022988505747126 0.5234375 0.9252873563218391 0.5234375 0.9367816091954023 0.521875 0.9396551724137931 0.5140625 0.9252873563218391 0.5125 0.9166666666666666 0.5078125 0.9109195402298851 0.5046875 0.9109195402298851 0.5015625 0.9051724137931034 0.484375 0.9051724137931034 0.4765625 0.9166666666666666 0.475 0.9568965517241379 0.4765625 0.9597701149425287 0.4765625 0.9741379310344828 0.475 0.9770114942528736 0.4671875 0.9770114942528736 0.4625 0.9827586206896551 0.45625 0.9827586206896551 0.4515625 0.9770114942528736 0.4328125 0.9683908045977011 0.421875 0.9827586206896551 0.4125 0.9827586206896551 0.403125 0.9540229885057471 0.403125 0.9310344827586207 0.4 0.9252873563218391 0.3984375 0.9109195402298851 0.4125 0.8850574712643678 0.4234375 0.8793103448275862 0.4390625 0.8793103448275862 0.4359375 0.8735632183908046 0.4359375 0.8620689655172413 0.43125 0.8505747126436781 0.4203125 0.8362068965517241 0.4125 0.8160919540229885 0.4046875 0.8160919540229885 0.38125 0.8017241379310345 0.3796875 0.7931034482758621 0.38125 0.7873563218390804 0.3875 0.7787356321839081 0.4 0.7787356321839081 0.409375 0.764367816091954 0.4171875 0.7586206896551724 0.4203125 0.7528735632183908 0.4203125 0.7471264367816092 0.4234375 0.7385057471264368 0.4234375 0.7298850574712644 0.428125 0.7241379310344828 0.4390625 0.7413793103448276 0.440625 0.7614942528735632 0.4484375 0.7758620689655172 0.45625 0.7758620689655172 0.46875 0.7586206896551724 0.4734375 0.7557471264367817 0.475 0.75 0.4828125 0.7413793103448276 0.4828125 0.7327586206896551 0.471875 0.7155172413793104 0.4609375 0.7068965517241379 0.459375 0.7011494252873564 0.453125 0.6954022988505747 0.446875 0.6724137931034483 0.4390625 0.6580459770114943 0.4203125 0.6408045977011494 0.4171875 0.6408045977011494 0.4125 0.632183908045977 0.403125 0.6005747126436781 0.3984375 0.5977011494252874 0.396875 0.5919540229885057 0.3921875 0.5919540229885057 0.3875 0.5862068965517241 0.3671875 0.5775862068965517 0.3640625 0.5718390804597702 0.3546875 0.5689655172413793 0.346875 0.5488505747126436 0.3234375 0.5057471264367817 0.3203125 0.5057471264367817 0.3078125 0.4885057471264368 0.30625 0.4827586206896552 0.3015625 0.47701149425287354 0.2859375 0.47701149425287354 0.2828125 0.47413793103448276 0.28125 0.47126436781609193 0.28125 0.45689655172413796 0.2828125 0.4540229885057471 0.2828125 0.4396551724137931 0.278125 0.42528735632183906 0.25625 0.41954022988505746 0.25625 0.4281609195402299 0.25 0.4396551724137931 0.24375 0.4454022988505747 0.23125 0.4454022988505747 0.228125 0.4396551724137931 0.2265625 0.42528735632183906 0.21875 0.4166666666666667 0.2171875 0.40804597701149425 0.2078125 0.39080459770114945 0.2125 0.3850574712643678 0.2265625 0.3850574712643678 0.2328125 0.3706896551724138 0.2328125 0.35919540229885055 0.215625 0.3448275862068966 0.2109375 0.3333333333333333 0.20625 0.3333333333333333 0.2 0.3218390804597701 0.2 0.3160919540229885 0.196875 0.3103448275862069 0.1890625 0.3074712643678161 0.1765625 0.27873563218390807 0.1625 0.2614942528735632 0.1609375 0.25287356321839083 0.15625 0.25287356321839083 0.14375 0.2442528735632184 0.1375 0.23275862068965517 0.1359375 0.23275862068965517 0.134375 0.22988505747126436 0.1234375 0.22988505747126436 0.115625 0.2413793103448276 0.1125 0.2413793103448276 0.1125 0.2471264367816092 0.10625 0.25862068965517243 0.1 0.26436781609195403 0.0984375 0.27298850574712646 0.0921875 0.28160919540229884 0.0890625 0.28160919540229884 0.084375 0.2959770114942529 0.084375 0.3045977011494253 0.0734375 0.32471264367816094 0.0734375 0.3333333333333333 0.0765625 0.34195402298850575 0.0734375 0.35344827586206895 0.071875 0.3706896551724138 0.0671875 0.3764367816091954 0.0625 0.3735632183908046 0.0578125 0.382183908045977 0.0546875 0.4051724137931034 0.0578125 0.4281609195402299 0.0546875 0.4339080459770115 0.0515625 0.4339080459770115 0.046875 0.4454022988505747 0.0484375 0.4540229885057471 0.046875 0.45689655172413796 0.0515625 0.46551724137931033 0.05 0.46839080459770116 0.040625 0.46839080459770116 0.0359375 0.46264367816091956 0.034375 0.46551724137931033 0.0234375 0.46551724137931033 0.01875 0.47413793103448276 0.0171875 0.48563218390804597 0.01875 0.49712643678160917 0.021875 0.5 0.025 0.5172413793103449 0.021875 0.5258620689655172 0.01875 0.5258620689655172 0.0171875 0.5373563218390804 0.0109375 0.5488505747126436 0.0109375 0.5747126436781609 0.015625 0.603448275862069 0.015625 0.617816091954023 0.01875 0.6264367816091954 0.0203125 0.6408045977011494 0.0234375 0.6436781609195402 0.021875 0.646551724137931 0.015625 0.646551724137931 0.0140625 0.6436781609195402 0.0078125 0.6436781609195402 0.0109375 0.646551724137931 0.0109375 0.6522988505747126 0 0.6666666666666666 0 0.9942528735632183
2 0.6046875 0.5086206896551724 0.6234375 0.5086206896551724 0.6390625 0.5172413793103449 0.64375 0.5172413793103449 0.646875 0.5114942528735632 0.653125 0.5114942528735632 0.653125 0.5086206896551724 0.65 0.5028735632183908 0.65 0.47701149425287354 0.6453125 0.46839080459770116 0.63125 0.46839080459770116 0.6265625 0.47126436781609193 0.6125 0.48563218390804597 0.6046875 0.5 0.6046875 0.5028735632183908 0.603125 0.5057471264367817 0.6046875 0.5086206896551724
2 0.5796875 0.5201149425287356 0.5703125 0.5287356321839081 0.5578125 0.5517241379310345 0.5546875 0.5632183908045977 0.5546875 0.5862068965517241 0.5578125 0.5948275862068966 0.565625 0.603448275862069 0.5921875 0.603448275862069 0.609375 0.5890804597701149 0.6234375 0.5632183908045977 0.6328125 0.5373563218390804 0.6421875 0.5287356321839081 0.640625 0.5201149425287356 0.621875 0.5114942528735632 0.6203125 0.5114942528735632 0.596875 0.5114942528735632 0.5796875 0.5201149425287356
2 0.6671875 0.42528735632183906 0.65625 0.4454022988505747 0.6546875 0.46839080459770116 0.6515625 0.47701149425287354 0.653125 0.4942528735632184 0.6578125 0.4942528735632184 0.665625 0.47988505747126436 0.6734375 0.47988505747126436 0.678125 0.48563218390804597 0.684375 0.4827586206896552 0.6953125 0.46264367816091956 0.7015625 0.45977011494252873 0.7046875 0.4540229885057471 0.7046875 0.4482758620689655 0.7109375 0.4367816091954023 0.7171875 0.43103448275862066 0.7296875 0.4281609195402299 0.725 0.41954022988505746 0.715625 0.4166666666666667 0.709375 0.4109195402298851 0.7078125 0.4109195402298851 0.68125 0.4109195402298851 0.6671875 0.42528735632183906
2 0.2578125 0.1752873563218391 0.2640625 0.1752873563218391 0.265625 0.1724137931034483 0.2796875 0.1724137931034483 0.296875 0.15517241379310345 0.3 0.14367816091954022 0.29375 0.12931034482758622 0.2890625 0.12643678160919541 0.278125 0.12643678160919541 0.26875 0.14080459770114942 0.26875 0.14367816091954022 0.2578125 0.16666666666666666 0.2578125 0.1752873563218391
2 0.6328125 0.09195402298850575 0.6203125 0.10057471264367816 0.609375 0.1206896551724138 0.609375 0.12931034482758622 0.6140625 0.13218390804597702 0.625 0.1235632183908046 0.64375 0.1235632183908046 0.6453125 0.1206896551724138 0.65625 0.1206896551724138 0.6578125 0.11781609195402298 0.684375 0.12931034482758622 0.6859375 0.1235632183908046 0.6765625 0.10632183908045977 0.665625 0.09482758620689655 0.6640625 0.09482758620689655 0.6625 0.09195402298850575 0.6328125 0.09195402298850575
2 0.9015625 0 0.9015625 0.0028735632183908046 0.9015625 0.011494252873563218 0.9125 0.017241379310344827 0.9171875 0.02586206896551724 0.9453125 0.02586206896551724 0.946875 0.022988505747126436 0.9703125 0.022988505747126436 0.9796875 0.017241379310344827 0.996875 0.017241379310344827 0.9984375 0.005747126436781609 0.996875 0 0.9015625 0
2 0.815625 0.10919540229885058 0.81875 0.11206896551724138 0.8296875 0.11206896551724138 0.8421875 0.09195402298850575 0.85 0.07183908045977011 0.853125 0.06896551724137931 0.853125 0.06321839080459771 0.8484375 0.0603448275862069 0.846875 0.06321839080459771 0.840625 0.06321839080459771 0.8375 0.06896551724137931 0.8265625 0.07183908045977011 0.8125 0.08333333333333333 0.8125 0.08620689655172414 0.8109375 0.09482758620689655 0.815625 0.10919540229885058
2 0.3 0 0.3 0.0028735632183908046 0.296875 0.008620689655172414 0.296875 0.02586206896551724 0.3 0.031609195402298854 0.3 0.03735632183908046 0.3046875 0.04597701149425287 0.315625 0.05459770114942529 0.321875 0.05459770114942529 0.3234375 0.05172413793103448 0.3296875 0.011494252873563218 0.325 0 0.3 0
2 0.575 0.25287356321839083 0.571875 0.25862068965517243 0.56875 0.25862068965517243 0.5671875 0.26436781609195403 0.5625 0.2672413793103448 0.5625 0.27873563218390807 0.603125 0.3132183908045977 0.625 0.3132183908045977 0.6296875 0.3074712643678161 0.634375 0.3074712643678161 0.6375 0.2959770114942529 0.64375 0.28448275862068967 0.653125 0.27586206896551724 0.653125 0.27298850574712646 0.65 0.2672413793103448 0.6390625 0.25862068965517243 0.6328125 0.25862068965517243 0.61875 0.25 0.6078125 0.25 0.5984375 0.2442528735632184 0.596875 0.2442528735632184 0.5859375 0.2442528735632184 0.575 0.25287356321839083
2 0.8734375 0.5890804597701149 0.875 0.5919540229885057 0.875 0.6120689655172413 0.8734375 0.6235632183908046 0.875 0.6293103448275862 0.8703125 0.6408045977011494 0.875 0.6494252873563219 0.875 0.6954022988505747 0.878125 0.7011494252873564 0.884375 0.7011494252873564 0.890625 0.6982758620689655 0.896875 0.6896551724137931 0.903125 0.6637931034482759 0.903125 0.6350574712643678 0.8984375 0.6149425287356322 0.8953125 0.6091954022988506 0.8953125 0.603448275862069 0.878125 0.5689655172413793 0.875 0.5689655172413793 0.875 0.5718390804597702 0.875 0.5862068965517241 0.8734375 0.5890804597701149
2 0.9234375 0.3160919540229885 0.921875 0.31896551724137934 0.909375 0.31896551724137934 0.903125 0.3218390804597701 0.8984375 0.33045977011494254 0.8859375 0.3333333333333333 0.8859375 0.3390804597701149 0.8796875 0.3505747126436782 0.8671875 0.35919540229885055 0.8546875 0.382183908045977 0.8546875 0.40229885057471265 0.8515625 0.40804597701149425 0.8515625 0.41954022988505746 0.85 0.4224137931034483 0.8515625 0.4396551724137931 0.8546875 0.4454022988505747 0.865625 0.4454022988505747 0.8671875 0.45689655172413796 0.8734375 0.46551724137931033 0.8921875 0.46551724137931033 0.896875 0.47701149425287354 0.90625 0.47126436781609193 0.909375 0.46551724137931033 0.9140625 0.46551724137931033 0.921875 0.45689655172413796 0.925 0.45689655172413796 0.9296875 0.46264367816091956 0.9390625 0.45977011494252873 0.946875 0.4511494252873563 0.95 0.4511494252873563 0.9515625 0.4454022988505747 0.959375 0.4425287356321839 0.975 0.4224137931034483 0.99375 0.3850574712643678 0.990625 0.3793103448275862 0.9671875 0.382183908045977 0.9546875 0.3764367816091954 0.953125 0.3735632183908046 0.95625 0.3563218390804598 0.9625 0.34195402298850575 0.9640625 0.3333333333333333 0.953125 0.32471264367816094 0.9390625 0.3218390804597701 0.9375 0.31896551724137934 0.9359375 0.31896551724137934 0.934375 0.3160919540229885 0.9234375 0.3160919540229885
2 0.45625 0.9022988505747126 0.4515625 0.9022988505747126 0.4453125 0.9080459770114943 0.4453125 0.9166666666666666 0.4484375 0.9224137931034483 0.453125 0.9281609195402298 0.4578125 0.9281609195402298 0.465625 0.9224137931034483 0.4703125 0.9137931034482759 0.4734375 0.9051724137931034 0.4734375 0.8936781609195402 0.471875 0.8936781609195402 0.46875 0.8908045977011494 0.45625 0.9022988505747126
2 0.746875 0.21839080459770116 0.7453125 0.22126436781609196 0.73125 0.22126436781609196 0.7265625 0.22701149425287356 0.7171875 0.25862068965517243 0.71875 0.2614942528735632 0.75 0.2672413793103448 0.7515625 0.26436781609195403 0.7625 0.26436781609195403 0.7703125 0.2557471264367816 0.7703125 0.23850574712643677 0.765625 0.22413793103448276 0.7640625 0.22413793103448276 0.7578125 0.21839080459770116 0.746875 0.21839080459770116
2 0.0234375 0.3218390804597701 0.0109375 0.3448275862068966 0.009375 0.35344827586206895 0.0109375 0.3563218390804598 0.028125 0.367816091954023 0.03125 0.3620689655172414 0.0328125 0.3448275862068966 0.0375 0.33620689655172414 0.040625 0.3103448275862069 0.0390625 0.3103448275862069 0.034375 0.3103448275862069 0.0234375 0.3218390804597701
2 0.359375 0 0.3515625 0.014367816091954023 0.35 0.022988505747126436 0.34375 0.03735632183908046 0.346875 0.07758620689655173 0.35 0.08333333333333333 0.353125 0.08333333333333333 0.3609375 0.07183908045977011 0.3609375 0.06321839080459771 0.3640625 0.0603448275862069 0.365625 0.03735632183908046 0.3703125 0.020114942528735632 0.36875 0 0.3671875 0 0.359375 0
2 0.5515625 0.08333333333333333 0.5421875 0.09195402298850575 0.5234375 0.12643678160919541 0.5140625 0.12931034482758622 0.50625 0.14367816091954022 0.5015625 0.15804597701149425 0.5 0.16666666666666666 0.5015625 0.16954022988505746 0.525 0.13793103448275862 0.5375 0.13793103448275862 0.5421875 0.13218390804597702 0.5453125 0.1206896551724138 0.5515625 0.10919540229885058 0.553125 0.10057471264367816 0.5671875 0.07758620689655173 0.5671875 0.07183908045977011 0.565625 0.07183908045977011 0.553125 0.07758620689655173 0.5515625 0.08333333333333333
2 0.3 0.08045977011494253 0.3046875 0.08908045977011494 0.3171875 0.09482758620689655 0.3203125 0.10344827586206896 0.3296875 0.10632183908045977 0.33125 0.10344827586206896 0.340625 0.10344827586206896 0.34375 0.09770114942528736 0.346875 0.09770114942528736 0.346875 0.08620689655172414 0.3296875 0.07183908045977011 0.328125 0.07183908045977011 0.3046875 0.07183908045977011 0.3 0.08045977011494253
2 0 0.3074712643678161 0.0046875 0.3103448275862069 0.015625 0.3045977011494253 0.0203125 0.2988505747126437 0.0234375 0.28160919540229884 0.0203125 0.27298850574712646 0 0.25862068965517243 0 0.2614942528735632 0 0.3074712643678161
2 0.96875 0.5114942528735632 0.9609375 0.5287356321839081 0.95625 0.5632183908045977 0.95625 0.5804597701149425 0.9625 0.5804597701149425 0.971875 0.5603448275862069 0.98125 0.5517241379310345 0.9828125 0.5459770114942529 0.9984375 0.5373563218390804 0.9984375 0.46839080459770116 0.990625 0.46839080459770116 0.971875 0.49137931034482757 0.971875 0.4942528735632184 0.96875 0.49712643678160917 0.96875 0.5114942528735632
2 0.475 0.7586206896551724 0.46875 0.764367816091954 0.4609375 0.7787356321839081 0.4609375 0.7844827586206896 0.4640625 0.7902298850574713 0.4734375 0.7931034482758621 0.49375 0.7701149425287356 0.4953125 0.7586206896551724 0.4890625 0.7442528735632183 0.4875 0.7442528735632183 0.4765625 0.7528735632183908 0.475 0.7586206896551724
2 0.9484375 0.4942528735632184 0.9453125 0.49137931034482757 0.934375 0.5 0.9296875 0.5114942528735632 0.9296875 0.5172413793103449 0.9328125 0.5229885057471264 0.94375 0.5316091954022989 0.959375 0.5316091954022989 0.9671875 0.5114942528735632 0.9671875 0.4942528735632184 0.965625 0.4942528735632184 0.9640625 0.49137931034482757 0.9484375 0.4942528735632184
2 0.65625 0.514367816091954 0.65 0.5258620689655172 0.646875 0.5258620689655172 0.6296875 0.5488505747126436 0.625 0.5632183908045977 0.6171875 0.5775862068965517 0.615625 0.5919540229885057 0.61875 0.5977011494252874 0.6203125 0.6091954022988506 0.6390625 0.6120689655172413 0.653125 0.603448275862069 0.665625 0.5804597701149425 0.6671875 0.5689655172413793 0.6734375 0.5488505747126436 0.671875 0.5402298850574713 0.6765625 0.5258620689655172 0.675 0.5229885057471264 0.6765625 0.5201149425287356 0.6765625 0.4942528735632184 0.671875 0.4827586206896552 0.6671875 0.4827586206896552 0.659375 0.49137931034482757 0.659375 0.4942528735632184 0.65625 0.5057471264367817 0.65625 0.514367816091954
2 0.3734375 0.12931034482758622 0.3640625 0.13505747126436782 0.359375 0.14080459770114942 0.3578125 0.15229885057471265 0.3625 0.16666666666666666 0.3625 0.1752873563218391 0.3703125 0.1896551724137931 0.390625 0.21264367816091953 0.3953125 0.20977011494252873 0.4 0.13793103448275862 0.3953125 0.1235632183908046 0.3859375 0.11781609195402298 0.384375 0.1206896551724138 0.378125 0.1206896551724138 0.3734375 0.12931034482758622
2 0.40625 0.13218390804597702 0.409375 0.13505747126436782 0.4171875 0.15517241379310345 0.425 0.16379310344827586 0.4359375 0.16379310344827586 0.4421875 0.14942528735632185 0.4421875 0.14080459770114942 0.434375 0.12931034482758622 0.421875 0.1206896551724138 0.4203125 0.11494252873563218 0.4125 0.11206896551724138 0.409375 0.10632183908045977 0.4046875 0.10632183908045977 0.4046875 0.10919540229885058 0.403125 0.11206896551724138 0.40625 0.13218390804597702
2 0.390625 0.7816091954022989 0.38125 0.7959770114942529 0.3828125 0.7988505747126436 0.3890625 0.7988505747126436 0.39375 0.8045977011494253 0.415625 0.8074712643678161 0.4171875 0.8103448275862069 0.4265625 0.8103448275862069 0.4328125 0.8045977011494253 0.4375 0.8045977011494253 0.44375 0.7959770114942529 0.44375 0.7816091954022989 0.4359375 0.7672413793103449 0.43125 0.764367816091954 0.4140625 0.764367816091954 0.4078125 0.7729885057471264 0.4078125 0.7758620689655172 0.4046875 0.7844827586206896 0.390625 0.7816091954022989
2 0.503125 0.23563218390804597 0.503125 0.2442528735632184 0.5078125 0.2557471264367816 0.5078125 0.2614942528735632 0.5125 0.26436781609195403 0.51875 0.27586206896551724 0.525 0.27873563218390807 0.534375 0.27011494252873564 0.5375 0.2557471264367816 0.5375 0.22988505747126436 0.528125 0.20402298850574713 0.5265625 0.20402298850574713 0.5140625 0.20977011494252873 0.503125 0.23563218390804597
2 0.78125 0.3448275862068966 0.7703125 0.3620689655172414 0.7625 0.367816091954023 0.759375 0.3735632183908046 0.7515625 0.3764367816091954 0.7453125 0.3879310344827586 0.7453125 0.40229885057471265 0.75 0.41379310344827586 0.75625 0.4166666666666667 0.759375 0.41379310344827586 0.7640625 0.39655172413793105 0.7734375 0.3793103448275862 0.7859375 0.3706896551724138 0.8015625 0.3505747126436782 0.8078125 0.3505747126436782 0.8125 0.3448275862068966 0.8203125 0.34195402298850575 0.8265625 0.3275862068965517 0.8265625 0.3218390804597701 0.821875 0.3160919540229885 0.8078125 0.3160919540229885 0.8078125 0.31896551724137934 0.8015625 0.33045977011494254 0.78125 0.3448275862068966
2 0.3421875 0.14080459770114942 0.35 0.1235632183908046 0.3484375 0.11494252873563218 0.321875 0.12643678160919541 0.3109375 0.14942528735632185 0.3109375 0.15804597701149425 0.3171875 0.16379310344827586 0.3265625 0.16379310344827586 0.328125 0.16666666666666666 0.334375 0.15517241379310345 0.3390625 0.15804597701149425 0.3375 0.15517241379310345 0.340625 0.15229885057471265 0.3421875 0.14080459770114942
2 0.34375 0.21839080459770116 0.3421875 0.23563218390804597 0.3453125 0.23850574712643677 0.3578125 0.23850574712643677 0.359375 0.23563218390804597 0.3734375 0.23563218390804597 0.384375 0.22413793103448276 0.3875 0.21551724137931033 0.3796875 0.20402298850574713 0.378125 0.20402298850574713 0.353125 0.20689655172413793 0.34375 0.21839080459770116
2 0.465625 0.11494252873563218 0.4625 0.1206896551724138 0.459375 0.1206896551724138 0.4453125 0.14080459770114942 0.440625 0.15517241379310345 0.440625 0.16091954022988506 0.4359375 0.16954022988505746 0.4359375 0.1781609195402299 0.4328125 0.1896551724137931 0.4359375 0.19827586206896552 0.4328125 0.20689655172413793 0.44375 0.21264367816091953 0.4671875 0.21264367816091953 0.478125 0.20402298850574713 0.4828125 0.1925287356321839 0.490625 0.1839080459770115 0.496875 0.16954022988505746 0.4984375 0.15804597701149425 0.503125 0.14655172413793102 0.503125 0.13793103448275862 0.496875 0.12643678160919541 0.4859375 0.11781609195402298 0.484375 0.11781609195402298 0.4828125 0.11494252873563218 0.465625 0.11494252873563218
2 0.4515625 0.9310344827586207 0.4453125 0.9339080459770115 0.440625 0.9425287356321839 0.440625 0.9568965517241379 0.44375 0.9655172413793104 0.453125 0.9741379310344828 0.465625 0.9741379310344828 0.4703125 0.9683908045977011 0.4703125 0.9482758620689655 0.471875 0.9454022988505747 0.4703125 0.9367816091954023 0.46875 0.9367816091954023 0.465625 0.9310344827586207 0.4515625 0.9310344827586207
2 0.515625 0.46551724137931033 0.5265625 0.4827586206896552 0.540625 0.4827586206896552 0.5453125 0.47701149425287354 0.5453125 0.46839080459770116 0.54375 0.45977011494252873 0.534375 0.4454022988505747 0.521875 0.4425287356321839 0.51875 0.4482758620689655 0.515625 0.4482758620689655 0.515625 0.4511494252873563 0.5140625 0.45689655172413796 0.515625 0.46551724137931033
2 0.5265625 0.15804597701149425 0.5265625 0.1752873563218391 0.5296875 0.1839080459770115 0.5296875 0.1896551724137931 0.5328125 0.1896551724137931 0.5375 0.19540229885057472 0.5390625 0.21264367816091953 0.54375 0.22413793103448276 0.5484375 0.21839080459770116 0.55625 0.23275862068965517 0.5640625 0.23275862068965517 0.56875 0.21839080459770116 0.56875 0.20114942528735633 0.5734375 0.1896551724137931 0.571875 0.1867816091954023 0.571875 0.1724137931034483 0.5609375 0.15804597701149425 0.5484375 0.14942528735632185 0.546875 0.14942528735632185 0.5328125 0.14942528735632185 0.5265625 0.15804597701149425
2 0 0.4051724137931034 0.0078125 0.41379310344827586 0.040625 0.41379310344827586 0.0421875 0.40229885057471265 0.0359375 0.382183908045977 0.025 0.367816091954023 0.021875 0.367816091954023 0.009375 0.3563218390804598 0 0.3563218390804598 0 0.35919540229885055 0 0.4051724137931034
2 0.121875 0.7442528735632183 0.0171875 0.03735632183908046
2 0.9796875 0.040229885057471264 0.9765625 0.040229885057471264 0.9515625 0.06896551724137931 0.95 0.08045977011494253 0.95625 0.10632183908045977 0.9609375 0.10919540229885058 0.975 0.10919540229885058 0.9796875 0.10344827586206896 0.9875 0.10344827586206896 0.996875 0.08620689655172414 0.9984375 0.08045977011494253 0.9984375 0.031609195402298854 0.996875 0.031609195402298854 0.984375 0.034482758620689655 0.9796875 0.040229885057471264
2 0.9828125 0.7902298850574713 0.984375 0.7959770114942529 0.98125 0.8017241379310345 0.9765625 0.8017241379310345 0.9734375 0.8074712643678161 0.975 0.8304597701149425 0.971875 0.8390804597701149 0.971875 0.8505747126436781 0.9734375 0.853448275862069 0.9734375 0.8649425287356322 0.9765625 0.8706896551724138 0.990625 0.8706896551724138 0.996875 0.853448275862069 0.996875 0.8419540229885057 0.9984375 0.8390804597701149 0.9984375 0.7816091954022989 0.996875 0.7816091954022989 0.9859375 0.7816091954022989 0.9828125 0.7902298850574713
2 0.6703125 0.13505747126436782 0.659375 0.14367816091954022 0.6359375 0.1896551724137931 0.6359375 0.22126436781609196 0.640625 0.23275862068965517 0.6625 0.26436781609195403 0.6671875 0.27586206896551724 0.6765625 0.27873563218390807 0.684375 0.29022988505747127 0.690625 0.29022988505747127 0.703125 0.27011494252873564 0.7125 0.2614942528735632 0.7203125 0.2471264367816092 0.725 0.22701149425287356 0.7328125 0.20977011494252873 0.734375 0.1810344827586207 0.73125 0.1724137931034483 0.71875 0.16091954022988506 0.715625 0.14942528735632185 0.709375 0.13793103448275862 0.7078125 0.13793103448275862 0.70625 0.13505747126436782 0.6703125 0.13505747126436782
2 0.4796875 0.011494252873563218 0.4765625 0.020114942528735632 0.4640625 0.028735632183908046 0.4578125 0.040229885057471264 0.4578125 0.05459770114942529 0.4640625 0.07183908045977011 0.4609375 0.07758620689655173 0.453125 0.08045977011494253 0.4484375 0.08620689655172414 0.453125 0.09770114942528736 0.45625 0.09770114942528736 0.459375 0.10344827586206896 0.4640625 0.10344827586206896 0.46875 0.10919540229885058 0.4875 0.11206896551724138 0.5 0.12643678160919541 0.5109375 0.12643678160919541 0.5125 0.1235632183908046 0.51875 0.1235632183908046 0.521875 0.11494252873563218 0.5234375 0.06321839080459771 0.5265625 0.05459770114942529 0.525 0.04597701149425287 0.528125 0.03735632183908046 0.5265625 0.028735632183908046 0.528125 0.02586206896551724 0.521875 0.014367816091954023 0.5203125 0.005747126436781609 0.51875 0.005747126436781609 0.4859375 0.005747126436781609 0.4796875 0.011494252873563218
2 0.953125 0.13218390804597702 0.9484375 0.14367816091954022 0.9484375 0.16379310344827586 0.9515625 0.1724137931034483 0.9515625 0.19827586206896552 0.95625 0.20977011494252873 0.95625 0.21839080459770116 0.9671875 0.25287356321839083 0.9671875 0.26436781609195403 0.971875 0.27873563218390807 0.975 0.28160919540229884 0.9765625 0.29022988505747127 0.98125 0.2988505747126437 0.9890625 0.3017241379310345 0.9953125 0.2988505747126437 0.9984375 0.29022988505747127 0.9984375 0.09770114942528736 0.99375 0.09770114942528736 0.9875 0.10632183908045977 0.9796875 0.10632183908045977 0.975 0.11206896551724138 0.9609375 0.11206896551724138 0.95625 0.10919540229885058 0.95625 0.11206896551724138 0.953125 0.11781609195402298 0.953125 0.13218390804597702
2 0.81875 0.5229885057471264 0.8140625 0.5287356321839081 0.8125 0.5373563218390804 0.80625 0.5488505747126436 0.796875 0.5574712643678161 0.79375 0.5689655172413793 0.796875 0.5919540229885057 0.803125 0.603448275862069 0.825 0.6063218390804598 0.8375 0.5948275862068966 0.8421875 0.5833333333333334 0.8484375 0.5775862068965517 0.865625 0.5459770114942529 0.865625 0.5344827586206896 0.859375 0.5229885057471264 0.85625 0.5114942528735632 0.8515625 0.5086206896551724 0.846875 0.5 0.8375 0.49712643678160917 0.8328125 0.49137931034482757 0.8265625 0.49137931034482757 0.8265625 0.4942528735632184 0.8203125 0.5114942528735632 0.81875 0.5229885057471264
2 0.784375 0.4051724137931034 0.778125 0.4109195402298851 0.7734375 0.4109195402298851 0.7609375 0.42528735632183906 0.75625 0.4454022988505747 0.74375 0.4396551724137931 0.740625 0.4339080459770115 0.734375 0.43103448275862066 0.721875 0.4339080459770115 0.7171875 0.4396551724137931 0.7140625 0.45689655172413796 0.71875 0.46839080459770116 0.71875 0.47413793103448276 0.7296875 0.4942528735632184 0.7390625 0.5028735632183908 0.7578125 0.5373563218390804 0.765625 0.5459770114942529 0.771875 0.5459770114942529 0.7765625 0.5517241379310345 0.796875 0.5517241379310345 0.8 0.5459770114942529 0.803125 0.5459770114942529 0.809375 0.5344827586206896 0.809375 0.5287356321839081 0.8140625 0.5201149425287356 0.81875 0.5 0.81875 0.47413793103448276 0.8203125 0.47126436781609193 0.8171875 0.45977011494252873 0.8171875 0.4425287356321839 0.8109375 0.43103448275862066 0.809375 0.41954022988505746 0.7984375 0.40804597701149425 0.796875 0.40804597701149425 0.7953125 0.4051724137931034 0.784375 0.4051724137931034
2 0.5859375 0.3620689655172414 0.5828125 0.367816091954023 0.5703125 0.3735632183908046 0.5578125 0.39655172413793105 0.5546875 0.4166666666666667 0.5546875 0.4540229885057471 0.55625 0.45977011494252873 0.565625 0.45977011494252873 0.575 0.4511494252873563 0.5765625 0.4454022988505747 0.58125 0.4425287356321839 0.5875 0.43103448275862066 0.590625 0.43103448275862066 0.5953125 0.42528735632183906 0.6 0.4166666666666667 0.603125 0.4051724137931034 0.60625 0.40229885057471265 0.6125 0.3850574712643678 0.6140625 0.3620689655172414 0.60625 0.35344827586206895 0.6046875 0.3563218390804598 0.603125 0.35919540229885055 0.5859375 0.3620689655172414
2 0.38125 0 0.38125 0.0028735632183908046 0.38125 0.022988505747126436 0.3859375 0.031609195402298854 0.3890625 0.031609195402298854 0.390625 0.03735632183908046 0.396875 0.04310344827586207 0.4015625 0.04310344827586207 0.4046875 0.03735632183908046 0.4046875 0.02586206896551724 0.4078125 0.020114942528735632 0.409375 0 0.38125 0
2 0.7265625 0.5258620689655172 0.7109375 0.5287356321839081 0.6953125 0.5488505747126436 0.6921875 0.5574712643678161 0.66875 0.5775862068965517 0.665625 0.5862068965517241 0.659375 0.5919540229885057 0.65625 0.6005747126436781 0.65625 0.6149425287356322 0.6578125 0.617816091954023 0.659375 0.6408045977011494 0.66875 0.6522988505747126 0.675 0.6551724137931034 0.684375 0.646551724137931 0.7109375 0.5977011494252874 0.7421875 0.5660919540229885 0.746875 0.5660919540229885 0.75 0.5603448275862069 0.75625 0.5603448275862069 0.7625 0.5517241379310345 0.7484375 0.5258620689655172 0.74375 0.5229885057471264 0.7421875 0.5229885057471264 0.728125 0.5229885057471264 0.7265625 0.5258620689655172
2 0.571875 0.21839080459770116 0.5734375 0.22126436781609196 0.5828125 0.22701149425287356 0.5859375 0.22126436781609196 0.5921875 0.21839080459770116 0.6109375 0.21839080459770116 0.615625 0.22701149425287356 0.6171875 0.2413793103448276 0.621875 0.2442528735632184 0.63125 0.21264367816091953 0.63125 0.19540229885057472 0.6421875 0.16091954022988506 0.6421875 0.12931034482758622 0.640625 0.12643678160919541 0.6265625 0.12643678160919541 0.6140625 0.13505747126436782 0.609375 0.13505747126436782 0.6 0.11494252873563218 0.5921875 0.11494252873563218 0.5828125 0.12931034482758622 0.5765625 0.15229885057471265 0.5765625 0.16954022988505746 0.5734375 0.1752873563218391 0.5734375 0.1810344827586207 0.5765625 0.1896551724137931 0.5734375 0.1925287356321839 0.5734375 0.19540229885057472 0.571875 0.20114942528735633 0.571875 0.21839080459770116
2 0.63125 0 0.6109375 0.020114942528735632 0.6 0.040229885057471264 0.6046875 0.04597701149425287 0.6109375 0.04597701149425287 0.615625 0.05172413793103448 0.634375 0.05459770114942529 0.6390625 0.0603448275862069 0.6421875 0.0603448275862069 0.64375 0.06609195402298851 0.65 0.06896551724137931 0.6515625 0.07471264367816093 0.659375 0.08333333333333333 0.66875 0.08908045977011494 0.6796875 0.10632183908045977 0.6828125 0.10344827586206896 0.6875 0.08045977011494253 0.6859375 0.07183908045977011 0.6875 0.05459770114942529 0.6859375 0.05172413793103448 0.6859375 0.034482758620689655 0.68125 0.020114942528735632 0.6640625 0.0028735632183908046 0.6625 0.0028735632183908046 0.6609375 0 0.63125 0
2 0.8484375 0.12643678160919541 0.8359375 0.12931034482758622 0.828125 0.14080459770114942 0.8265625 0.16954022988505746 0.83125 0.1839080459770115 0.8375 0.1925287356321839 0.85625 0.19827586206896552 0.8703125 0.1896551724137931 0.8765625 0.1781609195402299 0.8953125 0.16091954022988506 0.9015625 0.15229885057471265 0.9046875 0.13793103448275862 0.9078125 0.13793103448275862 0.9078125 0.12643678160919541 0.909375 0.1235632183908046 0.9078125 0.1206896551724138 0.89375 0.13505747126436782 0.8890625 0.14367816091954022 0.878125 0.14080459770114942 0.871875 0.12931034482758622 0.865625 0.1235632183908046 0.8640625 0.1235632183908046 0.85 0.1235632183908046 0.8484375 0.12643678160919541
2 0.7359375 0.27298850574712646 0.7296875 0.27873563218390807 0.71875 0.28160919540229884 0.69375 0.3132183908045977 0.6953125 0.3218390804597701 0.7015625 0.3275862068965517 0.740625 0.33045977011494254 0.7421875 0.3275862068965517 0.7546875 0.3275862068965517 0.7640625 0.3132183908045977 0.7625 0.2959770114942529 0.75 0.27586206896551724 0.7484375 0.27586206896551724 0.746875 0.27298850574712646 0.7359375 0.27298850574712646
2 0.4640625 0.896551724137931 0.4609375 0.896551724137931 0.4578125 0.9022988505747126 0.4515625 0.9022988505747126 0.4328125 0.9109195402298851 0.43125 0.9166666666666666 0.421875 0.9252873563218391 0.4140625 0.9396551724137931 0.4171875 0.9568965517241379 0.425 0.9655172413793104 0.4390625 0.9568965517241379 0.446875 0.9655172413793104 0.4484375 0.9712643678160919 0.465625 0.9741379310344828 0.4703125 0.9655172413793104 0.4703125 0.9367816091954023 0.4640625 0.9252873563218391 0.4734375 0.9022988505747126 0.4734375 0.8936781609195402 0.471875 0.8936781609195402 0.46875 0.8908045977011494 0.4640625 0.896551724137931
2 0.9578125 0.3735632183908046 0.975 0.3764367816091954 0.9765625 0.3735632183908046 0.99375 0.3735632183908046 0.9984375 0.367816091954023 0.9984375 0.3132183908045977 0.9875 0.31896551724137934 0.9859375 0.3132183908045977 0.98828125 0.3103448275862069 0.984375 0.3103448275862069 0.9828125 0.3160919540229885 0.96875 0.33045977011494254 0.9671875 0.34195402298850575 0.9609375 0.3505747126436782 0.9578125 0.3735632183908046
2 0.8734375 0.25 0.865625 0.2672413793103448 0.8625 0.28448275862068967 0.8515625 0.3160919540229885 0.85 0.35919540229885055 0.8515625 0.3649425287356322 0.85625 0.3706896551724138 0.8640625 0.35919540229885055 0.8609375 0.3563218390804598 0.8609375 0.3333333333333333 0.871875 0.31896551724137934 0.8734375 0.3103448275862069 0.8765625 0.3074712643678161 0.884375 0.28448275862068967 0.890625 0.27298850574712646 0.8921875 0.2614942528735632 0.8984375 0.2471264367816092 0.9015625 0.23275862068965517 0.9015625 0.22126436781609196 0.9 0.21839080459770116 0.8984375 0.22126436781609196 0.8859375 0.22988505747126436 0.8734375 0.25
1 0.31875 0.3218390804597701 0.315625 0.3160919540229885 0.309375 0.32471264367816094 0.309375 0.3333333333333333 0.3140625 0.3390804597701149 0.315625 0.33620689655172414 0.3171875 0.33620689655172414 0.31875 0.3218390804597701
1 0.5140625 0.6264367816091954 0.515625 0.6609195402298851 0.51875 0.6695402298850575 0.521875 0.6695402298850575 0.5203125 0.6637931034482759 0.5203125 0.6408045977011494 0.521875 0.632183908045977 0.528125 0.6235632183908046 0.528125 0.617816091954023 0.525 0.6149425287356322 0.5234375 0.6149425287356322 0.51875 0.6149425287356322 0.5140625 0.6264367816091954
1 0.640625 0.6954022988505747 0.640625 0.7040229885057471 0.6375 0.7155172413793104 0.6375 0.7298850574712644 0.640625 0.735632183908046 0.6453125 0.735632183908046 0.65 0.7155172413793104 0.65625 0.7040229885057471 0.665625 0.6954022988505747 0.6703125 0.6867816091954023 0.66875 0.6839080459770115 0.66875 0.6724137931034483 0.6609375 0.6637931034482759 0.659375 0.6637931034482759 0.6546875 0.6637931034482759 0.640625 0.6954022988505747
1 0.353125 0.46551724137931033 0.3578125 0.46551724137931033 0.3640625 0.4511494252873563 0.3640625 0.4454022988505747 0.3609375 0.4396551724137931 0.359375 0.4396551724137931 0.3515625 0.4540229885057471 0.353125 0.46551724137931033
1 0.5015625 0.6695402298850575 0.50625 0.6695402298850575 0.5140625 0.6580459770114943 0.5125 0.6264367816091954 0.5171875 0.6120689655172413 0.5046875 0.6063218390804598 0.4984375 0.6149425287356322 0.49375 0.6379310344827587 0.490625 0.6436781609195402 0.490625 0.6494252873563219 0.484375 0.6637931034482759 0.484375 0.6752873563218391 0.4859375 0.6752873563218391 0.496875 0.6752873563218391 0.5015625 0.6695402298850575
1 0.64375 0.6551724137931034 0.646875 0.6752873563218391 0.6515625 0.6609195402298851 0.6609375 0.6522988505747126 0.65625 0.632183908045977 0.6578125 0.6264367816091954 0.6546875 0.6149425287356322 0.653125 0.6149425287356322 0.64375 0.6206896551724138 0.64375 0.6551724137931034
1 0.9046875 0.7298850574712644 0.90625 0.7471264367816092 0.9109375 0.7413793103448276 0.9140625 0.7442528735632183 0.9078125 0.7787356321839081 0.909375 0.7816091954022989 0.909375 0.7931034482758621 0.9140625 0.8045977011494253 0.9203125 0.7988505747126436 0.91875 0.7931034482758621 0.91875 0.7528735632183908 0.9265625 0.7327586206896551 0.93125 0.7270114942528736 0.9359375 0.7270114942528736 0.9359375 0.7126436781609196 0.928125 0.7040229885057471 0.9265625 0.7040229885057471 0.909375 0.7097701149425287 0.9046875 0.7298850574712644
1 0.2515625 0.35919540229885055 0.2578125 0.35919540229885055 0.2625 0.3505747126436782 0.2625 0.3390804597701149 0.259375 0.3333333333333333 0.253125 0.3333333333333333 0.253125 0.33620689655172414 0.25 0.34770114942528735 0.2515625 0.35919540229885055
1 0.63125 0.6364942528735632 0.0234375 0.04310344827586207
1 0.5078125 0.514367816091954 0.5046875 0.5316091954022989 0.5046875 0.5402298850574713 0.50625 0.5402298850574713 0.509375 0.5373563218390804 0.515625 0.5172413793103449 0.51875 0.5172413793103449 0.521875 0.5114942528735632 0.5203125 0.5028735632183908 0.51875 0.5028735632183908 0.5109375 0.5057471264367817 0.5078125 0.514367816091954
1 0.5421875 0.5057471264367817 0.5515625 0.49712643678160917 0.5515625 0.49137931034482757 0.546875 0.48563218390804597 0.5328125 0.48563218390804597 0.5296875 0.4885057471264368 0.5296875 0.49137931034482757 0.53125 0.5028735632183908 0.5421875 0.5057471264367817
1 0.240625 0.3390804597701149 0.2375 0.3448275862068966 0.2375 0.3505747126436782 0.240625 0.35344827586206895 0.246875 0.3505747126436782 0.25 0.34195402298850575 0.25 0.33620689655172414 0.246875 0.33045977011494254 0.2453125 0.33045977011494254 0.240625 0.3333333333333333 0.240625 0.3390804597701149
1 0.8546875 0.4482758620689655 0.8359375 0.45977011494252873 0.83125 0.46839080459770116 0.83125 0.47413793103448276 0.8375 0.47126436781609193 0.859375 0.47126436781609193 0.8609375 0.47413793103448276 0.86875 0.47413793103448276 0.86875 0.46264367816091956 0.8671875 0.46264367816091956 0.8640625 0.4511494252873563 0.8546875 0.4482758620689655
1 0.2234375 0.2988505747126437 0.225 0.2959770114942529 0.225 0.28160919540229884 0.221875 0.28160919540229884 0.221875 0.28448275862068967 0.2203125 0.29310344827586204 0.2234375 0.2988505747126437
1 0.765625 0.7040229885057471 0.76875 0.7040229885057471 0.7734375 0.7126436781609196 0.7734375 0.7241379310344828 0.7671875 0.735632183908046 0.7609375 0.735632183908046 0.7609375 0.75 0.7640625 0.7586206896551724 0.765625 0.7902298850574713 0.76875 0.7988505747126436 0.76875 0.8247126436781609 0.771875 0.8362068965517241 0.7796875 0.8390804597701149 0.7953125 0.8160919540229885 0.7984375 0.8074712643678161 0.7984375 0.8017241379310345 0.80625 0.7816091954022989 0.7984375 0.764367816091954 0.7984375 0.7385057471264368 0.796875 0.7298850574712644 0.803125 0.7212643678160919 0.809375 0.7183908045977011 0.809375 0.7126436781609196 0.8046875 0.7068965517241379 0.79375 0.7011494252873564 0.78125 0.7011494252873564 0.7796875 0.7040229885057471 0.778125 0.6954022988505747 0.7765625 0.6954022988505747 0.771875 0.6954022988505747 0.765625 0.7040229885057471
1 0.90625 0.9109195402298851 0.903125 0.9224137931034483 0.896875 0.9339080459770115 0.8890625 0.9683908045977011 0.8828125 0.9798850574712644 0.88125 0.9885057471264368 0.878125 0.9913793103448276 0.878125 0.9971264367816092 0.9515625 0.9971264367816092 0.9515625 0.9683908045977011 0.9578125 0.9540229885057471 0.959375 0.9454022988505747 0.9546875 0.9310344827586207 0.9515625 0.9281609195402298 0.95 0.9195402298850575 0.9421875 0.9109195402298851 0.9390625 0.9109195402298851 0.9359375 0.9051724137931034 0.9296875 0.9051724137931034 0.928125 0.9022988505747126 0.9265625 0.9022988505747126 0.91875 0.9022988505747126 0.90625 0.9109195402298851
1 0.3109375 0.35344827586206895 0.309375 0.3649425287356322 0.3109375 0.3706896551724138 0.31875 0.3706896551724138 0.321875 0.3649425287356322 0.321875 0.3505747126436782 0.3203125 0.34770114942528735 0.31875 0.34770114942528735 0.3140625 0.34770114942528735 0.3109375 0.35344827586206895
1 0.675 0.5402298850574713 0.675 0.5660919540229885 0.6796875 0.5660919540229885 0.6890625 0.5545977011494253 0.6921875 0.5545977011494253 0.696875 0.5459770114942529 0.696875 0.5287356321839081 0.6890625 0.5229885057471264 0.6875 0.5229885057471264 0.6796875 0.5258620689655172 0.675 0.5402298850574713
1 0.0296875 0.4367816091954023 0.0265625 0.4454022988505747 0.0296875 0.4511494252873563 0.034375 0.4511494252873563 0.0390625 0.45689655172413796 0.0453125 0.45689655172413796 0.04375 0.42528735632183906 0.0375 0.41954022988505746 0.0359375 0.41954022988505746 0.0296875 0.4281609195402299 0.0296875 0.4367816091954023
1 0.428125 0.4827586206896552 0.428125 0.47701149425287354 0.4328125 0.46839080459770116 0.43125 0.4540229885057471 0.4265625 0.4454022988505747 0.4265625 0.4396551724137931 0.4234375 0.4339080459770115 0.415625 0.4339080459770115 0.4125 0.4396551724137931 0.40625 0.47413793103448276 0.409375 0.48563218390804597 0.4109375 0.48563218390804597 0.4203125 0.4942528735632184 0.428125 0.4827586206896552
1 0.31875 0.45689655172413796 0.31875 0.4942528735632184 0.3203125 0.49712643678160917 0.3265625 0.49712643678160917 0.334375 0.4827586206896552 0.3359375 0.47413793103448276 0.334375 0.45977011494252873 0.3296875 0.4540229885057471 0.328125 0.4540229885057471 0.3203125 0.4540229885057471 0.31875 0.45689655172413796
1 0.290625 0.3448275862068966 0.2953125 0.33620689655172414 0.2953125 0.32471264367816094 0.2890625 0.32471264367816094 0.2890625 0.3275862068965517 0.2875 0.3448275862068966 0.290625 0.3448275862068966
1 0.4421875 0.5 0.440625 0.5057471264367817 0.440625 0.5229885057471264 0.4453125 0.5316091954022989 0.4578125 0.5344827586206896 0.459375 0.5201149425287356 0.4625 0.5114942528735632 0.4625 0.49712643678160917 0.459375 0.49137931034482757 0.4578125 0.49137931034482757 0.446875 0.49137931034482757 0.4421875 0.5
1 0.2578125 0.3793103448275862 0.26875 0.3735632183908046 0.2703125 0.3649425287356322 0.265625 0.3505747126436782 0.2609375 0.35344827586206895 0.2609375 0.3563218390804598 0.25625 0.3649425287356322 0.2578125 0.3793103448275862
1 0.36875 0.4827586206896552 0.36875 0.4885057471264368 0.371875 0.49712643678160917 0.3796875 0.4942528735632184 0.384375 0.48563218390804597 0.384375 0.46839080459770116 0.38125 0.46264367816091956 0.3734375 0.46264367816091956 0.3734375 0.46551724137931033 0.3703125 0.47126436781609193 0.36875 0.4827586206896552
1 0.66875 0.6551724137931034 0.659375 0.6522988505747126 0.653125 0.6580459770114943 0.6515625 0.6695402298850575 0.6578125 0.6637931034482759 0.6625 0.6695402298850575 0.665625 0.6695402298850575 0.66875 0.6781609195402298 0.66875 0.6896551724137931 0.68125 0.7040229885057471 0.6890625 0.7183908045977011 0.6921875 0.7126436781609196 0.696875 0.6925287356321839 0.6875 0.6810344827586207 0.6859375 0.6666666666666666 0.6828125 0.6609195402298851 0.68125 0.6609195402298851 0.6734375 0.6637931034482759 0.66875 0.6551724137931034
1 0.5546875 0.6005747126436781 0.55 0.6235632183908046 0.55 0.6580459770114943 0.553125 0.6609195402298851 0.5640625 0.6522988505747126 0.5765625 0.6235632183908046 0.5765625 0.6091954022988506 0.5734375 0.6063218390804598 0.5640625 0.6063218390804598 0.5609375 0.6005747126436781 0.559375 0.6005747126436781 0.55625 0.5977011494252874 0.5546875 0.6005747126436781
1 0.4640625 0.41954022988505746 0.4609375 0.43103448275862066 0.4609375 0.4425287356321839 0.4640625 0.4511494252873563 0.4703125 0.4511494252873563 0.475 0.4425287356321839 0.475 0.4339080459770115 0.478125 0.43103448275862066 0.48125 0.4109195402298851 0.4734375 0.40229885057471265 0.471875 0.4051724137931034 0.46875 0.4051724137931034 0.4640625 0.41954022988505746
1 0.7375 0.6724137931034483 0.7328125 0.6867816091954023 0.73125 0.7270114942528736 0.7328125 0.7298850574712644 0.7328125 0.7471264367816092 0.734375 0.7557471264367817 0.7421875 0.7557471264367817 0.75625 0.7327586206896551 0.75625 0.7183908045977011 0.759375 0.7126436781609196 0.7609375 0.6810344827586207 0.759375 0.6724137931034483 0.7546875 0.6666666666666666 0.753125 0.6666666666666666 0.7421875 0.6666666666666666 0.7375 0.6724137931034483
1 0.428125 0.5172413793103449 0.4296875 0.5229885057471264 0.4359375 0.5229885057471264 0.4390625 0.5172413793103449 0.4390625 0.5086206896551724 0.4328125 0.5028735632183908 0.43125 0.5028735632183908 0.428125 0.5057471264367817 0.428125 0.5172413793103449
1 0.821875 0.75 0.815625 0.7586206896551724 0.8140625 0.7902298850574713 0.81875 0.7959770114942529 0.8203125 0.8045977011494253 0.828125 0.8045977011494253 0.8421875 0.7787356321839081 0.846875 0.7873563218390804 0.8484375 0.7988505747126436 0.8484375 0.7758620689655172 0.84375 0.764367816091954 0.84375 0.7586206896551724 0.840625 0.7557471264367817 0.8390625 0.7557471264367817 0.8328125 0.75 0.821875 0.75
1 0 0.5316091954022989 0.0015625 0.5316091954022989 0.003125 0.5229885057471264 0.0015625 0.514367816091954 0 0.514367816091954 0 0.5172413793103449 0 0.5316091954022989
1 0.428125 0.47701149425287354 0.428125 0.49137931034482757 0.4296875 0.4942528735632184 0.4296875 0.5086206896551724 0.4375 0.5086206896551724 0.4390625 0.5114942528735632 0.4453125 0.49137931034482757 0.4453125 0.48563218390804597 0.44375 0.47701149425287354 0.4390625 0.47126436781609193 0.4375 0.47126436781609193 0.434375 0.46839080459770116 0.428125 0.47701149425287354
1 0.33125 0.3936781609195402 0.3328125 0.40229885057471265 0.3359375 0.40229885057471265 0.34375 0.3936781609195402 0.34375 0.3879310344827586 0.3421875 0.3879310344827586 0.334375 0.3879310344827586 0.33125 0.3936781609195402
1 0.2921875 0.367816091954023 0.2921875 0.3793103448275862 0.2984375 0.3793103448275862 0.30625 0.3649425287356322 0.3046875 0.35344827586206895 0.3015625 0.34770114942528735 0.3 0.34770114942528735 0.2953125 0.35344827586206895 0.2921875 0.367816091954023
1 0.9140625 0.8103448275862069 0.9125 0.8160919540229885 0.909375 0.8362068965517241 0.909375 0.8505747126436781 0.90625 0.8591954022988506 0.9046875 0.8735632183908046 0.9078125 0.8850574712643678 0.9203125 0.8850574712643678 0.9375 0.8706896551724138 0.940625 0.8649425287356322 0.94375 0.8649425287356322 0.9515625 0.8505747126436781 0.9515625 0.8247126436781609 0.95 0.8189655172413793 0.946875 0.8103448275862069 0.9375 0.8017241379310345 0.9359375 0.8017241379310345 0.921875 0.8017241379310345 0.9140625 0.8103448275862069
1 0.8203125 0.46264367816091956 0.8265625 0.46551724137931033 0.8328125 0.4540229885057471 0.8328125 0.4396551724137931 0.825 0.41379310344827586 0.81875 0.4109195402298851 0.8125 0.41954022988505746 0.815625 0.4367816091954023 0.8171875 0.4367816091954023 0.8203125 0.4454022988505747 0.8203125 0.46264367816091956
1 0.9203125 0.75 0.9203125 0.7787356321839081 0.91875 0.7844827586206896 0.921875 0.7959770114942529 0.9265625 0.7988505747126436 0.9390625 0.7931034482758621 0.946875 0.7844827586206896 0.9546875 0.764367816091954 0.9546875 0.7528735632183908 0.9515625 0.7442528735632183 0.940625 0.7298850574712644 0.9390625 0.7298850574712644 0.93125 0.7298850574712644 0.9203125 0.75
1 0.6515625 0.7155172413793104 0.6484375 0.7270114942528736 0.646875 0.7442528735632183 0.64375 0.75 0.64375 0.7586206896551724 0.640625 0.764367816091954 0.6375 0.7816091954022989 0.6375 0.7931034482758621 0.640625 0.7988505747126436 0.6484375 0.7988505747126436 0.653125 0.7931034482758621 0.6609375 0.7902298850574713 0.671875 0.7758620689655172 0.675 0.7758620689655172 0.684375 0.7614942528735632 0.6890625 0.7471264367816092 0.6890625 0.735632183908046 0.6859375 0.7183908045977011 0.6796875 0.7068965517241379 0.6703125 0.6982758620689655 0.66875 0.6982758620689655 0.6609375 0.7011494252873564 0.6515625 0.7155172413793104
1 0.7046875 0.6867816091954023 0.7015625 0.6896551724137931 0.690625 0.7212643678160919 0.690625 0.7413793103448276 0.6953125 0.7557471264367817 0.70625 0.7701149425287356 0.70625 0.7758620689655172 0.7140625 0.7787356321839081 0.7203125 0.7729885057471264 0.7234375 0.764367816091954 0.7234375 0.7298850574712644 0.7265625 0.7212643678160919 0.725 0.7097701149425287 0.7203125 0.7011494252873564 0.7203125 0.6954022988505747 0.71875 0.6954022988505747 0.715625 0.6867816091954023 0.7046875 0.6867816091954023
1 0.2859375 0.43103448275862066 0.2859375 0.4482758620689655 0.284375 0.4511494252873563 0.284375 0.47126436781609193 0.29375 0.47126436781609193 0.3015625 0.46264367816091956 0.3015625 0.4367816091954023 0.296875 0.4224137931034483 0.2953125 0.4224137931034483 0.2875 0.42528735632183906 0.2859375 0.43103448275862066
1 0.38671875 0.4396551724137931 0.0203125 0.04597701149425287
1 0.528125 0.5402298850574713 0.5265625 0.5488505747126436 0.5296875 0.5574712643678161 0.5359375 0.5603448275862069 0.54375 0.5488505747126436 0.5515625 0.5229885057471264 0.5453125 0.514367816091954 0.54375 0.514367816091954 0.5375 0.5201149425287356 0.528125 0.5402298850574713
1 0.35 0.4885057471264368 0.3515625 0.4942528735632184 0.3578125 0.4942528735632184 0.3609375 0.4885057471264368 0.3578125 0.47126436781609193 0.3578125 0.45977011494252873 0.3515625 0.45977011494252873 0.3515625 0.46264367816091956 0.35 0.46551724137931033 0.35 0.4885057471264368
1 0.28125 0.33045977011494254 0.278125 0.34770114942528735 0.2828125 0.35344827586206895 0.29375 0.34195402298850575 0.2953125 0.3275862068965517 0.29375 0.32471264367816094 0.2921875 0.32471264367816094 0.2875 0.32471264367816094 0.28125 0.33045977011494254
1 0.359375 0.46264367816091956 0.359375 0.47988505747126436 0.3625 0.4885057471264368 0.365625 0.4885057471264368 0.36875 0.4827586206896552 0.371875 0.45977011494252873 0.365625 0.4482758620689655 0.3640625 0.4511494252873563 0.3578125 0.45977011494252873 0.359375 0.46264367816091956
1 0.8421875 0.8563218390804598 0.8390625 0.8649425287356322 0.8390625 0.882183908045977 0.834375 0.896551724137931 0.834375 0.9051724137931034 0.83125 0.9109195402298851 0.83125 0.9367816091954023 0.8421875 0.9511494252873564 0.8515625 0.9482758620689655 0.853125 0.9511494252873564 0.865625 0.9511494252873564 0.86875 0.9454022988505747 0.8953125 0.9224137931034483 0.903125 0.8994252873563219 0.903125 0.8793103448275862 0.8984375 0.8620689655172413 0.8859375 0.8448275862068966 0.878125 0.8448275862068966 0.871875 0.853448275862069 0.86875 0.853448275862069 0.8640625 0.8620689655172413 0.8578125 0.8620689655172413 0.85 0.8505747126436781 0.85 0.8390804597701149 0.846875 0.8390804597701149 0.846875 0.8419540229885057 0.8421875 0.8505747126436781 0.8421875 0.8563218390804598
1 0.4640625 0.39655172413793105 0.0203125 0.03735632183908046
1 0.484375 0.4583333333333333 0.0296875 0.0603448275862069
1 0.85625 0.7672413793103449 0.8515625 0.7816091954022989 0.853125 0.8189655172413793 0.8515625 0.8218390804597702 0.8515625 0.8477011494252874 0.85625 0.8591954022988506 0.8625 0.8591954022988506 0.8671875 0.8505747126436781 0.8890625 0.8275862068965517 0.8953125 0.8132183908045977 0.8953125 0.7873563218390804 0.8875 0.7672413793103449 0.8828125 0.764367816091954 0.88125 0.764367816091954 0.8625 0.7614942528735632 0.85625 0.7672413793103449
1 0.21875 0.33045977011494254 0.225 0.34195402298850575 0.228125 0.33620689655172414 0.228125 0.31896551724137934 0.225 0.3103448275862069 0.2203125 0.3103448275862069 0.2203125 0.3132183908045977 0.21875 0.3160919540229885 0.21875 0.33045977011494254
1 0.3234375 0.40660919540229884 0.0203125 0.034482758620689655
1 0.42265625 0.47126436781609193 0.021875 0.04885057471264368
1 0.3625 0.3620689655172414 0.3625 0.3793103448275862 0.3609375 0.382183908045977 0.3625 0.3879310344827586 0.365625 0.3850574712643678 0.3703125 0.3620689655172414 0.375 0.3505747126436782 0.3703125 0.34195402298850575 0.36875 0.34195402298850575 0.365625 0.3448275862068966 0.3625 0.3620689655172414
1 0.4328125 0.4425287356321839 0.4375 0.4454022988505747 0.440625 0.4425287356321839 0.44375 0.43103448275862066 0.44375 0.41379310344827586 0.4421875 0.4109195402298851 0.440625 0.41379310344827586 0.4359375 0.41954022988505746 0.4328125 0.4425287356321839
1 0.9078125 0.5344827586206896 0.909375 0.5517241379310345 0.9125 0.5632183908045977 0.9140625 0.5660919540229885 0.921875 0.5660919540229885 0.928125 0.5545977011494253 0.9390625 0.5459770114942529 0.928125 0.5258620689655172 0.9265625 0.5258620689655172 0.9125 0.5258620689655172 0.9078125 0.5344827586206896
1 0.9609375 0.9482758620689655 0.953125 0.9655172413793104 0.953125 0.9971264367816092 0.996875 0.9971264367816092 0.9984375 0.9827586206896551 0.996875 0.9798850574712644 0.996875 0.9683908045977011 0.9875 0.9482758620689655 0.98125 0.9425287356321839 0.9796875 0.9425287356321839 0.971875 0.9425287356321839 0.9609375 0.9482758620689655
1 0.8578125 0.7155172413793104 0.859375 0.7413793103448276 0.865625 0.7528735632183908 0.875 0.7557471264367817 0.8796875 0.7471264367816092 0.88125 0.735632183908046 0.884375 0.7327586206896551 0.884375 0.7155172413793104 0.8796875 0.7126436781609196 0.8734375 0.7155172413793104 0.871875 0.7068965517241379 0.86875 0.7040229885057471 0.8671875 0.7040229885057471 0.859375 0.7097701149425287 0.8578125 0.7155172413793104
1 0.315625 0.3074712643678161 0.315625 0.3132183908045977 0.3234375 0.3132183908045977 0.325 0.3017241379310345 0.3234375 0.3017241379310345 0.31875 0.3017241379310345 0.315625 0.3074712643678161
1 0.690625 0.6350574712643678 0.6859375 0.6494252873563219 0.690625 0.6810344827586207 0.6953125 0.6896551724137931 0.7 0.6896551724137931 0.7078125 0.6666666666666666 0.7078125 0.6264367816091954 0.703125 0.617816091954023 0.7015625 0.6206896551724138 0.6984375 0.6206896551724138 0.690625 0.6350574712643678
1 0.834375 0.3850574712643678 0.8375 0.3793103448275862 0.8375 0.3735632183908046 0.834375 0.3649425287356322 0.8359375 0.34770114942528735 0.83125 0.3333333333333333 0.8265625 0.3333333333333333 0.81875 0.34770114942528735 0.8125 0.3505747126436782 0.8125 0.3563218390804598 0.8171875 0.3706896551724138 0.81875 0.3706896551724138 0.83125 0.3850574712643678 0.834375 0.3850574712643678
1 0.690625 0.7183908045977011 0.690625 0.7413793103448276 0.6984375 0.7614942528735632 0.7015625 0.7614942528735632 0.7015625 0.7442528735632183 0.7046875 0.7327586206896551 0.7125 0.7212643678160919 0.7171875 0.7212643678160919 0.7171875 0.6925287356321839 0.7125 0.6982758620689655 0.709375 0.6925287356321839 0.7109375 0.6896551724137931 0.709375 0.6867816091954023 0.7078125 0.6896551724137931 0.7 0.6925287356321839 0.690625 0.7183908045977011
1 0.9453125 0.6810344827586207 0.940625 0.6982758620689655 0.940625 0.7155172413793104 0.9390625 0.7212643678160919 0.940625 0.7270114942528736 0.95 0.735632183908046 0.959375 0.7528735632183908 0.9625 0.7701149425287356 0.98125 0.764367816091954 0.9828125 0.7614942528735632 0.9859375 0.75 0.9859375 0.7413793103448276 0.996875 0.7126436781609196 0.996875 0.6982758620689655 0.9890625 0.6810344827586207 0.975 0.6781609195402298 0.9734375 0.6810344827586207 0.96875 0.6724137931034483 0.9640625 0.6695402298850575 0.9625 0.6724137931034483 0.953125 0.6724137931034483 0.9453125 0.6810344827586207
1 0.8234375 0.7528735632183908 0.81875 0.7586206896551724 0.815625 0.7701149425287356 0.815625 0.7816091954022989 0.8125 0.7873563218390804 0.8078125 0.8074712643678161 0.8078125 0.8189655172413793 0.803125 0.8419540229885057 0.803125 0.8649425287356322 0.8109375 0.867816091954023 0.825 0.853448275862069 0.840625 0.8275862068965517 0.8421875 0.8160919540229885 0.8453125 0.8103448275862069 0.8484375 0.7844827586206896 0.840625 0.7672413793103449 0.8390625 0.7672413793103449 0.834375 0.7528735632183908 0.8234375 0.7528735632183908
1 0.4046875 0.5574712643678161 0.40625 0.5603448275862069 0.4125 0.5603448275862069 0.41875 0.5517241379310345 0.415625 0.5344827586206896 0.4109375 0.5229885057471264 0.4078125 0.5229885057471264 0.409375 0.5258620689655172 0.4046875 0.5344827586206896 0.4046875 0.5574712643678161
1 0.55 0.5373563218390804 0.55 0.5545977011494253 0.5484375 0.5574712643678161 0.546875 0.5804597701149425 0.55 0.5862068965517241 0.553125 0.5833333333333334 0.553125 0.5632183908045977 0.55625 0.5517241379310345 0.5671875 0.5316091954022989 0.5671875 0.5258620689655172 0.5640625 0.5229885057471264 0.5625 0.5229885057471264 0.5546875 0.5258620689655172 0.55 0.5373563218390804
1 0.50625 0.5258620689655172 0.5046875 0.5632183908045977 0.50625 0.5660919540229885 0.5125 0.5660919540229885 0.525 0.5459770114942529 0.528125 0.5172413793103449 0.5203125 0.5057471264367817 0.5125 0.5057471264367817 0.5125 0.5086206896551724 0.5078125 0.5172413793103449 0.50625 0.5258620689655172
1 0.3265625 0.3390804597701149 0.3328125 0.3333333333333333 0.3328125 0.3218390804597701 0.33125 0.3160919540229885 0.3234375 0.3160919540229885 0.3234375 0.31896551724137934 0.321875 0.33045977011494254 0.3265625 0.3390804597701149
1 0.521875 0.6752873563218391 0.5234375 0.6781609195402298 0.5234375 0.6896551724137931 0.528125 0.6982758620689655 0.5328125 0.6954022988505747 0.5453125 0.6666666666666666 0.5484375 0.6637931034482759 0.5484375 0.6408045977011494 0.5375 0.6206896551724138 0.5296875 0.6206896551724138 0.5234375 0.6293103448275862 0.5234375 0.632183908045977 0.521875 0.6379310344827587 0.521875 0.6752873563218391
1 0.20234375 0.2959770114942529 0.009375 0.020114942528735632
1 0.590625 0.47701149425287354 0.5921875 0.5086206896551724 0.5984375 0.5086206896551724 0.6078125 0.49137931034482757 0.6078125 0.47126436781609193 0.603125 0.46264367816091956 0.6015625 0.46264367816091956 0.59375 0.46551724137931033 0.590625 0.47701149425287354
1 0.8 0.7298850574712644 0.8 0.764367816091954 0.80625 0.7758620689655172 0.8109375 0.7758620689655172 0.8140625 0.7729885057471264 0.8140625 0.7586206896551724 0.8234375 0.7442528735632183 0.821875 0.7327586206896551 0.8171875 0.7241379310344828 0.815625 0.7241379310344828 0.8046875 0.7241379310344828 0.8 0.7298850574712644
1 0.39375 0.5316091954022989 0.39375 0.5660919540229885 0.4 0.5689655172413793 0.4046875 0.5603448275862069 0.403125 0.5402298850574713 0.40625 0.5201149425287356 0.4046875 0.5172413793103449 0.403125 0.5201149425287356 0.3984375 0.5229885057471264 0.39375 0.5316091954022989
1 0.828125 0.6781609195402298 0.8234375 0.6781609195402298 0.8203125 0.6839080459770115 0.81875 0.7212643678160919 0.8234375 0.7327586206896551 0.8234375 0.7413793103448276 0.83125 0.7442528735632183 0.834375 0.7270114942528736 0.8359375 0.7298850574712644 0.8359375 0.7471264367816092 0.8390625 0.75 0.8484375 0.75 0.853125 0.7471264367816092 0.85625 0.7385057471264368 0.85625 0.7241379310344828 0.846875 0.7155172413793104 0.8421875 0.7068965517241379 0.840625 0.6954022988505747 0.8359375 0.6867816091954023 0.834375 0.6867816091954023 0.83125 0.6867816091954023 0.828125 0.6781609195402298
1 0.7046875 0.7442528735632183 0.7046875 0.7557471264367817 0.70625 0.7586206896551724 0.7046875 0.7701149425287356 0.709375 0.7787356321839081 0.715625 0.7787356321839081 0.7203125 0.7758620689655172 0.7234375 0.7672413793103449 0.725 0.7385057471264368 0.7234375 0.7327586206896551 0.7171875 0.7327586206896551 0.715625 0.7298850574712644 0.7140625 0.7298850574712644 0.70625 0.735632183908046 0.7046875 0.7442528735632183
1 0.4484375 0.48563218390804597 0.45 0.4885057471264368 0.4578125 0.4885057471264368 0.4640625 0.49712643678160917 0.4671875 0.49712643678160917 0.4703125 0.49137931034482757 0.4703125 0.47126436781609193 0.4625 0.45689655172413796 0.4609375 0.45689655172413796 0.4515625 0.46264367816091956 0.4484375 0.48563218390804597
1 0.6390625 0.4468390804597701 0.021875 0.04310344827586207
1 0.96875 0.8232758620689655 0.03125 0.10057471264367816
1 0.415625 0.4540229885057471 0.4265625 0.4425287356321839 0.4234375 0.4339080459770115 0.415625 0.4339080459770115 0.4125 0.4396551724137931 0.4078125 0.46264367816091956 0.4078125 0.47701149425287354 0.409375 0.47701149425287354 0.415625 0.46551724137931033 0.415625 0.4540229885057471
1 0.484375 0.5919540229885057 0.484375 0.6063218390804598 0.4796875 0.6293103448275862 0.4796875 0.6408045977011494 0.4734375 0.6666666666666666 0.475 0.6781609195402298 0.4828125 0.6781609195402298 0.4859375 0.6551724137931034 0.4890625 0.6522988505747126 0.49375 0.6293103448275862 0.503125 0.6063218390804598 0.5015625 0.5919540229885057 0.496875 0.5833333333333334 0.4953125 0.5833333333333334 0.490625 0.5833333333333334 0.484375 0.5919540229885057