6 0.8875 0 0.8875 0.002288329519450801 0.8875 0.009153318077803204 0.890625 0.011441647597254004 0.890625 0.016018306636155607 0.896875 0.016018306636155607 0.9046875 0.02745995423340961 0.9046875 0.032036613272311214 0.9109375 0.032036613272311214 0.9125 0.036613272311212815 0.91875 0.036613272311212815 0.9203125 0.041189931350114416 0.9265625 0.043478260869565216 0.9265625 0.04805491990846682 0.9328125 0.04805491990846682 0.934375 0.05263157894736842 0.940625 0.05263157894736842 0.9421875 0.057208237986270026 0.9484375 0.057208237986270026 0.953125 0.06864988558352403 0.9625 0.06864988558352403 0.9640625 0.07322654462242563 0.9765625 0.07322654462242563 0.9765625 0.06636155606407322 0.971875 0.06636155606407322 0.9703125 0.059496567505720827 0.9640625 0.059496567505720827 0.9625 0.05491990846681922 0.95625 0.05491990846681922 0.9484375 0.038901601830663615 0.9421875 0.038901601830663615 0.940625 0.034324942791762014 0.934375 0.034324942791762014 0.9328125 0.02745995423340961 0.9265625 0.02745995423340961 0.925 0.02288329519450801 0.9203125 0.02288329519450801 0.91875 0.018306636155606407 0.9140625 0.016018306636155607 0.9140625 0.011441647597254004 0.909375 0.011441647597254004 0.9078125 0.006864988558352402 0.9046875 0.006864988558352402 0.903125 0 0.8875 0
6 0.5328125 0.2425629290617849 0.5296875 0.2425629290617849 0.5296875 0.2471395881006865 0.5265625 0.2494279176201373 0.5265625 0.2631578947368421 0.5234375 0.2654462242562929 0.5234375 0.33867276887871856 0.5265625 0.34096109839816935 0.5265625 0.35926773455377575 0.5296875 0.36155606407322655 0.5296875 0.37528604118993136 0.534375 0.37757437070938216 0.534375 0.391304347826087 0.5375 0.39359267734553777 0.5375 0.40274599542334094 0.540625 0.4073226544622426 0.55 0.4073226544622426 0.55 0.39359267734553777 0.546875 0.391304347826087 0.546875 0.37757437070938216 0.54375 0.37528604118993136 0.54375 0.36155606407322655 0.5390625 0.35926773455377575 0.5390625 0.34096109839816935 0.5359375 0.33867276887871856 0.5359375 0.2654462242562929 0.5390625 0.2631578947368421 0.5390625 0.2425629290617849 0.54375 0.2402745995423341 0.54375 0.2334096109839817 0.540625 0.2334096109839817 0.540625 0.23569794050343248 0.534375 0.2379862700228833 0.5328125 0.2425629290617849
6 0.7734375 0 0.7734375 0.002288329519450801 0.7734375 0.036613272311212815 0.7765625 0.038901601830663615 0.7765625 0.05263157894736842 0.7796875 0.05491990846681922 0.7796875 0.06407322654462243 0.7828125 0.06407322654462243 0.7875 0.07322654462242563 0.79375 0.07322654462242563 0.796875 0.06636155606407322 0.79375 0.06407322654462243 0.79375 0.05491990846681922 0.7890625 0.05263157894736842 0.7890625 0.038901601830663615 0.7859375 0.036613272311212815 0.7859375 0 0.7734375 0
6 0.7984375 0.09153318077803203 0.7984375 0.11670480549199085 0.7953125 0.11899313501144165 0.7953125 0.12814645308924486 0.790625 0.13043478260869565 0.790625 0.14416475972540047 0.7953125 0.14645308924485126 0.7953125 0.2837528604118993 0.790625 0.28604118993135014 0.790625 0.4073226544622426 0.79375 0.4073226544622426 0.796875 0.41189931350114417 0.8 0.4073226544622426 0.8 0.3135011441647597 0.8046875 0.3112128146453089 0.8046875 0.2700228832951945 0.8078125 0.26773455377574373 0.8078125 0.16704805491990846 0.8109375 0.16475972540045766 0.8125 0.15560640732265446 0.815625 0.15560640732265446 0.815625 0.14645308924485126 0.81875 0.14416475972540047 0.81875 0.13501144164759726 0.815625 0.13272311212814644 0.815625 0.11899313501144165 0.8109375 0.11670480549199085 0.8109375 0.08237986270022883 0.8078125 0.08009153318077804 0.8078125 0.07551487414187644 0.8015625 0.07551487414187644 0.8015625 0.07780320366132723 0.8015625 0.08924485125858124 0.7984375 0.09153318077803203
6 0.3828125 0.5125858123569794 0.3828125 0.5263157894736842 0.3796875 0.528604118993135 0.3796875 0.5583524027459954 0.375 0.5606407322654462 0.375 0.6224256292906178 0.3859375 0.6224256292906178 0.3859375 0.5881006864988558 0.3890625 0.585812356979405 0.3890625 0.5812356979405034 0.3859375 0.5766590389016019 0.3890625 0.5743707093821511 0.3890625 0.5377574370709383 0.3921875 0.5354691075514875 0.3921875 0.5125858123569794 0.3890625 0.5102974828375286 0.3890625 0.5011441647597255 0.3875 0.5011441647597255 0.3875 0.5034324942791762 0.3875 0.5102974828375286 0.3828125 0.5125858123569794
6 0.7953125 0.18993135011441648 0.7953125 0.2837528604118993 0.790625 0.28604118993135014 0.790625 0.4073226544622426 0.8 0.4073226544622426 0.8 0.39816933638443935 0.8046875 0.39588100686498856 0.8046875 0.39359267734553777 0.8 0.391304347826087 0.8 0.3135011441647597 0.8046875 0.3112128146453089 0.8046875 0.2494279176201373 0.8078125 0.2471395881006865 0.8078125 0.15789473684210525 0.7984375 0.15789473684210525 0.7984375 0.16018306636155608 0.7984375 0.18764302059496568 0.7953125 0.18993135011441648
2 0.3359375 0.20823798627002288 0.33125 0.21052631578947367 0.33125 0.2562929061784897 0.328125 0.2585812356979405 0.328125 0.26773455377574373 0.325 0.2700228832951945 0.325 0.3157894736842105 0.3203125 0.3180778032036613 0.3203125 0.3318077803203661 0.3171875 0.3340961098398169 0.3171875 0.34324942791762014 0.3125 0.34553775743707094 0.3125 0.35469107551487417 0.309375 0.35697940503432496 0.309375 0.36384439359267734 0.30625 0.36613272311212813 0.30625 0.37528604118993136 0.3015625 0.37757437070938216 0.3015625 0.38672768878718533 0.2984375 0.3890160183066362 0.2984375 0.41876430205949655 0.3015625 0.4233409610983982 0.3046875 0.4233409610983982 0.30625 0.4279176201372998 0.3109375 0.4279176201372998 0.3125 0.43478260869565216 0.3234375 0.43478260869565216 0.328125 0.4416475972540046 0.328125 0.4462242562929062 0.334375 0.4462242562929062 0.3359375 0.45080091533180777 0.340625 0.45080091533180777 0.3421875 0.45537757437070936 0.3515625 0.45537757437070936 0.353125 0.45080091533180777 0.3625 0.45080091533180777 0.3640625 0.4462242562929062 0.3703125 0.4462242562929062 0.371875 0.43935926773455375 0.3890625 0.43935926773455375 0.390625 0.43478260869565216 0.396875 0.43478260869565216 0.396875 0.4302059496567506 0.4046875 0.41876430205949655 0.4078125 0.41876430205949655 0.4078125 0.39816933638443935 0.4109375 0.39588100686498856 0.4109375 0.36613272311212813 0.4078125 0.36384439359267734 0.4078125 0.3501144164759725 0.4046875 0.3501144164759725 0.4 0.34096109839816935 0.39375 0.34096109839816935 0.3921875 0.33867276887871856 0.3921875 0.3180778032036613 0.3890625 0.3157894736842105 0.3890625 0.30205949656750575 0.3859375 0.2997711670480549 0.3859375 0.28604118993135014 0.3828125 0.28604118993135014 0.378125 0.2791762013729977 0.378125 0.2700228832951945 0.375 0.2700228832951945 0.3703125 0.2631578947368421 0.3703125 0.2494279176201373 0.3671875 0.2471395881006865 0.3671875 0.2425629290617849 0.3625 0.2402745995423341 0.3625 0.2334096109839817 0.359375 0.2311212814645309 0.359375 0.2219679633867277 0.35625 0.21967963386727687 0.35625 0.19908466819221968 0.353125 0.19908466819221968 0.3515625 0.1945080091533181 0.3421875 0.1945080091533181 0.3421875 0.19679633867276888 0.3359375 0.19908466819221968 0.3359375 0.20823798627002288
2 0.165625 0.14645308924485126 0.1640625 0.15102974828375287 0.14375 0.15102974828375287 0.1421875 0.15789473684210525 0.1375 0.15789473684210525 0.13125 0.16704805491990846 0.125 0.16704805491990846 0.125 0.17162471395881007 0.1203125 0.17848970251716248 0.1140625 0.17848970251716248 0.1109375 0.18306636155606407 0.1109375 0.18764302059496568 0.1 0.19908466819221968 0.1 0.2036613272311213 0.0953125 0.21052631578947367 0.0921875 0.21052631578947367 0.0890625 0.2151029748283753 0.0890625 0.2242562929061785 0.0859375 0.22654462242562928 0.0859375 0.2517162471395881 0.08125 0.2540045766590389 0.08125 0.2631578947368421 0.078125 0.2654462242562929 0.078125 0.2723112128146453 0.075 0.2745995423340961 0.075 0.2997711670480549 0.0703125 0.30205949656750575 0.0703125 0.32036613272311215 0.0671875 0.32265446224256294 0.0671875 0.34782608695652173 0.0625 0.3501144164759725 0.0625 0.5194508009153318 0.065625 0.5194508009153318 0.0703125 0.5308924485125858 0.0734375 0.5308924485125858 0.078125 0.5377574370709383 0.078125 0.5423340961098398 0.0875 0.5423340961098398 0.0890625 0.5469107551487414 0.0984375 0.5469107551487414 0.1 0.551487414187643 0.10625 0.551487414187643 0.1109375 0.562929061784897 0.1203125 0.562929061784897 0.121875 0.5697940503432495 0.171875 0.5697940503432495 0.1734375 0.562929061784897 0.1828125 0.562929061784897 0.184375 0.5583524027459954 0.190625 0.5583524027459954 0.1921875 0.551487414187643 0.1984375 0.551487414187643 0.2 0.5469107551487414 0.2046875 0.5469107551487414 0.20625 0.5423340961098398 0.209375 0.5423340961098398 0.209375 0.5377574370709383 0.2171875 0.5263157894736842 0.2203125 0.5263157894736842 0.2203125 0.5217391304347826 0.225 0.5148741418764302 0.23125 0.5148741418764302 0.234375 0.5102974828375286 0.234375 0.505720823798627 0.2453125 0.494279176201373 0.2453125 0.4897025171624714 0.25 0.482837528604119 0.253125 0.482837528604119 0.25625 0.4782608695652174 0.2578125 0.47139588100686497 0.2609375 0.47139588100686497 0.2671875 0.4622425629290618 0.26875 0.45537757437070936 0.271875 0.45537757437070936 0.271875 0.448512585812357 0.275 0.4462242562929062 0.275 0.43707093821510296 0.278125 0.43478260869565216 0.2796875 0.4279176201372998 0.2828125 0.4279176201372998 0.2828125 0.42105263157894735 0.2859375 0.41876430205949655 0.2859375 0.4096109839816934 0.290625 0.40274599542334094 0.29375 0.40274599542334094 0.29375 0.39359267734553777 0.296875 0.391304347826087 0.296875 0.37757437070938216 0.3 0.37528604118993136 0.3 0.36613272311212813 0.3078125 0.35926773455377575 0.3078125 0.3501144164759725 0.3109375 0.34782608695652173 0.3109375 0.34096109839816935 0.315625 0.33867276887871856 0.315625 0.32265446224256294 0.31875 0.32036613272311215 0.31875 0.30663615560640733 0.3234375 0.30434782608695654 0.3234375 0.2585812356979405 0.3265625 0.2562929061784897 0.3265625 0.19908466819221968 0.3234375 0.1945080091533181 0.3171875 0.1945080091533181 0.315625 0.19221967963386727 0.315625 0.18306636155606407 0.309375 0.18306636155606407 0.3078125 0.17848970251716248 0.2734375 0.17848970251716248 0.271875 0.17391304347826086 0.2578125 0.17391304347826086 0.25625 0.16704805491990846 0.24375 0.16704805491990846 0.2421875 0.16247139588100687 0.2328125 0.16247139588100687 0.23125 0.15789473684210525 0.225 0.15789473684210525 0.2234375 0.15102974828375287 0.2140625 0.15102974828375287 0.2125 0.14645308924485126 0.1953125 0.14645308924485126 0.19375 0.14187643020594964 0.184375 0.14187643020594964 0.184375 0.14416475972540047 0.1828125 0.14645308924485126 0.165625 0.14645308924485126
2 0.0890625 0 0.0890625 0.002288329519450801 0.0890625 0.016018306636155607 0.0921875 0.020594965675057208 0.0953125 0.020594965675057208 0.103125 0.036613272311212815 0.10625 0.036613272311212815 0.1109375 0.043478260869565216 0.1109375 0.04805491990846682 0.1140625 0.05263157894736842 0.11875 0.05491990846681922 0.11875 0.06407322654462243 0.125 0.06636155606407322 0.125 0.07322654462242563 0.13125 0.07322654462242563 0.1328125 0.08009153318077804 0.1359375 0.08009153318077804 0.14375 0.09153318077803203 0.14375 0.09610983981693363 0.15 0.09610983981693363 0.1515625 0.10068649885583524 0.1578125 0.10068649885583524 0.159375 0.10526315789473684 0.16875 0.10526315789473684 0.1703125 0.11212814645308924 0.1796875 0.11212814645308924 0.18125 0.11670480549199085 0.19375 0.11670480549199085 0.1953125 0.12356979405034325 0.2046875 0.12356979405034325 0.20625 0.12814645308924486 0.2421875 0.12814645308924486 0.24375 0.13272311212814644 0.3046875 0.13272311212814644 0.30625 0.12814645308924486 0.3515625 0.12814645308924486 0.353125 0.12356979405034325 0.359375 0.12356979405034325 0.359375 0.11441647597254005 0.353125 0.11441647597254005 0.3515625 0.11212814645308924 0.3515625 0.059496567505720827 0.35625 0.057208237986270026 0.35625 0 0.0890625 0
2 0.64375 0 0.64375 0.002288329519450801 0.6390625 0.011441647597254004 0.6328125 0.011441647597254004 0.6328125 0.016018306636155607 0.628125 0.02288329519450801 0.625 0.02288329519450801 0.6171875 0.038901601830663615 0.6140625 0.038901601830663615 0.6109375 0.043478260869565216 0.6109375 0.05263157894736842 0.6078125 0.05491990846681922 0.6078125 0.06407322654462243 0.603125 0.06636155606407322 0.603125 0.07322654462242563 0.596875 0.08237986270022883 0.596875 0.08924485125858124 0.5921875 0.09153318077803203 0.5921875 0.09610983981693363 0.5953125 0.09610983981693363 0.603125 0.10755148741418764 0.603125 0.11212814645308924 0.6078125 0.11441647597254005 0.6078125 0.13272311212814644 0.6109375 0.13501144164759726 0.6109375 0.13958810068649885 0.628125 0.13958810068649885 0.6296875 0.13272311212814644 0.6421875 0.13272311212814644 0.64375 0.13958810068649885 0.653125 0.13958810068649885 0.6546875 0.14416475972540047 0.6609375 0.14416475972540047 0.6625 0.14874141876430205 0.675 0.14874141876430205 0.6765625 0.14416475972540047 0.6828125 0.14416475972540047 0.684375 0.13958810068649885 0.7125 0.13958810068649885 0.7140625 0.13272311212814644 0.7203125 0.13272311212814644 0.725 0.12356979405034325 0.73125 0.12356979405034325 0.73125 0.11899313501144165 0.7375 0.11212814645308924 0.7375 0.10297482837528604 0.7421875 0.10068649885583524 0.7421875 0.09153318077803203 0.7453125 0.08924485125858124 0.7453125 0.05491990846681922 0.7421875 0.05263157894736842 0.7421875 0 0.64375 0
2 0.5296875 0.06407322654462243 0.521875 0.07551487414187644 0.51875 0.07551487414187644 0.51875 0.08466819221967964 0.5171875 0.08695652173913043 0.5125 0.08695652173913043 0.5109375 0.09153318077803203 0.5078125 0.09153318077803203 0.5078125 0.09610983981693363 0.503125 0.10297482837528604 0.496875 0.10297482837528604 0.496875 0.11212814645308924 0.4953125 0.11441647597254005 0.4890625 0.11441647597254005 0.484375 0.12585812356979406 0.475 0.12585812356979406 0.4734375 0.13043478260869565 0.4671875 0.13043478260869565 0.465625 0.13501144164759726 0.4609375 0.13501144164759726 0.459375 0.14187643020594964 0.453125 0.14187643020594964 0.4484375 0.15102974828375287 0.4421875 0.15102974828375287 0.440625 0.15789473684210525 0.434375 0.15789473684210525 0.4328125 0.16247139588100687 0.4265625 0.16247139588100687 0.421875 0.17391304347826086 0.415625 0.17391304347826086 0.409375 0.18306636155606407 0.409375 0.19221967963386727 0.4015625 0.19908466819221968 0.4015625 0.2036613272311213 0.396875 0.21052631578947367 0.39375 0.21052631578947367 0.39375 0.21967963386727687 0.390625 0.2219679633867277 0.390625 0.2837528604118993 0.39375 0.28604118993135014 0.39375 0.2997711670480549 0.3984375 0.30205949656750575 0.3984375 0.32723112128146453 0.4046875 0.3340961098398169 0.4046875 0.33867276887871856 0.4078125 0.33867276887871856 0.4125 0.34553775743707094 0.4125 0.35469107551487417 0.4203125 0.36155606407322655 0.4203125 0.3707093821510298 0.4265625 0.37986270022883295 0.43125 0.38215102974828374 0.43125 0.38672768878718533 0.4484375 0.38672768878718533 0.45 0.391304347826087 0.4546875 0.391304347826087 0.45625 0.39588100686498856 0.4625 0.39588100686498856 0.4671875 0.38672768878718533 0.4703125 0.38672768878718533 0.4703125 0.36613272311212813 0.4734375 0.36384439359267734 0.4734375 0.3501144164759725 0.4765625 0.34782608695652173 0.4765625 0.34096109839816935 0.48125 0.33867276887871856 0.48125 0.32265446224256294 0.484375 0.32036613272311215 0.484375 0.3135011441647597 0.4875 0.3112128146453089 0.4875 0.30205949656750575 0.4921875 0.2997711670480549 0.4921875 0.2906178489702517 0.4953125 0.28832951945080093 0.4953125 0.2814645308924485 0.4984375 0.2791762013729977 0.5 0.2723112128146453 0.503125 0.2723112128146453 0.503125 0.2654462242562929 0.50625 0.2631578947368421 0.50625 0.2540045766590389 0.5109375 0.2517162471395881 0.5109375 0.2334096109839817 0.5140625 0.2311212814645309 0.5140625 0.21052631578947367 0.5171875 0.20823798627002288 0.5171875 0.1945080091533181 0.521875 0.19221967963386727 0.521875 0.17391304347826086 0.525 0.17162471395881007 0.525 0.15102974828375287 0.528125 0.14874141876430205 0.528125 0.12585812356979406 0.5328125 0.12356979405034325 0.5328125 0.10297482837528604 0.5359375 0.10068649885583524 0.5359375 0.05491990846681922 0.534375 0.05491990846681922 0.534375 0.057208237986270026 0.5296875 0.059496567505720827 0.5296875 0.06407322654462243
1 0.771875 0.4576659038901602 0.76875 0.4576659038901602 0.76875 0.4622425629290618 0.7640625 0.4691075514874142 0.7578125 0.4691075514874142 0.75625 0.47368421052631576 0.746875 0.47368421052631576 0.746875 0.4782608695652174 0.74375 0.4805491990846682 0.74375 0.4874141876430206 0.7390625 0.4897025171624714 0.7390625 0.4988558352402746 0.7359375 0.5011441647597255 0.7359375 0.5194508009153318 0.7328125 0.5217391304347826 0.7328125 0.551487414187643 0.7359375 0.5537757437070938 0.7359375 0.562929061784897 0.7390625 0.5652173913043478 0.7390625 0.5789473684210527 0.74375 0.5812356979405034 0.74375 0.5903890160183066 0.746875 0.5926773455377574 0.746875 0.6018306636155606 0.75 0.6041189931350115 0.75 0.6109839816933639 0.7546875 0.6132723112128147 0.7546875 0.6224256292906178 0.7578125 0.6247139588100686 0.7578125 0.6338672768878718 0.7625 0.6361556064073226 0.7625 0.6430205949656751 0.76875 0.6521739130434783 0.76875 0.6590389016018307 0.7734375 0.6613272311212814 0.7734375 0.6704805491990846 0.7765625 0.6727688787185355 0.7765625 0.6773455377574371 0.7828125 0.6773455377574371 0.784375 0.6819221967963387 0.8078125 0.6819221967963387 0.8125 0.6704805491990846 0.815625 0.6704805491990846 0.81875 0.665903890160183 0.8203125 0.6590389016018307 0.8234375 0.6590389016018307 0.8234375 0.6521739130434783 0.8265625 0.6498855835240275 0.8265625 0.6407322654462243 0.83125 0.6338672768878718 0.834375 0.6338672768878718 0.834375 0.6247139588100686 0.8375 0.6224256292906178 0.8375 0.6132723112128147 0.8421875 0.6064073226544623 0.8453125 0.6064073226544623 0.8453125 0.597254004576659 0.8484375 0.5949656750572082 0.8484375 0.5881006864988558 0.8515625 0.585812356979405 0.8515625 0.5766590389016019 0.85625 0.5743707093821511 0.85625 0.5537757437070938 0.859375 0.551487414187643 0.859375 0.4965675057208238 0.85625 0.494279176201373 0.85625 0.47368421052631576 0.853125 0.47368421052631576 0.8515625 0.4691075514874142 0.8421875 0.4691075514874142 0.840625 0.4645308924485126 0.825 0.4645308924485126 0.8234375 0.4576659038901602 0.8203125 0.4576659038901602 0.81875 0.4645308924485126 0.8125 0.4645308924485126 0.8109375 0.4691075514874142 0.8015625 0.4691075514874142 0.79375 0.45308924485125857 0.7875 0.45308924485125857 0.7859375 0.448512585812357 0.7796875 0.448512585812357 0.7796875 0.45080091533180777 0.7734375 0.45308924485125857 0.771875 0.4576659038901602
1 0.6625 0.17848970251716248 0.6578125 0.18993135011441648 0.6546875 0.18993135011441648 0.6484375 0.19908466819221968 0.646875 0.20594965675057209 0.64375 0.20594965675057209 0.6421875 0.21052631578947367 0.6375 0.21052631578947367 0.6359375 0.2151029748283753 0.6328125 0.2151029748283753 0.6328125 0.21967963386727687 0.628125 0.22654462242562928 0.625 0.22654462242562928 0.625 0.23569794050343248 0.621875 0.2379862700228833 0.621875 0.2517162471395881 0.61875 0.2540045766590389 0.61875 0.26773455377574373 0.6140625 0.2700228832951945 0.6140625 0.2837528604118993 0.61875 0.28604118993135014 0.61875 0.33867276887871856 0.621875 0.34096109839816935 0.621875 0.35469107551487417 0.625 0.35697940503432496 0.625 0.36384439359267734 0.6296875 0.36613272311212813 0.6296875 0.37528604118993136 0.6375 0.38215102974828374 0.6375 0.391304347826087 0.64375 0.39816933638443935 0.64375 0.4073226544622426 0.6484375 0.4096109839816934 0.6484375 0.41876430205949655 0.6515625 0.42105263157894735 0.6515625 0.4279176201372998 0.6546875 0.4302059496567506 0.6546875 0.43935926773455375 0.6578125 0.43935926773455375 0.659375 0.4462242562929062 0.665625 0.45537757437070936 0.6703125 0.4576659038901602 0.6703125 0.4622425629290618 0.6734375 0.4668192219679634 0.690625 0.4668192219679634 0.6921875 0.4622425629290618 0.6984375 0.4622425629290618 0.6984375 0.4576659038901602 0.70625 0.4462242562929062 0.709375 0.4462242562929062 0.709375 0.43707093821510296 0.715625 0.43478260869565216 0.7171875 0.4279176201372998 0.7203125 0.4279176201372998 0.7234375 0.4233409610983982 0.7234375 0.4096109839816934 0.7265625 0.4073226544622426 0.7265625 0.39816933638443935 0.734375 0.391304347826087 0.734375 0.38215102974828374 0.7375 0.37986270022883295 0.7375 0.37299771167048057 0.7421875 0.3707093821510298 0.7421875 0.36613272311212813 0.7453125 0.36384439359267734 0.7453125 0.35697940503432496 0.7484375 0.35469107551487417 0.7484375 0.34553775743707094 0.753125 0.34324942791762014 0.753125 0.3180778032036613 0.75625 0.3157894736842105 0.75625 0.2745995423340961 0.753125 0.2723112128146453 0.753125 0.2585812356979405 0.7484375 0.2562929061784897 0.7484375 0.2494279176201373 0.7453125 0.2471395881006865 0.7453125 0.2379862700228833 0.7421875 0.23569794050343248 0.7421875 0.22654462242562928 0.7390625 0.22654462242562928 0.73125 0.21052631578947367 0.7265625 0.20823798627002288 0.7265625 0.19908466819221968 0.7234375 0.1945080091533181 0.7171875 0.1945080091533181 0.709375 0.17848970251716248 0.703125 0.17848970251716248 0.7015625 0.17391304347826086 0.6703125 0.17391304347826086 0.6703125 0.17620137299771166 0.66875 0.17848970251716248 0.6625 0.17848970251716248
1 0.5296875 0.4302059496567506 0.5296875 0.43478260869565216 0.5234375 0.4416475972540046 0.5234375 0.45080091533180777 0.51875 0.45308924485125857 0.51875 0.4622425629290618 0.5125 0.4691075514874142 0.5125 0.4782608695652174 0.5078125 0.4805491990846682 0.5078125 0.494279176201373 0.5046875 0.4965675057208238 0.5046875 0.5102974828375286 0.496875 0.517162471395881 0.496875 0.5263157894736842 0.49375 0.528604118993135 0.49375 0.5354691075514875 0.4890625 0.5377574370709383 0.4890625 0.5583524027459954 0.49375 0.5606407322654462 0.49375 0.5697940503432495 0.496875 0.5720823798627003 0.496875 0.5789473684210527 0.5 0.5812356979405034 0.5 0.5903890160183066 0.5046875 0.5926773455377574 0.5046875 0.6018306636155606 0.515625 0.6132723112128147 0.515625 0.6224256292906178 0.5234375 0.6292906178489702 0.5234375 0.6384439359267735 0.5296875 0.6453089244851259 0.5296875 0.6498855835240275 0.534375 0.6521739130434783 0.534375 0.6590389016018307 0.5375 0.6613272311212814 0.5375 0.6704805491990846 0.540625 0.6727688787185355 0.540625 0.6773455377574371 0.54375 0.6773455377574371 0.5515625 0.6887871853546911 0.5515625 0.6933638443935927 0.5609375 0.6933638443935927 0.5625 0.6979405034324943 0.5796875 0.6979405034324943 0.58125 0.6933638443935927 0.5875 0.6933638443935927 0.5875 0.6887871853546911 0.5921875 0.6819221967963387 0.5953125 0.6819221967963387 0.5984375 0.6773455377574371 0.5984375 0.6681922196796338 0.6015625 0.665903890160183 0.6015625 0.6567505720823799 0.60625 0.6544622425629291 0.60625 0.6407322654462243 0.609375 0.6384439359267735 0.609375 0.6247139588100686 0.6125 0.6224256292906178 0.6125 0.6132723112128147 0.6171875 0.6109839816933639 0.6171875 0.597254004576659 0.6203125 0.5949656750572082 0.6203125 0.5812356979405034 0.6234375 0.5789473684210527 0.6234375 0.5652173913043478 0.628125 0.562929061784897 0.628125 0.5446224256292906 0.63125 0.5423340961098398 0.63125 0.4897025171624714 0.628125 0.4874141876430206 0.628125 0.4805491990846682 0.6234375 0.4782608695652174 0.6234375 0.4691075514874142 0.6203125 0.4668192219679634 0.6203125 0.4576659038901602 0.6171875 0.45308924485125857 0.6140625 0.45308924485125857 0.6125 0.448512585812357 0.6078125 0.448512585812357 0.60625 0.4416475972540046 0.6 0.4416475972540046 0.5984375 0.43707093821510296 0.5921875 0.43707093821510296 0.590625 0.4302059496567506 0.5859375 0.4302059496567506 0.584375 0.425629290617849 0.578125 0.425629290617849 0.5765625 0.4302059496567506 0.5625 0.4302059496567506 0.5609375 0.425629290617849 0.540625 0.425629290617849 0.540625 0.4279176201372998 0.5390625 0.4302059496567506 0.5296875 0.4302059496567506
1 0.4265625 0.40503432494279173 0.421875 0.41418764302059496 0.415625 0.41418764302059496 0.415625 0.41876430205949655 0.4078125 0.4302059496567506 0.4046875 0.4302059496567506 0.4046875 0.43478260869565216 0.3984375 0.4416475972540046 0.3984375 0.4462242562929062 0.390625 0.45308924485125857 0.390625 0.4622425629290618 0.3875 0.4645308924485126 0.3875 0.4874141876430206 0.390625 0.4897025171624714 0.390625 0.5102974828375286 0.39375 0.5125858123569794 0.39375 0.5308924485125858 0.3984375 0.5331807780320366 0.3984375 0.5469107551487414 0.4015625 0.5491990846681922 0.4015625 0.562929061784897 0.4046875 0.5652173913043478 0.4046875 0.5789473684210527 0.409375 0.5812356979405034 0.409375 0.5949656750572082 0.4125 0.597254004576659 0.4125 0.6064073226544623 0.41875 0.6064073226544623 0.4203125 0.6109839816933639 0.440625 0.6109839816933639 0.4453125 0.6018306636155606 0.4515625 0.6018306636155606 0.4515625 0.597254004576659 0.45625 0.5903890160183066 0.459375 0.5903890160183066 0.459375 0.5812356979405034 0.4671875 0.5697940503432495 0.4703125 0.5697940503432495 0.4703125 0.5652173913043478 0.4734375 0.562929061784897 0.4734375 0.5537757437070938 0.484375 0.5423340961098398 0.484375 0.5377574370709383 0.4875 0.5354691075514875 0.4890625 0.5263157894736842 0.4921875 0.5263157894736842 0.4921875 0.517162471395881 0.4953125 0.5148741418764302 0.4953125 0.5011441647597255 0.4984375 0.4988558352402746 0.4984375 0.4576659038901602 0.4921875 0.448512585812357 0.4875 0.4462242562929062 0.4875 0.4416475972540046 0.48125 0.43478260869565216 0.48125 0.425629290617849 0.478125 0.425629290617849 0.4734375 0.41876430205949655 0.4734375 0.41418764302059496 0.4703125 0.4096109839816934 0.45625 0.4096109839816934 0.4546875 0.40503432494279173 0.4484375 0.40274599542334094 0.4484375 0.39816933638443935 0.4375 0.39816933638443935 0.4375 0.40045766590389015 0.4359375 0.40503432494279173 0.4265625 0.40503432494279173
1 0.371875 0.6338672768878718 0.3609375 0.6453089244851259 0.3609375 0.6498855835240275 0.3578125 0.6521739130434783 0.3578125 0.6590389016018307 0.353125 0.6613272311212814 0.353125 0.6773455377574371 0.35 0.6796338672768879 0.35 0.6933638443935927 0.346875 0.6956521739130435 0.346875 0.7025171624713958 0.3421875 0.7048054919908466 0.3421875 0.7093821510297483 0.3390625 0.7116704805491991 0.3390625 0.7254004576659039 0.3625 0.7254004576659039 0.3640625 0.7299771167048055 0.3703125 0.7299771167048055 0.375 0.7368421052631579 0.375 0.7414187643020596 0.378125 0.7414187643020596 0.3796875 0.7459954233409611 0.3859375 0.7459954233409611 0.390625 0.7528604118993135 0.390625 0.7574370709382151 0.4 0.7574370709382151 0.4015625 0.7505720823798627 0.4078125 0.7505720823798627 0.4078125 0.7437070938215103 0.4109375 0.7414187643020596 0.4109375 0.7322654462242563 0.4140625 0.7299771167048055 0.4140625 0.7208237986270023 0.415625 0.7185354691075515 0.4328125 0.7185354691075515 0.4328125 0.6887871853546911 0.4296875 0.6864988558352403 0.4296875 0.6681922196796338 0.425 0.665903890160183 0.425 0.6567505720823799 0.41875 0.6498855835240275 0.41875 0.6453089244851259 0.415625 0.6453089244851259 0.4078125 0.6338672768878718 0.4078125 0.6292906178489702 0.4015625 0.6292906178489702 0.4 0.6247139588100686 0.390625 0.6247139588100686 0.3890625 0.620137299771167 0.375 0.620137299771167 0.375 0.6224256292906178 0.371875 0.6247139588100686 0.371875 0.6338672768878718