2 0.7453125 0 0.7453125 0.0020876826722338203 0.7453125 0.018789144050104383 0.7421875 0.020876826722338204 0.7421875 0.029227557411273485 0.7375 0.031315240083507306 0.7375 0.03966597077244259 0.734375 0.04175365344467641 0.734375 0.05010438413361169 0.73125 0.05219206680584551 0.73125 0.0709812108559499 0.7640625 0.0709812108559499 0.76875 0.060542797494780795 0.771875 0.060542797494780795 0.771875 0.05219206680584551 0.775 0.05010438413361169 0.775 0.010438413361169102 0.771875 0.008350730688935281 0.771875 0 0.7453125 0
2 0.7421875 0.16075156576200417 0.7421875 0.17954070981210857 0.75 0.18580375782881003 0.75 0.1941544885177453 0.75625 0.1941544885177453 0.7578125 0.20041753653444677 0.765625 0.20668058455114824 0.765625 0.21085594989561587 0.76875 0.2150313152400835 0.775 0.2150313152400835 0.7765625 0.22129436325678498 0.7796875 0.22129436325678498 0.78125 0.2254697286012526 0.7875 0.2254697286012526 0.7890625 0.23173277661795408 0.7953125 0.23173277661795408 0.796875 0.2359081419624217 0.80625 0.2359081419624217 0.809375 0.23173277661795408 0.809375 0.19206680584551147 0.80625 0.18997912317327767 0.80625 0.17536534446764093 0.803125 0.17536534446764093 0.7984375 0.16701461377870563 0.7890625 0.16701461377870563 0.7875 0.16075156576200417 0.76875 0.16075156576200417 0.7671875 0.15657620041753653 0.7609375 0.15657620041753653 0.7609375 0.15866388308977036 0.759375 0.16075156576200417 0.7421875 0.16075156576200417
2 0.0734375 0.23799582463465555 0.0734375 0.24217118997912318 0.0703125 0.24425887265135698 0.0703125 0.25052192066805845 0.0671875 0.25260960334029225 0.0671875 0.267223382045929 0.0734375 0.27348643006263046 0.0734375 0.2818371607515658 0.0796875 0.2818371607515658 0.08125 0.2881002087682672 0.0921875 0.2881002087682672 0.09375 0.29227557411273486 0.1234375 0.29227557411273486 0.125 0.2881002087682672 0.134375 0.2881002087682672 0.134375 0.2839248434237996 0.1390625 0.2776617954070981 0.1421875 0.2776617954070981 0.1421875 0.2630480167014614 0.1390625 0.2630480167014614 0.134375 0.2567849686847599 0.134375 0.25260960334029225 0.13125 0.24843423799582465 0.128125 0.24843423799582465 0.1265625 0.24425887265135698 0.1171875 0.24425887265135698 0.115625 0.23799582463465555 0.109375 0.23799582463465555 0.1078125 0.23382045929018788 0.0859375 0.23382045929018788 0.0859375 0.2359081419624217 0.084375 0.23799582463465555 0.0734375 0.23799582463465555
2 0.5796875 0.9290187891440501 0.5765625 0.9331941544885177 0.575 0.9394572025052192 0.571875 0.9394572025052192 0.56875 0.9436325678496869 0.5671875 0.9498956158663883 0.5640625 0.9498956158663883 0.5640625 0.9582463465553236 0.5609375 0.9603340292275574 0.5609375 0.9791231732776617 0.5640625 0.9832985386221295 0.575 0.9832985386221295 0.5765625 0.9895615866388309 0.59375 0.9895615866388309 0.5953125 0.9832985386221295 0.6046875 0.9832985386221295 0.60625 0.9791231732776617 0.6125 0.9791231732776617 0.6140625 0.9728601252609603 0.6203125 0.9728601252609603 0.628125 0.9624217118997912 0.628125 0.954070981210856 0.6328125 0.9519832985386222 0.6328125 0.9436325678496869 0.6296875 0.9436325678496869 0.625 0.9373695198329853 0.625 0.9331941544885177 0.6109375 0.9331941544885177 0.609375 0.9290187891440501 0.603125 0.9290187891440501 0.6015625 0.9227557411273486 0.584375 0.9227557411273486 0.584375 0.9248434237995825 0.5828125 0.9290187891440501 0.5796875 0.9290187891440501
2 0.13125 0.15657620041753653 0.128125 0.15657620041753653 0.125 0.16075156576200417 0.125 0.16910229645093947 0.1203125 0.17118997912317327 0.1203125 0.21085594989561587 0.125 0.21294363256784968 0.125 0.2254697286012526 0.128125 0.22755741127348644 0.128125 0.23173277661795408 0.13125 0.23173277661795408 0.1359375 0.23799582463465555 0.1359375 0.24217118997912318 0.1390625 0.24634655532359082 0.1453125 0.24634655532359082 0.146875 0.25052192066805845 0.15 0.25052192066805845 0.1515625 0.24634655532359082 0.16875 0.24634655532359082 0.16875 0.23382045929018788 0.1734375 0.23173277661795408 0.1734375 0.20668058455114824 0.16875 0.2045929018789144 0.16875 0.17118997912317327 0.165625 0.16910229645093947 0.165625 0.15657620041753653 0.1609375 0.1544885177453027 0.1609375 0.15031315240083507 0.1546875 0.15031315240083507 0.153125 0.14613778705636743 0.1359375 0.14613778705636743 0.1359375 0.14822546972860126 0.1328125 0.15031315240083507 0.13125 0.15657620041753653
2 0.328125 0.8162839248434238 0.325 0.8162839248434238 0.325 0.824634655532359 0.321875 0.826722338204593 0.321875 0.8329853862212944 0.325 0.8350730688935282 0.325 0.8496868475991649 0.3390625 0.8496868475991649 0.340625 0.8538622129436325 0.3546875 0.8538622129436325 0.35625 0.860125260960334 0.3703125 0.860125260960334 0.371875 0.8538622129436325 0.3859375 0.8538622129436325 0.390625 0.8434237995824635 0.396875 0.8434237995824635 0.396875 0.8350730688935282 0.4 0.8308977035490606 0.396875 0.8288100208768268 0.396875 0.8204592901878914 0.390625 0.8204592901878914 0.3890625 0.8162839248434238 0.3828125 0.8162839248434238 0.38125 0.8100208768267223 0.371875 0.8100208768267223 0.3703125 0.8058455114822547 0.3328125 0.8058455114822547 0.3328125 0.8079331941544885 0.3296875 0.8100208768267223 0.328125 0.8162839248434238
2 0.2015625 0.7620041753653445 0.196875 0.7682672233820459 0.19375 0.7682672233820459 0.19375 0.7724425887265136 0.1890625 0.778705636743215 0.1859375 0.778705636743215 0.1859375 0.81419624217119 0.1890625 0.81419624217119 0.19375 0.8204592901878914 0.19375 0.824634655532359 0.196875 0.824634655532359 0.1984375 0.8288100208768268 0.203125 0.8288100208768268 0.2046875 0.8329853862212944 0.23125 0.8329853862212944 0.2359375 0.824634655532359 0.2390625 0.824634655532359 0.2390625 0.7745302713987474 0.234375 0.7724425887265136 0.234375 0.7578288100208769 0.23125 0.7536534446764092 0.209375 0.7536534446764092 0.209375 0.755741127348643 0.2015625 0.7578288100208769 0.2015625 0.7620041753653445
2 0.684375 0.18162839248434237 0.684375 0.1941544885177453 0.6796875 0.19624217118997914 0.6796875 0.2254697286012526 0.6765625 0.22755741127348644 0.6765625 0.2609603340292276 0.6796875 0.2630480167014614 0.6796875 0.2776617954070981 0.684375 0.2797494780793319 0.684375 0.2881002087682672 0.69375 0.2881002087682672 0.6953125 0.2818371607515658 0.6984375 0.2818371607515658 0.7015625 0.2776617954070981 0.7015625 0.26931106471816285 0.70625 0.267223382045929 0.70625 0.2630480167014614 0.709375 0.2609603340292276 0.709375 0.25260960334029225 0.7140625 0.25052192066805845 0.7140625 0.23799582463465555 0.7171875 0.2359081419624217 0.7171875 0.21711899791231734 0.7140625 0.2150313152400835 0.7140625 0.20250521920668058 0.709375 0.20041753653444677 0.709375 0.18580375782881003 0.7015625 0.17954070981210857 0.7015625 0.17536534446764093 0.6984375 0.17118997912317327 0.6875 0.17118997912317327 0.6875 0.1732776617954071 0.6875 0.17954070981210857 0.684375 0.18162839248434237
2 0.5453125 0.025052192066805846 0.540625 0.027139874739039668 0.540625 0.04592901878914405 0.534375 0.05219206680584551 0.534375 0.060542797494780795 0.5296875 0.06263048016701461 0.5296875 0.0709812108559499 0.5265625 0.07306889352818371 0.5265625 0.1022964509394572 0.521875 0.10438413361169102 0.521875 0.13778705636743216 0.525 0.13778705636743216 0.5265625 0.1336116910229645 0.5359375 0.1336116910229645 0.5375 0.12734864300626306 0.546875 0.12734864300626306 0.5484375 0.12317327766179541 0.5515625 0.12317327766179541 0.5515625 0.11899791231732777 0.55625 0.1127348643006263 0.559375 0.1127348643006263 0.559375 0.10855949895615867 0.5640625 0.1022964509394572 0.5671875 0.1022964509394572 0.5671875 0.09394572025052192 0.5703125 0.0918580375782881 0.5703125 0.07933194154488518 0.575 0.07724425887265135 0.575 0.07306889352818371 0.578125 0.0709812108559499 0.578125 0.06263048016701461 0.5828125 0.060542797494780795 0.5828125 0.04175365344467641 0.578125 0.03966597077244259 0.578125 0.020876826722338204 0.575 0.016701461377870562 0.553125 0.016701461377870562 0.5515625 0.006263048016701462 0.5484375 0.006263048016701462 0.5484375 0.008350730688935281 0.5453125 0.010438413361169102 0.5453125 0.025052192066805846
1 0.50625 0.732776617954071 0.5046875 0.7390396659707724 0.4984375 0.7390396659707724 0.496875 0.7432150313152401 0.4875 0.7432150313152401 0.4859375 0.7494780793319415 0.4796875 0.7494780793319415 0.478125 0.7536534446764092 0.471875 0.7536534446764092 0.4703125 0.7578288100208769 0.4640625 0.7578288100208769 0.4625 0.7640918580375783 0.453125 0.7640918580375783 0.4515625 0.7682672233820459 0.4453125 0.7682672233820459 0.44375 0.7745302713987474 0.440625 0.7745302713987474 0.4375 0.778705636743215 0.4375 0.7870563674321504 0.4328125 0.7891440501043842 0.4328125 0.8079331941544885 0.4296875 0.8100208768267223 0.4296875 0.8288100208768268 0.425 0.8308977035490606 0.425 0.8392484342379958 0.4234375 0.8413361169102297 0.40625 0.8413361169102297 0.4046875 0.8455114822546973 0.3984375 0.8455114822546973 0.396875 0.8517745302713987 0.390625 0.8517745302713987 0.3859375 0.8622129436325678 0.3828125 0.8622129436325678 0.3796875 0.8663883089770354 0.3796875 0.8747390396659708 0.375 0.8768267223382046 0.375 0.8914405010438413 0.371875 0.8935281837160751 0.371875 0.9478079331941545 0.3671875 0.9498956158663883 0.3671875 0.9582463465553236 0.3640625 0.9603340292275574 0.3640625 0.9686847599164927 0.359375 0.9707724425887265 0.359375 0.9791231732776617 0.35625 0.9812108559498957 0.35625 0.9937369519832986 0.3625 0.9937369519832986 0.3640625 0.9979123173277662 0.38125 0.9979123173277662 0.3828125 0.9937369519832986 0.4390625 0.9937369519832986 0.440625 0.9979123173277662 0.5359375 0.9979123173277662 0.5375 0.9937369519832986 0.54375 0.9937369519832986 0.54375 0.9853862212943633 0.540625 0.9853862212943633 0.5359375 0.9791231732776617 0.5359375 0.9749478079331941 0.54375 0.9728601252609603 0.5453125 0.9686847599164927 0.5515625 0.9686847599164927 0.5515625 0.964509394572025 0.5546875 0.9624217118997912 0.5546875 0.954070981210856 0.559375 0.9519832985386222 0.5640625 0.941544885177453 0.5671875 0.941544885177453 0.5703125 0.9373695198329853 0.571875 0.9311064718162839 0.575 0.9311064718162839 0.575 0.9227557411273486 0.578125 0.9206680584551148 0.578125 0.8872651356993737 0.5703125 0.8810020876826722 0.5703125 0.8622129436325678 0.575 0.860125260960334 0.575 0.8559498956158664 0.578125 0.8538622129436325 0.578125 0.8455114822546973 0.5828125 0.8434237995824635 0.5828125 0.8350730688935282 0.578125 0.8329853862212944 0.578125 0.8162839248434238 0.575 0.81419624217119 0.575 0.7995824634655533 0.5703125 0.7974947807933194 0.5703125 0.7849686847599165 0.5671875 0.7828810020876826 0.5671875 0.7745302713987474 0.5609375 0.7745302713987474 0.559375 0.7640918580375783 0.5546875 0.7620041753653445 0.5546875 0.7494780793319415 0.5515625 0.7473903966597077 0.5515625 0.732776617954071 0.5453125 0.732776617954071 0.54375 0.7286012526096033 0.51875 0.7286012526096033 0.51875 0.7306889352818372 0.5171875 0.732776617954071 0.50625 0.732776617954071
1 0.8421875 0.2588726513569937 0.8390625 0.2630480167014614 0.8375 0.26931106471816285 0.8234375 0.26931106471816285 0.821875 0.2630480167014614 0.81875 0.2630480167014614 0.8171875 0.2588726513569937 0.8140625 0.2630480167014614 0.8078125 0.2630480167014614 0.8078125 0.267223382045929 0.8 0.27348643006263046 0.8 0.2776617954070981 0.7953125 0.2839248434237996 0.7921875 0.2839248434237996 0.7921875 0.2881002087682672 0.7890625 0.29018789144050106 0.7890625 0.302713987473904 0.784375 0.3048016701461378 0.784375 0.3298538622129436 0.7765625 0.33194154488517746 0.7765625 0.33820459290187893 0.7734375 0.34029227557411273 0.771875 0.3465553235908142 0.765625 0.3465553235908142 0.765625 0.35490605427974947 0.7578125 0.36116910229645094 0.7578125 0.3757828810020877 0.753125 0.3778705636743215 0.753125 0.37995824634655534 0.7578125 0.38204592901878914 0.7578125 0.3966597077244259 0.7609375 0.3987473903966597 0.7609375 0.4112734864300626 0.765625 0.4133611691022965 0.765625 0.42171189979123175 0.7734375 0.4279749478079332 0.7734375 0.4321503131524008 0.7796875 0.4321503131524008 0.78125 0.4363256784968685 0.7953125 0.4363256784968685 0.796875 0.4384133611691023 0.796875 0.4572025052192067 0.8 0.4592901878914405 0.8 0.46346555323590816 0.803125 0.46764091858037576 0.809375 0.46764091858037576 0.8109375 0.47390396659707723 0.8171875 0.47390396659707723 0.81875 0.4780793319415449 0.821875 0.4780793319415449 0.8234375 0.48434237995824636 0.8328125 0.48434237995824636 0.834375 0.48851774530271397 0.85625 0.48851774530271397 0.8578125 0.49478079331941544 0.8671875 0.49478079331941544 0.86875 0.4989561586638831 0.8875 0.4989561586638831 0.8890625 0.5031315240083507 0.90625 0.5031315240083507 0.9078125 0.4989561586638831 0.9109375 0.4989561586638831 0.9140625 0.49478079331941544 0.9140625 0.48643006263048016 0.91875 0.48434237995824636 0.91875 0.4384133611691023 0.921875 0.4363256784968685 0.921875 0.3674321503131524 0.91875 0.3653444676409186 0.91875 0.33194154488517746 0.915625 0.33194154488517746 0.9140625 0.325678496868476 0.9109375 0.3235908141962422 0.9109375 0.31524008350730687 0.90625 0.31315240083507306 0.90625 0.3048016701461378 0.903125 0.302713987473904 0.903125 0.29436325678496866 0.8984375 0.29227557411273486 0.8984375 0.2839248434237996 0.890625 0.2776617954070981 0.890625 0.27348643006263046 0.8875 0.26931106471816285 0.88125 0.26931106471816285 0.8796875 0.2630480167014614 0.86875 0.2630480167014614 0.8671875 0.2588726513569937 0.8609375 0.2567849686847599 0.8609375 0.25260960334029225 0.846875 0.25260960334029225 0.846875 0.2546972860125261 0.8453125 0.2588726513569937 0.8421875 0.2588726513569937
1 0.396875 0.8517745302713987 0.390625 0.8517745302713987 0.3859375 0.8622129436325678 0.3796875 0.8622129436325678 0.378125 0.872651356993737 0.375 0.872651356993737 0.375 0.8914405010438413 0.371875 0.8935281837160751 0.371875 0.9206680584551148 0.3671875 0.9227557411273486 0.3671875 0.9311064718162839 0.371875 0.9331941544885177 0.371875 0.9478079331941545 0.3640625 0.954070981210856 0.3625 0.964509394572025 0.359375 0.964509394572025 0.359375 0.9791231732776617 0.35625 0.9812108559498957 0.35625 0.9895615866388309 0.3515625 0.9916492693110647 0.3515625 0.9937369519832986 0.3546875 0.9937369519832986 0.35625 0.9979123173277662 0.3859375 0.9979123173277662 0.3875 0.9937369519832986 0.4125 0.9937369519832986 0.415625 0.9979123173277662 0.4171875 0.9937369519832986 0.4203125 0.9937369519832986 0.4234375 0.9979123173277662 0.425 0.9937369519832986 0.43125 0.9937369519832986 0.4328125 0.9979123173277662 0.5390625 0.9979123173277662 0.540625 0.9937369519832986 0.54375 0.9937369519832986 0.54375 0.9853862212943633 0.540625 0.9853862212943633 0.5359375 0.9791231732776617 0.5359375 0.9749478079331941 0.5328125 0.9707724425887265 0.5140625 0.9707724425887265 0.5125 0.964509394572025 0.503125 0.964509394572025 0.5015625 0.9603340292275574 0.4984375 0.9603340292275574 0.496875 0.954070981210856 0.490625 0.954070981210856 0.4890625 0.9498956158663883 0.4828125 0.9498956158663883 0.48125 0.9436325678496869 0.4734375 0.9373695198329853 0.4734375 0.9331941544885177 0.4703125 0.9290187891440501 0.465625 0.9269311064718163 0.465625 0.9227557411273486 0.4609375 0.9227557411273486 0.4546875 0.9144050104384134 0.4484375 0.9144050104384134 0.44375 0.9039665970772442 0.4390625 0.9018789144050104 0.4390625 0.8935281837160751 0.4359375 0.8914405010438413 0.4359375 0.8768267223382046 0.43125 0.8747390396659708 0.43125 0.8622129436325678 0.428125 0.860125260960334 0.428125 0.8455114822546973 0.425 0.8455114822546973 0.4234375 0.8413361169102297 0.40625 0.8413361169102297 0.40625 0.8434237995824635 0.3984375 0.8455114822546973 0.396875 0.8517745302713987
1 0.7921875 0.5636743215031316 0.7875 0.5741127348643006 0.784375 0.5741127348643006 0.784375 0.5866388308977035 0.78125 0.5887265135699373 0.7796875 0.5991649269311065 0.7421875 0.5991649269311065 0.740625 0.6033402922755741 0.7375 0.6033402922755741 0.7375 0.6116910229645094 0.73125 0.6137787056367432 0.7296875 0.6200417536534447 0.7265625 0.6200417536534447 0.7234375 0.6242171189979123 0.7234375 0.6325678496868476 0.71875 0.6346555323590815 0.71875 0.6534446764091858 0.7234375 0.6555323590814196 0.7234375 0.6638830897703549 0.7265625 0.6659707724425887 0.7265625 0.6743215031315241 0.7296875 0.6743215031315241 0.73125 0.6784968684759917 0.7265625 0.6805845511482255 0.7265625 0.6993736951983298 0.7234375 0.7014613778705637 0.7234375 0.7160751565762005 0.71875 0.7181628392484343 0.71875 0.7306889352818372 0.715625 0.732776617954071 0.715625 0.7411273486430062 0.71875 0.7432150313152401 0.71875 0.7473903966597077 0.740625 0.7473903966597077 0.7453125 0.7536534446764092 0.7453125 0.7724425887265136 0.7484375 0.7724425887265136 0.753125 0.778705636743215 0.753125 0.7828810020876826 0.7578125 0.7849686847599165 0.7578125 0.8037578288100209 0.7609375 0.8079331941544885 0.7671875 0.8079331941544885 0.76875 0.8037578288100209 0.771875 0.8037578288100209 0.7734375 0.7974947807933194 0.7828125 0.7974947807933194 0.784375 0.8037578288100209 0.7890625 0.8058455114822547 0.7890625 0.81419624217119 0.7921875 0.8162839248434238 0.7921875 0.824634655532359 0.80625 0.824634655532359 0.80625 0.8204592901878914 0.809375 0.8183716075156576 0.809375 0.8058455114822547 0.8140625 0.8037578288100209 0.815625 0.7933194154488518 0.821875 0.7933194154488518 0.8234375 0.7974947807933194 0.8296875 0.7974947807933194 0.834375 0.8079331941544885 0.840625 0.8079331941544885 0.8421875 0.8037578288100209 0.8609375 0.8037578288100209 0.8625 0.8079331941544885 0.8875 0.8079331941544885 0.8921875 0.7974947807933194 0.8953125 0.7974947807933194 0.8953125 0.778705636743215 0.890625 0.7766179540709812 0.890625 0.7578288100208769 0.8875 0.755741127348643 0.8875 0.7494780793319415 0.890625 0.7473903966597077 0.890625 0.732776617954071 0.8921875 0.7306889352818372 0.90625 0.7306889352818372 0.9078125 0.7265135699373695 0.921875 0.7265135699373695 0.9234375 0.7202505219206681 0.9296875 0.7202505219206681 0.9328125 0.7160751565762005 0.9328125 0.7014613778705637 0.9265625 0.6951983298538622 0.9265625 0.6910229645093946 0.9234375 0.6910229645093946 0.91875 0.6847599164926931 0.91875 0.6805845511482255 0.9078125 0.6805845511482255 0.90625 0.6764091858037579 0.8984375 0.6743215031315241 0.8984375 0.6617954070981211 0.903125 0.6597077244258872 0.903125 0.6555323590814196 0.8984375 0.6534446764091858 0.8984375 0.6450939457202505 0.8953125 0.6430062630480167 0.8953125 0.6304801670146137 0.8984375 0.6283924843423799 0.8984375 0.6200417536534447 0.903125 0.6179540709812108 0.903125 0.5991649269311065 0.8984375 0.5970772442588727 0.8984375 0.592901878914405 0.8890625 0.592901878914405 0.8875 0.5887265135699373 0.865625 0.5887265135699373 0.8640625 0.5866388308977035 0.8640625 0.5636743215031316 0.8609375 0.5615866388308977 0.8609375 0.55741127348643 0.815625 0.55741127348643 0.815625 0.5594989561586639 0.8140625 0.5636743215031316 0.7921875 0.5636743215031316
1 0.5140625 0.3465553235908142 0.5109375 0.35073068893528186 0.509375 0.3569937369519833 0.503125 0.3569937369519833 0.5015625 0.36116910229645094 0.4953125 0.36116910229645094 0.4953125 0.3653444676409186 0.4875 0.37160751565762007 0.4859375 0.3778705636743215 0.4828125 0.3778705636743215 0.4796875 0.38204592901878914 0.4796875 0.3903966597077244 0.475 0.3924843423799583 0.475 0.40083507306889354 0.471875 0.40292275574112735 0.471875 0.4112734864300626 0.4671875 0.4133611691022965 0.4671875 0.42588726513569936 0.4640625 0.4279749478079332 0.4640625 0.4363256784968685 0.4609375 0.4384133611691023 0.4609375 0.453027139874739 0.45625 0.4551148225469729 0.45625 0.46764091858037576 0.453125 0.4697286012526096 0.453125 0.48434237995824636 0.4484375 0.48643006263048016 0.4484375 0.5093945720250522 0.4515625 0.5093945720250522 0.45625 0.5156576200417536 0.45625 0.5198329853862212 0.4625 0.5198329853862212 0.4640625 0.524008350730689 0.478125 0.524008350730689 0.4796875 0.5302713987473904 0.5171875 0.5302713987473904 0.51875 0.534446764091858 0.575 0.534446764091858 0.5765625 0.5407098121085595 0.625 0.5407098121085595 0.6265625 0.534446764091858 0.6515625 0.534446764091858 0.653125 0.5302713987473904 0.65625 0.5302713987473904 0.65625 0.5260960334029228 0.6609375 0.5198329853862212 0.6640625 0.5198329853862212 0.6640625 0.4968684759916493 0.6671875 0.49478079331941544 0.6671875 0.48643006263048016 0.6703125 0.48434237995824636 0.6703125 0.4697286012526096 0.675 0.46764091858037576 0.675 0.4592901878914405 0.6796875 0.453027139874739 0.6828125 0.453027139874739 0.6828125 0.4488517745302714 0.6859375 0.44676409185803756 0.6859375 0.4175365344467641 0.675 0.407098121085595 0.675 0.40292275574112735 0.6703125 0.40083507306889354 0.6703125 0.3924843423799583 0.6640625 0.3862212943632568 0.6640625 0.38204592901878914 0.6609375 0.38204592901878914 0.65625 0.3757828810020877 0.65625 0.37160751565762007 0.65 0.37160751565762007 0.6484375 0.3674321503131524 0.64375 0.3653444676409186 0.64375 0.36116910229645094 0.634375 0.36116910229645094 0.6328125 0.3569937369519833 0.6140625 0.3569937369519833 0.6109375 0.36116910229645094 0.609375 0.3569937369519833 0.6 0.3569937369519833 0.5984375 0.36116910229645094 0.5921875 0.36116910229645094 0.590625 0.3674321503131524 0.55625 0.3674321503131524 0.5546875 0.36116910229645094 0.5484375 0.36116910229645094 0.546875 0.3569937369519833 0.540625 0.3569937369519833 0.5390625 0.35073068893528186 0.534375 0.35073068893528186 0.5328125 0.3465553235908142 0.5296875 0.3465553235908142 0.528125 0.34029227557411273 0.51875 0.34029227557411273 0.51875 0.34237995824634654 0.5171875 0.3465553235908142 0.5140625 0.3465553235908142
1 0.453125 0 0.453125 0.0020876826722338203 0.453125 0.03966597077244259 0.45625 0.04175365344467641 0.45625 0.05010438413361169 0.4609375 0.05219206680584551 0.4609375 0.060542797494780795 0.4640625 0.06263048016701461 0.4640625 0.06680584551148225 0.471875 0.07306889352818371 0.471875 0.07724425887265135 0.475 0.081419624217119 0.4796875 0.08350730688935282 0.4796875 0.0918580375782881 0.4875 0.09812108559498957 0.4875 0.1022964509394572 0.490625 0.10647181628392484 0.496875 0.10647181628392484 0.4984375 0.1127348643006263 0.5015625 0.1127348643006263 0.50625 0.11899791231732777 0.50625 0.12317327766179541 0.5171875 0.12317327766179541 0.5171875 0.11899791231732777 0.5203125 0.11691022964509394 0.5203125 0.10438413361169102 0.525 0.1022964509394572 0.525 0.06889352818371608 0.528125 0.06680584551148225 0.528125 0.05219206680584551 0.5328125 0.05010438413361169 0.5328125 0.037578288100208766 0.5359375 0.03549060542797495 0.5359375 0 0.453125 0
1 0.225 0.027139874739039668 0.2234375 0.031315240083507306 0.2171875 0.031315240083507306 0.215625 0.037578288100208766 0.1859375 0.037578288100208766 0.1828125 0.04175365344467641 0.1828125 0.04592901878914405 0.1859375 0.04801670146137787 0.1859375 0.060542797494780795 0.1828125 0.06263048016701461 0.18125 0.06889352818371608 0.178125 0.06889352818371608 0.175 0.07306889352818371 0.1734375 0.07933194154488518 0.1703125 0.07933194154488518 0.1703125 0.10647181628392484 0.1671875 0.10855949895615867 0.1671875 0.11691022964509394 0.1703125 0.11899791231732777 0.1703125 0.12317327766179541 0.1734375 0.12317327766179541 0.178125 0.12943632567849686 0.178125 0.1440501043841336 0.1828125 0.14613778705636743 0.1828125 0.1649269311064718 0.1859375 0.16910229645093947 0.1890625 0.16910229645093947 0.190625 0.1732776617954071 0.196875 0.1732776617954071 0.1984375 0.17954070981210857 0.203125 0.17954070981210857 0.2046875 0.1837160751565762 0.2078125 0.1837160751565762 0.2125 0.1941544885177453 0.2171875 0.19624217118997914 0.2171875 0.20041753653444677 0.2234375 0.20041753653444677 0.225 0.2045929018789144 0.2578125 0.2045929018789144 0.259375 0.20041753653444677 0.265625 0.20041753653444677 0.2671875 0.1941544885177453 0.2734375 0.1941544885177453 0.275 0.18997912317327767 0.284375 0.18997912317327767 0.284375 0.18580375782881003 0.2890625 0.1837160751565762 0.290625 0.17954070981210857 0.296875 0.17954070981210857 0.2984375 0.1732776617954071 0.3046875 0.1732776617954071 0.3046875 0.16701461377870563 0.3078125 0.1649269311064718 0.3078125 0.16075156576200417 0.3125 0.15866388308977036 0.3125 0.14613778705636743 0.315625 0.1440501043841336 0.315625 0.13987473903966596 0.3125 0.13778705636743216 0.3125 0.12943632567849686 0.315625 0.12734864300626306 0.315625 0.08350730688935282 0.3078125 0.07724425887265135 0.3078125 0.06889352818371608 0.3125 0.06680584551148225 0.3125 0.05219206680584551 0.29375 0.05219206680584551 0.2921875 0.04801670146137787 0.2828125 0.04801670146137787 0.28125 0.04175365344467641 0.2640625 0.04175365344467641 0.2625 0.04801670146137787 0.259375 0.04801670146137787 0.2578125 0.04175365344467641 0.2546875 0.03966597077244259 0.2546875 0.031315240083507306 0.25 0.029227557411273485 0.25 0.020876826722338204 0.240625 0.020876826722338204 0.240625 0.022964509394572025 0.2390625 0.027139874739039668 0.225 0.027139874739039668
1 0.5109375 0.732776617954071 0.509375 0.7390396659707724 0.4984375 0.7390396659707724 0.496875 0.7432150313152401 0.490625 0.7432150313152401 0.4890625 0.7494780793319415 0.4796875 0.7494780793319415 0.478125 0.7536534446764092 0.471875 0.7536534446764092 0.4703125 0.7578288100208769 0.4640625 0.7578288100208769 0.4625 0.7640918580375783 0.45625 0.7640918580375783 0.4546875 0.7682672233820459 0.4484375 0.7682672233820459 0.4484375 0.7724425887265136 0.44375 0.778705636743215 0.440625 0.778705636743215 0.440625 0.7828810020876826 0.4359375 0.7891440501043842 0.4328125 0.7891440501043842 0.4328125 0.8079331941544885 0.4296875 0.8100208768267223 0.4296875 0.860125260960334 0.4328125 0.8622129436325678 0.4328125 0.8747390396659708 0.4375 0.8768267223382046 0.4375 0.8914405010438413 0.440625 0.8935281837160751 0.440625 0.9018789144050104 0.44375 0.9018789144050104 0.4484375 0.9081419624217119 0.4484375 0.9123173277661796 0.4546875 0.9123173277661796 0.4609375 0.9206680584551148 0.465625 0.9206680584551148 0.4671875 0.9269311064718163 0.4703125 0.9269311064718163 0.475 0.9331941544885177 0.475 0.941544885177453 0.48125 0.941544885177453 0.4828125 0.9478079331941545 0.4890625 0.9478079331941545 0.490625 0.9519832985386222 0.496875 0.9519832985386222 0.4984375 0.9582463465553236 0.5046875 0.9582463465553236 0.50625 0.9624217118997912 0.5125 0.9624217118997912 0.5140625 0.9686847599164927 0.546875 0.9686847599164927 0.546875 0.964509394572025 0.5515625 0.9624217118997912 0.553125 0.9582463465553236 0.559375 0.9582463465553236 0.559375 0.9498956158663883 0.5625 0.9478079331941545 0.5625 0.9436325678496869 0.5703125 0.9373695198329853 0.571875 0.9311064718162839 0.575 0.9311064718162839 0.575 0.9227557411273486 0.578125 0.9206680584551148 0.578125 0.8872651356993737 0.5703125 0.8810020876826722 0.5703125 0.8622129436325678 0.575 0.860125260960334 0.575 0.8559498956158664 0.578125 0.8538622129436325 0.578125 0.8455114822546973 0.5828125 0.8434237995824635 0.5828125 0.8350730688935282 0.578125 0.8329853862212944 0.578125 0.8162839248434238 0.575 0.81419624217119 0.575 0.7995824634655533 0.5703125 0.7974947807933194 0.5703125 0.7849686847599165 0.5671875 0.7828810020876826 0.5671875 0.778705636743215 0.5640625 0.778705636743215 0.559375 0.7724425887265136 0.559375 0.7640918580375783 0.5546875 0.7620041753653445 0.5546875 0.7494780793319415 0.5515625 0.7473903966597077 0.5515625 0.7390396659707724 0.546875 0.7369519832985386 0.546875 0.732776617954071 0.540625 0.732776617954071 0.5390625 0.7286012526096033 0.5265625 0.7286012526096033 0.5265625 0.7306889352818372 0.525 0.732776617954071 0.5109375 0.732776617954071
1 0.1203125 0.46555323590814196 0.11875 0.4697286012526096 0.1125 0.4697286012526096 0.1109375 0.4759916492693111 0.1046875 0.4759916492693111 0.1 0.48643006263048016 0.096875 0.48643006263048016 0.09375 0.4906054279749478 0.09375 0.4989561586638831 0.0890625 0.5010438413361169 0.0890625 0.5135699373695198 0.0859375 0.5156576200417536 0.0859375 0.5302713987473904 0.08125 0.5323590814196242 0.08125 0.5970772442588727 0.0859375 0.5991649269311065 0.0859375 0.6221294363256785 0.0890625 0.6242171189979123 0.0890625 0.6492693110647182 0.09375 0.651356993736952 0.09375 0.6680584551148225 0.096875 0.6701461377870563 0.096875 0.6889352818371608 0.1015625 0.6910229645093946 0.1015625 0.6993736951983298 0.1046875 0.7014613778705637 0.1046875 0.7098121085594989 0.109375 0.7118997912317327 0.109375 0.7160751565762005 0.115625 0.7160751565762005 0.1171875 0.7202505219206681 0.1453125 0.7202505219206681 0.146875 0.7160751565762005 0.1609375 0.7160751565762005 0.1625 0.7098121085594989 0.16875 0.7098121085594989 0.1703125 0.7056367432150313 0.1765625 0.7056367432150313 0.178125 0.6993736951983298 0.184375 0.6993736951983298 0.1859375 0.6951983298538622 0.1890625 0.6951983298538622 0.190625 0.6889352818371608 0.196875 0.6889352818371608 0.2 0.6847599164926931 0.2 0.6805845511482255 0.203125 0.6784968684759917 0.203125 0.6701461377870563 0.2078125 0.6680584551148225 0.2125 0.6597077244258872 0.215625 0.6597077244258872 0.215625 0.6555323590814196 0.2203125 0.6492693110647182 0.2234375 0.6492693110647182 0.2234375 0.6346555323590815 0.2265625 0.6325678496868476 0.2265625 0.6242171189979123 0.234375 0.6179540709812108 0.2359375 0.6116910229645094 0.2421875 0.6116910229645094 0.24375 0.6075156576200418 0.246875 0.6075156576200418 0.246875 0.5991649269311065 0.25 0.5970772442588727 0.25 0.5782881002087683 0.2546875 0.5762004175365344 0.2546875 0.5678496868475992 0.25 0.5657620041753654 0.25 0.5469728601252609 0.246875 0.5448851774530271 0.246875 0.5219206680584552 0.2421875 0.5198329853862212 0.2421875 0.5156576200417536 0.2203125 0.5156576200417536 0.215625 0.5093945720250522 0.215625 0.5052192066805845 0.209375 0.5052192066805845 0.2078125 0.5010438413361169 0.190625 0.5010438413361169 0.1890625 0.4968684759916493 0.184375 0.49478079331941544 0.184375 0.4906054279749478 0.18125 0.48643006263048016 0.1765625 0.48434237995824636 0.1765625 0.4801670146137787 0.1734375 0.4759916492693111 0.16875 0.47390396659707723 0.16875 0.4697286012526096 0.165625 0.46555323590814196 0.1546875 0.46555323590814196 0.153125 0.4592901878914405 0.1328125 0.4592901878914405 0.1328125 0.4613778705636743 0.13125 0.46555323590814196 0.1203125 0.46555323590814196
1 0.3984375 0 0.3984375 0.0020876826722338203 0.39375 0.010438413361169102 0.3484375 0.010438413361169102 0.346875 0.020876826722338204 0.3421875 0.018789144050104383 0.3421875 0.010438413361169102 0.340625 0.010438413361169102 0.3390625 0.016701461377870562 0.3328125 0.016701461377870562 0.3296875 0.020876826722338204 0.328125 0.016701461377870562 0.3171875 0.016701461377870562 0.315625 0.010438413361169102 0.2984375 0.010438413361169102 0.296875 0.016701461377870562 0.29375 0.016701461377870562 0.29375 0.03549060542797495 0.296875 0.03549060542797495 0.2984375 0.029227557411273485 0.3046875 0.029227557411273485 0.30625 0.03549060542797495 0.3125 0.03549060542797495 0.3171875 0.04175365344467641 0.315625 0.05219206680584551 0.2984375 0.05219206680584551 0.296875 0.04801670146137787 0.2859375 0.04801670146137787 0.284375 0.04175365344467641 0.2640625 0.04175365344467641 0.2625 0.037578288100208766 0.25625 0.037578288100208766 0.2546875 0.027139874739039668 0.25625 0.025052192066805846 0.265625 0.025052192066805846 0.2671875 0.018789144050104383 0.275 0.020876826722338204 0.2734375 0.016701461377870562 0.26875 0.014613778705636743 0.26875 0.010438413361169102 0.2484375 0.010438413361169102 0.2484375 0.014613778705636743 0.240625 0.020876826722338204 0.2390625 0.016701461377870562 0.234375 0.014613778705636743 0.234375 0.010438413361169102 0.2203125 0.010438413361169102 0.2203125 0.014613778705636743 0.215625 0.020876826722338204 0.2046875 0.020876826722338204 0.203125 0.027139874739039668 0.1984375 0.027139874739039668 0.196875 0.031315240083507306 0.1859375 0.031315240083507306 0.184375 0.037578288100208766 0.178125 0.037578288100208766 0.178125 0.06680584551148225 0.175 0.06889352818371608 0.175 0.07724425887265135 0.1671875 0.08350730688935282 0.1671875 0.1022964509394572 0.159375 0.10438413361169102 0.1625 0.10855949895615867 0.1625 0.11691022964509394 0.1671875 0.11899791231732777 0.1671875 0.12317327766179541 0.159375 0.12943632567849686 0.159375 0.1336116910229645 0.1671875 0.13569937369519833 0.1671875 0.1440501043841336 0.1703125 0.14613778705636743 0.1703125 0.1544885177453027 0.175 0.15657620041753653 0.175 0.1649269311064718 0.1703125 0.16701461377870563 0.16875 0.1649269311064718 0.16875 0.16075156576200417 0.165625 0.15866388308977036 0.165625 0.15031315240083507 0.1625 0.15031315240083507 0.1609375 0.14613778705636743 0.146875 0.14613778705636743 0.1453125 0.13987473903966596 0.14375 0.13987473903966596 0.1421875 0.14613778705636743 0.1359375 0.14613778705636743 0.13125 0.15657620041753653 0.128125 0.15657620041753653 0.125 0.16075156576200417 0.125 0.16910229645093947 0.1203125 0.17118997912317327 0.1203125 0.1837160751565762 0.1171875 0.18580375782881003 0.1171875 0.20041753653444677 0.1125 0.20250521920668058 0.1109375 0.20668058455114824 0.1046875 0.20668058455114824 0.1046875 0.21085594989561587 0.1 0.21711899791231734 0.096875 0.21711899791231734 0.096875 0.22129436325678498 0.0921875 0.22755741127348644 0.0890625 0.22755741127348644 0.0875 0.23382045929018788 0.08125 0.23382045929018788 0.0765625 0.24425887265135698 0.0703125 0.24425887265135698 0.0703125 0.25052192066805845 0.0671875 0.25260960334029225 0.0671875 0.267223382045929 0.0734375 0.27348643006263046 0.0734375 0.2776617954070981 0.078125 0.2797494780793319 0.078125 0.2881002087682672 0.0859375 0.29436325678496866 0.0859375 0.3089770354906054 0.08125 0.31106471816283926 0.08125 0.3235908141962422 0.078125 0.325678496868476 0.078125 0.33820459290187893 0.08125 0.34029227557411273 0.08125 0.3653444676409186 0.0765625 0.37160751565762007 0.0734375 0.37160751565762007 0.0734375 0.3757828810020877 0.0671875 0.38204592901878914 0.0671875 0.3903966597077244 0.0703125 0.3924843423799583 0.0703125 0.3966597077244259 0.0734375 0.40083507306889354 0.084375 0.40083507306889354 0.0859375 0.407098121085595 0.103125 0.407098121085595 0.109375 0.4154488517745303 0.115625 0.4154488517745303 0.1171875 0.42171189979123175 0.1234375 0.42171189979123175 0.125 0.42588726513569936 0.134375 0.42588726513569936 0.1359375 0.4363256784968685 0.1328125 0.4384133611691023 0.1328125 0.453027139874739 0.1609375 0.453027139874739 0.1625 0.4551148225469729 0.1609375 0.4592901878914405 0.128125 0.4592901878914405 0.1265625 0.46555323590814196 0.1171875 0.46555323590814196 0.115625 0.4697286012526096 0.1125 0.4697286012526096 0.1109375 0.4759916492693111 0.1046875 0.4759916492693111 0.1 0.48643006263048016 0.096875 0.48643006263048016 0.09375 0.4906054279749478 0.0921875 0.4968684759916493 0.0890625 0.4968684759916493 0.0890625 0.5135699373695198 0.0859375 0.5156576200417536 0.0859375 0.5302713987473904 0.08125 0.5323590814196242 0.08125 0.5511482254697286 0.078125 0.5532359081419624 0.078125 0.5615866388308977 0.08125 0.5636743215031316 0.08125 0.6012526096033403 0.0859375 0.6033402922755741 0.0859375 0.6283924843423799 0.0890625 0.6304801670146137 0.0890625 0.6492693110647182 0.09375 0.651356993736952 0.09375 0.6743215031315241 0.096875 0.6764091858037579 0.096875 0.6889352818371608 0.1015625 0.6910229645093946 0.1015625 0.6993736951983298 0.1046875 0.7014613778705637 0.1046875 0.7098121085594989 0.109375 0.7118997912317327 0.109375 0.7160751565762005 0.1125 0.7202505219206681 0.11875 0.7202505219206681 0.1203125 0.7265135699373695 0.15 0.7265135699373695 0.1515625 0.7202505219206681 0.1609375 0.7202505219206681 0.1625 0.7160751565762005 0.16875 0.7160751565762005 0.1703125 0.7098121085594989 0.1765625 0.7098121085594989 0.178125 0.7056367432150313 0.1890625 0.7056367432150313 0.1890625 0.697286012526096 0.196875 0.6951983298538622 0.196875 0.6910229645093946 0.203125 0.6847599164926931 0.203125 0.6805845511482255 0.2078125 0.6784968684759917 0.2078125 0.6701461377870563 0.2109375 0.6680584551148225 0.2125 0.6701461377870563 0.2125 0.6847599164926931 0.215625 0.6847599164926931 0.2203125 0.6910229645093946 0.2203125 0.6993736951983298 0.2234375 0.6993736951983298 0.225 0.7056367432150313 0.228125 0.7077244258872651 0.228125 0.7306889352818372 0.23125 0.7306889352818372 0.2359375 0.7411273486430062 0.240625 0.7432150313152401 0.2390625 0.7494780793319415 0.228125 0.7494780793319415 0.2265625 0.7536534446764092 0.2046875 0.7536534446764092 0.2015625 0.7578288100208769 0.2015625 0.7620041753653445 0.196875 0.7682672233820459 0.19375 0.7682672233820459 0.19375 0.7724425887265136 0.1890625 0.778705636743215 0.1859375 0.778705636743215 0.1859375 0.8079331941544885 0.190625 0.8100208768267223 0.190625 0.824634655532359 0.19375 0.826722338204593 0.19375 0.8329853862212944 0.196875 0.8329853862212944 0.1984375 0.8392484342379958 0.2015625 0.8413361169102297 0.2015625 0.8538622129436325 0.1984375 0.8559498956158664 0.196875 0.8622129436325678 0.19375 0.8622129436325678 0.190625 0.8663883089770354 0.190625 0.8747390396659708 0.1859375 0.8768267223382046 0.1859375 0.8851774530271399 0.1828125 0.8872651356993737 0.1828125 0.906054279749478 0.178125 0.9081419624217119 0.178125 0.9269311064718163 0.184375 0.9269311064718163 0.1859375 0.9311064718162839 0.190625 0.9331941544885177 0.190625 0.9728601252609603 0.19375 0.9749478079331941 0.19375 0.9791231732776617 0.2078125 0.9791231732776617 0.2078125 0.9749478079331941 0.2109375 0.9728601252609603 0.2125 0.9791231732776617 0.2171875 0.9812108559498957 0.2171875 0.9895615866388309 0.2234375 0.9895615866388309 0.225 0.9937369519832986 0.2390625 0.9937369519832986 0.240625 0.9979123173277662 0.2546875 0.9979123173277662 0.25625 0.9937369519832986 0.315625 0.9937369519832986 0.3171875 0.9895615866388309 0.3203125 0.9895615866388309 0.321875 0.9937369519832986 0.3546875 0.9937369519832986 0.35625 0.9979123173277662 0.3859375 0.9979123173277662 0.3875 0.9937369519832986 0.4046875 0.9937369519832986 0.40625 0.9979123173277662 0.4125 0.9979123173277662 0.4140625 0.9937369519832986 0.428125 0.9937369519832986 0.4296875 0.9979123173277662 0.5390625 0.9979123173277662 0.540625 0.9937369519832986 0.628125 0.9937369519832986 0.6296875 0.9979123173277662 0.709375 0.9979123173277662 0.7109375 0.9937369519832986 0.7484375 0.9937369519832986 0.75 0.9895615866388309 0.759375 0.9895615866388309 0.759375 0.9812108559498957 0.7640625 0.9791231732776617 0.7640625 0.9707724425887265 0.7671875 0.9686847599164927 0.7671875 0.954070981210856 0.771875 0.9519832985386222 0.771875 0.9436325678496869 0.7671875 0.941544885177453 0.7671875 0.9331941544885177 0.7640625 0.9290187891440501 0.7609375 0.9290187891440501 0.759375 0.9227557411273486 0.75625 0.9206680584551148 0.75625 0.8768267223382046 0.7515625 0.8747390396659708 0.7515625 0.8455114822546973 0.7484375 0.8434237995824635 0.7484375 0.8308977035490606 0.7453125 0.8308977035490606 0.740625 0.824634655532359 0.740625 0.8100208768267223 0.7359375 0.8079331941544885 0.7359375 0.7995824634655533 0.7296875 0.7933194154488518 0.7296875 0.7891440501043842 0.7234375 0.7891440501043842 0.721875 0.7849686847599165 0.7171875 0.7828810020876826 0.7171875 0.778705636743215 0.7109375 0.778705636743215 0.709375 0.7682672233820459 0.7109375 0.7661795407098121 0.721875 0.7661795407098121 0.7234375 0.7724425887265136 0.7296875 0.7724425887265136 0.73125 0.7620041753653445 0.734375 0.7661795407098121 0.740625 0.7661795407098121 0.7421875 0.7724425887265136 0.7453125 0.7745302713987474 0.7453125 0.7828810020876826 0.75 0.7849686847599165 0.75 0.7933194154488518 0.7578125 0.7954070981210856 0.7578125 0.8079331941544885 0.7609375 0.8100208768267223 0.7609375 0.81419624217119 0.775 0.81419624217119 0.7765625 0.8079331941544885 0.7796875 0.8079331941544885 0.78125 0.81419624217119 0.7890625 0.8162839248434238 0.7890625 0.824634655532359 0.809375 0.824634655532359 0.809375 0.8204592901878914 0.8140625 0.8183716075156576 0.815625 0.81419624217119 0.8328125 0.81419624217119 0.834375 0.8183716075156576 0.8375 0.8183716075156576 0.8390625 0.81419624217119 0.8609375 0.81419624217119 0.8640625 0.8183716075156576 0.865625 0.81419624217119 0.8828125 0.81419624217119 0.8828125 0.8100208768267223 0.890625 0.8037578288100209 0.8921875 0.7974947807933194 0.8953125 0.7974947807933194 0.8953125 0.7745302713987474 0.890625 0.7724425887265136 0.890625 0.7640918580375783 0.8953125 0.7620041753653445 0.8953125 0.7390396659707724 0.896875 0.7369519832985386 0.90625 0.7369519832985386 0.9078125 0.7306889352818372 0.9140625 0.7306889352818372 0.915625 0.7265135699373695 0.921875 0.7265135699373695 0.9234375 0.7202505219206681 0.9296875 0.7202505219206681 0.9328125 0.7160751565762005 0.9328125 0.697286012526096 0.9296875 0.6951983298538622 0.9296875 0.6868475991649269 0.9265625 0.6847599164926931 0.9265625 0.6805845511482255 0.9125 0.6805845511482255 0.903125 0.6680584551148225 0.903125 0.651356993736952 0.8984375 0.6492693110647182 0.8984375 0.6409185803757829 0.8953125 0.6388308977035491 0.8953125 0.6346555323590815 0.8984375 0.6325678496868476 0.8984375 0.6200417536534447 0.903125 0.6179540709812108 0.903125 0.5991649269311065 0.8984375 0.5970772442588727 0.8984375 0.592901878914405 0.8890625 0.592901878914405 0.8875 0.5887265135699373 0.86875 0.5887265135699373 0.8640625 0.5824634655532359 0.8640625 0.55741127348643 0.8609375 0.5532359081419624 0.834375 0.5532359081419624 0.8328125 0.55741127348643 0.8265625 0.55741127348643 0.825 0.5532359081419624 0.8296875 0.5511482254697286 0.8296875 0.5469728601252609 0.8109375 0.5469728601252609 0.809375 0.5448851774530271 0.809375 0.5156576200417536 0.8015625 0.5093945720250522 0.8015625 0.5052192066805845 0.7953125 0.4968684759916493 0.790625 0.49478079331941544 0.790625 0.4801670146137787 0.7875 0.4780793319415449 0.7875 0.4697286012526096 0.790625 0.46764091858037576 0.7921875 0.47390396659707723 0.796875 0.4759916492693111 0.796875 0.48434237995824636 0.8015625 0.48434237995824636 0.803125 0.48851774530271397 0.80625 0.48851774530271397 0.8109375 0.4989561586638831 0.8140625 0.4989561586638831 0.81875 0.5052192066805845 0.81875 0.5093945720250522 0.821875 0.5093945720250522 0.8265625 0.5156576200417536 0.8265625 0.5198329853862212 0.8328125 0.5198329853862212 0.834375 0.524008350730689 0.8375 0.524008350730689 0.8375 0.511482254697286 0.8328125 0.5093945720250522 0.8328125 0.5052192066805845 0.8375 0.5031315240083507 0.8390625 0.4989561586638831 0.8640625 0.4989561586638831 0.865625 0.5031315240083507 0.871875 0.5031315240083507 0.8765625 0.5135699373695198 0.8828125 0.5135699373695198 0.884375 0.5093945720250522 0.8984375 0.5093945720250522 0.9 0.5031315240083507 0.90625 0.5031315240083507 0.9078125 0.4989561586638831 0.9109375 0.4989561586638831 0.9140625 0.49478079331941544 0.9140625 0.48643006263048016 0.91875 0.48434237995824636 0.91875 0.4342379958246347 0.921875 0.4321503131524008 0.921875 0.3674321503131524 0.91875 0.3653444676409186 0.91875 0.33611691022964507 0.9140625 0.33402922755741127 0.9140625 0.325678496868476 0.9109375 0.32150313152400833 0.90625 0.31941544885177453 0.90625 0.3048016701461378 0.903125 0.302713987473904 0.903125 0.29018789144050106 0.8984375 0.2881002087682672 0.8984375 0.2797494780793319 0.8953125 0.2776617954070981 0.8953125 0.27348643006263046 0.8890625 0.27348643006263046 0.8875 0.26931106471816285 0.8828125 0.267223382045929 0.8828125 0.2630480167014614 0.8734375 0.2630480167014614 0.871875 0.2588726513569937 0.8671875 0.2567849686847599 0.8671875 0.25260960334029225 0.8578125 0.25260960334029225 0.85625 0.24843423799582465 0.8421875 0.24843423799582465 0.8390625 0.24425887265135698 0.8375 0.24843423799582465 0.83125 0.24843423799582465 0.8296875 0.2588726513569937 0.825 0.2567849686847599 0.825 0.24425887265135698 0.8296875 0.24217118997912318 0.8296875 0.23799582463465555 0.8328125 0.2359081419624217 0.8296875 0.23173277661795408 0.8296875 0.22338204592901878 0.8328125 0.22129436325678498 0.834375 0.2150313152400835 0.840625 0.2150313152400835 0.8375 0.21085594989561587 0.8375 0.20668058455114824 0.834375 0.20668058455114824 0.8328125 0.20250521920668058 0.840625 0.20041753653444677 0.8421875 0.1941544885177453 0.8453125 0.1941544885177453 0.846875 0.20041753653444677 0.8484375 0.20041753653444677 0.85 0.1941544885177453 0.85625 0.1941544885177453 0.85625 0.19206680584551147 0.834375 0.19206680584551147 0.8328125 0.18997912317327767 0.8328125 0.18162839248434237 0.8375 0.17954070981210857 0.8375 0.17536534446764093 0.834375 0.17536534446764093 0.8328125 0.17118997912317327 0.8375 0.16910229645093947 0.840625 0.1649269311064718 0.840625 0.16075156576200417 0.8453125 0.15866388308977036 0.8453125 0.15657620041753653 0.8421875 0.15657620041753653 0.8375 0.14613778705636743 0.8328125 0.1440501043841336 0.8328125 0.13569937369519833 0.834375 0.1336116910229645 0.8484375 0.1336116910229645 0.8484375 0.12526096033402923 0.8453125 0.12317327766179541 0.8453125 0.11899791231732777 0.8421875 0.11899791231732777 0.840625 0.12526096033402923 0.834375 0.12526096033402923 0.8328125 0.11482254697286012 0.840625 0.1127348643006263 0.840625 0.10855949895615867 0.8453125 0.10647181628392484 0.846875 0.1022964509394572 0.853125 0.1022964509394572 0.853125 0.09812108559498957 0.85625 0.09394572025052192 0.853125 0.0918580375782881 0.853125 0.08768267223382047 0.85 0.08768267223382047 0.8484375 0.08350730688935282 0.8421875 0.08350730688935282 0.840625 0.07933194154488518 0.834375 0.07933194154488518 0.8328125 0.06889352818371608 0.8296875 0.06680584551148225 0.8296875 0.06263048016701461 0.8234375 0.06263048016701461 0.821875 0.05845511482254697 0.8109375 0.05845511482254697 0.809375 0.05219206680584551 0.784375 0.05219206680584551 0.7796875 0.04592901878914405 0.7796875 0.016701461377870562 0.775 0.014613778705636743 0.775 0 0.684375 0 0.684375 0.0041753653444676405 0.6765625 0.010438413361169102 0.675 0.016701461377870562 0.671875 0.016701461377870562 0.6703125 0.010438413361169102 0.6609375 0.010438413361169102 0.659375 0.006263048016701462 0.653125 0.006263048016701462 0.6515625 0 0.3984375 0
1 0.2859375 0.29018789144050106 0.2828125 0.29436325678496866 0.28125 0.30062630480167013 0.278125 0.30062630480167013 0.278125 0.31315240083507306 0.275 0.31524008350730687 0.275 0.33402922755741127 0.2703125 0.33611691022964507 0.2703125 0.3653444676409186 0.275 0.3674321503131524 0.275 0.3903966597077244 0.278125 0.3924843423799583 0.278125 0.407098121085595 0.2828125 0.4091858037578288 0.2828125 0.4154488517745303 0.2859375 0.4175365344467641 0.2859375 0.42171189979123175 0.290625 0.42379958246346555 0.290625 0.4363256784968685 0.29375 0.4384133611691023 0.29375 0.453027139874739 0.2984375 0.4551148225469729 0.2984375 0.47390396659707723 0.3015625 0.4759916492693111 0.3015625 0.49478079331941544 0.30625 0.4968684759916493 0.30625 0.5093945720250522 0.309375 0.511482254697286 0.309375 0.5198329853862212 0.3140625 0.5219206680584552 0.3140625 0.5302713987473904 0.321875 0.5365344467640919 0.321875 0.5407098121085595 0.325 0.5448851774530271 0.35 0.5448851774530271 0.3515625 0.5407098121085595 0.3546875 0.5407098121085595 0.3546875 0.5219206680584552 0.35625 0.5198329853862212 0.365625 0.5198329853862212 0.3671875 0.524008350730689 0.371875 0.5260960334029228 0.371875 0.5302713987473904 0.375 0.534446764091858 0.4078125 0.534446764091858 0.409375 0.5302713987473904 0.415625 0.5302713987473904 0.4171875 0.524008350730689 0.4203125 0.524008350730689 0.4234375 0.5198329853862212 0.4234375 0.511482254697286 0.428125 0.5093945720250522 0.428125 0.5052192066805845 0.4328125 0.4989561586638831 0.4359375 0.4989561586638831 0.4359375 0.4906054279749478 0.4390625 0.48851774530271397 0.4390625 0.4801670146137787 0.44375 0.4780793319415449 0.44375 0.4697286012526096 0.446875 0.46764091858037576 0.446875 0.4592901878914405 0.4515625 0.4572025052192067 0.4515625 0.44467640918580376 0.4546875 0.44258872651356995 0.4546875 0.4342379958246347 0.459375 0.4321503131524008 0.459375 0.42379958246346555 0.4625 0.42171189979123175 0.4625 0.4133611691022965 0.465625 0.4112734864300626 0.465625 0.3987473903966597 0.4703125 0.3966597077244259 0.4703125 0.3465553235908142 0.465625 0.3444676409185804 0.465625 0.33611691022964507 0.4625 0.33402922755741127 0.4625 0.325678496868476 0.4546875 0.31941544885177453 0.4546875 0.31524008350730687 0.4328125 0.31524008350730687 0.4328125 0.31941544885177453 0.428125 0.325678496868476 0.425 0.325678496868476 0.4234375 0.33194154488517746 0.4171875 0.33194154488517746 0.415625 0.325678496868476 0.4015625 0.325678496868476 0.396875 0.31941544885177453 0.396875 0.31524008350730687 0.39375 0.31315240083507306 0.39375 0.3048016701461378 0.3875 0.3048016701461378 0.3859375 0.31524008350730687 0.3796875 0.31524008350730687 0.378125 0.31106471816283926 0.375 0.31106471816283926 0.371875 0.31524008350730687 0.3703125 0.3048016701461378 0.359375 0.3048016701461378 0.3578125 0.31106471816283926 0.340625 0.31106471816283926 0.3390625 0.3048016701461378 0.325 0.3048016701461378 0.3203125 0.2985386221294363 0.3203125 0.29436325678496866 0.309375 0.29436325678496866 0.3078125 0.29018789144050106 0.3015625 0.29018789144050106 0.3 0.2839248434237996 0.290625 0.2839248434237996 0.290625 0.2860125260960334 0.2890625 0.29018789144050106 0.2859375 0.29018789144050106
1 0.13125 0.15657620041753653 0.128125 0.15657620041753653 0.125 0.16075156576200417 0.125 0.16910229645093947 0.1203125 0.17118997912317327 0.1203125 0.20041753653444677 0.1171875 0.20250521920668058 0.1171875 0.21085594989561587 0.115625 0.21294363256784968 0.1046875 0.21294363256784968 0.1 0.22338204592901878 0.096875 0.22338204592901878 0.09375 0.22755741127348644 0.0921875 0.23382045929018788 0.0859375 0.23382045929018788 0.084375 0.23799582463465555 0.078125 0.23799582463465555 0.0765625 0.24425887265135698 0.0734375 0.24425887265135698 0.0703125 0.24843423799582465 0.0703125 0.27139874739039666 0.0734375 0.27348643006263046 0.0734375 0.2776617954070981 0.0765625 0.2776617954070981 0.08125 0.2839248434237996 0.08125 0.2881002087682672 0.0890625 0.29018789144050106 0.0890625 0.3089770354906054 0.084375 0.31524008350730687 0.08125 0.31524008350730687 0.08125 0.31941544885177453 0.078125 0.32150313152400833 0.078125 0.33820459290187893 0.08125 0.34029227557411273 0.08125 0.3444676409185804 0.0859375 0.3465553235908142 0.0859375 0.35908141962421714 0.08125 0.36116910229645094 0.08125 0.3653444676409186 0.0765625 0.37160751565762007 0.0734375 0.37160751565762007 0.0734375 0.3757828810020877 0.0671875 0.38204592901878914 0.0671875 0.3903966597077244 0.0703125 0.3924843423799583 0.0703125 0.3966597077244259 0.0734375 0.40083507306889354 0.084375 0.40083507306889354 0.0859375 0.407098121085595 0.0953125 0.407098121085595 0.096875 0.40083507306889354 0.1234375 0.40083507306889354 0.128125 0.4112734864300626 0.13125 0.4112734864300626 0.1359375 0.4175365344467641 0.1359375 0.4321503131524008 0.14375 0.4384133611691023 0.14375 0.44258872651356995 0.1609375 0.44258872651356995 0.1625 0.4363256784968685 0.1734375 0.4363256784968685 0.178125 0.44676409185803756 0.1828125 0.4488517745302714 0.1828125 0.453027139874739 0.1890625 0.453027139874739 0.190625 0.4572025052192067 0.196875 0.4572025052192067 0.1984375 0.46346555323590816 0.2078125 0.46346555323590816 0.2078125 0.4342379958246347 0.215625 0.4321503131524008 0.215625 0.4279749478079332 0.2203125 0.42171189979123175 0.2234375 0.42171189979123175 0.2234375 0.4133611691022965 0.2265625 0.4112734864300626 0.2265625 0.3987473903966597 0.23125 0.3966597077244259 0.23125 0.3883089770354906 0.2390625 0.3862212943632568 0.240625 0.37995824634655534 0.24375 0.38204592901878914 0.24375 0.3862212943632568 0.2625 0.3862212943632568 0.2625 0.37160751565762007 0.2578125 0.3695198329853862 0.2578125 0.3569937369519833 0.2625 0.35490605427974947 0.2625 0.34029227557411273 0.265625 0.33820459290187893 0.265625 0.325678496868476 0.26875 0.3235908141962422 0.26875 0.2839248434237996 0.265625 0.2818371607515658 0.265625 0.2588726513569937 0.2625 0.2567849686847599 0.2625 0.25260960334029225 0.2578125 0.25052192066805845 0.2578125 0.24425887265135698 0.2546875 0.24217118997912318 0.2546875 0.23799582463465555 0.25 0.2359081419624217 0.25 0.22755741127348644 0.246875 0.22338204592901878 0.240625 0.22338204592901878 0.2390625 0.21711899791231734 0.228125 0.21711899791231734 0.2265625 0.21294363256784968 0.2171875 0.21294363256784968 0.215625 0.20668058455114824 0.2109375 0.2045929018789144 0.2109375 0.19624217118997914 0.2078125 0.1941544885177453 0.2078125 0.18580375782881003 0.178125 0.18580375782881003 0.1734375 0.17954070981210857 0.1734375 0.17536534446764093 0.16875 0.1732776617954071 0.16875 0.16701461377870563 0.165625 0.1649269311064718 0.165625 0.15657620041753653 0.1609375 0.1544885177453027 0.1609375 0.15031315240083507 0.1546875 0.15031315240083507 0.153125 0.14613778705636743 0.1359375 0.14613778705636743 0.1359375 0.14822546972860126 0.1328125 0.15031315240083507 0.13125 0.15657620041753653
1 0.6578125 0.7745302713987474 0.65625 0.778705636743215 0.6421875 0.778705636743215 0.640625 0.7849686847599165 0.6296875 0.7849686847599165 0.625 0.7954070981210856 0.621875 0.7954070981210856 0.621875 0.8037578288100209 0.6171875 0.8100208768267223 0.6140625 0.8100208768267223 0.6125 0.8162839248434238 0.60625 0.8162839248434238 0.60625 0.8329853862212944 0.6 0.8350730688935282 0.5984375 0.8413361169102297 0.5921875 0.8413361169102297 0.590625 0.8455114822546973 0.5875 0.8455114822546973 0.5875 0.8496868475991649 0.5828125 0.8559498956158664 0.5796875 0.8559498956158664 0.5796875 0.860125260960334 0.5765625 0.8622129436325678 0.5765625 0.8810020876826722 0.584375 0.8872651356993737 0.584375 0.9206680584551148 0.5796875 0.9227557411273486 0.5796875 0.9311064718162839 0.5765625 0.9331941544885177 0.5765625 0.9373695198329853 0.56875 0.9436325678496869 0.5671875 0.9498956158663883 0.5640625 0.9498956158663883 0.5640625 0.9582463465553236 0.5609375 0.9603340292275574 0.5609375 0.9791231732776617 0.5640625 0.9832985386221295 0.575 0.9832985386221295 0.5765625 0.9895615866388309 0.59375 0.9895615866388309 0.5953125 0.9832985386221295 0.609375 0.9832985386221295 0.6109375 0.9791231732776617 0.6171875 0.9791231732776617 0.61875 0.9728601252609603 0.625 0.9728601252609603 0.6265625 0.9832985386221295 0.621875 0.9853862212943633 0.621875 0.9895615866388309 0.625 0.9895615866388309 0.6265625 0.9937369519832986 0.6484375 0.9937369519832986 0.65 0.9979123173277662 0.675 0.9979123173277662 0.6765625 0.9937369519832986 0.6859375 0.9937369519832986 0.6875 0.9979123173277662 0.690625 0.9979123173277662 0.6921875 0.9937369519832986 0.74375 0.9937369519832986 0.7453125 0.9895615866388309 0.7515625 0.9895615866388309 0.753125 0.9832985386221295 0.75625 0.9832985386221295 0.759375 0.9791231732776617 0.759375 0.9707724425887265 0.7640625 0.9686847599164927 0.7640625 0.964509394572025 0.7671875 0.9624217118997912 0.7671875 0.9331941544885177 0.7640625 0.9290187891440501 0.7609375 0.9290187891440501 0.759375 0.9227557411273486 0.75625 0.9206680584551148 0.75625 0.8935281837160751 0.7515625 0.8914405010438413 0.7515625 0.8517745302713987 0.7484375 0.8496868475991649 0.7484375 0.8350730688935282 0.7453125 0.8350730688935282 0.740625 0.8288100208768268 0.740625 0.8162839248434238 0.7359375 0.81419624217119 0.7359375 0.8058455114822547 0.7328125 0.8037578288100209 0.7328125 0.7995824634655533 0.725 0.7933194154488518 0.725 0.7891440501043842 0.721875 0.7849686847599165 0.715625 0.7849686847599165 0.7140625 0.778705636743215 0.703125 0.778705636743215 0.7015625 0.7745302713987474 0.6921875 0.7745302713987474 0.690625 0.7682672233820459 0.665625 0.7682672233820459 0.665625 0.7703549060542797 0.6640625 0.7745302713987474 0.6578125 0.7745302713987474
1 0.5453125 0 0.5453125 0.0020876826722338203 0.54375 0.006263048016701462 0.5375 0.006263048016701462 0.5375 0.029227557411273485 0.534375 0.031315240083507306 0.534375 0.04592901878914405 0.5296875 0.04801670146137787 0.5296875 0.06680584551148225 0.5265625 0.06889352818371608 0.5265625 0.09603340292275574 0.521875 0.09812108559498957 0.521875 0.1336116910229645 0.5359375 0.1336116910229645 0.5375 0.12734864300626306 0.546875 0.12734864300626306 0.5484375 0.12317327766179541 0.5515625 0.12317327766179541 0.553125 0.11691022964509394 0.559375 0.11691022964509394 0.5609375 0.1127348643006263 0.5671875 0.1127348643006263 0.56875 0.10647181628392484 0.575 0.10647181628392484 0.5796875 0.09603340292275574 0.590625 0.09603340292275574 0.5921875 0.0918580375782881 0.5984375 0.0918580375782881 0.6 0.09603340292275574 0.6046875 0.09603340292275574 0.60625 0.1022964509394572 0.609375 0.1022964509394572 0.6140625 0.10855949895615867 0.6140625 0.11691022964509394 0.61875 0.11899791231732777 0.61875 0.12734864300626306 0.621875 0.12943632567849686 0.621875 0.1336116910229645 0.6328125 0.1336116910229645 0.6328125 0.11899791231732777 0.6359375 0.11691022964509394 0.6375 0.10647181628392484 0.6421875 0.10855949895615867 0.6421875 0.1127348643006263 0.6453125 0.11691022964509394 0.675 0.11691022964509394 0.678125 0.1127348643006263 0.678125 0.09812108559498957 0.6859375 0.0918580375782881 0.6875 0.08559498956158663 0.690625 0.08559498956158663 0.690625 0.07306889352818371 0.684375 0.07306889352818371 0.6828125 0.06889352818371608 0.6796875 0.06889352818371608 0.675 0.05845511482254697 0.66875 0.05845511482254697 0.6640625 0.04801670146137787 0.6578125 0.04801670146137787 0.65625 0.04175365344467641 0.653125 0.04175365344467641 0.6484375 0.03549060542797495 0.6484375 0.006263048016701462 0.64375 0.0041753653444676405 0.64375 0 0.5453125 0
1 0.225 0.31106471816283926 0.225 0.31941544885177453 0.2328125 0.325678496868476 0.2328125 0.3298538622129436 0.2390625 0.3298538622129436 0.24375 0.33820459290187893 0.2484375 0.34029227557411273 0.2484375 0.3444676409185804 0.2515625 0.3465553235908142 0.2515625 0.35490605427974947 0.2546875 0.35490605427974947 0.25625 0.35908141962421714 0.2625 0.35908141962421714 0.265625 0.35490605427974947 0.265625 0.33611691022964507 0.26875 0.33402922755741127 0.26875 0.26931106471816285 0.265625 0.267223382045929 0.265625 0.25260960334029225 0.2578125 0.24634655532359082 0.2578125 0.23799582463465555 0.25 0.23173277661795408 0.25 0.22755741127348644 0.246875 0.22338204592901878 0.2421875 0.22129436325678498 0.2421875 0.21711899791231734 0.2359375 0.21711899791231734 0.234375 0.21294363256784968 0.225 0.21294363256784968 0.2234375 0.20668058455114824 0.2125 0.20668058455114824 0.2125 0.20876826722338204 0.2125 0.2150313152400835 0.209375 0.21711899791231734 0.209375 0.2359081419624217 0.2125 0.23799582463465555 0.2125 0.24217118997912318 0.2171875 0.24425887265135698 0.2171875 0.25052192066805845 0.2203125 0.25260960334029225 0.2203125 0.2609603340292276 0.2109375 0.27348643006263046 0.2046875 0.27348643006263046 0.2046875 0.2818371607515658 0.209375 0.2839248434237996 0.209375 0.2881002087682672 0.23125 0.2881002087682672 0.2328125 0.29018789144050106 0.2328125 0.302713987473904 0.228125 0.3048016701461378 0.228125 0.3089770354906054 0.225 0.31106471816283926
1 0.2828125 0.55741127348643 0.28125 0.5636743215031316 0.2640625 0.5636743215031316 0.2640625 0.5720250521920668 0.259375 0.5741127348643006 0.259375 0.5908141962421712 0.25625 0.592901878914405 0.25625 0.6012526096033403 0.2515625 0.6033402922755741 0.2515625 0.6075156576200418 0.246875 0.6137787056367432 0.24375 0.6137787056367432 0.2421875 0.6200417536534447 0.2359375 0.6200417536534447 0.23125 0.6304801670146137 0.228125 0.6304801670146137 0.228125 0.6492693110647182 0.225 0.651356993736952 0.225 0.6680584551148225 0.2203125 0.6701461377870563 0.2203125 0.6784968684759917 0.2234375 0.6784968684759917 0.225 0.6847599164926931 0.228125 0.6868475991649269 0.228125 0.7098121085594989 0.234375 0.7098121085594989 0.2359375 0.7160751565762005 0.25 0.7160751565762005 0.2515625 0.7202505219206681 0.2578125 0.7202505219206681 0.259375 0.7265135699373695 0.2625 0.7265135699373695 0.2640625 0.7306889352818372 0.28125 0.7306889352818372 0.2859375 0.7202505219206681 0.2921875 0.7202505219206681 0.2921875 0.7118997912317327 0.296875 0.7098121085594989 0.2984375 0.7056367432150313 0.328125 0.7056367432150313 0.3296875 0.7098121085594989 0.35 0.7098121085594989 0.3578125 0.6993736951983298 0.3578125 0.6910229645093946 0.3625 0.6889352818371608 0.3625 0.6805845511482255 0.365625 0.6784968684759917 0.365625 0.6701461377870563 0.3703125 0.6680584551148225 0.375 0.6597077244258872 0.378125 0.6597077244258872 0.378125 0.6555323590814196 0.38125 0.6534446764091858 0.38125 0.6409185803757829 0.378125 0.6388308977035491 0.378125 0.6242171189979123 0.375 0.6242171189979123 0.3703125 0.6179540709812108 0.3703125 0.6096033402922756 0.3671875 0.6096033402922756 0.365625 0.6033402922755741 0.3625 0.6012526096033403 0.3625 0.5887265135699373 0.359375 0.5887265135699373 0.3546875 0.5824634655532359 0.3546875 0.5782881002087683 0.3515625 0.5782881002087683 0.35 0.5741127348643006 0.34375 0.5741127348643006 0.3421875 0.5678496868475992 0.3359375 0.5678496868475992 0.334375 0.5636743215031316 0.3296875 0.5636743215031316 0.328125 0.55741127348643 0.3171875 0.55741127348643 0.315625 0.5532359081419624 0.29375 0.5532359081419624 0.29375 0.5553235908141962 0.2921875 0.55741127348643 0.2828125 0.55741127348643
1 0.309375 0.22129436325678498 0.30625 0.22338204592901878 0.30625 0.23173277661795408 0.3015625 0.23382045929018788 0.3015625 0.24634655532359082 0.2984375 0.24843423799582465 0.2984375 0.2567849686847599 0.3015625 0.2588726513569937 0.3015625 0.27139874739039666 0.3046875 0.27139874739039666 0.30625 0.2776617954070981 0.309375 0.2797494780793319 0.309375 0.2881002087682672 0.30625 0.29018789144050106 0.3046875 0.2839248434237996 0.290625 0.2839248434237996 0.290625 0.2881002087682672 0.2828125 0.29436325678496866 0.28125 0.30062630480167013 0.278125 0.30062630480167013 0.278125 0.31315240083507306 0.275 0.31524008350730687 0.275 0.33402922755741127 0.2703125 0.33611691022964507 0.2703125 0.3695198329853862 0.275 0.37160751565762007 0.275 0.3966597077244259 0.278125 0.3987473903966597 0.278125 0.4112734864300626 0.28125 0.4112734864300626 0.2859375 0.4175365344467641 0.2859375 0.42588726513569936 0.290625 0.4279749478079332 0.290625 0.44676409185803756 0.29375 0.4488517745302714 0.29375 0.453027139874739 0.2984375 0.4551148225469729 0.2984375 0.4780793319415449 0.3015625 0.4801670146137787 0.3015625 0.49478079331941544 0.30625 0.4968684759916493 0.30625 0.5093945720250522 0.3140625 0.5156576200417536 0.3140625 0.524008350730689 0.3171875 0.5260960334029228 0.3171875 0.534446764091858 0.321875 0.5365344467640919 0.321875 0.5407098121085595 0.325 0.5448851774530271 0.35 0.5448851774530271 0.3515625 0.5407098121085595 0.3546875 0.5407098121085595 0.3546875 0.5219206680584552 0.35625 0.5198329853862212 0.365625 0.5198329853862212 0.3671875 0.5302713987473904 0.3703125 0.5302713987473904 0.371875 0.534446764091858 0.4078125 0.534446764091858 0.409375 0.5302713987473904 0.415625 0.5302713987473904 0.4171875 0.524008350730689 0.4203125 0.524008350730689 0.4234375 0.5198329853862212 0.4234375 0.511482254697286 0.428125 0.5093945720250522 0.428125 0.5052192066805845 0.4328125 0.4989561586638831 0.4359375 0.4989561586638831 0.4359375 0.4906054279749478 0.4390625 0.48851774530271397 0.4390625 0.4801670146137787 0.446875 0.47390396659707723 0.446875 0.4592901878914405 0.4515625 0.4572025052192067 0.4515625 0.4488517745302714 0.4546875 0.44676409185803756 0.4546875 0.4342379958246347 0.459375 0.4321503131524008 0.459375 0.42379958246346555 0.4625 0.42171189979123175 0.4625 0.4133611691022965 0.465625 0.4112734864300626 0.465625 0.3987473903966597 0.4703125 0.3966597077244259 0.4703125 0.3778705636743215 0.4734375 0.3757828810020877 0.4734375 0.36116910229645094 0.4703125 0.35908141962421714 0.4703125 0.34029227557411273 0.465625 0.33820459290187893 0.465625 0.33194154488517746 0.4625 0.3298538622129436 0.4625 0.32150313152400833 0.459375 0.31941544885177453 0.459375 0.31524008350730687 0.45625 0.31524008350730687 0.4546875 0.31106471816283926 0.4484375 0.31106471816283926 0.446875 0.3048016701461378 0.4484375 0.302713987473904 0.459375 0.302713987473904 0.4609375 0.3089770354906054 0.4859375 0.3089770354906054 0.4859375 0.3048016701461378 0.4890625 0.302713987473904 0.4890625 0.29436325678496866 0.4828125 0.29436325678496866 0.48125 0.29018789144050106 0.4890625 0.2881002087682672 0.490625 0.2818371607515658 0.49375 0.2818371607515658 0.49375 0.25260960334029225 0.496875 0.24843423799582465 0.49375 0.24425887265135698 0.4828125 0.24425887265135698 0.48125 0.24843423799582465 0.4609375 0.24843423799582465 0.459375 0.25260960334029225 0.4453125 0.25260960334029225 0.44375 0.2588726513569937 0.4375 0.2588726513569937 0.4359375 0.2630480167014614 0.4296875 0.2630480167014614 0.4296875 0.267223382045929 0.425 0.26931106471816285 0.4234375 0.27348643006263046 0.3984375 0.27348643006263046 0.396875 0.26931106471816285 0.390625 0.26931106471816285 0.3890625 0.2630480167014614 0.3796875 0.2630480167014614 0.378125 0.2588726513569937 0.3671875 0.2588726513569937 0.365625 0.25260960334029225 0.359375 0.25260960334029225 0.3546875 0.24425887265135698 0.35 0.24217118997912318 0.35 0.23799582463465555 0.34375 0.23799582463465555 0.3390625 0.23173277661795408 0.3390625 0.22755741127348644 0.334375 0.2254697286012526 0.334375 0.21711899791231734 0.3296875 0.21711899791231734 0.328125 0.21294363256784968 0.3140625 0.21294363256784968 0.3140625 0.2150313152400835 0.309375 0.21711899791231734 0.309375 0.22129436325678498
1 0.6921875 0 0.6921875 0.0020876826722338203 0.690625 0.006263048016701462 0.684375 0.006263048016701462 0.684375 0.018789144050104383 0.6796875 0.020876826722338204 0.6796875 0.04592901878914405 0.684375 0.04801670146137787 0.684375 0.06680584551148225 0.6921875 0.07306889352818371 0.6921875 0.0918580375782881 0.6875 0.09394572025052192 0.6875 0.1022964509394572 0.684375 0.10438413361169102 0.684375 0.12317327766179541 0.6796875 0.12526096033402923 0.6796875 0.1440501043841336 0.671875 0.14613778705636743 0.671875 0.1544885177453027 0.665625 0.16075156576200417 0.6640625 0.16701461377870563 0.653125 0.16701461377870563 0.6515625 0.17118997912317327 0.6453125 0.17118997912317327 0.6421875 0.17536534446764093 0.6421875 0.1837160751565762 0.6375 0.18580375782881003 0.6375 0.2045929018789144 0.6421875 0.20668058455114824 0.6421875 0.2150313152400835 0.6484375 0.2150313152400835 0.65 0.22129436325678498 0.6671875 0.22129436325678498 0.671875 0.22755741127348644 0.671875 0.24217118997912318 0.6765625 0.24425887265135698 0.6765625 0.2609603340292276 0.6796875 0.2630480167014614 0.6796875 0.2776617954070981 0.6828125 0.2776617954070981 0.6875 0.2839248434237996 0.6875 0.2881002087682672 0.69375 0.2881002087682672 0.69375 0.2839248434237996 0.6984375 0.2818371607515658 0.7015625 0.2776617954070981 0.7015625 0.27348643006263046 0.70625 0.27139874739039666 0.709375 0.267223382045929 0.709375 0.2630480167014614 0.7140625 0.2609603340292276 0.715625 0.2567849686847599 0.721875 0.2567849686847599 0.7265625 0.2630480167014614 0.7265625 0.267223382045929 0.740625 0.267223382045929 0.7421875 0.27139874739039666 0.7515625 0.27139874739039666 0.753125 0.2776617954070981 0.7671875 0.2776617954070981 0.76875 0.2818371607515658 0.771875 0.2818371607515658 0.7734375 0.2776617954070981 0.7875 0.2776617954070981 0.7890625 0.267223382045929 0.7953125 0.267223382045929 0.796875 0.2609603340292276 0.8015625 0.2609603340292276 0.803125 0.2567849686847599 0.80625 0.2567849686847599 0.80625 0.25260960334029225 0.8109375 0.24634655532359082 0.8140625 0.24634655532359082 0.8140625 0.23799582463465555 0.8171875 0.2359081419624217 0.8171875 0.21711899791231734 0.821875 0.2150313152400835 0.821875 0.20668058455114824 0.81875 0.20668058455114824 0.8171875 0.20250521920668058 0.821875 0.20041753653444677 0.821875 0.18580375782881003 0.8296875 0.1837160751565762 0.8296875 0.18162839248434237 0.825 0.17954070981210857 0.825 0.17536534446764093 0.8296875 0.1732776617954071 0.8296875 0.16075156576200417 0.83125 0.15866388308977036 0.8453125 0.15866388308977036 0.8453125 0.15657620041753653 0.840625 0.1544885177453027 0.840625 0.15031315240083507 0.8375 0.14613778705636743 0.8328125 0.1440501043841336 0.8328125 0.13987473903966596 0.8265625 0.13987473903966596 0.821875 0.1336116910229645 0.821875 0.12526096033402923 0.8140625 0.12317327766179541 0.8140625 0.11482254697286012 0.815625 0.1127348643006263 0.8328125 0.1127348643006263 0.834375 0.10647181628392484 0.8453125 0.10647181628392484 0.85 0.09603340292275574 0.853125 0.09603340292275574 0.853125 0.08768267223382047 0.85 0.08768267223382047 0.8484375 0.08350730688935282 0.8421875 0.08350730688935282 0.840625 0.07933194154488518 0.834375 0.07933194154488518 0.8328125 0.07306889352818371 0.825 0.06680584551148225 0.825 0.06263048016701461 0.821875 0.05845511482254697 0.8140625 0.05636743215031315 0.8140625 0.05219206680584551 0.784375 0.05219206680584551 0.784375 0.05636743215031315 0.78125 0.05845511482254697 0.7796875 0.05219206680584551 0.775 0.05010438413361169 0.775 0.037578288100208766 0.7796875 0.03549060542797495 0.7796875 0.027139874739039668 0.775 0.025052192066805846 0.775 0.010438413361169102 0.771875 0.008350730688935281 0.771875 0 0.75 0 0.7484375 0.006263048016701462 0.71875 0.006263048016701462 0.7171875 0 0.6921875 0
1 0.803125 0.16075156576200417 0.803125 0.1732776617954071 0.8078125 0.17536534446764093 0.8078125 0.18997912317327767 0.8109375 0.19206680584551147 0.8109375 0.23173277661795408 0.809375 0.23382045929018788 0.7921875 0.23382045929018788 0.790625 0.22755741127348644 0.784375 0.22755741127348644 0.7828125 0.22338204592901878 0.7765625 0.22338204592901878 0.771875 0.21294363256784968 0.765625 0.21294363256784968 0.7640625 0.20668058455114824 0.7609375 0.20668058455114824 0.759375 0.20250521920668058 0.753125 0.20250521920668058 0.753125 0.21085594989561587 0.75 0.21294363256784968 0.75 0.22129436325678498 0.7421875 0.22755741127348644 0.7421875 0.2359081419624217 0.7375 0.23799582463465555 0.7375 0.24634655532359082 0.734375 0.24843423799582465 0.734375 0.267223382045929 0.7375 0.27139874739039666 0.7484375 0.27139874739039666 0.753125 0.2818371607515658 0.7640625 0.2818371607515658 0.765625 0.2881002087682672 0.7796875 0.2881002087682672 0.78125 0.2818371607515658 0.7875 0.2818371607515658 0.7890625 0.2776617954070981 0.7953125 0.2776617954070981 0.7953125 0.27348643006263046 0.8015625 0.267223382045929 0.8015625 0.2630480167014614 0.80625 0.2609603340292276 0.8109375 0.25052192066805845 0.8140625 0.25052192066805845 0.8171875 0.24634655532359082 0.8171875 0.23382045929018788 0.821875 0.23173277661795408 0.821875 0.22338204592901878 0.825 0.22129436325678498 0.825 0.21711899791231734 0.8296875 0.2150313152400835 0.8296875 0.20250521920668058 0.8328125 0.20041753653444677 0.8328125 0.16075156576200417 0.8296875 0.15657620041753653 0.815625 0.15657620041753653 0.815625 0.15866388308977036 0.8140625 0.16075156576200417 0.803125 0.16075156576200417
1 0.3671875 0.04175365344467641 0.365625 0.04801670146137787 0.359375 0.04801670146137787 0.35625 0.05219206680584551 0.3546875 0.05845511482254697 0.34375 0.05845511482254697 0.340625 0.06263048016701461 0.340625 0.0709812108559499 0.3359375 0.07306889352818371 0.3359375 0.0918580375782881 0.3328125 0.09394572025052192 0.3328125 0.1022964509394572 0.3359375 0.10438413361169102 0.3328125 0.10855949895615867 0.3328125 0.1127348643006263 0.3359375 0.11482254697286012 0.3359375 0.15866388308977036 0.340625 0.16075156576200417 0.340625 0.18997912317327767 0.34375 0.19206680584551147 0.34375 0.20041753653444677 0.346875 0.20041753653444677 0.3515625 0.20668058455114824 0.3515625 0.2150313152400835 0.3546875 0.2150313152400835 0.35625 0.22129436325678498 0.3640625 0.22755741127348644 0.3640625 0.23173277661795408 0.3671875 0.2359081419624217 0.371875 0.23799582463465555 0.371875 0.24217118997912318 0.375 0.24634655532359082 0.38125 0.24634655532359082 0.3828125 0.25052192066805845 0.3890625 0.25052192066805845 0.390625 0.2567849686847599 0.428125 0.2567849686847599 0.4296875 0.25052192066805845 0.4390625 0.25052192066805845 0.440625 0.24634655532359082 0.4546875 0.24634655532359082 0.45625 0.24217118997912318 0.4625 0.24217118997912318 0.4640625 0.2359081419624217 0.48125 0.2359081419624217 0.4828125 0.23173277661795408 0.496875 0.23173277661795408 0.496875 0.22755741127348644 0.5046875 0.22129436325678498 0.50625 0.2150313152400835 0.509375 0.2150313152400835 0.509375 0.20668058455114824 0.5125 0.2045929018789144 0.5125 0.16701461377870563 0.509375 0.1649269311064718 0.509375 0.16075156576200417 0.5046875 0.15866388308977036 0.5046875 0.15031315240083507 0.496875 0.1440501043841336 0.496875 0.13569937369519833 0.49375 0.1336116910229645 0.49375 0.12526096033402923 0.490625 0.12526096033402923 0.4890625 0.11899791231732777 0.4859375 0.11691022964509394 0.4859375 0.10855949895615867 0.48125 0.10647181628392484 0.48125 0.09812108559498957 0.478125 0.09394572025052192 0.475 0.09394572025052192 0.4703125 0.08350730688935282 0.4671875 0.08350730688935282 0.4625 0.07724425887265135 0.4625 0.07306889352818371 0.459375 0.06889352818371608 0.4546875 0.06680584551148225 0.4546875 0.06263048016701461 0.4515625 0.05845511482254697 0.446875 0.05636743215031315 0.446875 0.05219206680584551 0.440625 0.05219206680584551 0.4359375 0.04592901878914405 0.4359375 0.04175365344467641 0.421875 0.04175365344467641 0.4203125 0.037578288100208766 0.390625 0.037578288100208766 0.390625 0.03966597077244259 0.3890625 0.04175365344467641 0.3671875 0.04175365344467641
1 0.653125 0.7745302713987474 0.6515625 0.778705636743215 0.634375 0.778705636743215 0.6328125 0.7849686847599165 0.6265625 0.7849686847599165 0.625 0.7891440501043842 0.621875 0.7891440501043842 0.621875 0.8037578288100209 0.61875 0.8079331941544885 0.621875 0.8100208768267223 0.621875 0.81419624217119 0.625 0.81419624217119 0.6296875 0.8204592901878914 0.6296875 0.824634655532359 0.6328125 0.824634655532359 0.634375 0.8288100208768268 0.640625 0.8288100208768268 0.6421875 0.8329853862212944 0.6515625 0.8329853862212944 0.653125 0.8288100208768268 0.65625 0.8288100208768268 0.65625 0.8100208768267223 0.6609375 0.8037578288100209 0.6640625 0.8037578288100209 0.665625 0.7974947807933194 0.678125 0.7974947807933194 0.6796875 0.8037578288100209 0.6828125 0.8037578288100209 0.6828125 0.7995824634655533 0.6859375 0.7974947807933194 0.6875 0.8037578288100209 0.690625 0.8037578288100209 0.690625 0.7995824634655533 0.6953125 0.7933194154488518 0.7015625 0.7933194154488518 0.703125 0.8037578288100209 0.70625 0.8037578288100209 0.7109375 0.8100208768267223 0.7109375 0.81419624217119 0.7140625 0.81419624217119 0.715625 0.8079331941544885 0.721875 0.8079331941544885 0.7234375 0.8037578288100209 0.7328125 0.8037578288100209 0.7328125 0.7995824634655533 0.7296875 0.7974947807933194 0.7296875 0.7891440501043842 0.7265625 0.7891440501043842 0.721875 0.7828810020876826 0.721875 0.778705636743215 0.7109375 0.778705636743215 0.709375 0.7745302713987474 0.7 0.7745302713987474 0.6984375 0.7682672233820459 0.6609375 0.7682672233820459 0.6609375 0.7703549060542797 0.659375 0.7745302713987474 0.653125 0.7745302713987474
1 0.453125 0 0.453125 0.0020876826722338203 0.453125 0.03966597077244259 0.45625 0.04175365344467641 0.45625 0.05010438413361169 0.4609375 0.05219206680584551 0.4609375 0.060542797494780795 0.4640625 0.06263048016701461 0.4640625 0.06680584551148225 0.4671875 0.0709812108559499 0.4703125 0.0709812108559499 0.475 0.081419624217119 0.478125 0.081419624217119 0.4828125 0.08768267223382047 0.4828125 0.0918580375782881 0.4875 0.09394572025052192 0.4875 0.1022964509394572 0.490625 0.10647181628392484 0.496875 0.10647181628392484 0.4984375 0.1127348643006263 0.5015625 0.1127348643006263 0.50625 0.11899791231732777 0.50625 0.12317327766179541 0.5171875 0.12317327766179541 0.521875 0.12943632567849686 0.521875 0.1336116910229645 0.5390625 0.1336116910229645 0.540625 0.12734864300626306 0.546875 0.12734864300626306 0.5484375 0.12317327766179541 0.5546875 0.12317327766179541 0.5546875 0.11899791231732777 0.559375 0.11691022964509394 0.5609375 0.1127348643006263 0.5703125 0.1127348643006263 0.571875 0.10647181628392484 0.578125 0.10647181628392484 0.5796875 0.1022964509394572 0.5828125 0.1022964509394572 0.584375 0.09603340292275574 0.59375 0.09603340292275574 0.5953125 0.0918580375782881 0.5984375 0.0918580375782881 0.6 0.09603340292275574 0.6046875 0.09603340292275574 0.60625 0.1022964509394572 0.609375 0.1022964509394572 0.6140625 0.10855949895615867 0.6140625 0.11691022964509394 0.61875 0.11899791231732777 0.61875 0.12734864300626306 0.621875 0.12943632567849686 0.621875 0.1336116910229645 0.6328125 0.1336116910229645 0.6328125 0.11899791231732777 0.6359375 0.11691022964509394 0.6375 0.10647181628392484 0.6421875 0.10855949895615867 0.6421875 0.1127348643006263 0.6453125 0.11691022964509394 0.675 0.11691022964509394 0.678125 0.1127348643006263 0.678125 0.09812108559498957 0.6859375 0.0918580375782881 0.6875 0.08559498956158663 0.690625 0.08559498956158663 0.690625 0.07306889352818371 0.684375 0.07306889352818371 0.6828125 0.06889352818371608 0.6796875 0.06889352818371608 0.675 0.05845511482254697 0.66875 0.05845511482254697 0.6640625 0.04801670146137787 0.6578125 0.04801670146137787 0.65625 0.04175365344467641 0.653125 0.04175365344467641 0.6484375 0.03549060542797495 0.6484375 0.010438413361169102 0.64375 0.008350730688935281 0.640625 0.0041753653444676405 0.640625 0 0.6296875 0 0.628125 0.006263048016701462 0.621875 0.006263048016701462 0.6203125 0 0.453125 0
1 0.421875 0.5323590814196242 0.4203125 0.5365344467640919 0.4171875 0.5365344467640919 0.4171875 0.5407098121085595 0.4125 0.5469728601252609 0.409375 0.5469728601252609 0.409375 0.5511482254697286 0.40625 0.5532359081419624 0.40625 0.5615866388308977 0.4015625 0.5636743215031316 0.4015625 0.6283924843423799 0.40625 0.6304801670146137 0.40625 0.6680584551148225 0.409375 0.6701461377870563 0.409375 0.7160751565762005 0.4140625 0.7181628392484343 0.4140625 0.7265135699373695 0.421875 0.732776617954071 0.421875 0.7369519832985386 0.428125 0.7369519832985386 0.4296875 0.7411273486430062 0.4359375 0.7411273486430062 0.4375 0.7473903966597077 0.4703125 0.7473903966597077 0.471875 0.7411273486430062 0.478125 0.7411273486430062 0.4796875 0.7369519832985386 0.4859375 0.7369519832985386 0.4875 0.7306889352818372 0.49375 0.7306889352818372 0.4984375 0.7202505219206681 0.5015625 0.7202505219206681 0.5046875 0.7160751565762005 0.50625 0.7098121085594989 0.509375 0.7098121085594989 0.5109375 0.6993736951983298 0.5171875 0.6993736951983298 0.5203125 0.6951983298538622 0.5203125 0.6868475991649269 0.525 0.6847599164926931 0.525 0.6764091858037579 0.528125 0.6743215031315241 0.528125 0.6659707724425887 0.5359375 0.6597077244258872 0.5359375 0.6555323590814196 0.540625 0.6492693110647182 0.54375 0.6492693110647182 0.54375 0.6450939457202505 0.5484375 0.6388308977035491 0.5515625 0.6388308977035491 0.5515625 0.6242171189979123 0.5546875 0.6221294363256785 0.5546875 0.6137787056367432 0.559375 0.6116910229645094 0.559375 0.5991649269311065 0.5625 0.5970772442588727 0.5625 0.5845511482254697 0.5671875 0.5824634655532359 0.5671875 0.5678496868475992 0.5703125 0.5657620041753654 0.5703125 0.5532359081419624 0.5671875 0.5511482254697286 0.5671875 0.5469728601252609 0.5484375 0.5469728601252609 0.546875 0.5427974947807933 0.5140625 0.5427974947807933 0.5125 0.5365344467640919 0.4828125 0.5365344467640919 0.48125 0.5323590814196242 0.4640625 0.5323590814196242 0.4625 0.5260960334029228 0.4296875 0.5260960334029228 0.4296875 0.5281837160751566 0.428125 0.5323590814196242 0.421875 0.5323590814196242
1 0.5609375 0.12526096033402923 0.559375 0.12943632567849686 0.553125 0.12943632567849686 0.5515625 0.13569937369519833 0.540625 0.13569937369519833 0.5390625 0.13987473903966596 0.534375 0.13987473903966596 0.5328125 0.14613778705636743 0.5265625 0.14613778705636743 0.525 0.15657620041753653 0.521875 0.15657620041753653 0.51875 0.16075156576200417 0.51875 0.1941544885177453 0.5140625 0.19624217118997914 0.5140625 0.22129436325678498 0.5109375 0.22338204592901878 0.5109375 0.29227557411273486 0.50625 0.29436325678496866 0.50625 0.3089770354906054 0.5109375 0.31106471816283926 0.5109375 0.3235908141962422 0.5140625 0.325678496868476 0.5140625 0.3298538622129436 0.5203125 0.3298538622129436 0.521875 0.33402922755741127 0.528125 0.33402922755741127 0.5296875 0.33820459290187893 0.5390625 0.33820459290187893 0.540625 0.3444676409185804 0.578125 0.3444676409185804 0.5796875 0.348643006263048 0.5984375 0.348643006263048 0.6 0.3444676409185804 0.625 0.3444676409185804 0.6265625 0.33820459290187893 0.6328125 0.33820459290187893 0.6375 0.3298538622129436 0.64375 0.3298538622129436 0.6453125 0.3235908141962422 0.6484375 0.3235908141962422 0.6484375 0.31524008350730687 0.6515625 0.31315240083507306 0.6515625 0.3048016701461378 0.65625 0.302713987473904 0.65625 0.29436325678496866 0.659375 0.29227557411273486 0.659375 0.2797494780793319 0.65625 0.2776617954070981 0.65625 0.26931106471816285 0.653125 0.26931106471816285 0.6515625 0.2630480167014614 0.6484375 0.2609603340292276 0.6484375 0.25260960334029225 0.64375 0.25052192066805845 0.64375 0.24425887265135698 0.640625 0.24217118997912318 0.640625 0.22755741127348644 0.6375 0.22755741127348644 0.6328125 0.22129436325678498 0.6328125 0.21711899791231734 0.6265625 0.21711899791231734 0.625 0.20668058455114824 0.6203125 0.2045929018789144 0.6203125 0.19624217118997914 0.6171875 0.1941544885177453 0.6171875 0.17118997912317327 0.6125 0.16910229645093947 0.6125 0.16075156576200417 0.6046875 0.1544885177453027 0.6046875 0.15031315240083507 0.5984375 0.1440501043841336 0.5984375 0.13569937369519833 0.59375 0.1336116910229645 0.59375 0.12943632567849686 0.590625 0.12526096033402923 0.584375 0.12526096033402923 0.5828125 0.11899791231732777 0.571875 0.11899791231732777 0.571875 0.12108559498956159 0.5703125 0.12526096033402923 0.5609375 0.12526096033402923
1 0.621875 0.55741127348643 0.6203125 0.5636743215031316 0.6109375 0.5636743215031316 0.609375 0.5678496868475992 0.60625 0.5678496868475992 0.6046875 0.5741127348643006 0.6 0.5741127348643006 0.5984375 0.5782881002087683 0.5921875 0.5782881002087683 0.590625 0.5741127348643006 0.5875 0.5741127348643006 0.5828125 0.5636743215031316 0.5796875 0.5636743215031316 0.5765625 0.5678496868475992 0.575 0.5741127348643006 0.571875 0.5741127348643006 0.571875 0.5908141962421712 0.56875 0.592901878914405 0.5671875 0.5991649269311065 0.5640625 0.5991649269311065 0.5640625 0.6116910229645094 0.5609375 0.6137787056367432 0.5609375 0.6221294363256785 0.55625 0.6242171189979123 0.55625 0.7056367432150313 0.559375 0.7056367432150313 0.5640625 0.7118997912317327 0.5640625 0.7265135699373695 0.56875 0.7286012526096033 0.56875 0.7369519832985386 0.5640625 0.7390396659707724 0.5640625 0.7411273486430062 0.56875 0.7432150313152401 0.56875 0.7473903966597077 0.5640625 0.7494780793319415 0.5640625 0.7620041753653445 0.5671875 0.7620041753653445 0.56875 0.7661795407098121 0.5984375 0.7661795407098121 0.6 0.7620041753653445 0.6125 0.7620041753653445 0.6140625 0.7661795407098121 0.625 0.7661795407098121 0.6265625 0.7724425887265136 0.64375 0.7724425887265136 0.6453125 0.7766179540709812 0.6484375 0.7766179540709812 0.65 0.7724425887265136 0.659375 0.7724425887265136 0.6609375 0.7661795407098121 0.6671875 0.7661795407098121 0.66875 0.7620041753653445 0.678125 0.7620041753653445 0.6796875 0.755741127348643 0.690625 0.755741127348643 0.6921875 0.7620041753653445 0.709375 0.7620041753653445 0.709375 0.7181628392484343 0.70625 0.7160751565762005 0.70625 0.7118997912317327 0.7109375 0.7056367432150313 0.7140625 0.7056367432150313 0.7140625 0.7014613778705637 0.71875 0.6951983298538622 0.721875 0.6951983298538622 0.721875 0.6910229645093946 0.7171875 0.6889352818371608 0.7171875 0.6805845511482255 0.7140625 0.6784968684759917 0.7140625 0.6450939457202505 0.709375 0.6430062630480167 0.709375 0.6346555323590815 0.70625 0.6304801670146137 0.7015625 0.6283924843423799 0.7015625 0.6096033402922756 0.6984375 0.6075156576200418 0.6984375 0.5991649269311065 0.7015625 0.5970772442588727 0.7015625 0.5782881002087683 0.6765625 0.5782881002087683 0.6640625 0.5615866388308977 0.6640625 0.55741127348643 0.6609375 0.55741127348643 0.659375 0.5532359081419624 0.653125 0.5532359081419624 0.653125 0.5553235908141962 0.6515625 0.55741127348643 0.621875 0.55741127348643
1 0.309375 0.7390396659707724 0.3078125 0.7432150313152401 0.3015625 0.7432150313152401 0.3 0.7494780793319415 0.290625 0.7494780793319415 0.2890625 0.7536534446764092 0.25625 0.7536534446764092 0.2546875 0.7494780793319415 0.2515625 0.7494780793319415 0.25 0.7536534446764092 0.24375 0.7536534446764092 0.2421875 0.7578288100208769 0.2359375 0.7578288100208769 0.234375 0.7536534446764092 0.209375 0.7536534446764092 0.2078125 0.7578288100208769 0.2015625 0.7578288100208769 0.2015625 0.7620041753653445 0.196875 0.7682672233820459 0.19375 0.7682672233820459 0.19375 0.7724425887265136 0.1890625 0.778705636743215 0.1859375 0.778705636743215 0.1859375 0.8079331941544885 0.190625 0.8100208768267223 0.190625 0.8183716075156576 0.19375 0.8204592901878914 0.19375 0.824634655532359 0.196875 0.824634655532359 0.2015625 0.8329853862212944 0.2078125 0.8329853862212944 0.2125 0.8434237995824635 0.2171875 0.8455114822546973 0.2171875 0.8496868475991649 0.209375 0.8517745302713987 0.2078125 0.8559498956158664 0.2046875 0.8559498956158664 0.203125 0.8622129436325678 0.1984375 0.8622129436325678 0.196875 0.8663883089770354 0.190625 0.8663883089770354 0.190625 0.8747390396659708 0.1859375 0.8768267223382046 0.1859375 0.8851774530271399 0.1828125 0.8872651356993737 0.1828125 0.9123173277661796 0.178125 0.9144050104384134 0.178125 0.9164926931106472 0.18125 0.9164926931106472 0.1859375 0.9227557411273486 0.1859375 0.9269311064718163 0.190625 0.9290187891440501 0.190625 0.9686847599164927 0.1984375 0.9749478079331941 0.1984375 0.9791231732776617 0.203125 0.9791231732776617 0.2046875 0.9728601252609603 0.2109375 0.9728601252609603 0.2125 0.9686847599164927 0.21875 0.9686847599164927 0.2203125 0.9728601252609603 0.225 0.9749478079331941 0.225 0.9937369519832986 0.284375 0.9937369519832986 0.2859375 0.9895615866388309 0.3046875 0.9895615866388309 0.30625 0.9832985386221295 0.3125 0.9832985386221295 0.3171875 0.9728601252609603 0.3203125 0.9728601252609603 0.3203125 0.954070981210856 0.3234375 0.9519832985386222 0.3234375 0.9436325678496869 0.328125 0.941544885177453 0.33125 0.9373695198329853 0.33125 0.9331941544885177 0.334375 0.9311064718162839 0.334375 0.9081419624217119 0.3359375 0.906054279749478 0.3578125 0.906054279749478 0.359375 0.9018789144050104 0.3625 0.9018789144050104 0.3625 0.8935281837160751 0.365625 0.8914405010438413 0.365625 0.8622129436325678 0.3734375 0.860125260960334 0.375 0.8538622129436325 0.3859375 0.8538622129436325 0.390625 0.8434237995824635 0.39375 0.8434237995824635 0.396875 0.8392484342379958 0.396875 0.826722338204593 0.39375 0.824634655532359 0.39375 0.8204592901878914 0.390625 0.8204592901878914 0.3890625 0.8162839248434238 0.3828125 0.8162839248434238 0.38125 0.8100208768267223 0.371875 0.8100208768267223 0.3703125 0.8058455114822547 0.3640625 0.8058455114822547 0.3625 0.7995824634655533 0.34375 0.7995824634655533 0.3390625 0.7933194154488518 0.3390625 0.7891440501043842 0.3421875 0.7870563674321504 0.3421875 0.7682672233820459 0.346875 0.7661795407098121 0.346875 0.7432150313152401 0.3421875 0.7411273486430062 0.3421875 0.732776617954071 0.321875 0.732776617954071 0.321875 0.7348643006263048 0.3203125 0.7390396659707724 0.309375 0.7390396659707724
1 0.7109375 0.4175365344467641 0.7109375 0.42171189979123175 0.70625 0.4279749478079332 0.7 0.4279749478079332 0.6984375 0.4342379958246347 0.6953125 0.4342379958246347 0.6953125 0.44258872651356995 0.690625 0.4488517745302714 0.6875 0.4488517745302714 0.6875 0.453027139874739 0.6828125 0.4592901878914405 0.6796875 0.4592901878914405 0.6796875 0.46346555323590816 0.6765625 0.46555323590814196 0.6765625 0.4780793319415449 0.671875 0.4801670146137787 0.671875 0.48851774530271397 0.66875 0.4906054279749478 0.66875 0.5302713987473904 0.671875 0.5323590814196242 0.671875 0.5448851774530271 0.675 0.5448851774530271 0.6765625 0.5511482254697286 0.6796875 0.5532359081419624 0.6796875 0.5615866388308977 0.6859375 0.5615866388308977 0.6875 0.5657620041753654 0.7015625 0.5657620041753654 0.703125 0.5720250521920668 0.7140625 0.5720250521920668 0.71875 0.5782881002087683 0.71875 0.5824634655532359 0.725 0.5824634655532359 0.7265625 0.5866388308977035 0.7359375 0.5866388308977035 0.7375 0.5908141962421712 0.7515625 0.5908141962421712 0.753125 0.5866388308977035 0.771875 0.5866388308977035 0.775 0.5824634655532359 0.775 0.5741127348643006 0.7796875 0.5720250521920668 0.7796875 0.5469728601252609 0.775 0.5448851774530271 0.775 0.5365344467640919 0.771875 0.5323590814196242 0.7671875 0.5302713987473904 0.7671875 0.5219206680584552 0.775 0.5198329853862212 0.7765625 0.5135699373695198 0.7796875 0.5135699373695198 0.78125 0.5031315240083507 0.7953125 0.5031315240083507 0.796875 0.5093945720250522 0.7890625 0.5156576200417536 0.7890625 0.5198329853862212 0.7921875 0.524008350730689 0.7984375 0.524008350730689 0.7984375 0.5219206680584552 0.7921875 0.5219206680584552 0.790625 0.5156576200417536 0.7984375 0.5093945720250522 0.7984375 0.5052192066805845 0.7953125 0.5010438413361169 0.7921875 0.5010438413361169 0.790625 0.4968684759916493 0.7875 0.5010438413361169 0.784375 0.5010438413361169 0.7828125 0.4968684759916493 0.7765625 0.4968684759916493 0.775 0.4906054279749478 0.7796875 0.48851774530271397 0.78125 0.48434237995824636 0.7875 0.48434237995824636 0.7875 0.4801670146137787 0.7796875 0.4780793319415449 0.7796875 0.4697286012526096 0.7765625 0.4697286012526096 0.771875 0.46346555323590816 0.771875 0.4592901878914405 0.7671875 0.4572025052192067 0.7671875 0.4488517745302714 0.7609375 0.4488517745302714 0.75625 0.44258872651356995 0.75625 0.4384133611691023 0.753125 0.4384133611691023 0.7484375 0.4321503131524008 0.7484375 0.4279749478079332 0.7453125 0.4279749478079332 0.740625 0.42171189979123175 0.740625 0.4175365344467641 0.73125 0.4175365344467641 0.7296875 0.4133611691022965 0.7265625 0.4133611691022965 0.7265625 0.4154488517745303 0.725 0.4175365344467641 0.7109375 0.4175365344467641