6 0.0078125 0.20081967213114754 0.0078125 0.2192622950819672 0.0125 0.22131147540983606 0.0125 0.2581967213114754 0.015625 0.26024590163934425 0.015625 0.2889344262295082 0.0203125 0.29098360655737704 0.0203125 0.3094262295081967 0.021875 0.3094262295081967 0.0234375 0.305327868852459 0.0265625 0.305327868852459 0.0265625 0.29713114754098363 0.0296875 0.29508196721311475 0.0296875 0.2807377049180328 0.0265625 0.2786885245901639 0.0265625 0.2459016393442623 0.021875 0.24385245901639344 0.021875 0.20491803278688525 0.01875 0.2028688524590164 0.01875 0.17418032786885246 0.015625 0.17418032786885246 0.0109375 0.1680327868852459 0.0109375 0.16393442622950818 0.0078125 0.16393442622950818 0.0046875 0.1598360655737705 0.0046875 0.16188524590163936 0.0046875 0.1987704918032787 0.0078125 0.20081967213114754
6 0.7703125 0.6782786885245902 0.775 0.6844262295081968 0.775 0.6885245901639344 0.78125 0.6885245901639344 0.7828125 0.6926229508196722 0.7859375 0.6926229508196722 0.790625 0.7028688524590164 0.796875 0.7028688524590164 0.7984375 0.7090163934426229 0.80625 0.7151639344262295 0.80625 0.7192622950819673 0.809375 0.7233606557377049 0.8140625 0.7254098360655737 0.8140625 0.7295081967213115 0.8203125 0.7295081967213115 0.825 0.735655737704918 0.825 0.7397540983606558 0.828125 0.7397540983606558 0.8296875 0.7438524590163934 0.8359375 0.7438524590163934 0.8375 0.7479508196721312 0.84375 0.7479508196721312 0.8484375 0.7581967213114754 0.8546875 0.7581967213114754 0.85625 0.764344262295082 0.8625 0.764344262295082 0.8640625 0.7684426229508197 0.8671875 0.7684426229508197 0.871875 0.7786885245901639 0.8828125 0.7786885245901639 0.8828125 0.7704918032786885 0.8796875 0.7704918032786885 0.878125 0.7663934426229508 0.871875 0.7663934426229508 0.8671875 0.7561475409836066 0.8609375 0.7561475409836066 0.859375 0.75 0.85625 0.75 0.8515625 0.7418032786885246 0.8453125 0.7418032786885246 0.84375 0.735655737704918 0.840625 0.735655737704918 0.8359375 0.7295081967213115 0.8359375 0.7254098360655737 0.8328125 0.7254098360655737 0.83125 0.7213114754098361 0.825 0.7213114754098361 0.8203125 0.7110655737704918 0.8140625 0.7110655737704918 0.8125 0.7049180327868853 0.809375 0.7049180327868853 0.8046875 0.6987704918032787 0.8046875 0.694672131147541 0.8015625 0.694672131147541 0.8 0.6905737704918032 0.7953125 0.6905737704918032 0.79375 0.6844262295081968 0.790625 0.6844262295081968 0.7890625 0.680327868852459 0.7828125 0.680327868852459 0.78125 0.6741803278688525 0.775 0.6741803278688525 0.7734375 0.6700819672131147 0.7671875 0.6700819672131147 0.7671875 0.6721311475409836 0.7671875 0.6782786885245902 0.7703125 0.6782786885245902
6 0.328125 0.6680327868852459 0.3359375 0.6741803278688525 0.3359375 0.6782786885245902 0.3390625 0.6823770491803278 0.34375 0.6844262295081968 0.34375 0.6885245901639344 0.346875 0.6905737704918032 0.346875 0.6987704918032787 0.35 0.6987704918032787 0.3546875 0.7049180327868853 0.3546875 0.7090163934426229 0.359375 0.7110655737704918 0.359375 0.7192622950819673 0.3671875 0.7254098360655737 0.3671875 0.7336065573770492 0.3703125 0.735655737704918 0.3703125 0.7397540983606558 0.375 0.7418032786885246 0.375 0.7479508196721312 0.378125 0.75 0.378125 0.7540983606557377 0.3828125 0.7561475409836066 0.3828125 0.764344262295082 0.3859375 0.7663934426229508 0.3859375 0.7745901639344263 0.3890625 0.7745901639344263 0.39375 0.7807377049180327 0.39375 0.7889344262295082 0.403125 0.7889344262295082 0.403125 0.7807377049180327 0.4 0.7786885245901639 0.4 0.7704918032786885 0.396875 0.7684426229508197 0.396875 0.7602459016393442 0.39375 0.7602459016393442 0.3890625 0.7540983606557377 0.3890625 0.7459016393442623 0.384375 0.7438524590163934 0.384375 0.735655737704918 0.3765625 0.7295081967213115 0.3765625 0.7213114754098361 0.3734375 0.7192622950819673 0.3734375 0.7110655737704918 0.3703125 0.7110655737704918 0.36875 0.7049180327868853 0.365625 0.7028688524590164 0.365625 0.694672131147541 0.3625 0.694672131147541 0.3578125 0.6885245901639344 0.3578125 0.6844262295081968 0.3546875 0.6844262295081968 0.35 0.6782786885245902 0.35 0.6741803278688525 0.346875 0.6741803278688525 0.3421875 0.6680327868852459 0.3421875 0.6639344262295082 0.3390625 0.6639344262295082 0.3375 0.6598360655737705 0.3234375 0.6598360655737705 0.3234375 0.6618852459016393 0.3265625 0.6618852459016393 0.328125 0.6680327868852459
6 0.2890625 0.6741803278688525 0.2890625 0.6782786885245902 0.2921875 0.6823770491803278 0.296875 0.6844262295081968 0.296875 0.6885245901639344 0.3 0.6926229508196722 0.3046875 0.694672131147541 0.3046875 0.6987704918032787 0.3078125 0.7028688524590164 0.3125 0.7049180327868853 0.3125 0.7090163934426229 0.315625 0.7110655737704918 0.315625 0.7192622950819673 0.3203125 0.7213114754098361 0.3203125 0.7295081967213115 0.3234375 0.7315573770491803 0.3234375 0.7438524590163934 0.328125 0.7459016393442623 0.328125 0.7540983606557377 0.33125 0.7561475409836066 0.33125 0.7684426229508197 0.3359375 0.7704918032786885 0.3359375 0.7786885245901639 0.3390625 0.7807377049180327 0.3390625 0.7991803278688525 0.34375 0.8012295081967213 0.34375 0.8094262295081968 0.346875 0.8114754098360656 0.346875 0.8155737704918032 0.35 0.8155737704918032 0.35 0.8114754098360656 0.353125 0.8094262295081968 0.353125 0.7971311475409836 0.35 0.7950819672131147 0.35 0.7807377049180327 0.3453125 0.7786885245901639 0.3453125 0.7663934426229508 0.3421875 0.764344262295082 0.3421875 0.75 0.3375 0.7479508196721312 0.3375 0.7418032786885246 0.334375 0.7397540983606558 0.334375 0.7254098360655737 0.3296875 0.7233606557377049 0.3296875 0.7151639344262295 0.3265625 0.7131147540983607 0.3265625 0.7049180327868853 0.3234375 0.7049180327868853 0.31875 0.6987704918032787 0.31875 0.694672131147541 0.315625 0.694672131147541 0.3109375 0.6885245901639344 0.3109375 0.6844262295081968 0.3078125 0.6844262295081968 0.303125 0.6782786885245902 0.303125 0.6741803278688525 0.3 0.6741803278688525 0.2984375 0.6700819672131147 0.2921875 0.6700819672131147 0.290625 0.6639344262295082 0.28125 0.6639344262295082 0.28125 0.6659836065573771 0.284375 0.6721311475409836 0.2890625 0.6741803278688525
5 0 0.8504098360655737 0.021875 0.8504098360655737 0.0234375 0.8565573770491803 0.0375 0.8565573770491803 0.0390625 0.860655737704918 0.0453125 0.860655737704918 0.046875 0.8668032786885246 0.05 0.8668032786885246 0.0546875 0.8729508196721312 0.0546875 0.8770491803278688 0.0578125 0.8770491803278688 0.0625 0.8831967213114754 0.0625 0.8872950819672131 0.0671875 0.889344262295082 0.0671875 0.8975409836065574 0.0703125 0.8995901639344263 0.0703125 0.9118852459016393 0.075 0.9139344262295082 0.075 0.9631147540983607 0.0703125 0.9651639344262295 0.0703125 0.9836065573770492 0.0625 0.985655737704918 0.0625 0.9938524590163934 0.08125 0.9938524590163934 0.0828125 0.9979508196721312 0.1203125 0.9979508196721312 0.121875 0.9938524590163934 0.1390625 0.9938524590163934 0.140625 0.9979508196721312 0.159375 0.9979508196721312 0.1609375 0.9938524590163934 0.1640625 0.9979508196721312 0.1703125 0.9979508196721312 0.171875 0.9938524590163934 0.1828125 0.9938524590163934 0.184375 0.9979508196721312 0.321875 0.9979508196721312 0.3234375 0.9938524590163934 0.35 0.9938524590163934 0.353125 0.9979508196721312 0.3546875 0.9938524590163934 0.3578125 0.9938524590163934 0.359375 0.9979508196721312 0.365625 0.9979508196721312 0.3671875 0.9938524590163934 0.41875 0.9938524590163934 0.4203125 0.9979508196721312 0.465625 0.9979508196721312 0.4671875 0.9938524590163934 0.4703125 0.9938524590163934 0.471875 0.9979508196721312 0.478125 0.9979508196721312 0.48125 0.9938524590163934 0.4828125 0.9979508196721312 0.4890625 0.9979508196721312 0.490625 0.9938524590163934 0.509375 0.9938524590163934 0.5109375 0.9979508196721312 0.5984375 0.9979508196721312 0.6 0.9938524590163934 0.60625 0.9938524590163934 0.609375 0.9979508196721312 0.6109375 0.9938524590163934 0.71875 0.9938524590163934 0.7203125 0.9979508196721312 0.83125 0.9979508196721312 0.8328125 0.9938524590163934 0.84375 0.9938524590163934 0.8453125 0.9979508196721312 0.9375 0.9979508196721312 0.9390625 0.9938524590163934 0.9453125 0.9938524590163934 0.946875 0.9979508196721312 0.9640625 0.9979508196721312 0.965625 0.9938524590163934 0.96875 0.9938524590163934 0.9703125 0.9979508196721312 0.9921875 0.9979508196721312 0.9953125 0.9938524590163934 0.9984375 0.9979508196721312 0.9984375 0.8831967213114754 0.9859375 0.8831967213114754 0.984375 0.889344262295082 0.9625 0.889344262295082 0.9609375 0.8831967213114754 0.95 0.8831967213114754 0.9484375 0.8790983606557377 0.9421875 0.8790983606557377 0.9421875 0.8872950819672131 0.934375 0.889344262295082 0.9328125 0.8995901639344263 0.9234375 0.8995901639344263 0.921875 0.9036885245901639 0.915625 0.9036885245901639 0.9140625 0.9098360655737705 0.8796875 0.9098360655737705 0.878125 0.9139344262295082 0.86875 0.9139344262295082 0.8671875 0.9200819672131147 0.8609375 0.9200819672131147 0.859375 0.9241803278688525 0.853125 0.9241803278688525 0.8515625 0.930327868852459 0.821875 0.930327868852459 0.8203125 0.9241803278688525 0.8015625 0.9241803278688525 0.8 0.9200819672131147 0.7484375 0.9200819672131147 0.746875 0.9139344262295082 0.7328125 0.9139344262295082 0.73125 0.9098360655737705 0.7171875 0.9098360655737705 0.715625 0.9036885245901639 0.709375 0.9036885245901639 0.7078125 0.9098360655737705 0.696875 0.9098360655737705 0.6953125 0.9139344262295082 0.65 0.9139344262295082 0.6453125 0.9077868852459017 0.6453125 0.9036885245901639 0.6390625 0.9036885245901639 0.6375 0.8995901639344263 0.6234375 0.8995901639344263 0.621875 0.8934426229508197 0.61875 0.8934426229508197 0.6140625 0.8872950819672131 0.6140625 0.8831967213114754 0.6109375 0.8831967213114754 0.60625 0.8770491803278688 0.60625 0.8688524590163934 0.6015625 0.8668032786885246 0.6015625 0.8586065573770492 0.5953125 0.8504098360655737 0.5953125 0.8278688524590164 0.590625 0.8258196721311475 0.590625 0.7868852459016393 0.5953125 0.7848360655737705 0.5953125 0.7766393442622951 0.5921875 0.7766393442622951 0.590625 0.7704918032786885 0.5875 0.7684426229508197 0.5875 0.7602459016393442 0.584375 0.7602459016393442 0.58125 0.7561475409836066 0.5796875 0.7602459016393442 0.5734375 0.7602459016393442 0.571875 0.7663934426229508 0.5609375 0.7663934426229508 0.559375 0.7704918032786885 0.5453125 0.7704918032786885 0.54375 0.7766393442622951 0.5375 0.7766393442622951 0.5375 0.7786885245901639 0.5421875 0.7807377049180327 0.5421875 0.7889344262295082 0.5453125 0.7909836065573771 0.5453125 0.7950819672131147 0.55 0.7971311475409836 0.55 0.805327868852459 0.553125 0.8073770491803278 0.553125 0.8155737704918032 0.5578125 0.8176229508196722 0.5578125 0.8463114754098361 0.5609375 0.8483606557377049 0.5609375 0.8872950819672131 0.565625 0.889344262295082 0.565625 0.9077868852459017 0.56875 0.9098360655737705 0.56875 0.9180327868852459 0.5640625 0.9241803278688525 0.5609375 0.9241803278688525 0.5609375 0.9282786885245902 0.55625 0.9344262295081968 0.553125 0.9344262295081968 0.5515625 0.9405737704918032 0.5453125 0.9405737704918032 0.54375 0.944672131147541 0.5296875 0.944672131147541 0.528125 0.9405737704918032 0.5140625 0.9405737704918032 0.5125 0.9344262295081968 0.503125 0.9344262295081968 0.5015625 0.930327868852459 0.496875 0.9282786885245902 0.496875 0.9241803278688525 0.490625 0.9241803278688525 0.4859375 0.9180327868852459 0.4859375 0.9139344262295082 0.4828125 0.9139344262295082 0.48125 0.9098360655737705 0.475 0.9098360655737705 0.4734375 0.9036885245901639 0.4703125 0.8995901639344263 0.4671875 0.8995901639344263 0.465625 0.8934426229508197 0.4625 0.8913934426229508 0.4625 0.8831967213114754 0.459375 0.8831967213114754 0.45625 0.8790983606557377 0.45625 0.8913934426229508 0.4515625 0.8934426229508197 0.4515625 0.9077868852459017 0.4484375 0.9098360655737705 0.4484375 0.9180327868852459 0.440625 0.9241803278688525 0.4390625 0.930327868852459 0.4328125 0.930327868852459 0.43125 0.9344262295081968 0.425 0.9344262295081968 0.425 0.9528688524590164 0.4203125 0.9549180327868853 0.4203125 0.9692622950819673 0.4171875 0.9713114754098361 0.415625 0.9815573770491803 0.409375 0.9815573770491803 0.4078125 0.985655737704918 0.375 0.985655737704918 0.3734375 0.9815573770491803 0.36875 0.9795081967213115 0.36875 0.9754098360655737 0.359375 0.9754098360655737 0.3578125 0.9713114754098361 0.353125 0.9692622950819673 0.353125 0.9651639344262295 0.35 0.9610655737704918 0.34375 0.9610655737704918 0.3421875 0.9549180327868853 0.3390625 0.9549180327868853 0.334375 0.9487704918032787 0.334375 0.9405737704918032 0.3296875 0.9385245901639344 0.3296875 0.930327868852459 0.3265625 0.9282786885245902 0.3265625 0.9200819672131147 0.321875 0.9180327868852459 0.321875 0.9036885245901639 0.31875 0.9016393442622951 0.31875 0.8790983606557377 0.3140625 0.8770491803278688 0.3140625 0.8586065573770492 0.31875 0.8565573770491803 0.31875 0.8524590163934426 0.3234375 0.8463114754098361 0.3265625 0.8463114754098361 0.3265625 0.8217213114754098 0.33125 0.8155737704918032 0.334375 0.8155737704918032 0.334375 0.7971311475409836 0.3296875 0.7950819672131147 0.3296875 0.7807377049180327 0.3265625 0.7786885245901639 0.3265625 0.7663934426229508 0.321875 0.764344262295082 0.321875 0.7561475409836066 0.31875 0.7540983606557377 0.31875 0.7459016393442623 0.3140625 0.7438524590163934 0.3140625 0.735655737704918 0.3109375 0.7336065573770492 0.3109375 0.7254098360655737 0.30625 0.7233606557377049 0.30625 0.7151639344262295 0.2984375 0.7131147540983607 0.2984375 0.7049180327868853 0.28125 0.7049180327868853 0.28125 0.7069672131147541 0.284375 0.7110655737704918 0.284375 0.7192622950819673 0.2890625 0.7213114754098361 0.2890625 0.7295081967213115 0.296875 0.735655737704918 0.296875 0.7397540983606558 0.3 0.7418032786885246 0.3 0.7479508196721312 0.3046875 0.75 0.3046875 0.7745901639344263 0.3078125 0.7766393442622951 0.3078125 0.8094262295081968 0.3125 0.8114754098360656 0.3125 0.8155737704918032 0.3078125 0.8176229508196722 0.3078125 0.8401639344262295 0.3 0.8422131147540983 0.2984375 0.8483606557377049 0.284375 0.8483606557377049 0.2828125 0.8524590163934426 0.2609375 0.8524590163934426 0.2609375 0.8709016393442623 0.265625 0.8729508196721312 0.265625 0.8811475409836066 0.26875 0.8831967213114754 0.26875 0.8975409836065574 0.271875 0.8975409836065574 0.2765625 0.9036885245901639 0.2765625 0.9180327868852459 0.28125 0.9200819672131147 0.28125 0.9323770491803278 0.284375 0.9344262295081968 0.284375 0.9487704918032787 0.2875 0.9487704918032787 0.2890625 0.9528688524590164 0.284375 0.9549180327868853 0.284375 0.9590163934426229 0.2796875 0.9651639344262295 0.2765625 0.9651639344262295 0.2765625 0.9692622950819673 0.271875 0.9754098360655737 0.2609375 0.9754098360655737 0.259375 0.9815573770491803 0.253125 0.9815573770491803 0.2515625 0.9754098360655737 0.2296875 0.9754098360655737 0.2296875 0.9795081967213115 0.2265625 0.9815573770491803 0.225 0.9754098360655737 0.2203125 0.9733606557377049 0.221875 0.9692622950819673 0.225 0.9692622950819673 0.225 0.9651639344262295 0.221875 0.9651639344262295 0.2171875 0.9590163934426229 0.2171875 0.9549180327868853 0.2140625 0.9549180327868853 0.209375 0.9487704918032787 0.209375 0.944672131147541 0.2 0.944672131147541 0.2 0.9528688524590164 0.1953125 0.9549180327868853 0.1953125 0.9631147540983607 0.1921875 0.9651639344262295 0.1921875 0.9692622950819673 0.184375 0.9713114754098361 0.1828125 0.9754098360655737 0.171875 0.9754098360655737 0.1703125 0.9713114754098361 0.1640625 0.9713114754098361 0.1625 0.9651639344262295 0.153125 0.9651639344262295 0.1515625 0.9610655737704918 0.146875 0.9590163934426229 0.146875 0.9549180327868853 0.14375 0.9508196721311475 0.1390625 0.9487704918032787 0.1390625 0.944672131147541 0.1359375 0.9405737704918032 0.1296875 0.9405737704918032 0.128125 0.9344262295081968 0.125 0.9344262295081968 0.1234375 0.930327868852459 0.1171875 0.930327868852459 0.115625 0.9241803278688525 0.1078125 0.9180327868852459 0.1078125 0.9139344262295082 0.1046875 0.9098360655737705 0.1 0.9077868852459017 0.1 0.9036885245901639 0.096875 0.8995901639344263 0.0921875 0.8975409836065574 0.0921875 0.889344262295082 0.0890625 0.8872950819672131 0.0890625 0.8790983606557377 0.084375 0.8770491803278688 0.084375 0.8422131147540983 0.08125 0.8381147540983607 0.075 0.8381147540983607 0.0734375 0.8319672131147541 0.0703125 0.8319672131147541 0.065625 0.8258196721311475 0.065625 0.8217213114754098 0.0625 0.8217213114754098 0.0578125 0.8155737704918032 0.0578125 0.8114754098360656 0.0515625 0.8114754098360656 0.05 0.8073770491803278 0.04375 0.8073770491803278 0.0421875 0.8012295081967213 0.0359375 0.8012295081967213 0.034375 0.7971311475409836 0.0296875 0.7950819672131147 0.0296875 0.7704918032786885 0.0265625 0.7684426229508197 0.0265625 0.7602459016393442 0.0203125 0.7602459016393442 0.0203125 0.764344262295082 0.015625 0.7663934426229508 0.0140625 0.7704918032786885 0.0046875 0.7704918032786885 0.0046875 0.7786885245901639 0 0.7807377049180327 0 0.8504098360655737
5 0.934375 0.8934426229508197 0.9328125 0.8995901639344263 0.9234375 0.8995901639344263 0.921875 0.9036885245901639 0.915625 0.9036885245901639 0.9140625 0.9098360655737705 0.8796875 0.9098360655737705 0.878125 0.9139344262295082 0.86875 0.9139344262295082 0.8671875 0.9200819672131147 0.8609375 0.9200819672131147 0.859375 0.9241803278688525 0.853125 0.9241803278688525 0.8515625 0.930327868852459 0.8171875 0.930327868852459 0.815625 0.9241803278688525 0.8015625 0.9241803278688525 0.8 0.9200819672131147 0.7484375 0.9200819672131147 0.746875 0.9139344262295082 0.7328125 0.9139344262295082 0.73125 0.9098360655737705 0.7015625 0.9098360655737705 0.7 0.9139344262295082 0.65 0.9139344262295082 0.6453125 0.9077868852459017 0.6453125 0.9036885245901639 0.61875 0.9036885245901639 0.6171875 0.9098360655737705 0.6109375 0.9098360655737705 0.609375 0.9139344262295082 0.56875 0.9139344262295082 0.56875 0.9180327868852459 0.5640625 0.9241803278688525 0.5609375 0.9241803278688525 0.5609375 0.9282786885245902 0.55625 0.9344262295081968 0.553125 0.9344262295081968 0.553125 0.9385245901639344 0.5484375 0.944672131147541 0.5265625 0.944672131147541 0.525 0.9405737704918032 0.5109375 0.9405737704918032 0.509375 0.9344262295081968 0.4984375 0.9344262295081968 0.496875 0.930327868852459 0.490625 0.930327868852459 0.4890625 0.9344262295081968 0.428125 0.9344262295081968 0.428125 0.9426229508196722 0.425 0.944672131147541 0.425 0.9590163934426229 0.4203125 0.9610655737704918 0.4203125 0.9733606557377049 0.4171875 0.9754098360655737 0.415625 0.9815573770491803 0.409375 0.9815573770491803 0.4078125 0.985655737704918 0.375 0.985655737704918 0.3734375 0.9815573770491803 0.3671875 0.9815573770491803 0.365625 0.9754098360655737 0.359375 0.9754098360655737 0.3578125 0.9713114754098361 0.346875 0.9713114754098361 0.3421875 0.9610655737704918 0.328125 0.9610655737704918 0.3265625 0.9651639344262295 0.3078125 0.9651639344262295 0.30625 0.9610655737704918 0.284375 0.9610655737704918 0.2796875 0.9713114754098361 0.2765625 0.9713114754098361 0.275 0.9754098360655737 0.26875 0.9754098360655737 0.2671875 0.9815573770491803 0.2109375 0.9815573770491803 0.209375 0.985655737704918 0.1875 0.985655737704918 0.1875 0.9897540983606558 0.184375 0.9938524590163934 0.1875 0.9979508196721312 0.31875 0.9979508196721312 0.3203125 0.9938524590163934 0.353125 0.9938524590163934 0.3546875 0.9979508196721312 0.3609375 0.9979508196721312 0.3625 0.9938524590163934 0.415625 0.9938524590163934 0.4171875 0.9979508196721312 0.625 0.9979508196721312 0.6265625 0.9938524590163934 0.6328125 0.9938524590163934 0.634375 0.9979508196721312 0.640625 0.9979508196721312 0.6421875 0.9938524590163934 0.6609375 0.9938524590163934 0.6625 0.9979508196721312 0.671875 0.9979508196721312 0.6734375 0.9938524590163934 0.6765625 0.9938524590163934 0.6796875 0.9979508196721312 0.68125 0.9938524590163934 0.684375 0.9938524590163934 0.6859375 0.9979508196721312 0.9921875 0.9979508196721312 0.99375 0.9938524590163934 0.9984375 0.9938524590163934 0.9984375 0.889344262295082 0.9578125 0.889344262295082 0.95625 0.8831967213114754 0.9421875 0.8831967213114754 0.9421875 0.8852459016393442 0.9375 0.8934426229508197 0.934375 0.8934426229508197
0 0.6390625 0.4610655737704918 0.6390625 0.4692622950819672 0.634375 0.4713114754098361 0.634375 0.49385245901639346 0.6375 0.49385245901639346 0.6390625 0.4979508196721312 0.65625 0.4979508196721312 0.6578125 0.49385245901639346 0.6609375 0.49385245901639346 0.6640625 0.48975409836065575 0.6640625 0.4651639344262295 0.6609375 0.4610655737704918 0.6546875 0.4610655737704918 0.653125 0.45491803278688525 0.646875 0.45491803278688525 0.646875 0.4569672131147541 0.6453125 0.4610655737704918 0.6390625 0.4610655737704918
0 0.93125 0.5901639344262295 0.934375 0.5922131147540983 0.934375 0.6004098360655737 0.940625 0.6004098360655737 0.9421875 0.6065573770491803 0.953125 0.6065573770491803 0.9546875 0.6004098360655737 0.9609375 0.6004098360655737 0.9609375 0.5922131147540983 0.95625 0.5901639344262295 0.95625 0.5778688524590164 0.953125 0.5758196721311475 0.953125 0.5717213114754098 0.934375 0.5717213114754098 0.934375 0.5737704918032787 0.93125 0.5778688524590164 0.93125 0.5901639344262295
0 0.7546875 0.7008196721311475 0.7515625 0.7008196721311475 0.7484375 0.7049180327868853 0.7484375 0.7295081967213115 0.7515625 0.7336065573770492 0.7578125 0.7336065573770492 0.759375 0.7397540983606558 0.78125 0.7397540983606558 0.7828125 0.7336065573770492 0.7859375 0.7336065573770492 0.7859375 0.7254098360655737 0.7890625 0.7233606557377049 0.7890625 0.7151639344262295 0.7859375 0.7131147540983607 0.7859375 0.7049180327868853 0.7828125 0.7049180327868853 0.778125 0.6987704918032787 0.778125 0.694672131147541 0.771875 0.694672131147541 0.7703125 0.6905737704918032 0.759375 0.6905737704918032 0.759375 0.6926229508196722 0.75625 0.694672131147541 0.7546875 0.7008196721311475
0 0.653125 0.5061475409836066 0.65 0.5061475409836066 0.646875 0.5102459016393442 0.6453125 0.5163934426229508 0.6421875 0.5163934426229508 0.6421875 0.5450819672131147 0.6609375 0.5450819672131147 0.6625 0.5389344262295082 0.66875 0.5389344262295082 0.6703125 0.5348360655737705 0.684375 0.5348360655737705 0.684375 0.5307377049180327 0.6875 0.5286885245901639 0.6875 0.5102459016393442 0.6796875 0.5040983606557377 0.6796875 0.5 0.6734375 0.5 0.66875 0.4918032786885246 0.6625 0.4918032786885246 0.6625 0.49385245901639346 0.6578125 0.4959016393442623 0.653125 0.5061475409836066
0 0.68125 0.45081967213114754 0.678125 0.45491803278688525 0.6765625 0.4610655737704918 0.6734375 0.4610655737704918 0.6734375 0.4692622950819672 0.6765625 0.4692622950819672 0.68125 0.47540983606557374 0.68125 0.47950819672131145 0.6859375 0.48155737704918034 0.6859375 0.48975409836065575 0.7 0.48975409836065575 0.7 0.48565573770491804 0.703125 0.48360655737704916 0.703125 0.4651639344262295 0.7078125 0.46311475409836067 0.7078125 0.45491803278688525 0.7046875 0.45491803278688525 0.703125 0.45081967213114754 0.696875 0.45081967213114754 0.6953125 0.444672131147541 0.6859375 0.444672131147541 0.6859375 0.44672131147540983 0.684375 0.45081967213114754 0.68125 0.45081967213114754
0 0.759375 0.5204918032786885 0.759375 0.5286885245901639 0.7640625 0.5307377049180327 0.7640625 0.5348360655737705 0.7671875 0.5389344262295082 0.778125 0.5389344262295082 0.78125 0.5348360655737705 0.78125 0.5163934426229508 0.778125 0.514344262295082 0.778125 0.5102459016393442 0.7671875 0.5102459016393442 0.7671875 0.5122950819672131 0.7625 0.5204918032786885 0.759375 0.5204918032786885
0 0.8609375 0.6290983606557377 0.8609375 0.6413934426229508 0.8640625 0.6434426229508197 0.8640625 0.6475409836065574 0.8703125 0.6475409836065574 0.871875 0.6516393442622951 0.878125 0.6516393442622951 0.8796875 0.6475409836065574 0.8828125 0.6475409836065574 0.8828125 0.6290983606557377 0.878125 0.6270491803278688 0.878125 0.6229508196721312 0.86875 0.6229508196721312 0.86875 0.625 0.8671875 0.6290983606557377 0.8609375 0.6290983606557377
2 0.4203125 0.42008196721311475 0.41875 0.42418032786885246 0.4125 0.42418032786885246 0.4125 0.42827868852459017 0.4078125 0.4344262295081967 0.4046875 0.4344262295081967 0.4046875 0.4733606557377049 0.409375 0.47540983606557374 0.409375 0.47950819672131145 0.4125 0.48155737704918034 0.4125 0.48975409836065575 0.415625 0.48975409836065575 0.4203125 0.4979508196721312 0.4234375 0.4979508196721312 0.428125 0.5081967213114754 0.45 0.5081967213114754 0.4515625 0.5040983606557377 0.4578125 0.5040983606557377 0.459375 0.4979508196721312 0.4625 0.4979508196721312 0.465625 0.49385245901639346 0.465625 0.48565573770491804 0.4734375 0.47950819672131145 0.4734375 0.4651639344262295 0.465625 0.45901639344262296 0.465625 0.45491803278688525 0.459375 0.45491803278688525 0.4546875 0.4487704918032787 0.4546875 0.444672131147541 0.4515625 0.444672131147541 0.446875 0.4385245901639344 0.446875 0.430327868852459 0.4421875 0.42827868852459017 0.4421875 0.42008196721311475 0.4390625 0.4180327868852459 0.4390625 0.4139344262295082 0.428125 0.4139344262295082 0.428125 0.41598360655737704 0.4265625 0.42008196721311475 0.4203125 0.42008196721311475
2 0.0625 0.3012295081967213 0.0609375 0.3073770491803279 0.0546875 0.3073770491803279 0.05 0.3176229508196721 0.046875 0.3176229508196721 0.04375 0.32172131147540983 0.0421875 0.32786885245901637 0.0390625 0.32786885245901637 0.0359375 0.3319672131147541 0.0359375 0.3401639344262295 0.03125 0.3422131147540984 0.03125 0.3709016393442623 0.0375 0.3709016393442623 0.0390625 0.3770491803278688 0.08125 0.3770491803278688 0.0859375 0.3831967213114754 0.0859375 0.38729508196721313 0.09375 0.38934426229508196 0.09375 0.3975409836065574 0.096875 0.3975409836065574 0.1015625 0.4036885245901639 0.1015625 0.4077868852459016 0.115625 0.4077868852459016 0.1171875 0.4016393442622951 0.128125 0.4016393442622951 0.1296875 0.3975409836065574 0.1390625 0.3975409836065574 0.1390625 0.38934426229508196 0.1359375 0.38729508196721313 0.1359375 0.3729508196721312 0.13125 0.3709016393442623 0.13125 0.36270491803278687 0.128125 0.36065573770491804 0.128125 0.32786885245901637 0.1234375 0.32581967213114754 0.1234375 0.3176229508196721 0.1203125 0.3155737704918033 0.1203125 0.3073770491803279 0.115625 0.305327868852459 0.115625 0.3012295081967213 0.109375 0.3012295081967213 0.1078125 0.29713114754098363 0.0828125 0.29713114754098363 0.0828125 0.29918032786885246 0.08125 0.3012295081967213 0.0625 0.3012295081967213
2 0.1171875 0.1885245901639344 0.121875 0.19057377049180327 0.121875 0.21311475409836064 0.125 0.2151639344262295 0.125 0.22950819672131148 0.128125 0.22950819672131148 0.1328125 0.23565573770491804 0.1328125 0.23975409836065573 0.1390625 0.23975409836065573 0.140625 0.24385245901639344 0.1546875 0.24385245901639344 0.15625 0.23975409836065573 0.159375 0.23975409836065573 0.159375 0.21106557377049182 0.1546875 0.20901639344262296 0.1546875 0.20081967213114754 0.1515625 0.1987704918032787 0.1515625 0.19057377049180327 0.146875 0.1885245901639344 0.146875 0.18032786885245902 0.14375 0.17827868852459017 0.14375 0.17008196721311475 0.140625 0.17008196721311475 0.1359375 0.1598360655737705 0.13125 0.15778688524590165 0.13125 0.15368852459016394 0.128125 0.14959016393442623 0.121875 0.14959016393442623 0.121875 0.15163934426229508 0.1171875 0.15368852459016394 0.1171875 0.1885245901639344
2 0.8796875 0.5901639344262295 0.8765625 0.5922131147540983 0.8765625 0.6065573770491803 0.8796875 0.6086065573770492 0.8796875 0.6168032786885246 0.884375 0.6188524590163934 0.884375 0.6270491803278688 0.8875 0.6311475409836066 0.8984375 0.6311475409836066 0.9 0.6372950819672131 0.9140625 0.6372950819672131 0.915625 0.6413934426229508 0.9328125 0.6413934426229508 0.934375 0.6372950819672131 0.940625 0.6372950819672131 0.940625 0.6188524590163934 0.9375 0.6168032786885246 0.9375 0.6086065573770492 0.9328125 0.6065573770491803 0.9328125 0.5983606557377049 0.9296875 0.5963114754098361 0.9296875 0.5881147540983607 0.925 0.5860655737704918 0.925 0.5676229508196722 0.921875 0.5655737704918032 0.921875 0.5614754098360656 0.9078125 0.5614754098360656 0.90625 0.5573770491803278 0.884375 0.5573770491803278 0.884375 0.5594262295081968 0.8796875 0.5614754098360656 0.8796875 0.5901639344262295
2 0.5265625 0.3831967213114754 0.525 0.38934426229508196 0.521875 0.38934426229508196 0.521875 0.3975409836065574 0.5265625 0.39959016393442626 0.5265625 0.4077868852459016 0.534375 0.4139344262295082 0.534375 0.4180327868852459 0.5375 0.42213114754098363 0.5484375 0.42213114754098363 0.55 0.42827868852459017 0.6015625 0.42827868852459017 0.603125 0.42213114754098363 0.60625 0.42213114754098363 0.60625 0.4139344262295082 0.6015625 0.41188524590163933 0.6015625 0.39959016393442626 0.5984375 0.3975409836065574 0.5984375 0.38934426229508196 0.5921875 0.38934426229508196 0.590625 0.3831967213114754 0.58125 0.3831967213114754 0.5796875 0.3790983606557377 0.5375 0.3790983606557377 0.5375 0.38114754098360654 0.5359375 0.3831967213114754 0.5265625 0.3831967213114754
2 0.3234375 0.21106557377049182 0.31875 0.22131147540983606 0.315625 0.22131147540983606 0.315625 0.2336065573770492 0.321875 0.2336065573770492 0.3234375 0.23975409836065573 0.3296875 0.23975409836065573 0.33125 0.24385245901639344 0.3375 0.24385245901639344 0.3390625 0.24795081967213115 0.34375 0.25 0.34375 0.2540983606557377 0.35 0.2540983606557377 0.3515625 0.2581967213114754 0.3609375 0.2581967213114754 0.3625 0.26434426229508196 0.365625 0.26434426229508196 0.3703125 0.27049180327868855 0.3703125 0.2848360655737705 0.3734375 0.2848360655737705 0.3734375 0.2807377049180328 0.378125 0.27459016393442626 0.38125 0.27459016393442626 0.38125 0.27049180327868855 0.3859375 0.26434426229508196 0.3921875 0.26434426229508196 0.39375 0.2581967213114754 0.4 0.2581967213114754 0.403125 0.2540983606557377 0.4046875 0.24795081967213115 0.4109375 0.24795081967213115 0.4125 0.24385245901639344 0.415625 0.24385245901639344 0.41875 0.23975409836065573 0.41875 0.23155737704918034 0.415625 0.22950819672131148 0.415625 0.22540983606557377 0.409375 0.22540983606557377 0.4078125 0.22131147540983606 0.4015625 0.22131147540983606 0.4 0.2151639344262295 0.3859375 0.2151639344262295 0.384375 0.21106557377049182 0.375 0.21106557377049182 0.3734375 0.20491803278688525 0.3359375 0.20491803278688525 0.3359375 0.2069672131147541 0.334375 0.21106557377049182 0.3234375 0.21106557377049182
2 0.0359375 0.09836065573770492 0.028125 0.10860655737704918 0.028125 0.12090163934426229 0.0234375 0.12295081967213115 0.0234375 0.13729508196721313 0.0203125 0.13934426229508196 0.0234375 0.14344262295081966 0.0234375 0.15778688524590165 0.0296875 0.15778688524590165 0.03125 0.16188524590163936 0.0421875 0.16188524590163936 0.04375 0.1680327868852459 0.05 0.1680327868852459 0.0515625 0.1721311475409836 0.0734375 0.1721311475409836 0.075 0.17827868852459017 0.0890625 0.17827868852459017 0.09375 0.18442622950819673 0.09375 0.1885245901639344 0.096875 0.1885245901639344 0.096875 0.18442622950819673 0.1 0.18237704918032788 0.1 0.17418032786885246 0.1078125 0.1680327868852459 0.109375 0.16188524590163936 0.1125 0.16188524590163936 0.1125 0.15368852459016394 0.1171875 0.14754098360655737 0.1234375 0.14754098360655737 0.1234375 0.13934426229508196 0.128125 0.13729508196721313 0.128125 0.13319672131147542 0.13125 0.13114754098360656 0.13125 0.11885245901639344 0.128125 0.1168032786885246 0.128125 0.11270491803278689 0.125 0.11270491803278689 0.1203125 0.10655737704918032 0.1203125 0.10245901639344263 0.1140625 0.10245901639344263 0.1125 0.09836065573770492 0.09375 0.09836065573770492 0.0921875 0.09221311475409837 0.0546875 0.09221311475409837 0.0546875 0.0942622950819672 0.053125 0.09836065573770492 0.0359375 0.09836065573770492
2 0.3046875 0.42008196721311475 0.303125 0.42418032786885246 0.296875 0.42418032786885246 0.296875 0.42827868852459017 0.2921875 0.430327868852459 0.290625 0.4344262295081967 0.28125 0.4344262295081967 0.2796875 0.4405737704918033 0.2734375 0.4405737704918033 0.271875 0.444672131147541 0.26875 0.444672131147541 0.26875 0.45286885245901637 0.265625 0.45491803278688525 0.265625 0.45901639344262296 0.26875 0.4610655737704918 0.26875 0.47950819672131145 0.265625 0.48155737704918034 0.265625 0.5040983606557377 0.26875 0.5061475409836066 0.26875 0.514344262295082 0.2765625 0.5163934426229508 0.2765625 0.5245901639344263 0.2828125 0.5245901639344263 0.284375 0.5286885245901639 0.290625 0.5286885245901639 0.2921875 0.5348360655737705 0.2953125 0.5348360655737705 0.296875 0.5286885245901639 0.303125 0.5286885245901639 0.3046875 0.5245901639344263 0.3140625 0.5245901639344263 0.315625 0.5184426229508197 0.3453125 0.5184426229508197 0.3453125 0.45491803278688525 0.35 0.45286885245901637 0.35 0.430327868852459 0.353125 0.42827868852459017 0.353125 0.42008196721311475 0.35 0.4180327868852459 0.35 0.4139344262295082 0.315625 0.4139344262295082 0.315625 0.41598360655737704 0.3140625 0.42008196721311475 0.3046875 0.42008196721311475
2 0.15625 0.2459016393442623 0.153125 0.25 0.1515625 0.25614754098360654 0.1484375 0.25614754098360654 0.1484375 0.26434426229508196 0.14375 0.27049180327868855 0.140625 0.27049180327868855 0.140625 0.27459016393442626 0.1375 0.2766393442622951 0.1375 0.2848360655737705 0.1328125 0.28688524590163933 0.1328125 0.29508196721311475 0.1296875 0.29713114754098363 0.1296875 0.305327868852459 0.125 0.3073770491803279 0.125 0.319672131147541 0.1296875 0.32172131147540983 0.1296875 0.35655737704918034 0.1328125 0.35860655737704916 0.1328125 0.3709016393442623 0.140625 0.3729508196721312 0.140625 0.38114754098360654 0.1453125 0.3831967213114754 0.1453125 0.38729508196721313 0.1515625 0.38729508196721313 0.1515625 0.3831967213114754 0.15625 0.3770491803278688 0.159375 0.3770491803278688 0.159375 0.36270491803278687 0.1625 0.36065573770491804 0.1625 0.3524590163934426 0.1671875 0.35040983606557374 0.171875 0.3401639344262295 0.175 0.3401639344262295 0.178125 0.3360655737704918 0.178125 0.32786885245901637 0.1828125 0.32581967213114754 0.1828125 0.3176229508196721 0.1859375 0.3155737704918033 0.1859375 0.3073770491803279 0.190625 0.305327868852459 0.190625 0.29713114754098363 0.19375 0.29508196721311475 0.19375 0.28688524590163933 0.190625 0.2848360655737705 0.190625 0.2807377049180328 0.19375 0.2786885245901639 0.19375 0.27049180327868855 0.190625 0.26844262295081966 0.190625 0.25614754098360654 0.1859375 0.2540983606557377 0.1859375 0.2459016393442623 0.1828125 0.24385245901639344 0.1828125 0.23565573770491804 0.1640625 0.23565573770491804 0.1640625 0.23770491803278687 0.159375 0.2459016393442623 0.15625 0.2459016393442623
2 0 0.15778688524590165 0.00625 0.15778688524590165 0.0078125 0.15163934426229508 0.0109375 0.15163934426229508 0.0109375 0.14344262295081966 0.0140625 0.1413934426229508 0.0140625 0.1290983606557377 0.01875 0.12704918032786885 0.01875 0.12295081967213115 0.021875 0.12090163934426229 0.021875 0.11270491803278689 0.0265625 0.11065573770491803 0.0265625 0.09836065573770492 0.0296875 0.09631147540983606 0.0296875 0.09221311475409837 0.0265625 0.09016393442622951 0.0265625 0.0778688524590164 0.021875 0.07581967213114754 0.021875 0.07172131147540983 0.01875 0.06762295081967214 0.0125 0.06762295081967214 0.0109375 0.06147540983606557 0.0078125 0.06147540983606557 0.003125 0.055327868852459015 0.003125 0.05122950819672131 0 0.05122950819672131 0 0.05327868852459016 0 0.15778688524590165
2 0.93125 0.6475409836065574 0.9234375 0.6536885245901639 0.921875 0.6598360655737705 0.91875 0.6598360655737705 0.91875 0.6782786885245902 0.921875 0.6782786885245902 0.9265625 0.6844262295081968 0.9265625 0.6885245901639344 0.9296875 0.6885245901639344 0.934375 0.694672131147541 0.934375 0.6987704918032787 0.940625 0.6987704918032787 0.9421875 0.7028688524590164 0.953125 0.7028688524590164 0.9546875 0.7090163934426229 0.96875 0.7090163934426229 0.9703125 0.7028688524590164 0.9796875 0.7028688524590164 0.98125 0.6987704918032787 0.984375 0.6987704918032787 0.984375 0.6905737704918032 0.9875 0.6885245901639344 0.9875 0.6741803278688525 0.9921875 0.6721311475409836 0.9921875 0.6598360655737705 0.9890625 0.6598360655737705 0.984375 0.6495901639344263 0.9796875 0.6475409836065574 0.9796875 0.6434426229508197 0.9703125 0.6434426229508197 0.96875 0.639344262295082 0.9390625 0.639344262295082 0.9390625 0.6413934426229508 0.93125 0.6434426229508197 0.93125 0.6475409836065574
2 0.2265625 0.5983606557377049 0.225 0.6024590163934426 0.2109375 0.6024590163934426 0.2109375 0.6065573770491803 0.203125 0.6127049180327869 0.203125 0.6168032786885246 0.1984375 0.6229508196721312 0.1953125 0.6229508196721312 0.1953125 0.6372950819672131 0.1921875 0.6413934426229508 0.1953125 0.6434426229508197 0.1953125 0.6516393442622951 0.2171875 0.6516393442622951 0.21875 0.6577868852459017 0.2484375 0.6577868852459017 0.2484375 0.6536885245901639 0.253125 0.6475409836065574 0.25625 0.6475409836065574 0.2578125 0.6413934426229508 0.2640625 0.6413934426229508 0.2671875 0.6372950819672131 0.26875 0.6311475409836066 0.275 0.6311475409836066 0.2765625 0.6270491803278688 0.2828125 0.6270491803278688 0.2828125 0.6229508196721312 0.290625 0.6168032786885246 0.2921875 0.610655737704918 0.2953125 0.610655737704918 0.2984375 0.6065573770491803 0.2984375 0.5983606557377049 0.28125 0.5983606557377049 0.2796875 0.5922131147540983 0.2421875 0.5922131147540983 0.2421875 0.5942622950819673 0.240625 0.5983606557377049 0.2265625 0.5983606557377049
2 0 0.764344262295082 0.003125 0.764344262295082 0.0046875 0.7581967213114754 0.0109375 0.7581967213114754 0.0125 0.7540983606557377 0.01875 0.7540983606557377 0.0203125 0.7479508196721312 0.0265625 0.7479508196721312 0.03125 0.7581967213114754 0.0359375 0.7602459016393442 0.0359375 0.7745901639344263 0.0390625 0.7766393442622951 0.0390625 0.7950819672131147 0.0453125 0.7950819672131147 0.046875 0.7991803278688525 0.05 0.7991803278688525 0.0546875 0.7889344262295082 0.0578125 0.7889344262295082 0.0578125 0.7807377049180327 0.0609375 0.7786885245901639 0.0609375 0.7704918032786885 0.065625 0.7684426229508197 0.065625 0.7602459016393442 0.0703125 0.7540983606557377 0.0734375 0.7540983606557377 0.0734375 0.75 0.0765625 0.7479508196721312 0.0765625 0.735655737704918 0.06875 0.7295081967213115 0.06875 0.7254098360655737 0.065625 0.7233606557377049 0.065625 0.7151639344262295 0.0609375 0.7131147540983607 0.0609375 0.7049180327868853 0.053125 0.6987704918032787 0.053125 0.694672131147541 0.05 0.6905737704918032 0.04375 0.6905737704918032 0.0421875 0.6844262295081968 0.0390625 0.6844262295081968 0.034375 0.6782786885245902 0.034375 0.6741803278688525 0.028125 0.6741803278688525 0.0265625 0.6700819672131147 0.0234375 0.6700819672131147 0.01875 0.6598360655737705 0.0125 0.6598360655737705 0.0109375 0.6536885245901639 0.0078125 0.6536885245901639 0.00625 0.6495901639344263 0 0.6495901639344263 0 0.6516393442622951 0 0.764344262295082
2 0.2734375 0.23155737704918034 0.271875 0.23565573770491804 0.2609375 0.23565573770491804 0.2609375 0.23975409836065573 0.25625 0.2459016393442623 0.253125 0.2459016393442623 0.253125 0.2581967213114754 0.25625 0.2581967213114754 0.2609375 0.26844262295081966 0.265625 0.27049180327868855 0.265625 0.2786885245901639 0.26875 0.2807377049180328 0.26875 0.2848360655737705 0.271875 0.2848360655737705 0.2765625 0.29098360655737704 0.2765625 0.29508196721311475 0.2796875 0.29508196721311475 0.28125 0.29918032786885246 0.2875 0.29918032786885246 0.2890625 0.305327868852459 0.2953125 0.305327868852459 0.296875 0.3094262295081967 0.303125 0.3094262295081967 0.3046875 0.3155737704918033 0.334375 0.3155737704918033 0.3359375 0.3094262295081967 0.3453125 0.3094262295081967 0.346875 0.305327868852459 0.35 0.305327868852459 0.35 0.3012295081967213 0.3546875 0.29508196721311475 0.3578125 0.29508196721311475 0.3578125 0.29098360655737704 0.3625 0.2848360655737705 0.36875 0.2848360655737705 0.36875 0.2766393442622951 0.365625 0.27459016393442626 0.365625 0.26639344262295084 0.359375 0.26639344262295084 0.3578125 0.26024590163934425 0.3546875 0.26024590163934425 0.353125 0.25614754098360654 0.34375 0.25614754098360654 0.3421875 0.25 0.3390625 0.25 0.3375 0.2459016393442623 0.33125 0.2459016393442623 0.3296875 0.24180327868852458 0.3234375 0.24180327868852458 0.321875 0.23565573770491804 0.3125 0.23565573770491804 0.3109375 0.23155737704918034 0.3046875 0.23155737704918034 0.303125 0.22540983606557377 0.28125 0.22540983606557377 0.28125 0.22745901639344263 0.2796875 0.23155737704918034 0.2734375 0.23155737704918034
2 0.328125 0.32172131147540983 0.3265625 0.32786885245901637 0.3203125 0.32786885245901637 0.31875 0.3319672131147541 0.3125 0.3319672131147541 0.3109375 0.33811475409836067 0.3078125 0.33811475409836067 0.3078125 0.3463114754098361 0.3046875 0.3483606557377049 0.3046875 0.35655737704918034 0.296875 0.36270491803278687 0.2953125 0.3729508196721312 0.2921875 0.3729508196721312 0.2921875 0.39139344262295084 0.296875 0.39344262295081966 0.296875 0.3975409836065574 0.303125 0.3975409836065574 0.3046875 0.4016393442622951 0.3140625 0.4016393442622951 0.315625 0.4077868852459016 0.35 0.4077868852459016 0.3515625 0.4016393442622951 0.3578125 0.4016393442622951 0.3625 0.39139344262295084 0.365625 0.39139344262295084 0.36875 0.38729508196721313 0.3703125 0.38114754098360654 0.3734375 0.38114754098360654 0.3734375 0.36270491803278687 0.3765625 0.36065573770491804 0.3765625 0.33811475409836067 0.3734375 0.3360655737704918 0.3734375 0.3319672131147541 0.3703125 0.3319672131147541 0.365625 0.32581967213114754 0.365625 0.32172131147540983 0.359375 0.32172131147540983 0.3578125 0.3176229508196721 0.3515625 0.3176229508196721 0.35 0.3114754098360656 0.3390625 0.3114754098360656 0.3390625 0.3135245901639344 0.334375 0.32172131147540983 0.328125 0.32172131147540983
2 0.346875 0.45491803278688525 0.346875 0.5040983606557377 0.3515625 0.5061475409836066 0.3515625 0.514344262295082 0.3546875 0.5163934426229508 0.3546875 0.5245901639344263 0.3609375 0.5245901639344263 0.3625 0.5286885245901639 0.3734375 0.5286885245901639 0.375 0.5245901639344263 0.38125 0.5245901639344263 0.3828125 0.5184426229508197 0.3921875 0.5184426229508197 0.39375 0.514344262295082 0.403125 0.514344262295082 0.403125 0.4918032786885246 0.4 0.48975409836065575 0.4 0.48565573770491804 0.396875 0.48155737704918034 0.3921875 0.47950819672131145 0.3921875 0.4713114754098361 0.3890625 0.4692622950819672 0.3890625 0.4651639344262295 0.3859375 0.4651639344262295 0.38125 0.45901639344262296 0.38125 0.45491803278688525 0.375 0.45491803278688525 0.3734375 0.45081967213114754 0.36875 0.4487704918032787 0.36875 0.444672131147541 0.3625 0.444672131147541 0.3609375 0.4405737704918033 0.3515625 0.4405737704918033 0.3515625 0.4426229508196721 0.3515625 0.45286885245901637 0.346875 0.45491803278688525
2 0.1875 0.48155737704918034 0.1875 0.5040983606557377 0.184375 0.5061475409836066 0.184375 0.5389344262295082 0.1875 0.5409836065573771 0.1875 0.5655737704918032 0.1921875 0.5676229508196722 0.1921875 0.5799180327868853 0.1953125 0.5819672131147541 0.1953125 0.5963114754098361 0.2015625 0.5963114754098361 0.203125 0.6004098360655737 0.2203125 0.6004098360655737 0.221875 0.5963114754098361 0.24375 0.5963114754098361 0.2453125 0.5901639344262295 0.2640625 0.5901639344262295 0.2671875 0.5860655737704918 0.2671875 0.5778688524590164 0.2640625 0.5758196721311475 0.2640625 0.5614754098360656 0.259375 0.5594262295081968 0.259375 0.5512295081967213 0.25625 0.5471311475409836 0.2515625 0.5450819672131147 0.2515625 0.5368852459016393 0.2484375 0.5348360655737705 0.2484375 0.5307377049180327 0.2421875 0.5307377049180327 0.240625 0.5266393442622951 0.2375 0.5266393442622951 0.2359375 0.5204918032786885 0.228125 0.514344262295082 0.228125 0.5102459016393442 0.225 0.5061475409836066 0.2203125 0.5040983606557377 0.2203125 0.5 0.2171875 0.4959016393442623 0.2140625 0.4959016393442623 0.209375 0.48975409836065575 0.209375 0.48565573770491804 0.20625 0.48565573770491804 0.2046875 0.48155737704918034 0.2 0.48155737704918034 0.1984375 0.47540983606557374 0.1921875 0.47540983606557374 0.1921875 0.4774590163934426 0.190625 0.48155737704918034 0.1875 0.48155737704918034
2 0.10625 0.5389344262295082 0.109375 0.5409836065573771 0.109375 0.5655737704918032 0.1140625 0.5676229508196722 0.1140625 0.5901639344262295 0.1171875 0.5922131147540983 0.1171875 0.6004098360655737 0.121875 0.6024590163934426 0.121875 0.610655737704918 0.125 0.6127049180327869 0.125 0.6209016393442623 0.128125 0.6209016393442623 0.1296875 0.6270491803278688 0.1328125 0.6290983606557377 0.1328125 0.6372950819672131 0.1375 0.639344262295082 0.1375 0.6475409836065574 0.14375 0.6475409836065574 0.1453125 0.6516393442622951 0.1515625 0.6516393442622951 0.15625 0.6413934426229508 0.159375 0.6413934426229508 0.1625 0.6372950819672131 0.1640625 0.6311475409836066 0.1703125 0.6311475409836066 0.1703125 0.6086065573770492 0.1671875 0.6065573770491803 0.1671875 0.5983606557377049 0.1625 0.5963114754098361 0.1625 0.5881147540983607 0.159375 0.5860655737704918 0.159375 0.5778688524590164 0.1546875 0.5758196721311475 0.1546875 0.5676229508196722 0.1515625 0.5655737704918032 0.1515625 0.5614754098360656 0.146875 0.5594262295081968 0.146875 0.5512295081967213 0.1390625 0.5450819672131147 0.1390625 0.5409836065573771 0.1359375 0.5368852459016393 0.13125 0.5348360655737705 0.13125 0.5307377049180327 0.128125 0.5266393442622951 0.1234375 0.5245901639344263 0.1234375 0.5204918032786885 0.109375 0.5204918032786885 0.109375 0.5225409836065574 0.10625 0.5266393442622951 0.10625 0.5389344262295082
2 0.725 0.4610655737704918 0.7234375 0.4651639344262295 0.7125 0.4651639344262295 0.7125 0.4692622950819672 0.7078125 0.47540983606557374 0.7046875 0.47540983606557374 0.7046875 0.48360655737704916 0.7015625 0.48565573770491804 0.7 0.4918032786885246 0.696875 0.4918032786885246 0.696875 0.4979508196721312 0.69375 0.5 0.69375 0.5245901639344263 0.7015625 0.5307377049180327 0.7015625 0.5348360655737705 0.71875 0.5348360655737705 0.71875 0.5307377049180327 0.7234375 0.5286885245901639 0.725 0.5245901639344263 0.7578125 0.5245901639344263 0.7578125 0.5102459016393442 0.7625 0.5081967213114754 0.7625 0.4959016393442623 0.765625 0.49385245901639346 0.765625 0.48155737704918034 0.7625 0.47950819672131145 0.7625 0.4713114754098361 0.759375 0.4713114754098361 0.7546875 0.4610655737704918 0.75 0.45901639344262296 0.75 0.45491803278688525 0.7359375 0.45491803278688525 0.7359375 0.4569672131147541 0.734375 0.4610655737704918 0.725 0.4610655737704918
2 0.5796875 0.2807377049180328 0.5734375 0.2807377049180328 0.5734375 0.2889344262295082 0.56875 0.29098360655737704 0.56875 0.29918032786885246 0.565625 0.3012295081967213 0.565625 0.319672131147541 0.56875 0.32172131147540983 0.56875 0.32991803278688525 0.5734375 0.3319672131147541 0.5734375 0.3360655737704918 0.5765625 0.3401639344262295 0.590625 0.3401639344262295 0.5921875 0.3360655737704918 0.60625 0.3360655737704918 0.60625 0.3319672131147541 0.6109375 0.32581967213114754 0.6140625 0.32581967213114754 0.6140625 0.3114754098360656 0.6109375 0.3114754098360656 0.609375 0.3073770491803279 0.6140625 0.305327868852459 0.6140625 0.27049180327868855 0.6109375 0.27049180327868855 0.609375 0.26639344262295084 0.584375 0.26639344262295084 0.584375 0.26844262295081966 0.584375 0.27459016393442626 0.5796875 0.2807377049180328
2 0.16875 0.08811475409836066 0.1671875 0.09221311475409837 0.1640625 0.09221311475409837 0.1640625 0.09631147540983606 0.159375 0.10245901639344263 0.15625 0.10245901639344263 0.15625 0.15778688524590165 0.1609375 0.1598360655737705 0.1609375 0.1680327868852459 0.1640625 0.17008196721311475 0.1640625 0.18237704918032788 0.16875 0.18442622950819673 0.16875 0.19262295081967212 0.171875 0.19467213114754098 0.171875 0.2028688524590164 0.175 0.2028688524590164 0.1765625 0.20901639344262296 0.1796875 0.21106557377049182 0.1796875 0.2192622950819672 0.184375 0.22131147540983606 0.184375 0.22950819672131148 0.1875 0.23155737704918034 0.1875 0.23975409836065573 0.190625 0.23975409836065573 0.1953125 0.24795081967213115 0.2046875 0.24795081967213115 0.20625 0.2540983606557377 0.2125 0.2540983606557377 0.2125 0.25 0.2171875 0.24795081967213115 0.221875 0.23975409836065573 0.2359375 0.23975409836065573 0.2375 0.2336065573770492 0.24375 0.2336065573770492 0.24375 0.22540983606557377 0.2515625 0.2192622950819672 0.2515625 0.20491803278688525 0.25625 0.2028688524590164 0.25625 0.17418032786885246 0.2515625 0.1721311475409836 0.2515625 0.16393442622950818 0.2484375 0.16188524590163936 0.2484375 0.15368852459016394 0.24375 0.15163934426229508 0.24375 0.14344262295081966 0.2359375 0.13729508196721313 0.2359375 0.1290983606557377 0.2328125 0.12704918032786885 0.2328125 0.12295081967213115 0.228125 0.12090163934426229 0.228125 0.11270491803278689 0.2203125 0.10655737704918032 0.2203125 0.10245901639344263 0.2171875 0.09836065573770492 0.2125 0.09631147540983606 0.2125 0.09221311475409837 0.209375 0.08811475409836066 0.1953125 0.08811475409836066 0.19375 0.08196721311475409 0.1765625 0.08196721311475409 0.1765625 0.08401639344262295 0.175 0.08811475409836066 0.16875 0.08811475409836066
2 0.15625 0.39959016393442626 0.153125 0.4036885245901639 0.1515625 0.4098360655737705 0.121875 0.4098360655737705 0.1203125 0.4139344262295082 0.1140625 0.4139344262295082 0.1140625 0.4180327868852459 0.10625 0.42418032786885246 0.1046875 0.430327868852459 0.1015625 0.430327868852459 0.1015625 0.4385245901639344 0.0984375 0.4405737704918033 0.0984375 0.47950819672131145 0.1015625 0.48155737704918034 0.1015625 0.48975409836065575 0.1046875 0.48975409836065575 0.109375 0.4979508196721312 0.115625 0.4979508196721312 0.1171875 0.5040983606557377 0.1359375 0.5040983606557377 0.1375 0.4979508196721312 0.14375 0.4979508196721312 0.1453125 0.49385245901639346 0.1515625 0.49385245901639346 0.1515625 0.48565573770491804 0.15625 0.47950819672131145 0.159375 0.47950819672131145 0.159375 0.4713114754098361 0.1625 0.4692622950819672 0.1625 0.4610655737704918 0.1671875 0.45901639344262296 0.1671875 0.4405737704918033 0.1703125 0.4385245901639344 0.1703125 0.430327868852459 0.175 0.42827868852459017 0.175 0.4098360655737705 0.1703125 0.4077868852459016 0.1703125 0.39344262295081966 0.1609375 0.39344262295081966 0.1609375 0.39549180327868855 0.159375 0.39959016393442626 0.15625 0.39959016393442626
2 0 0.5348360655737705 0.0109375 0.5348360655737705 0.0109375 0.5307377049180327 0.015625 0.5245901639344263 0.021875 0.5245901639344263 0.021875 0.5204918032786885 0.0265625 0.5184426229508197 0.028125 0.514344262295082 0.034375 0.514344262295082 0.034375 0.5102459016393442 0.0390625 0.5040983606557377 0.0421875 0.5040983606557377 0.0421875 0.5 0.046875 0.49385245901639346 0.05 0.49385245901639346 0.053125 0.48975409836065575 0.0546875 0.48360655737704916 0.0609375 0.48360655737704916 0.0625 0.47950819672131145 0.065625 0.47950819672131145 0.0671875 0.4733606557377049 0.0765625 0.4733606557377049 0.078125 0.4692622950819672 0.08125 0.4692622950819672 0.08125 0.4651639344262295 0.0859375 0.45901639344262296 0.0890625 0.45901639344262296 0.0890625 0.45491803278688525 0.0921875 0.45286885245901637 0.0921875 0.4405737704918033 0.096875 0.4385245901639344 0.096875 0.42418032786885246 0.1 0.42213114754098363 0.1 0.4098360655737705 0.096875 0.4077868852459016 0.096875 0.39959016393442626 0.09375 0.39959016393442626 0.0890625 0.38934426229508196 0.084375 0.38729508196721313 0.084375 0.3831967213114754 0.078125 0.3831967213114754 0.0765625 0.3790983606557377 0.0390625 0.3790983606557377 0.0390625 0.38114754098360654 0.0296875 0.39344262295081966 0.0234375 0.39344262295081966 0.0234375 0.3975409836065574 0.01875 0.4036885245901639 0.0125 0.4036885245901639 0.0109375 0.4098360655737705 0 0.4098360655737705 0 0.5348360655737705
2 0 0.9938524590163934 0.0265625 0.9938524590163934 0.028125 0.9897540983606558 0.034375 0.9897540983606558 0.0359375 0.9836065573770492 0.0421875 0.9836065573770492 0.046875 0.9733606557377049 0.0609375 0.9733606557377049 0.0625 0.9692622950819673 0.065625 0.9692622950819673 0.065625 0.9610655737704918 0.06875 0.9590163934426229 0.06875 0.9139344262295082 0.065625 0.9118852459016393 0.065625 0.8995901639344263 0.0609375 0.8975409836065574 0.0609375 0.889344262295082 0.0578125 0.8872950819672131 0.0578125 0.8831967213114754 0.0546875 0.8831967213114754 0.05 0.8770491803278688 0.05 0.8729508196721312 0.04375 0.8729508196721312 0.0421875 0.8688524590163934 0.0359375 0.8688524590163934 0.034375 0.8627049180327869 0.028125 0.8627049180327869 0.0265625 0.8586065573770492 0 0.8586065573770492 0 0.860655737704918 0 0.9938524590163934
2 0.6921875 0.28688524590163933 0.6890625 0.28688524590163933 0.6859375 0.29098360655737704 0.6859375 0.305327868852459 0.68125 0.3073770491803279 0.68125 0.3155737704918033 0.6765625 0.32172131147540983 0.6734375 0.32172131147540983 0.6734375 0.3401639344262295 0.6703125 0.3422131147540984 0.6703125 0.35655737704918034 0.6875 0.35655737704918034 0.6890625 0.35040983606557374 0.7 0.35040983606557374 0.7046875 0.36065573770491804 0.7125 0.36270491803278687 0.7125 0.3668032786885246 0.715625 0.3668032786885246 0.7171875 0.36065573770491804 0.7234375 0.36065573770491804 0.7234375 0.3524590163934426 0.7265625 0.35040983606557374 0.7265625 0.3422131147540984 0.734375 0.3360655737704918 0.734375 0.29098360655737704 0.7265625 0.2848360655737705 0.7265625 0.2807377049180328 0.7203125 0.2807377049180328 0.71875 0.2766393442622951 0.7015625 0.2766393442622951 0.7015625 0.2786885245901639 0.69375 0.2807377049180328 0.6921875 0.28688524590163933
2 0.6234375 0.42418032786885246 0.621875 0.430327868852459 0.6 0.430327868852459 0.5984375 0.4344262295081967 0.58125 0.4344262295081967 0.5796875 0.4405737704918033 0.5765625 0.4405737704918033 0.5765625 0.45286885245901637 0.58125 0.45491803278688525 0.58125 0.46311475409836067 0.584375 0.4651639344262295 0.584375 0.4692622950819672 0.590625 0.4692622950819672 0.5921875 0.4733606557377049 0.621875 0.4733606557377049 0.6234375 0.4692622950819672 0.6296875 0.4692622950819672 0.6296875 0.4651639344262295 0.634375 0.45901639344262296 0.6375 0.45901639344262296 0.6375 0.45491803278688525 0.6421875 0.4487704918032787 0.6453125 0.4487704918032787 0.6453125 0.42418032786885246 0.6421875 0.42418032786885246 0.640625 0.42008196721311475 0.634375 0.42008196721311475 0.634375 0.42213114754098363 0.6328125 0.42418032786885246 0.6234375 0.42418032786885246
2 0.4078125 0.33811475409836067 0.4046875 0.33811475409836067 0.4046875 0.3709016393442623 0.4078125 0.3709016393442623 0.4125 0.38114754098360654 0.4171875 0.3831967213114754 0.4171875 0.39139344262295084 0.4234375 0.39139344262295084 0.428125 0.4016393442622951 0.4328125 0.4036885245901639 0.4328125 0.4077868852459016 0.4390625 0.4077868852459016 0.44375 0.4139344262295082 0.44375 0.42213114754098363 0.4484375 0.42418032786885246 0.4484375 0.4385245901639344 0.45625 0.444672131147541 0.45625 0.4487704918032787 0.459375 0.45286885245901637 0.4703125 0.45286885245901637 0.471875 0.45901639344262296 0.4890625 0.45901639344262296 0.490625 0.45286885245901637 0.49375 0.45286885245901637 0.49375 0.444672131147541 0.496875 0.4426229508196721 0.496875 0.430327868852459 0.5015625 0.42827868852459017 0.5015625 0.39959016393442626 0.496875 0.3975409836065574 0.496875 0.3831967213114754 0.49375 0.38114754098360654 0.49375 0.3729508196721312 0.490625 0.3729508196721312 0.4859375 0.3668032786885246 0.4859375 0.35860655737704916 0.48125 0.35655737704918034 0.48125 0.3483606557377049 0.4734375 0.33811475409836067 0.459375 0.33811475409836067 0.4578125 0.3319672131147541 0.4328125 0.3319672131147541 0.43125 0.32786885245901637 0.4171875 0.32786885245901637 0.4171875 0.32991803278688525 0.409375 0.3319672131147541 0.4078125 0.33811475409836067
2 0.4671875 0.5061475409836066 0.4640625 0.5102459016393442 0.4640625 0.514344262295082 0.459375 0.5163934426229508 0.4578125 0.5204918032786885 0.4484375 0.5204918032786885 0.446875 0.5266393442622951 0.440625 0.5266393442622951 0.4390625 0.5307377049180327 0.4359375 0.5307377049180327 0.4359375 0.5348360655737705 0.43125 0.5409836065573771 0.428125 0.5409836065573771 0.428125 0.5491803278688525 0.425 0.5512295081967213 0.4234375 0.5573770491803278 0.4171875 0.5573770491803278 0.415625 0.5614754098360656 0.4125 0.5614754098360656 0.4125 0.5655737704918032 0.409375 0.5676229508196722 0.409375 0.5758196721311475 0.4015625 0.5819672131147541 0.4015625 0.610655737704918 0.409375 0.6209016393442623 0.415625 0.6209016393442623 0.4171875 0.6270491803278688 0.434375 0.6270491803278688 0.4359375 0.6311475409836066 0.4390625 0.6311475409836066 0.440625 0.6372950819672131 0.44375 0.639344262295082 0.44375 0.6516393442622951 0.465625 0.6516393442622951 0.4671875 0.6475409836065574 0.4703125 0.6475409836065574 0.4703125 0.6434426229508197 0.4734375 0.6413934426229508 0.4734375 0.6331967213114754 0.478125 0.6311475409836066 0.478125 0.5881147540983607 0.48125 0.5860655737704918 0.48125 0.5573770491803278 0.4859375 0.555327868852459 0.4859375 0.5 0.475 0.5 0.475 0.5020491803278688 0.4734375 0.5061475409836066 0.4671875 0.5061475409836066
2 0.50625 0.6188524590163934 0.5046875 0.6229508196721312 0.4984375 0.6229508196721312 0.4984375 0.6311475409836066 0.4953125 0.6331967213114754 0.4953125 0.6372950819672131 0.490625 0.639344262295082 0.4859375 0.6495901639344263 0.4828125 0.6495901639344263 0.4796875 0.6536885245901639 0.478125 0.6598360655737705 0.44375 0.6598360655737705 0.4390625 0.6700819672131147 0.4359375 0.6700819672131147 0.4359375 0.6782786885245902 0.45 0.6782786885245902 0.4515625 0.6823770491803278 0.4703125 0.6823770491803278 0.471875 0.6885245901639344 0.48125 0.6885245901639344 0.4828125 0.6926229508196722 0.4875 0.694672131147541 0.4875 0.6987704918032787 0.490625 0.7028688524590164 0.4953125 0.7049180327868853 0.4953125 0.7131147540983607 0.4984375 0.7151639344262295 0.4984375 0.7192622950819673 0.503125 0.7213114754098361 0.503125 0.7295081967213115 0.5109375 0.735655737704918 0.5109375 0.7438524590163934 0.5171875 0.7438524590163934 0.521875 0.75 0.521875 0.7540983606557377 0.525 0.7540983606557377 0.5265625 0.7581967213114754 0.5328125 0.7581967213114754 0.534375 0.764344262295082 0.5515625 0.764344262295082 0.553125 0.7581967213114754 0.5640625 0.7581967213114754 0.565625 0.7540983606557377 0.571875 0.7540983606557377 0.5734375 0.7479508196721312 0.5796875 0.7479508196721312 0.5828125 0.7438524590163934 0.5828125 0.735655737704918 0.5875 0.7336065573770492 0.5875 0.7254098360655737 0.590625 0.7233606557377049 0.590625 0.7008196721311475 0.5875 0.6987704918032787 0.5875 0.6741803278688525 0.5828125 0.6721311475409836 0.5828125 0.6639344262295082 0.5796875 0.6598360655737705 0.5765625 0.6598360655737705 0.575 0.6536885245901639 0.571875 0.6516393442622951 0.571875 0.6434426229508197 0.56875 0.6434426229508197 0.5640625 0.6372950819672131 0.5640625 0.6331967213114754 0.5609375 0.6331967213114754 0.55625 0.6270491803278688 0.55625 0.6229508196721312 0.55 0.6229508196721312 0.5484375 0.6188524590163934 0.5375 0.6188524590163934 0.5359375 0.6127049180327869 0.521875 0.6127049180327869 0.521875 0.6147540983606558 0.5203125 0.6188524590163934 0.50625 0.6188524590163934
2 0.41875 0.25 0.4125 0.25 0.4125 0.2540983606557377 0.4078125 0.26024590163934425 0.4046875 0.26024590163934425 0.4046875 0.26434426229508196 0.4015625 0.26639344262295084 0.4015625 0.2848360655737705 0.4046875 0.2889344262295082 0.4109375 0.2889344262295082 0.4125 0.29508196721311475 0.4546875 0.29508196721311475 0.45625 0.2889344262295082 0.48125 0.2889344262295082 0.4828125 0.2848360655737705 0.4859375 0.2848360655737705 0.4859375 0.2807377049180328 0.48125 0.2786885245901639 0.48125 0.27049180327868855 0.478125 0.26844262295081966 0.478125 0.25614754098360654 0.4734375 0.2540983606557377 0.4734375 0.25 0.4703125 0.2459016393442623 0.4640625 0.2459016393442623 0.4625 0.24180327868852458 0.428125 0.24180327868852458 0.428125 0.24385245901639344 0.4203125 0.2459016393442623 0.41875 0.25
2 0.4890625 0.22131147540983606 0.4828125 0.22131147540983606 0.478125 0.23155737704918034 0.475 0.23155737704918034 0.475 0.2540983606557377 0.4796875 0.25614754098360654 0.4796875 0.26844262295081966 0.4828125 0.27049180327868855 0.4828125 0.27459016393442626 0.4859375 0.27459016393442626 0.490625 0.2807377049180328 0.490625 0.2889344262295082 0.4953125 0.29098360655737704 0.4953125 0.29508196721311475 0.4984375 0.29918032786885246 0.5046875 0.29918032786885246 0.50625 0.29508196721311475 0.509375 0.29508196721311475 0.509375 0.28688524590163933 0.5125 0.2848360655737705 0.5140625 0.2786885245901639 0.5171875 0.2786885245901639 0.5203125 0.27459016393442626 0.521875 0.26844262295081966 0.525 0.26844262295081966 0.5265625 0.26434426229508196 0.5328125 0.26434426229508196 0.5328125 0.26024590163934425 0.5375 0.2540983606557377 0.540625 0.2540983606557377 0.540625 0.25 0.54375 0.24795081967213115 0.54375 0.22131147540983606 0.5375 0.22131147540983606 0.5359375 0.2151639344262295 0.5265625 0.2151639344262295 0.525 0.21106557377049182 0.4984375 0.21106557377049182 0.4984375 0.21311475409836064 0.490625 0.2151639344262295 0.4890625 0.22131147540983606
2 0.6234375 0.32786885245901637 0.621875 0.3319672131147541 0.615625 0.3319672131147541 0.615625 0.3360655737704918 0.6078125 0.3422131147540984 0.60625 0.3483606557377049 0.6 0.3483606557377049 0.596875 0.3524590163934426 0.596875 0.3770491803278688 0.6 0.3790983606557377 0.6 0.3975409836065574 0.603125 0.39959016393442626 0.603125 0.4077868852459016 0.60625 0.4077868852459016 0.6109375 0.4139344262295082 0.6109375 0.4180327868852459 0.6140625 0.4180327868852459 0.615625 0.42213114754098363 0.621875 0.42213114754098363 0.6234375 0.4180327868852459 0.6328125 0.4180327868852459 0.634375 0.41188524590163933 0.640625 0.41188524590163933 0.6421875 0.4077868852459016 0.6484375 0.4077868852459016 0.65 0.4016393442622951 0.653125 0.4016393442622951 0.65625 0.3975409836065574 0.65625 0.3831967213114754 0.6609375 0.38114754098360654 0.6609375 0.36885245901639346 0.6640625 0.3668032786885246 0.6640625 0.3422131147540984 0.6609375 0.3401639344262295 0.6609375 0.3319672131147541 0.6640625 0.32786885245901637 0.6546875 0.32786885245901637 0.653125 0.32172131147540983 0.63125 0.32172131147540983 0.63125 0.3237704918032787 0.6296875 0.32786885245901637 0.6234375 0.32786885245901637
2 0.846875 0.38934426229508196 0.840625 0.38934426229508196 0.8359375 0.39959016393442626 0.8328125 0.39959016393442626 0.8296875 0.4036885245901639 0.8296875 0.4426229508196721 0.8328125 0.444672131147541 0.8328125 0.4487704918032787 0.84375 0.4487704918032787 0.8453125 0.45286885245901637 0.8515625 0.45286885245901637 0.853125 0.45901639344262296 0.8828125 0.45901639344262296 0.884375 0.45286885245901637 0.89375 0.45286885245901637 0.8953125 0.4487704918032787 0.9015625 0.4487704918032787 0.903125 0.4426229508196721 0.90625 0.4426229508196721 0.909375 0.4385245901639344 0.909375 0.4139344262295082 0.90625 0.4098360655737705 0.9 0.4098360655737705 0.8984375 0.4036885245901639 0.8953125 0.4036885245901639 0.890625 0.3975409836065574 0.890625 0.39344262295081966 0.8875 0.39344262295081966 0.8828125 0.38729508196721313 0.8828125 0.3831967213114754 0.871875 0.3831967213114754 0.8703125 0.3790983606557377 0.85625 0.3790983606557377 0.85625 0.38114754098360654 0.8484375 0.3831967213114754 0.846875 0.38934426229508196
1 0.359375 0.8319672131147541 0.3578125 0.8381147540983607 0.346875 0.8381147540983607 0.3453125 0.8422131147540983 0.3359375 0.8422131147540983 0.334375 0.8483606557377049 0.33125 0.8483606557377049 0.328125 0.8524590163934426 0.328125 0.860655737704918 0.3234375 0.8627049180327869 0.3234375 0.9016393442622951 0.328125 0.9036885245901639 0.328125 0.9180327868852459 0.3359375 0.9241803278688525 0.3359375 0.9323770491803278 0.3390625 0.9344262295081968 0.3390625 0.9385245901639344 0.3421875 0.9385245901639344 0.346875 0.944672131147541 0.346875 0.9487704918032787 0.35 0.9487704918032787 0.3546875 0.9549180327868853 0.3546875 0.9590163934426229 0.3578125 0.9590163934426229 0.3625 0.9651639344262295 0.3625 0.9692622950819673 0.3734375 0.9692622950819673 0.375 0.9733606557377049 0.384375 0.9733606557377049 0.3859375 0.9795081967213115 0.4 0.9795081967213115 0.4015625 0.9733606557377049 0.4078125 0.9733606557377049 0.4125 0.9631147540983607 0.415625 0.9631147540983607 0.415625 0.9549180327868853 0.41875 0.9528688524590164 0.41875 0.889344262295082 0.415625 0.8872950819672131 0.415625 0.8688524590163934 0.4109375 0.8668032786885246 0.4109375 0.8586065573770492 0.4078125 0.8565573770491803 0.4078125 0.8483606557377049 0.403125 0.8463114754098361 0.403125 0.8381147540983607 0.3984375 0.8381147540983607 0.396875 0.8319672131147541 0.3828125 0.8319672131147541 0.38125 0.8278688524590164 0.375 0.8278688524590164 0.375 0.8299180327868853 0.3734375 0.8319672131147541 0.359375 0.8319672131147541
1 0.934375 0.7807377049180327 0.934375 0.7889344262295082 0.93125 0.7909836065573771 0.9296875 0.7971311475409836 0.9265625 0.7971311475409836 0.9234375 0.8012295081967213 0.9234375 0.805327868852459 0.9265625 0.8073770491803278 0.9265625 0.8155737704918032 0.93125 0.8176229508196722 0.93125 0.8258196721311475 0.934375 0.8278688524590164 0.934375 0.8360655737704918 0.9375 0.8360655737704918 0.9390625 0.8401639344262295 0.9484375 0.8401639344262295 0.95 0.8360655737704918 0.953125 0.8360655737704918 0.953125 0.8319672131147541 0.95625 0.8299180327868853 0.95625 0.8217213114754098 0.9609375 0.819672131147541 0.9609375 0.8114754098360656 0.9640625 0.8094262295081968 0.9640625 0.7868852459016393 0.9609375 0.7848360655737705 0.9609375 0.7766393442622951 0.95625 0.7745901639344263 0.95625 0.7704918032786885 0.946875 0.7704918032786885 0.946875 0.7725409836065574 0.940625 0.7807377049180327 0.934375 0.7807377049180327
1 0.771875 0.75 0.771875 0.7950819672131147 0.775 0.7971311475409836 0.775 0.8155737704918032 0.78125 0.8155737704918032 0.7828125 0.819672131147541 0.8046875 0.819672131147541 0.80625 0.8258196721311475 0.828125 0.8258196721311475 0.828125 0.8217213114754098 0.83125 0.819672131147541 0.83125 0.8073770491803278 0.8359375 0.805327868852459 0.8359375 0.7909836065573771 0.83125 0.7889344262295082 0.83125 0.7704918032786885 0.828125 0.7684426229508197 0.828125 0.7561475409836066 0.8234375 0.7540983606557377 0.8234375 0.75 0.8203125 0.7459016393442623 0.8140625 0.7459016393442623 0.8125 0.7418032786885246 0.7828125 0.7418032786885246 0.7828125 0.7438524590163934 0.775 0.7459016393442623 0.771875 0.75
1 0.95 0.7663934426229508 0.946875 0.7704918032786885 0.946875 0.7745901639344263 0.9421875 0.7766393442622951 0.940625 0.7807377049180327 0.934375 0.7807377049180327 0.934375 0.7889344262295082 0.93125 0.7909836065573771 0.9296875 0.7971311475409836 0.9265625 0.7971311475409836 0.9265625 0.8094262295081968 0.93125 0.8114754098360656 0.93125 0.819672131147541 0.934375 0.8217213114754098 0.934375 0.8360655737704918 0.9375 0.8360655737704918 0.9390625 0.8401639344262295 0.953125 0.8401639344262295 0.9546875 0.8463114754098361 0.9625 0.8524590163934426 0.9625 0.8565573770491803 0.965625 0.860655737704918 0.9765625 0.860655737704918 0.98125 0.8504098360655737 0.984375 0.8504098360655737 0.984375 0.8319672131147541 0.9875 0.8299180327868853 0.9875 0.7766393442622951 0.984375 0.7745901639344263 0.984375 0.7663934426229508 0.978125 0.7663934426229508 0.9765625 0.7602459016393442 0.9578125 0.7602459016393442 0.9578125 0.7622950819672131 0.95625 0.7663934426229508 0.95 0.7663934426229508
1 0.7515625 0.7028688524590164 0.7484375 0.7049180327868853 0.7484375 0.7131147540983607 0.74375 0.7151639344262295 0.74375 0.7192622950819673 0.7484375 0.7213114754098361 0.7484375 0.7336065573770492 0.7515625 0.735655737704918 0.7515625 0.7397540983606558 0.765625 0.7397540983606558 0.7671875 0.7438524590163934 0.7703125 0.7438524590163934 0.771875 0.7397540983606558 0.78125 0.7397540983606558 0.7828125 0.7336065573770492 0.7859375 0.7336065573770492 0.7859375 0.7254098360655737 0.7890625 0.7233606557377049 0.7890625 0.7151639344262295 0.7859375 0.7131147540983607 0.7859375 0.7008196721311475 0.7796875 0.7008196721311475 0.778125 0.694672131147541 0.775 0.694672131147541 0.7734375 0.6905737704918032 0.75625 0.6905737704918032 0.75625 0.6926229508196722 0.7515625 0.694672131147541 0.7515625 0.7028688524590164
1 0.25625 0.735655737704918 0.253125 0.735655737704918 0.253125 0.7438524590163934 0.25 0.7459016393442623 0.25 0.7581967213114754 0.2453125 0.7602459016393442 0.2453125 0.764344262295082 0.240625 0.7704918032786885 0.234375 0.7704918032786885 0.2328125 0.7766393442622951 0.2296875 0.7766393442622951 0.2296875 0.7786885245901639 0.2359375 0.7786885245901639 0.2375 0.7848360655737705 0.240625 0.7848360655737705 0.2453125 0.7909836065573771 0.2453125 0.8155737704918032 0.2421875 0.819672131147541 0.2453125 0.8217213114754098 0.2453125 0.8299180327868853 0.25 0.8319672131147541 0.25 0.8360655737704918 0.253125 0.8401639344262295 0.2953125 0.8401639344262295 0.3 0.8299180327868853 0.303125 0.8299180327868853 0.303125 0.7807377049180327 0.2984375 0.7786885245901639 0.2984375 0.7602459016393442 0.2953125 0.7581967213114754 0.2953125 0.7459016393442623 0.2921875 0.7459016393442623 0.2875 0.7397540983606558 0.2875 0.735655737704918 0.284375 0.735655737704918 0.2796875 0.7295081967213115 0.2796875 0.7254098360655737 0.2765625 0.7254098360655737 0.275 0.7213114754098361 0.2609375 0.7213114754098361 0.2609375 0.7233606557377049 0.2609375 0.7295081967213115 0.25625 0.735655737704918
1 0.4046875 0.7971311475409836 0.4015625 0.8012295081967213 0.4015625 0.8094262295081968 0.3984375 0.8114754098360656 0.3984375 0.8299180327868853 0.4046875 0.8381147540983607 0.4046875 0.8463114754098361 0.409375 0.8483606557377049 0.409375 0.8565573770491803 0.4125 0.8586065573770492 0.4125 0.8668032786885246 0.4171875 0.8688524590163934 0.4171875 0.8872950819672131 0.4203125 0.889344262295082 0.4203125 0.9118852459016393 0.425 0.9139344262295082 0.425 0.9180327868852459 0.4390625 0.9180327868852459 0.4390625 0.9139344262295082 0.44375 0.9077868852459017 0.446875 0.9077868852459017 0.446875 0.889344262295082 0.45 0.8872950819672131 0.45 0.8319672131147541 0.446875 0.8299180327868853 0.446875 0.8176229508196722 0.4421875 0.8155737704918032 0.4421875 0.8073770491803278 0.4390625 0.805327868852459 0.4390625 0.8012295081967213 0.4359375 0.8012295081967213 0.434375 0.7971311475409836 0.4203125 0.7971311475409836 0.41875 0.7909836065573771 0.4171875 0.7909836065573771 0.4171875 0.7930327868852459 0.415625 0.7971311475409836 0.4046875 0.7971311475409836
1 0.840625 0.8176229508196722 0.8359375 0.8278688524590164 0.8296875 0.8278688524590164 0.8296875 0.8463114754098361 0.8375 0.8524590163934426 0.8375 0.8565573770491803 0.840625 0.8586065573770492 0.840625 0.8668032786885246 0.84375 0.8668032786885246 0.8484375 0.8729508196721312 0.8484375 0.8811475409836066 0.8515625 0.8811475409836066 0.85625 0.8913934426229508 0.8609375 0.8934426229508197 0.8609375 0.8975409836065574 0.8703125 0.8975409836065574 0.871875 0.9016393442622951 0.8859375 0.9016393442622951 0.8875 0.8975409836065574 0.90625 0.8975409836065574 0.909375 0.9016393442622951 0.9109375 0.8975409836065574 0.9171875 0.8975409836065574 0.9171875 0.8831967213114754 0.9140625 0.8811475409836066 0.9140625 0.8729508196721312 0.909375 0.8709016393442623 0.909375 0.8627049180327869 0.90625 0.860655737704918 0.90625 0.8483606557377049 0.9015625 0.8463114754098361 0.9015625 0.8381147540983607 0.8984375 0.8360655737704918 0.8984375 0.8278688524590164 0.89375 0.8258196721311475 0.89375 0.8217213114754098 0.890625 0.8176229508196722 0.8765625 0.8176229508196722 0.875 0.8114754098360656 0.85625 0.8114754098360656 0.85625 0.8135245901639344 0.8546875 0.8176229508196722 0.840625 0.8176229508196722
1 0.6578125 0.7704918032786885 0.6578125 0.7745901639344263 0.653125 0.7807377049180327 0.65 0.7807377049180327 0.65 0.7889344262295082 0.646875 0.7909836065573771 0.646875 0.7991803278688525 0.65 0.8012295081967213 0.65 0.8258196721311475 0.6546875 0.8278688524590164 0.6546875 0.8360655737704918 0.6578125 0.8381147540983607 0.6578125 0.8504098360655737 0.6625 0.8524590163934426 0.6625 0.8565573770491803 0.66875 0.8565573770491803 0.6703125 0.860655737704918 0.684375 0.860655737704918 0.684375 0.8217213114754098 0.6875 0.819672131147541 0.6890625 0.8094262295081968 0.6921875 0.8094262295081968 0.69375 0.805327868852459 0.703125 0.805327868852459 0.7046875 0.7991803278688525 0.7078125 0.7991803278688525 0.7078125 0.7807377049180327 0.703125 0.7786885245901639 0.703125 0.7704918032786885 0.696875 0.7704918032786885 0.6921875 0.764344262295082 0.6921875 0.7602459016393442 0.6703125 0.7602459016393442 0.6703125 0.7622950819672131 0.6640625 0.7704918032786885 0.6578125 0.7704918032786885
1 0.359375 0.29098360655737704 0.359375 0.3094262295081967 0.3671875 0.319672131147541 0.3765625 0.319672131147541 0.378125 0.3155737704918033 0.3890625 0.3155737704918033 0.390625 0.3094262295081967 0.4109375 0.3094262295081967 0.4125 0.305327868852459 0.415625 0.305327868852459 0.415625 0.3012295081967213 0.4125 0.3012295081967213 0.4109375 0.29713114754098363 0.4046875 0.29713114754098363 0.403125 0.29098360655737704 0.39375 0.29098360655737704 0.3921875 0.28688524590163933 0.3703125 0.28688524590163933 0.3703125 0.2889344262295082 0.36875 0.29098360655737704 0.359375 0.29098360655737704
1 0.1171875 0.8114754098360656 0.1171875 0.8155737704918032 0.1125 0.8217213114754098 0.10625 0.8217213114754098 0.10625 0.8258196721311475 0.0984375 0.8319672131147541 0.096875 0.8381147540983607 0.09375 0.8381147540983607 0.09375 0.8463114754098361 0.090625 0.8483606557377049 0.090625 0.8709016393442623 0.09375 0.8729508196721312 0.09375 0.8811475409836066 0.0984375 0.8831967213114754 0.0984375 0.8913934426229508 0.1015625 0.8934426229508197 0.1015625 0.8975409836065574 0.1046875 0.8975409836065574 0.109375 0.9036885245901639 0.109375 0.9077868852459017 0.1125 0.9077868852459017 0.1171875 0.9139344262295082 0.1171875 0.9180327868852459 0.1203125 0.9180327868852459 0.125 0.9241803278688525 0.125 0.9282786885245902 0.13125 0.9282786885245902 0.1328125 0.9323770491803278 0.1375 0.9344262295081968 0.1375 0.9385245901639344 0.14375 0.9385245901639344 0.1484375 0.944672131147541 0.1484375 0.9487704918032787 0.1515625 0.9487704918032787 0.153125 0.9528688524590164 0.159375 0.9528688524590164 0.1609375 0.9590163934426229 0.1671875 0.9590163934426229 0.16875 0.9631147540983607 0.1859375 0.9631147540983607 0.1875 0.9590163934426229 0.190625 0.9590163934426229 0.190625 0.944672131147541 0.19375 0.9426229508196722 0.19375 0.9200819672131147 0.190625 0.9180327868852459 0.190625 0.9098360655737705 0.19375 0.9077868852459017 0.19375 0.9036885245901639 0.190625 0.9016393442622951 0.190625 0.8483606557377049 0.1859375 0.8463114754098361 0.1859375 0.8278688524590164 0.1828125 0.8258196721311475 0.1828125 0.8217213114754098 0.1796875 0.8217213114754098 0.175 0.8155737704918032 0.175 0.8114754098360656 0.16875 0.8114754098360656 0.1671875 0.8073770491803278 0.1453125 0.8073770491803278 0.14375 0.8012295081967213 0.1296875 0.8012295081967213 0.1296875 0.8032786885245902 0.1234375 0.8114754098360656 0.1171875 0.8114754098360656
1 0.9625 0.7991803278688525 0.965625 0.8012295081967213 0.965625 0.805327868852459 0.9625 0.8073770491803278 0.9625 0.819672131147541 0.9578125 0.8217213114754098 0.9578125 0.8258196721311475 0.9546875 0.8278688524590164 0.9546875 0.8360655737704918 0.95 0.8381147540983607 0.9578125 0.8483606557377049 0.9578125 0.8565573770491803 0.9640625 0.8565573770491803 0.965625 0.860655737704918 0.9765625 0.860655737704918 0.98125 0.8504098360655737 0.984375 0.8504098360655737 0.984375 0.8381147540983607 0.9875 0.8360655737704918 0.9875 0.7766393442622951 0.984375 0.7745901639344263 0.984375 0.7663934426229508 0.978125 0.7663934426229508 0.9765625 0.7602459016393442 0.965625 0.7602459016393442 0.965625 0.7622950819672131 0.9625 0.7663934426229508 0.9625 0.7991803278688525
1 0.1953125 0.8073770491803278 0.1921875 0.8114754098360656 0.1921875 0.819672131147541 0.1875 0.8217213114754098 0.1875 0.8360655737704918 0.1921875 0.8381147540983607 0.1921875 0.860655737704918 0.1953125 0.8627049180327869 0.1953125 0.9180327868852459 0.1984375 0.9180327868852459 0.203125 0.9241803278688525 0.203125 0.9282786885245902 0.209375 0.9282786885245902 0.2140625 0.9344262295081968 0.2140625 0.9385245901639344 0.2171875 0.9385245901639344 0.221875 0.944672131147541 0.221875 0.9487704918032787 0.2265625 0.9508196721311475 0.2265625 0.9590163934426229 0.2296875 0.9631147540983607 0.2359375 0.9631147540983607 0.2375 0.9692622950819673 0.271875 0.9692622950819673 0.271875 0.9651639344262295 0.275 0.9631147540983607 0.275 0.9549180327868853 0.2796875 0.9528688524590164 0.2796875 0.9344262295081968 0.275 0.9323770491803278 0.275 0.9200819672131147 0.271875 0.9180327868852459 0.271875 0.9036885245901639 0.26875 0.9036885245901639 0.2640625 0.8975409836065574 0.2640625 0.889344262295082 0.259375 0.8872950819672131 0.259375 0.8729508196721312 0.25625 0.8709016393442623 0.25625 0.8586065573770492 0.2515625 0.8565573770491803 0.2515625 0.8483606557377049 0.2484375 0.8463114754098361 0.2484375 0.8381147540983607 0.2453125 0.8381147540983607 0.24375 0.8319672131147541 0.2359375 0.8258196721311475 0.2359375 0.8217213114754098 0.2328125 0.8176229508196722 0.228125 0.8155737704918032 0.228125 0.8114754098360656 0.221875 0.8114754098360656 0.2203125 0.8073770491803278 0.2140625 0.8073770491803278 0.2125 0.8012295081967213 0.2 0.8012295081967213 0.2 0.8032786885245902 0.1984375 0.8073770491803278 0.1953125 0.8073770491803278
1 0.7859375 0.8381147540983607 0.7828125 0.8381147540983607 0.7796875 0.8422131147540983 0.7796875 0.860655737704918 0.775 0.8627049180327869 0.775 0.8913934426229508 0.7796875 0.8934426229508197 0.7796875 0.9016393442622951 0.7828125 0.9036885245901639 0.7828125 0.9077868852459017 0.7859375 0.9077868852459017 0.7875 0.9118852459016393 0.796875 0.9118852459016393 0.7984375 0.9180327868852459 0.815625 0.9180327868852459 0.8171875 0.9221311475409836 0.8515625 0.9221311475409836 0.85625 0.9118852459016393 0.859375 0.9118852459016393 0.859375 0.9036885245901639 0.8625 0.8995901639344263 0.859375 0.8975409836065574 0.859375 0.8934426229508197 0.85625 0.8934426229508197 0.8515625 0.8872950819672131 0.8515625 0.8831967213114754 0.846875 0.8811475409836066 0.846875 0.8729508196721312 0.8390625 0.8668032786885246 0.8390625 0.8586065573770492 0.8359375 0.8565573770491803 0.8359375 0.8524590163934426 0.8328125 0.8524590163934426 0.828125 0.8463114754098361 0.828125 0.8381147540983607 0.8234375 0.8360655737704918 0.8234375 0.8319672131147541 0.8171875 0.8319672131147541 0.815625 0.8278688524590164 0.7953125 0.8278688524590164 0.7953125 0.8299180327868853 0.7875 0.8319672131147541 0.7859375 0.8381147540983607
1 0.8953125 0.8073770491803278 0.8921875 0.8114754098360656 0.8921875 0.819672131147541 0.8953125 0.8217213114754098 0.8953125 0.8299180327868853 0.8984375 0.8299180327868853 0.9 0.8360655737704918 0.903125 0.8381147540983607 0.903125 0.8504098360655737 0.9078125 0.8524590163934426 0.9078125 0.860655737704918 0.9109375 0.8627049180327869 0.9109375 0.8770491803278688 0.9140625 0.8770491803278688 0.91875 0.8831967213114754 0.91875 0.8872950819672131 0.921875 0.8872950819672131 0.9234375 0.8913934426229508 0.9296875 0.8913934426229508 0.934375 0.8811475409836066 0.9375 0.8811475409836066 0.9375 0.8729508196721312 0.940625 0.8709016393442623 0.940625 0.8524590163934426 0.9375 0.8504098360655737 0.9375 0.8381147540983607 0.9328125 0.8360655737704918 0.9328125 0.8278688524590164 0.9296875 0.8258196721311475 0.9296875 0.8176229508196722 0.925 0.8155737704918032 0.925 0.8114754098360656 0.921875 0.8073770491803278 0.915625 0.8073770491803278 0.9140625 0.8012295081967213 0.903125 0.8012295081967213 0.903125 0.8032786885245902 0.9015625 0.8073770491803278 0.8953125 0.8073770491803278
1 0.21875 0.49385245901639346 0.2265625 0.5 0.2265625 0.5040983606557377 0.2296875 0.5081967213114754 0.234375 0.5102459016393442 0.234375 0.514344262295082 0.240625 0.514344262295082 0.2421875 0.5184426229508197 0.2515625 0.5184426229508197 0.253125 0.514344262295082 0.25625 0.514344262295082 0.25625 0.48155737704918034 0.2515625 0.47950819672131145 0.2515625 0.4713114754098361 0.24375 0.4692622950819672 0.24375 0.4651639344262295 0.2296875 0.4651639344262295 0.2296875 0.4672131147540984 0.21875 0.48155737704918034 0.21875 0.49385245901639346
1 0.8875 0.7315573770491803 0.884375 0.735655737704918 0.884375 0.7438524590163934 0.8796875 0.7459016393442623 0.8796875 0.7479508196721312 0.884375 0.75 0.884375 0.764344262295082 0.8921875 0.7704918032786885 0.8921875 0.7745901639344263 0.8984375 0.7745901639344263 0.9015625 0.7786885245901639 0.903125 0.7745901639344263 0.9171875 0.7745901639344263 0.91875 0.7684426229508197 0.921875 0.7684426229508197 0.921875 0.7602459016393442 0.925 0.7581967213114754 0.925 0.75 0.921875 0.7479508196721312 0.921875 0.7418032786885246 0.9171875 0.7397540983606558 0.9171875 0.735655737704918 0.9140625 0.7315573770491803 0.909375 0.7295081967213115 0.909375 0.7254098360655737 0.8921875 0.7254098360655737 0.8921875 0.7274590163934426 0.890625 0.7315573770491803 0.8875 0.7315573770491803
1 0.603125 0.805327868852459 0.6 0.8073770491803278 0.6 0.8299180327868853 0.596875 0.8319672131147541 0.596875 0.8401639344262295 0.6 0.8422131147540983 0.6 0.8504098360655737 0.603125 0.8524590163934426 0.603125 0.8565573770491803 0.60625 0.8565573770491803 0.6078125 0.860655737704918 0.615625 0.8627049180327869 0.615625 0.8709016393442623 0.61875 0.8729508196721312 0.61875 0.8770491803278688 0.625 0.8770491803278688 0.6265625 0.8811475409836066 0.6296875 0.8811475409836066 0.63125 0.8770491803278688 0.6375 0.8770491803278688 0.6375 0.8688524590163934 0.640625 0.8668032786885246 0.640625 0.8627049180327869 0.6484375 0.8565573770491803 0.65 0.8504098360655737 0.653125 0.8504098360655737 0.653125 0.8319672131147541 0.646875 0.8319672131147541 0.6453125 0.8278688524590164 0.640625 0.8258196721311475 0.640625 0.8176229508196722 0.6375 0.8155737704918032 0.6375 0.8073770491803278 0.6328125 0.805327868852459 0.6328125 0.8012295081967213 0.6296875 0.7971311475409836 0.6109375 0.7971311475409836 0.6109375 0.7991803278688525 0.603125 0.8012295081967213 0.603125 0.805327868852459
1 0.728125 0.8217213114754098 0.728125 0.8299180327868853 0.725 0.8319672131147541 0.725 0.8401639344262295 0.7203125 0.8422131147540983 0.7203125 0.8565573770491803 0.715625 0.8627049180327869 0.709375 0.8627049180327869 0.709375 0.8811475409836066 0.7125 0.8831967213114754 0.7125 0.8913934426229508 0.7171875 0.8934426229508197 0.7171875 0.8975409836065574 0.7265625 0.8975409836065574 0.728125 0.9016393442622951 0.734375 0.9016393442622951 0.7359375 0.9077868852459017 0.75 0.9077868852459017 0.7515625 0.9118852459016393 0.7734375 0.9118852459016393 0.775 0.9077868852459017 0.778125 0.9077868852459017 0.778125 0.8995901639344263 0.7734375 0.8975409836065574 0.7734375 0.8790983606557377 0.7703125 0.8770491803278688 0.7703125 0.8586065573770492 0.765625 0.8565573770491803 0.765625 0.8422131147540983 0.7625 0.8401639344262295 0.7625 0.8319672131147541 0.759375 0.8319672131147541 0.7546875 0.8258196721311475 0.7546875 0.8217213114754098 0.7515625 0.8217213114754098 0.746875 0.8155737704918032 0.746875 0.8114754098360656 0.7359375 0.8114754098360656 0.7359375 0.8135245901639344 0.73125 0.8217213114754098 0.728125 0.8217213114754098
1 0.50625 0.7848360655737705 0.5015625 0.7909836065573771 0.4984375 0.7909836065573771 0.4984375 0.7950819672131147 0.49375 0.8012295081967213 0.4875 0.8012295081967213 0.4875 0.805327868852459 0.4828125 0.8073770491803278 0.478125 0.8176229508196722 0.475 0.8176229508196722 0.471875 0.8217213114754098 0.4703125 0.8278688524590164 0.4671875 0.8278688524590164 0.4640625 0.8319672131147541 0.4640625 0.8401639344262295 0.459375 0.8422131147540983 0.459375 0.860655737704918 0.4640625 0.8627049180327869 0.4640625 0.8770491803278688 0.471875 0.8831967213114754 0.471875 0.8913934426229508 0.475 0.8934426229508197 0.475 0.8975409836065574 0.48125 0.8975409836065574 0.4828125 0.9016393442622951 0.4875 0.9036885245901639 0.4875 0.9077868852459017 0.49375 0.9077868852459017 0.4953125 0.9118852459016393 0.5015625 0.9118852459016393 0.503125 0.9180327868852459 0.509375 0.9180327868852459 0.5109375 0.9221311475409836 0.5203125 0.9221311475409836 0.521875 0.9282786885245902 0.54375 0.9282786885245902 0.5453125 0.9221311475409836 0.5515625 0.9221311475409836 0.553125 0.9180327868852459 0.55625 0.9180327868852459 0.55625 0.9139344262295082 0.559375 0.9118852459016393 0.559375 0.8831967213114754 0.55625 0.8811475409836066 0.55625 0.8524590163934426 0.5515625 0.8504098360655737 0.5515625 0.8217213114754098 0.5484375 0.819672131147541 0.5484375 0.8073770491803278 0.5453125 0.8073770491803278 0.54375 0.8012295081967213 0.5359375 0.7950819672131147 0.5359375 0.7909836065573771 0.5328125 0.7868852459016393 0.528125 0.7848360655737705 0.528125 0.7807377049180327 0.521875 0.7807377049180327 0.5203125 0.7766393442622951 0.5140625 0.7766393442622951 0.5140625 0.7786885245901639 0.50625 0.7807377049180327 0.50625 0.7848360655737705
1 0.6421875 0.8586065573770492 0.6390625 0.8627049180327869 0.6375 0.8688524590163934 0.634375 0.8688524590163934 0.634375 0.8811475409836066 0.6390625 0.8831967213114754 0.6390625 0.8913934426229508 0.6421875 0.8934426229508197 0.6421875 0.8975409836065574 0.646875 0.8995901639344263 0.646875 0.9077868852459017 0.6609375 0.9077868852459017 0.6625 0.9118852459016393 0.6796875 0.9118852459016393 0.68125 0.9077868852459017 0.7 0.9077868852459017 0.7015625 0.9016393442622951 0.7078125 0.9016393442622951 0.7078125 0.8934426229508197 0.7109375 0.889344262295082 0.7078125 0.8872950819672131 0.7078125 0.8790983606557377 0.703125 0.8770491803278688 0.703125 0.8729508196721312 0.696875 0.8729508196721312 0.6953125 0.8688524590163934 0.6734375 0.8688524590163934 0.671875 0.8627049180327869 0.665625 0.8627049180327869 0.6609375 0.8565573770491803 0.6609375 0.8524590163934426 0.646875 0.8524590163934426 0.646875 0.8545081967213115 0.6453125 0.8586065573770492 0.6421875 0.8586065573770492