6 0 0.6059654631083202 0.1015625 0.6059654631083202 0.103125 0.6012558869701727 0.10625 0.6012558869701727 0.10625 0.5855572998430141 0.103125 0.5855572998430141 0.1015625 0.5808477237048666 0.096875 0.5792778649921507 0.096875 0.576138147566719 0.0921875 0.5745682888540031 0.0921875 0.5714285714285714 0.0859375 0.5714285714285714 0.084375 0.5682888540031397 0.03125 0.5682888540031397 0.03125 0.5698587127158555 0.0296875 0.5714285714285714 0 0.5714285714285714 0 0.6059654631083202
6 0.8765625 0.12558869701726844 0.8765625 0.13814756671899528 0.871875 0.13971742543171115 0.871875 0.15070643642072212 0.8671875 0.152276295133438 0.8671875 0.1695447409733124 0.8625 0.17111459968602827 0.8609375 0.17896389324960754 0.8578125 0.17896389324960754 0.8578125 0.19623233908948196 0.8546875 0.1978021978021978 0.8546875 0.22762951334379905 0.85 0.22919937205651492 0.85 0.24960753532182103 0.8453125 0.25117739403453687 0.8453125 0.2621664050235479 0.840625 0.26373626373626374 0.840625 0.27629513343799056 0.8359375 0.2778649921507064 0.8359375 0.28885400313971743 0.83125 0.2904238618524333 0.828125 0.3076923076923077 0.8234375 0.3092621664050236 0.8234375 0.3202511773940345 0.81875 0.3218210361067504 0.81875 0.3563579277864992 0.8234375 0.3579277864992151 0.8234375 0.36577708006279436 0.8265625 0.36577708006279436 0.8265625 0.3626373626373626 0.8296875 0.36106750392464676 0.8296875 0.3532182103610675 0.834375 0.3516483516483517 0.834375 0.34065934065934067 0.8390625 0.3390894819466248 0.8390625 0.3218210361067504 0.84375 0.3202511773940345 0.84375 0.31711145996860285 0.8484375 0.315541601255887 0.85 0.31240188383045525 0.853125 0.31240188383045525 0.853125 0.2904238618524333 0.85625 0.28885400313971743 0.85625 0.2684458398744113 0.8609375 0.2668759811616955 0.8609375 0.25588697017268447 0.865625 0.2543171114599686 0.865625 0.24646781789638933 0.8703125 0.24489795918367346 0.8703125 0.2370486656200942 0.875 0.23547880690737832 0.875 0.22448979591836735 0.8796875 0.22291993720565148 0.8796875 0.18838304552590268 0.884375 0.18681318681318682 0.884375 0.17111459968602827 0.8875 0.1695447409733124 0.8890625 0.16483516483516483 0.8921875 0.16483516483516483 0.8921875 0.15698587127158556 0.896875 0.1554160125588697 0.896875 0.14285714285714285 0.9015625 0.141287284144427 0.9015625 0.11616954474097331 0.8984375 0.11616954474097331 0.896875 0.1130298273155416 0.88125 0.1130298273155416 0.88125 0.11459968602825746 0.88125 0.12401883830455258 0.8765625 0.12558869701726844
6 0.0453125 0.21978021978021978 0.0453125 0.23076923076923078 0.053125 0.23076923076923078 0.0546875 0.23547880690737832 0.0625 0.2370486656200942 0.0625 0.2401883830455259 0.0703125 0.2401883830455259 0.071875 0.24489795918367346 0.128125 0.24489795918367346 0.1296875 0.2401883830455259 0.1546875 0.2401883830455259 0.15625 0.24489795918367346 0.171875 0.24489795918367346 0.1734375 0.24960753532182103 0.1984375 0.24960753532182103 0.2 0.2543171114599686 0.2125 0.2543171114599686 0.2140625 0.25745682888540034 0.2296875 0.25745682888540034 0.23125 0.2621664050235479 0.2390625 0.2621664050235479 0.240625 0.2668759811616955 0.2484375 0.2668759811616955 0.25 0.271585557299843 0.2578125 0.2731554160125589 0.2578125 0.27629513343799056 0.265625 0.27629513343799056 0.2671875 0.28100470957613816 0.2796875 0.28100470957613816 0.28125 0.28414442700156983 0.2921875 0.28414442700156983 0.29375 0.28885400313971743 0.2984375 0.2904238618524333 0.2984375 0.29356357927786497 0.30625 0.29356357927786497 0.3078125 0.29827315541601257 0.3234375 0.29827315541601257 0.325 0.29356357927786497 0.3375 0.29356357927786497 0.3375 0.2857142857142857 0.3296875 0.282574568288854 0.328125 0.2778649921507064 0.3234375 0.27629513343799056 0.3234375 0.2731554160125589 0.31875 0.271585557299843 0.31875 0.2684458398744113 0.3125 0.2684458398744113 0.3109375 0.26373626373626374 0.303125 0.26373626373626374 0.3015625 0.25902668759811615 0.29375 0.25902668759811615 0.2921875 0.25588697017268447 0.2859375 0.25588697017268447 0.284375 0.25117739403453687 0.271875 0.25117739403453687 0.2703125 0.24646781789638933 0.2625 0.24646781789638933 0.2609375 0.24175824175824176 0.2546875 0.24175824175824176 0.253125 0.2370486656200942 0.240625 0.2370486656200942 0.2390625 0.23233908948194662 0.21875 0.23233908948194662 0.2171875 0.22919937205651492 0.196875 0.22919937205651492 0.1953125 0.22448979591836735 0.178125 0.22448979591836735 0.1765625 0.21978021978021978 0.1609375 0.21978021978021978 0.159375 0.2150706436420722 0.0578125 0.2150706436420722 0.0578125 0.21664050235478807 0.05625 0.21978021978021978 0.0453125 0.21978021978021978
6 0.7203125 0.152276295133438 0.7203125 0.16483516483516483 0.715625 0.1664050235478807 0.715625 0.17739403453689168 0.7203125 0.17896389324960754 0.7203125 0.2621664050235479 0.725 0.26373626373626374 0.725 0.2668759811616955 0.7453125 0.2668759811616955 0.7453125 0.23233908948194662 0.75 0.23076923076923078 0.75 0.152276295133438 0.7453125 0.15070643642072212 0.7453125 0.14756671899529042 0.725 0.14756671899529042 0.725 0.14913657770800628 0.7234375 0.152276295133438 0.7203125 0.152276295133438
2 0.925 0.0282574568288854 0.9234375 0.03139717425431711 0.8984375 0.03139717425431711 0.896875 0.0282574568288854 0.89375 0.0282574568288854 0.8921875 0.03139717425431711 0.8859375 0.03139717425431711 0.884375 0.03610675039246468 0.85 0.03610675039246468 0.8484375 0.03139717425431711 0.8453125 0.03139717425431711 0.84375 0.03610675039246468 0.840625 0.03610675039246468 0.840625 0.0706436420722135 0.8453125 0.07221350078492936 0.8453125 0.08006279434850863 0.853125 0.08006279434850863 0.8578125 0.08791208791208792 0.865625 0.08791208791208792 0.8671875 0.09262166405023547 0.875 0.09262166405023547 0.8765625 0.09733124018838304 0.88125 0.0989010989010989 0.88125 0.10204081632653061 0.8875 0.10204081632653061 0.8890625 0.10675039246467818 0.8921875 0.10675039246467818 0.89375 0.11145996860282574 0.896875 0.11145996860282574 0.8984375 0.11459968602825746 0.90625 0.11459968602825746 0.9078125 0.11930926216640503 0.91875 0.11930926216640503 0.9203125 0.12401883830455258 0.928125 0.12401883830455258 0.9296875 0.12872841444270017 0.934375 0.130298273155416 0.934375 0.13343799058084774 0.9390625 0.13500784929356358 0.9390625 0.13814756671899528 0.9453125 0.13814756671899528 0.946875 0.141287284144427 0.9546875 0.141287284144427 0.95625 0.14599686028257458 0.9640625 0.14599686028257458 0.965625 0.15070643642072212 0.9765625 0.15070643642072212 0.978125 0.1554160125588697 0.990625 0.1554160125588697 0.9921875 0.16012558869701726 0.9984375 0.16012558869701726 0.9984375 0.10361067503924647 0.9953125 0.10204081632653061 0.9953125 0.0989010989010989 0.9875 0.0989010989010989 0.9859375 0.09419152276295134 0.9984375 0.09262166405023547 0.9984375 0.023547880690737835 0.978125 0.023547880690737835 0.9765625 0.0282574568288854 0.9703125 0.0282574568288854 0.96875 0.023547880690737835 0.934375 0.023547880690737835 0.934375 0.02511773940345369 0.9328125 0.0282574568288854 0.925 0.0282574568288854
2 0.6765625 0 0.6765625 0.0015698587127158557 0.675 0.004709576138147566 0.671875 0.004709576138147566 0.671875 0.007849293563579277 0.6796875 0.007849293563579277 0.68125 0.012558869701726845 0.7234375 0.012558869701726845 0.725 0.01726844583987441 0.8078125 0.01726844583987441 0.8078125 0 0.6765625 0
2 0.69375 0.054945054945054944 0.69375 0.0706436420722135 0.6984375 0.07221350078492936 0.6984375 0.08791208791208792 0.703125 0.08948194662480377 0.703125 0.10204081632653061 0.7078125 0.10361067503924647 0.7078125 0.11930926216640503 0.7125 0.12087912087912088 0.7125 0.13343799058084774 0.715625 0.13500784929356358 0.715625 0.13814756671899528 0.7234375 0.13814756671899528 0.725 0.141287284144427 0.7421875 0.141287284144427 0.7453125 0.13814756671899528 0.7453125 0.12087912087912088 0.7421875 0.11930926216640503 0.7421875 0.1130298273155416 0.7375 0.11145996860282574 0.7375 0.0989010989010989 0.7328125 0.09733124018838304 0.7328125 0.08634222919937205 0.728125 0.0847723704866562 0.728125 0.07221350078492936 0.7234375 0.0706436420722135 0.7234375 0.058084772370486655 0.71875 0.0565149136577708 0.71875 0.05023547880690738 0.7140625 0.04866562009419152 0.7109375 0.04081632653061224 0.6984375 0.04081632653061224 0.696875 0.03610675039246468 0.6890625 0.03610675039246468 0.6890625 0.03767660910518053 0.6890625 0.05337519623233909 0.69375 0.054945054945054944
2 0 0.3076923076923077 0.021875 0.3076923076923077 0.0234375 0.3029827315541601 0.0296875 0.3029827315541601 0.0296875 0.29984301412872844 0.034375 0.29827315541601257 0.0359375 0.29356357927786497 0.0390625 0.29356357927786497 0.0390625 0.2684458398744113 0.034375 0.2668759811616955 0.034375 0.25117739403453687 0.0296875 0.24960753532182103 0.0296875 0.23233908948194662 0.0265625 0.23076923076923078 0.0265625 0.21036106750392464 0.021875 0.2087912087912088 0.021875 0.20094191522762953 0.0171875 0.19937205651491366 0.0171875 0.19309262166405022 0.0125 0.19152276295133439 0.0125 0.18838304552590268 0 0.18838304552590268 0 0.18995290423861852 0 0.3076923076923077
2 0.8390625 0.8838304552590267 0.840625 0.8869701726844584 0.8484375 0.8869701726844584 0.8484375 0.880690737833595 0.85625 0.8791208791208791 0.8578125 0.8744113029827315 0.8703125 0.8744113029827315 0.871875 0.8791208791208791 0.875 0.8791208791208791 0.8765625 0.8744113029827315 0.884375 0.8744113029827315 0.8859375 0.8791208791208791 0.8921875 0.8791208791208791 0.89375 0.8744113029827315 0.9015625 0.8744113029827315 0.903125 0.869701726844584 0.9234375 0.869701726844584 0.925 0.8791208791208791 0.9296875 0.880690737833595 0.9296875 0.8916797488226059 0.925 0.8932496075353218 0.9234375 0.8979591836734694 0.9125 0.8979591836734694 0.9109375 0.902668759811617 0.8984375 0.902668759811617 0.896875 0.9073783359497645 0.89375 0.9073783359497645 0.89375 0.9105180533751962 0.896875 0.9105180533751962 0.8984375 0.9136577708006279 0.89375 0.9152276295133438 0.89375 0.9183673469387755 0.9015625 0.9183673469387755 0.903125 0.9230769230769231 0.8984375 0.9246467817896389 0.8984375 0.9419152276295133 0.89375 0.945054945054945 0.90625 0.945054945054945 0.90625 0.9387755102040817 0.9140625 0.9372056514913658 0.915625 0.9324960753532182 0.9203125 0.9340659340659341 0.9203125 0.9419152276295133 0.9328125 0.9419152276295133 0.934375 0.9277864992150706 0.9390625 0.9293563579277865 0.9390625 0.9372056514913658 0.94375 0.9387755102040817 0.94375 0.9419152276295133 0.95 0.9419152276295133 0.9515625 0.945054945054945 0.96875 0.9419152276295133 0.971875 0.945054945054945 0.9734375 0.9419152276295133 0.9765625 0.9419152276295133 0.978125 0.945054945054945 0.98125 0.945054945054945 0.9828125 0.9419152276295133 0.9859375 0.9419152276295133 0.9875 0.9372056514913658 0.9921875 0.9387755102040817 0.9921875 0.9419152276295133 0.9953125 0.9419152276295133 0.9953125 0.9387755102040817 0.9984375 0.9372056514913658 0.9984375 0.9199372056514914 0.9953125 0.9183673469387755 0.9953125 0.9073783359497645 0.990625 0.9058084772370487 0.990625 0.8979591836734694 0.9953125 0.8963893249607535 0.9953125 0.8885400313971743 0.9921875 0.8885400313971743 0.990625 0.8932496075353218 0.9875 0.8932496075353218 0.9859375 0.8979591836734694 0.9828125 0.8979591836734694 0.98125 0.8932496075353218 0.9734375 0.8932496075353218 0.971875 0.8885400313971743 0.9765625 0.8869701726844584 0.978125 0.8838304552590267 0.9953125 0.8838304552590267 0.9953125 0.8712715855572999 0.9984375 0.869701726844584 0.9984375 0.8273155416012559 0.9953125 0.82574568288854 0.9953125 0.8084772370486656 0.9984375 0.8069073783359497 0.9984375 0.7692307692307693 0.9953125 0.7676609105180534 0.9953125 0.7551020408163265 0.9984375 0.7535321821036107 0.9984375 0.6844583987441131 0.9953125 0.6828885400313972 0.9953125 0.6609105180533752 0.9984375 0.6593406593406593 0.9984375 0.6295133437990581 0.9953125 0.6279434850863422 0.9953125 0.6216640502354788 0.9984375 0.6200941915227629 0.9984375 0.576138147566719 0.9953125 0.5745682888540031 0.9953125 0.5682888540031397 0.9984375 0.5667189952904239 0.9984375 0.42857142857142855 0.9953125 0.42543171114599687 0.9828125 0.42543171114599687 0.98125 0.42857142857142855 0.9609375 0.42857142857142855 0.959375 0.43328100470957615 0.946875 0.43328100470957615 0.9453125 0.4379905808477237 0.9390625 0.4379905808477237 0.9375 0.4364207221350079 0.9375 0.41130298273155413 0.9328125 0.4097331240188383 0.9328125 0.40188383045525905 0.9203125 0.40188383045525905 0.91875 0.3987441130298273 0.9125 0.3987441130298273 0.9109375 0.40188383045525905 0.8890625 0.40188383045525905 0.8875 0.4065934065934066 0.8765625 0.4065934065934066 0.875 0.41130298273155413 0.8671875 0.41130298273155413 0.865625 0.41601255886970173 0.8578125 0.41601255886970173 0.85625 0.4207221350078493 0.85 0.4207221350078493 0.8484375 0.41915227629513346 0.8484375 0.40188383045525905 0.84375 0.4003139717425432 0.84375 0.3893249607535322 0.809375 0.3893249607535322 0.809375 0.39089481946624804 0.8078125 0.3940345368916798 0.8 0.3940345368916798 0.7984375 0.3987441130298273 0.7921875 0.3987441130298273 0.790625 0.40188383045525905 0.7875 0.40188383045525905 0.7859375 0.4065934065934066 0.778125 0.4065934065934066 0.7765625 0.41130298273155413 0.76875 0.4097331240188383 0.76875 0.40188383045525905 0.765625 0.40188383045525905 0.7640625 0.3987441130298273 0.746875 0.40188383045525905 0.7421875 0.41130298273155413 0.734375 0.41130298273155413 0.734375 0.41444270015698587 0.7296875 0.41601255886970173 0.728125 0.4207221350078493 0.7203125 0.4207221350078493 0.71875 0.42543171114599687 0.7125 0.42543171114599687 0.7109375 0.42857142857142855 0.7078125 0.42857142857142855 0.7078125 0.4317111459968603 0.703125 0.43328100470957615 0.7015625 0.4379905808477237 0.6984375 0.4379905808477237 0.6984375 0.44583987441130296 0.69375 0.4474097331240188 0.6921875 0.4521193092621664 0.6890625 0.4521193092621664 0.6890625 0.45839874411302983 0.6859375 0.4599686028257457 0.6859375 0.4631083202511774 0.68125 0.46467817896389324 0.6796875 0.46938775510204084 0.6765625 0.46938775510204084 0.675 0.4740973312401884 0.671875 0.4740973312401884 0.671875 0.48194662480376765 0.6671875 0.4835164835164835 0.6671875 0.4897959183673469 0.6625 0.4913657770800628 0.6625 0.4945054945054945 0.6578125 0.49607535321821034 0.6578125 0.49921507064364207 0.6546875 0.5007849293563579 0.6546875 0.5164835164835165 0.6578125 0.5180533751962323 0.6578125 0.5259026687598116 0.6609375 0.5259026687598116 0.6625 0.5306122448979592 0.6671875 0.5321821036106751 0.6671875 0.5400313971742543 0.675 0.543171114599686 0.6765625 0.5478806907378336 0.68125 0.5494505494505495 0.68125 0.5572998430141287 0.6859375 0.5588697017268446 0.6859375 0.5667189952904239 0.6921875 0.5667189952904239 0.69375 0.5698587127158555 0.6984375 0.5714285714285714 0.6984375 0.5745682888540031 0.703125 0.576138147566719 0.703125 0.5792778649921507 0.7078125 0.5808477237048666 0.7078125 0.5886970172684458 0.7109375 0.5886970172684458 0.7125 0.5934065934065934 0.715625 0.5949764521193093 0.715625 0.6012558869701727 0.71875 0.6012558869701727 0.7203125 0.6059654631083202 0.725 0.6075353218210361 0.725 0.6106750392464678 0.7296875 0.6122448979591837 0.7296875 0.6153846153846154 0.734375 0.6169544740973313 0.734375 0.6200941915227629 0.7390625 0.6216640502354788 0.7390625 0.6248037676609105 0.7421875 0.6248037676609105 0.746875 0.6295133437990581 0.746875 0.6373626373626373 0.75 0.6373626373626373 0.7515625 0.6420722135007849 0.75625 0.6436420722135008 0.75625 0.6467817896389325 0.7609375 0.6483516483516484 0.7609375 0.6562009419152276 0.765625 0.6577708006279435 0.765625 0.6640502354788069 0.7703125 0.6656200941915228 0.7703125 0.673469387755102 0.7734375 0.6750392464678179 0.7734375 0.6781789638932496 0.778125 0.6797488226059655 0.778125 0.695447409733124 0.7828125 0.6970172684458399 0.7828125 0.7315541601255887 0.778125 0.7331240188383046 0.778125 0.7755102040816326 0.7734375 0.7770800627943485 0.7734375 0.7896389324960753 0.7703125 0.7912087912087912 0.7703125 0.7990580847723705 0.7609375 0.8037676609105181 0.7609375 0.8116169544740973 0.75625 0.8131868131868132 0.7546875 0.8178963893249608 0.7515625 0.8178963893249608 0.7515625 0.8288854003139717 0.746875 0.8304552590266876 0.7453125 0.8398744113029827 0.7390625 0.8398744113029827 0.7390625 0.8430141287284144 0.734375 0.8445839874411303 0.7328125 0.8492935635792779 0.7296875 0.8492935635792779 0.728125 0.8540031397174255 0.7203125 0.8540031397174255 0.71875 0.8571428571428571 0.715625 0.8571428571428571 0.7140625 0.8618524332810047 0.7078125 0.8618524332810047 0.7078125 0.869701726844584 0.703125 0.8712715855572999 0.703125 0.8744113029827315 0.7078125 0.8759811616954474 0.7078125 0.8791208791208791 0.703125 0.880690737833595 0.7015625 0.8885400313971743 0.6984375 0.8885400313971743 0.696875 0.8979591836734694 0.6921875 0.8963893249607535 0.6921875 0.8932496075353218 0.684375 0.8916797488226059 0.684375 0.8759811616954474 0.68125 0.8759811616954474 0.68125 0.8838304552590267 0.6765625 0.8854003139717426 0.675 0.8759811616954474 0.6703125 0.8744113029827315 0.6703125 0.8712715855572999 0.6671875 0.8712715855572999 0.665625 0.8759811616954474 0.6546875 0.8759811616954474 0.6546875 0.8791208791208791 0.65 0.880690737833595 0.6484375 0.8854003139717426 0.63125 0.8885400313971743 0.6296875 0.8932496075353218 0.61875 0.8932496075353218 0.61875 0.8963893249607535 0.6140625 0.8979591836734694 0.6125 0.902668759811617 0.609375 0.902668759811617 0.609375 0.9105180533751962 0.6 0.9152276295133438 0.6 0.9183673469387755 0.6078125 0.9183673469387755 0.609375 0.9230769230769231 0.6484375 0.9230769230769231 0.65 0.9277864992150706 0.653125 0.9277864992150706 0.6546875 0.9230769230769231 0.675 0.9230769230769231 0.6765625 0.9277864992150706 0.70625 0.9277864992150706 0.7078125 0.9324960753532182 0.7328125 0.9324960753532182 0.734375 0.9372056514913658 0.7859375 0.9372056514913658 0.7875 0.9324960753532182 0.790625 0.9324960753532182 0.7921875 0.9372056514913658 0.796875 0.9387755102040817 0.796875 0.9419152276295133 0.821875 0.9419152276295133 0.8234375 0.945054945054945 0.8390625 0.945054945054945 0.840625 0.9419152276295133 0.8484375 0.9419152276295133 0.8484375 0.9246467817896389 0.853125 0.9230769230769231 0.853125 0.9199372056514914 0.85625 0.9183673469387755 0.8578125 0.9199372056514914 0.8578125 0.9372056514913658 0.8546875 0.9387755102040817 0.8546875 0.945054945054945 0.865625 0.945054945054945 0.8671875 0.9419152276295133 0.8703125 0.9419152276295133 0.871875 0.9372056514913658 0.875 0.9372056514913658 0.8765625 0.9419152276295133 0.8796875 0.9419152276295133 0.88125 0.945054945054945 0.8875 0.945054945054945 0.8875 0.9387755102040817 0.8921875 0.9372056514913658 0.8921875 0.9293563579277865 0.8875 0.9277864992150706 0.8875 0.9246467817896389 0.8765625 0.9246467817896389 0.875 0.9199372056514914 0.8703125 0.9183673469387755 0.8703125 0.9120879120879121 0.865625 0.9105180533751962 0.865625 0.902668759811617 0.8609375 0.9010989010989011 0.8609375 0.8932496075353218 0.8578125 0.8932496075353218 0.8578125 0.9010989010989011 0.8546875 0.902668759811617 0.853125 0.8979591836734694 0.8484375 0.8963893249607535 0.8484375 0.8932496075353218 0.840625 0.8932496075353218 0.840625 0.9058084772370487 0.8453125 0.9073783359497645 0.84375 0.9120879120879121 0.828125 0.9120879120879121 0.8265625 0.9073783359497645 0.8 0.9073783359497645 0.7984375 0.8979591836734694 0.8078125 0.8963893249607535 0.809375 0.8916797488226059 0.8171875 0.8916797488226059 0.8171875 0.8854003139717426 0.821875 0.8838304552590267 0.8234375 0.8791208791208791 0.828125 0.880690737833595 0.83125 0.8869701726844584 0.8390625 0.8838304552590267
2 0.871875 0.2370486656200942 0.871875 0.24489795918367346 0.8671875 0.24646781789638933 0.865625 0.25117739403453687 0.8625 0.25117739403453687 0.8625 0.2621664050235479 0.8578125 0.26373626373626374 0.8578125 0.28100470957613816 0.8546875 0.282574568288854 0.8546875 0.3029827315541601 0.8578125 0.304552590266876 0.8578125 0.3076923076923077 0.865625 0.3076923076923077 0.8671875 0.31240188383045525 0.884375 0.315541601255887 0.8859375 0.3202511773940345 0.896875 0.3202511773940345 0.8984375 0.3249607535321821 0.9109375 0.3249607535321821 0.9125 0.32967032967032966 0.9203125 0.33124018838304553 0.9203125 0.33437990580847726 0.928125 0.33437990580847726 0.9296875 0.3390894819466248 0.9328125 0.3390894819466248 0.934375 0.34222919937205654 0.9421875 0.34222919937205654 0.94375 0.3469387755102041 0.95 0.3469387755102041 0.9515625 0.3516483516483517 0.95625 0.3532182103610675 0.95625 0.3563579277864992 0.98125 0.3563579277864992 0.9828125 0.3516483516483517 0.990625 0.3516483516483517 0.990625 0.34850863422291994 0.9953125 0.3469387755102041 0.9953125 0.34379905808477235 0.9984375 0.34222919937205654 0.9984375 0.25902668759811615 0.9921875 0.25902668759811615 0.990625 0.25588697017268447 0.9828125 0.25588697017268447 0.98125 0.25117739403453687 0.9734375 0.25117739403453687 0.971875 0.24646781789638933 0.9609375 0.24646781789638933 0.959375 0.24175824175824176 0.946875 0.24175824175824176 0.9453125 0.2370486656200942 0.9078125 0.2370486656200942 0.90625 0.23233908948194662 0.88125 0.23233908948194662 0.88125 0.23390894819466249 0.8796875 0.2370486656200942 0.871875 0.2370486656200942
2 0.1921875 0.41444270015698587 0.1953125 0.41444270015698587 0.196875 0.41915227629513346 0.2 0.4207221350078493 0.2 0.42700156985871274 0.2046875 0.42857142857142855 0.2046875 0.4364207221350079 0.209375 0.4379905808477237 0.209375 0.44583987441130296 0.2140625 0.4474097331240188 0.2140625 0.46781789638932497 0.21875 0.46938775510204084 0.21875 0.521193092621664 0.2265625 0.521193092621664 0.2265625 0.5149136577708007 0.2296875 0.5133437990580848 0.2296875 0.5054945054945055 0.234375 0.5039246467817896 0.2359375 0.49921507064364207 0.2390625 0.49921507064364207 0.2390625 0.4913657770800628 0.24375 0.4897959183673469 0.24375 0.4835164835164835 0.2484375 0.48194662480376765 0.25 0.4772370486656201 0.253125 0.4772370486656201 0.253125 0.46467817896389324 0.25625 0.4631083202511774 0.25625 0.43328100470957615 0.253125 0.4317111459968603 0.253125 0.42543171114599687 0.2484375 0.423861852433281 0.2484375 0.41601255886970173 0.2453125 0.41601255886970173 0.24375 0.41130298273155413 0.2390625 0.4097331240188383 0.2390625 0.4065934065934066 0.228125 0.4065934065934066 0.2265625 0.40188383045525905 0.21875 0.40188383045525905 0.2171875 0.3987441130298273 0.2046875 0.3987441130298273 0.2046875 0.4003139717425432 0.1921875 0.40188383045525905 0.1921875 0.41444270015698587
2 0.8 0.3940345368916798 0.7984375 0.3987441130298273 0.7921875 0.3987441130298273 0.790625 0.40188383045525905 0.7875 0.40188383045525905 0.7859375 0.4065934065934066 0.778125 0.4065934065934066 0.7765625 0.41130298273155413 0.7703125 0.41130298273155413 0.76875 0.4065934065934066 0.7640625 0.4050235478806907 0.7640625 0.40188383045525905 0.746875 0.40188383045525905 0.74375 0.4097331240188383 0.7390625 0.41130298273155413 0.7375 0.41601255886970173 0.7296875 0.41601255886970173 0.728125 0.4207221350078493 0.7203125 0.4207221350078493 0.7203125 0.423861852433281 0.7125 0.42857142857142855 0.7109375 0.43328100470957615 0.7078125 0.43328100470957615 0.70625 0.4379905808477237 0.703125 0.4379905808477237 0.7015625 0.4427001569858713 0.6984375 0.4427001569858713 0.696875 0.4474097331240188 0.69375 0.4474097331240188 0.6921875 0.4521193092621664 0.6890625 0.4521193092621664 0.6890625 0.45839874411302983 0.6859375 0.4599686028257457 0.6859375 0.4631083202511774 0.68125 0.46467817896389324 0.6796875 0.46938775510204084 0.6765625 0.46938775510204084 0.675 0.4740973312401884 0.671875 0.4740973312401884 0.671875 0.48194662480376765 0.6671875 0.4835164835164835 0.6671875 0.4897959183673469 0.6625 0.4913657770800628 0.6625 0.4945054945054945 0.6578125 0.49607535321821034 0.6578125 0.49921507064364207 0.6546875 0.5007849293563579 0.6546875 0.5164835164835165 0.6578125 0.5180533751962323 0.6578125 0.521193092621664 0.6625 0.5227629513343799 0.6625 0.5306122448979592 0.665625 0.5306122448979592 0.6671875 0.5353218210361067 0.671875 0.5368916797488226 0.671875 0.543171114599686 0.6765625 0.5447409733124019 0.6765625 0.5478806907378336 0.68125 0.5494505494505495 0.68125 0.5572998430141287 0.6859375 0.5588697017268446 0.6890625 0.5667189952904239 0.696875 0.5698587127158555 0.6984375 0.5745682888540031 0.703125 0.576138147566719 0.703125 0.5792778649921507 0.7078125 0.5808477237048666 0.7078125 0.5886970172684458 0.7109375 0.5886970172684458 0.715625 0.598116169544741 0.7203125 0.5996860282574569 0.7203125 0.6059654631083202 0.7234375 0.6059654631083202 0.725 0.6106750392464678 0.7296875 0.6122448979591837 0.7296875 0.6153846153846154 0.734375 0.6169544740973313 0.734375 0.6200941915227629 0.7390625 0.6216640502354788 0.7390625 0.6248037676609105 0.7421875 0.6248037676609105 0.746875 0.6295133437990581 0.746875 0.6326530612244898 0.7515625 0.6342229199372057 0.7515625 0.6420722135007849 0.7546875 0.6420722135007849 0.75625 0.6467817896389325 0.7609375 0.6483516483516484 0.7609375 0.6562009419152276 0.765625 0.6577708006279435 0.765625 0.6640502354788069 0.76875 0.6640502354788069 0.7703125 0.6687598116169545 0.7734375 0.6703296703296703 0.7734375 0.6781789638932496 0.778125 0.6797488226059655 0.778125 0.6907378335949764 0.7828125 0.6923076923076923 0.7828125 0.7535321821036107 0.778125 0.7551020408163265 0.778125 0.7802197802197802 0.7734375 0.7817896389324961 0.7734375 0.7896389324960753 0.7703125 0.7912087912087912 0.7703125 0.7990580847723705 0.765625 0.8006279434850864 0.765625 0.8069073783359497 0.7609375 0.8084772370486656 0.759375 0.8131868131868132 0.75625 0.8131868131868132 0.75625 0.8210361067503925 0.7515625 0.8226059654631083 0.7515625 0.8335949764521193 0.746875 0.8351648351648352 0.74375 0.8430141287284144 0.7390625 0.8445839874411303 0.7375 0.8492935635792779 0.734375 0.8492935635792779 0.7328125 0.8540031397174255 0.7296875 0.8540031397174255 0.7296875 0.8555729984301413 0.7421875 0.8555729984301413 0.74375 0.8602825745682888 0.78125 0.8602825745682888 0.7828125 0.8649921507064364 0.8609375 0.8649921507064364 0.8625 0.869701726844584 0.865625 0.869701726844584 0.8671875 0.8649921507064364 0.875 0.8649921507064364 0.8765625 0.869701726844584 0.884375 0.869701726844584 0.8859375 0.8649921507064364 0.896875 0.8649921507064364 0.8984375 0.869701726844584 0.90625 0.869701726844584 0.9078125 0.8649921507064364 0.9109375 0.8649921507064364 0.9125 0.869701726844584 0.9234375 0.869701726844584 0.925 0.8649921507064364 0.9640625 0.8649921507064364 0.965625 0.869701726844584 0.96875 0.869701726844584 0.9703125 0.8649921507064364 0.98125 0.8649921507064364 0.9828125 0.869701726844584 0.990625 0.869701726844584 0.9921875 0.8649921507064364 0.9984375 0.8649921507064364 0.9984375 0.8273155416012559 0.9953125 0.82574568288854 0.9953125 0.8037676609105181 0.9984375 0.8021978021978022 0.9984375 0.7723704866562009 0.9953125 0.7708006279434851 0.9953125 0.7551020408163265 0.9984375 0.7535321821036107 0.9984375 0.6844583987441131 0.9953125 0.6828885400313972 0.9953125 0.6609105180533752 0.9984375 0.6593406593406593 0.9984375 0.6295133437990581 0.9953125 0.6279434850863422 0.9953125 0.6169544740973313 0.9984375 0.6153846153846154 0.9984375 0.576138147566719 0.9953125 0.5745682888540031 0.9953125 0.5682888540031397 0.9984375 0.5667189952904239 0.9984375 0.42857142857142855 0.9609375 0.42857142857142855 0.959375 0.43328100470957615 0.9515625 0.43328100470957615 0.95 0.4379905808477237 0.9390625 0.4379905808477237 0.9375 0.4364207221350079 0.9375 0.41601255886970173 0.9328125 0.41444270015698587 0.9328125 0.40188383045525905 0.9203125 0.40188383045525905 0.91875 0.3987441130298273 0.915625 0.3987441130298273 0.9140625 0.40188383045525905 0.8890625 0.40188383045525905 0.8875 0.4065934065934066 0.8765625 0.4065934065934066 0.875 0.41130298273155413 0.8671875 0.41130298273155413 0.865625 0.41601255886970173 0.8578125 0.41601255886970173 0.85625 0.4207221350078493 0.85 0.4207221350078493 0.8484375 0.41915227629513346 0.8484375 0.40188383045525905 0.84375 0.4003139717425432 0.84375 0.3940345368916798 0.8390625 0.3924646781789639 0.8390625 0.3893249607535322 0.809375 0.3893249607535322 0.809375 0.39089481946624804 0.8078125 0.3940345368916798 0.8 0.3940345368916798
2 0.2546875 0 0.2546875 0.0015698587127158557 0.253125 0.004709576138147566 0.209375 0.004709576138147566 0.2078125 0.009419152276295133 0.2 0.009419152276295133 0.1984375 0.004709576138147566 0.178125 0.004709576138147566 0.178125 0.01726844583987441 0.1828125 0.018838304552590265 0.1828125 0.026687598116169546 0.1859375 0.026687598116169546 0.1875 0.029827315541601257 0.1953125 0.029827315541601257 0.2 0.03924646781789639 0.2171875 0.03924646781789639 0.21875 0.04395604395604396 0.2484375 0.04395604395604396 0.25 0.04866562009419152 0.25625 0.04866562009419152 0.2578125 0.04395604395604396 0.275 0.04395604395604396 0.2765625 0.03924646781789639 0.284375 0.03924646781789639 0.2859375 0.03453689167974882 0.2921875 0.03453689167974882 0.29375 0.029827315541601257 0.3109375 0.026687598116169546 0.315625 0.01726844583987441 0.328125 0.01726844583987441 0.3296875 0.012558869701726845 0.3328125 0.012558869701726845 0.3328125 0.004709576138147566 0.328125 0.0031397174254317113 0.328125 0 0.2546875 0
2 0 0.18681318681318682 0.0171875 0.18681318681318682 0.01875 0.18210361067503925 0.05625 0.18210361067503925 0.0578125 0.17739403453689168 0.065625 0.17739403453689168 0.0671875 0.1726844583987441 0.0703125 0.1726844583987441 0.0703125 0.16169544740973313 0.0671875 0.16169544740973313 0.065625 0.15698587127158556 0.0609375 0.1554160125588697 0.0609375 0.152276295133438 0.0453125 0.152276295133438 0.04375 0.14756671899529042 0.0046875 0.14756671899529042 0.003125 0.14285714285714285 0 0.14285714285714285 0 0.14442700156985872 0 0.18681318681318682
2 0.28125 0.03610675039246468 0.28125 0.03924646781789639 0.2765625 0.04081632653061224 0.275 0.04552590266875981 0.2671875 0.04552590266875981 0.2671875 0.04866562009419152 0.2625 0.05023547880690738 0.2609375 0.054945054945054944 0.2546875 0.058084772370486655 0.253125 0.06279434850863422 0.25 0.06279434850863422 0.2484375 0.06750392464678179 0.2453125 0.06750392464678179 0.24375 0.07221350078492936 0.240625 0.07221350078492936 0.2390625 0.07692307692307693 0.2359375 0.07692307692307693 0.2359375 0.0847723704866562 0.228125 0.08948194662480377 0.2265625 0.09419152276295134 0.2234375 0.09419152276295134 0.221875 0.0989010989010989 0.21875 0.0989010989010989 0.2171875 0.10361067503924647 0.2140625 0.10361067503924647 0.2140625 0.11145996860282574 0.209375 0.1130298273155416 0.209375 0.11930926216640503 0.2046875 0.12087912087912088 0.203125 0.12558869701726844 0.2 0.12558869701726844 0.2 0.13343799058084774 0.196875 0.13500784929356358 0.1953125 0.13971742543171115 0.1921875 0.13971742543171115 0.1921875 0.14599686028257458 0.1828125 0.14756671899529042 0.18125 0.152276295133438 0.178125 0.152276295133438 0.178125 0.1554160125588697 0.203125 0.1554160125588697 0.2046875 0.15070643642072212 0.2171875 0.15070643642072212 0.21875 0.14599686028257458 0.2265625 0.14599686028257458 0.228125 0.141287284144427 0.234375 0.141287284144427 0.2359375 0.13814756671899528 0.2390625 0.13814756671899528 0.240625 0.13343799058084774 0.2484375 0.13343799058084774 0.2484375 0.130298273155416 0.253125 0.12872841444270017 0.2546875 0.12401883830455258 0.2609375 0.12401883830455258 0.2625 0.11930926216640503 0.2703125 0.11930926216640503 0.2703125 0.11616954474097331 0.275 0.11459968602825746 0.2765625 0.11145996860282574 0.284375 0.11145996860282574 0.284375 0.10832025117739404 0.2875 0.10675039246467818 0.2875 0.08948194662480377 0.2921875 0.08791208791208792 0.2921875 0.07221350078492936 0.296875 0.0706436420722135 0.296875 0.058084772370486655 0.3015625 0.0565149136577708 0.3015625 0.04081632653061224 0.30625 0.03924646781789639 0.30625 0.03139717425431711 0.2984375 0.03139717425431711 0.2984375 0.03296703296703297 0.296875 0.03610675039246468 0.28125 0.03610675039246468
2 0.0765625 0 0.0765625 0.0015698587127158557 0.0765625 0.02197802197802198 0.08125 0.023547880690737835 0.08125 0.029827315541601257 0.0859375 0.03139717425431711 0.0859375 0.0565149136577708 0.08125 0.058084772370486655 0.08125 0.0706436420722135 0.0859375 0.07221350078492936 0.0859375 0.08006279434850863 0.0890625 0.08163265306122448 0.0890625 0.08791208791208792 0.0921875 0.08791208791208792 0.09375 0.09262166405023547 0.0984375 0.09419152276295134 0.0984375 0.10204081632653061 0.1015625 0.10204081632653061 0.103125 0.10675039246467818 0.1078125 0.10832025117739404 0.1078125 0.11145996860282574 0.11875 0.11145996860282574 0.11875 0.06750392464678179 0.1234375 0.06593406593406594 0.1234375 0.03610675039246468 0.128125 0.03453689167974882 0.128125 0.0141287284144427 0.1328125 0.012558869701726845 0.1328125 0 0.0765625 0
2 0.125 0.6216640502354788 0.125 0.6373626373626373 0.1296875 0.6389324960753532 0.1296875 0.6467817896389325 0.134375 0.6483516483516484 0.134375 0.6562009419152276 0.14375 0.6609105180533752 0.14375 0.6640502354788069 0.146875 0.6656200941915228 0.146875 0.673469387755102 0.1515625 0.6750392464678179 0.1515625 0.6781789638932496 0.1609375 0.6797488226059655 0.1609375 0.6907378335949764 0.1640625 0.6907378335949764 0.165625 0.695447409733124 0.1703125 0.6970172684458399 0.1703125 0.7095761381475667 0.1734375 0.7111459968602826 0.1734375 0.7268445839874411 0.1703125 0.728414442700157 0.16875 0.7331240188383046 0.1609375 0.7331240188383046 0.159375 0.7425431711145997 0.15625 0.7425431711145997 0.1546875 0.7456828885400314 0.146875 0.7456828885400314 0.146875 0.7582417582417582 0.14375 0.7598116169544741 0.1421875 0.7645211930926217 0.1390625 0.7645211930926217 0.1375 0.7692307692307693 0.1296875 0.7723704866562009 0.128125 0.7770800627943485 0.1203125 0.7770800627943485 0.1203125 0.7849293563579278 0.115625 0.7864992150706437 0.115625 0.7896389324960753 0.1125 0.7912087912087912 0.1125 0.7990580847723705 0.1078125 0.8006279434850864 0.10625 0.8084772370486656 0.103125 0.8084772370486656 0.103125 0.8163265306122449 0.0984375 0.8178963893249608 0.0984375 0.82574568288854 0.0890625 0.8304552590266876 0.0890625 0.8383045525902669 0.09375 0.8398744113029827 0.09375 0.8430141287284144 0.128125 0.8430141287284144 0.1296875 0.8383045525902669 0.1421875 0.8383045525902669 0.146875 0.8288854003139717 0.1640625 0.82574568288854 0.165625 0.8210361067503925 0.16875 0.8210361067503925 0.171875 0.8131868131868132 0.1765625 0.8116169544740973 0.1765625 0.8037676609105181 0.18125 0.8021978021978022 0.18125 0.7959183673469388 0.1859375 0.7943485086342229 0.1875 0.7896389324960753 0.190625 0.7896389324960753 0.1921875 0.7849293563579278 0.1953125 0.7849293563579278 0.2 0.7755102040816326 0.203125 0.7755102040816326 0.203125 0.7692307692307693 0.1984375 0.7676609105180534 0.1984375 0.7598116169544741 0.203125 0.7582417582417582 0.2046875 0.7535321821036107 0.2078125 0.7535321821036107 0.2078125 0.7189952904238619 0.203125 0.717425431711146 0.203125 0.6970172684458399 0.1984375 0.695447409733124 0.1984375 0.6295133437990581 0.190625 0.6248037676609105 0.190625 0.6216640502354788 0.1515625 0.6216640502354788 0.15 0.6169544740973313 0.1421875 0.6153846153846154 0.1421875 0.6122448979591837 0.134375 0.6122448979591837 0.1328125 0.6075353218210361 0.1203125 0.6075353218210361 0.1203125 0.609105180533752 0.1203125 0.6200941915227629 0.125 0.6216640502354788
2 0.103125 0.5321821036106751 0.1015625 0.5368916797488226 0.0859375 0.5368916797488226 0.084375 0.5416012558869702 0.0765625 0.5416012558869702 0.0765625 0.5525902668759811 0.0796875 0.5525902668759811 0.08125 0.5572998430141287 0.084375 0.5572998430141287 0.0859375 0.5620094191522763 0.0890625 0.5635792778649922 0.0890625 0.5667189952904239 0.096875 0.5698587127158555 0.0984375 0.5745682888540031 0.103125 0.576138147566719 0.103125 0.5792778649921507 0.1078125 0.5808477237048666 0.1078125 0.5839874411302983 0.1125 0.5855572998430141 0.115625 0.5934065934065934 0.1203125 0.5949764521193093 0.1203125 0.598116169544741 0.128125 0.6012558869701727 0.1296875 0.6059654631083202 0.134375 0.6075353218210361 0.134375 0.6106750392464678 0.1421875 0.6106750392464678 0.14375 0.6153846153846154 0.1546875 0.6153846153846154 0.15625 0.6200941915227629 0.1984375 0.6200941915227629 0.2 0.6153846153846154 0.203125 0.6153846153846154 0.203125 0.5902668759811617 0.2078125 0.5886970172684458 0.2078125 0.5682888540031397 0.2046875 0.5682888540031397 0.203125 0.5635792778649922 0.1984375 0.5620094191522763 0.1953125 0.554160125588697 0.1921875 0.554160125588697 0.190625 0.5494505494505495 0.1859375 0.5478806907378336 0.1859375 0.5447409733124019 0.178125 0.5447409733124019 0.1765625 0.5416012558869702 0.171875 0.5400313971742543 0.171875 0.5368916797488226 0.165625 0.5368916797488226 0.1640625 0.5321821036106751 0.15625 0.5321821036106751 0.1546875 0.5274725274725275 0.1203125 0.5274725274725275 0.1203125 0.5290423861852434 0.11875 0.5321821036106751 0.103125 0.5321821036106751
2 0.0359375 0.25117739403453687 0.0359375 0.2668759811616955 0.040625 0.2684458398744113 0.040625 0.28100470957613816 0.0453125 0.282574568288854 0.0453125 0.28885400313971743 0.0609375 0.28885400313971743 0.0625 0.29356357927786497 0.084375 0.29356357927786497 0.0859375 0.28885400313971743 0.0921875 0.28885400313971743 0.0921875 0.2778649921507064 0.0875 0.27629513343799056 0.0875 0.26373626373626374 0.084375 0.2621664050235479 0.084375 0.25902668759811615 0.075 0.2543171114599686 0.075 0.24646781789638933 0.0671875 0.24646781789638933 0.065625 0.24175824175824176 0.0578125 0.24175824175824176 0.05625 0.2370486656200942 0.0484375 0.23547880690737832 0.0484375 0.23233908948194662 0.03125 0.22919937205651492 0.03125 0.23076923076923078 0.03125 0.24960753532182103 0.0359375 0.25117739403453687
2 0.2546875 0.37205651491365777 0.2546875 0.42700156985871274 0.2578125 0.42857142857142855 0.2578125 0.4411302982731554 0.2703125 0.4411302982731554 0.271875 0.4364207221350079 0.275 0.4364207221350079 0.275 0.42857142857142855 0.284375 0.423861852433281 0.2875 0.41601255886970173 0.2921875 0.41444270015698587 0.29375 0.4097331240188383 0.296875 0.4097331240188383 0.2984375 0.4050235478806907 0.3015625 0.4050235478806907 0.303125 0.4003139717425432 0.3109375 0.39717425431711145 0.3109375 0.3940345368916798 0.3140625 0.3924646781789639 0.3140625 0.3751962323390895 0.31875 0.37362637362637363 0.31875 0.3532182103610675 0.315625 0.3532182103610675 0.3125 0.34850863422291994 0.3109375 0.3532182103610675 0.29375 0.3532182103610675 0.2921875 0.3579277864992151 0.2765625 0.3579277864992151 0.275 0.3532182103610675 0.2703125 0.3516483516483517 0.2703125 0.34850863422291994 0.2578125 0.34850863422291994 0.2578125 0.3500784929356358 0.2578125 0.3704866562009419 0.2546875 0.37205651491365777
2 0.3515625 0 0.3515625 0.0015698587127158557 0.3515625 0.007849293563579277 0.346875 0.009419152276295133 0.346875 0.03453689167974882 0.35 0.03453689167974882 0.3515625 0.03924646781789639 0.35625 0.04081632653061224 0.35625 0.05337519623233909 0.3609375 0.054945054945054944 0.3609375 0.06593406593406594 0.3640625 0.06593406593406594 0.365625 0.0706436420722135 0.3703125 0.07221350078492936 0.3703125 0.08006279434850863 0.3734375 0.08163265306122448 0.3734375 0.0847723704866562 0.3859375 0.0847723704866562 0.3875 0.08791208791208792 0.3953125 0.0847723704866562 0.3953125 0.08163265306122448 0.3984375 0.08006279434850863 0.3984375 0.07221350078492936 0.403125 0.0706436420722135 0.4046875 0.06593406593406594 0.4078125 0.06593406593406594 0.409375 0.061224489795918366 0.4125 0.061224489795918366 0.4140625 0.05337519623233909 0.4171875 0.05337519623233909 0.4171875 0.0282574568288854 0.421875 0.026687598116169546 0.421875 0.004709576138147566 0.4171875 0.0031397174254317113 0.4171875 0 0.3515625 0
2 0.146875 0.750392464678179 0.1421875 0.7598116169544741 0.134375 0.7598116169544741 0.1328125 0.7645211930926217 0.1296875 0.7645211930926217 0.1296875 0.7708006279434851 0.125 0.7723704866562009 0.1234375 0.7770800627943485 0.1203125 0.7770800627943485 0.11875 0.7817896389324961 0.115625 0.7817896389324961 0.1109375 0.7912087912087912 0.1078125 0.7912087912087912 0.1078125 0.7990580847723705 0.103125 0.8006279434850864 0.1015625 0.8084772370486656 0.0984375 0.8084772370486656 0.0984375 0.8163265306122449 0.09375 0.8178963893249608 0.09375 0.82574568288854 0.0890625 0.8273155416012559 0.0890625 0.8335949764521193 0.0859375 0.8351648351648352 0.0859375 0.8430141287284144 0.0921875 0.8430141287284144 0.09375 0.847723704866562 0.128125 0.847723704866562 0.1296875 0.8430141287284144 0.1421875 0.8430141287284144 0.1453125 0.8351648351648352 0.15 0.8335949764521193 0.1515625 0.8288854003139717 0.16875 0.82574568288854 0.16875 0.8226059654631083 0.171875 0.8210361067503925 0.171875 0.8084772370486656 0.16875 0.8069073783359497 0.16875 0.8006279434850864 0.165625 0.8006279434850864 0.1640625 0.7959183673469388 0.159375 0.7943485086342229 0.159375 0.7864992150706437 0.1546875 0.7849293563579278 0.1546875 0.7817896389324961 0.1453125 0.7802197802197802 0.1453125 0.7723704866562009 0.1546875 0.7676609105180534 0.1546875 0.7598116169544741 0.159375 0.7582417582417582 0.1609375 0.7535321821036107 0.1640625 0.7535321821036107 0.1640625 0.750392464678179 0.159375 0.7488226059654631 0.159375 0.7456828885400314 0.15625 0.7456828885400314 0.15625 0.7472527472527473 0.1546875 0.750392464678179 0.146875 0.750392464678179
1 0.9203125 0 0.9203125 0.0015698587127158557 0.925 0.004709576138147566 0.925 0.012558869701726845 0.9328125 0.012558869701726845 0.934375 0.01726844583987441 0.9546875 0.01726844583987441 0.95625 0.02197802197802198 0.9859375 0.02197802197802198 0.9875 0.01726844583987441 0.9984375 0.01726844583987441 0.9984375 0 0.9203125 0
1 0.271875 0.29513343799058084 0.2703125 0.29984301412872844 0.2671875 0.29984301412872844 0.265625 0.304552590266876 0.2625 0.304552590266876 0.2625 0.315541601255887 0.2578125 0.31711145996860285 0.2578125 0.3390894819466248 0.265625 0.34222919937205654 0.2671875 0.3469387755102041 0.271875 0.34850863422291994 0.271875 0.3516483516483517 0.2765625 0.3532182103610675 0.2765625 0.3563579277864992 0.2921875 0.3563579277864992 0.29375 0.3516483516483517 0.30625 0.3516483516483517 0.3078125 0.3469387755102041 0.3140625 0.3469387755102041 0.315625 0.3390894819466248 0.3234375 0.3390894819466248 0.325 0.34222919937205654 0.3328125 0.34222919937205654 0.334375 0.3469387755102041 0.35 0.3469387755102041 0.3515625 0.36106750392464676 0.3546875 0.36106750392464676 0.35625 0.36577708006279436 0.3609375 0.3673469387755102 0.3609375 0.3704866562009419 0.390625 0.3704866562009419 0.3921875 0.36577708006279436 0.4265625 0.36577708006279436 0.4265625 0.34850863422291994 0.4234375 0.34850863422291994 0.421875 0.34379905808477235 0.41875 0.34379905808477235 0.4171875 0.34065934065934067 0.4140625 0.34065934065934067 0.4125 0.3359497645211931 0.4078125 0.33437990580847726 0.4078125 0.33124018838304553 0.403125 0.32967032967032966 0.403125 0.32653061224489793 0.3984375 0.3249607535321821 0.3984375 0.3218210361067504 0.3921875 0.3218210361067504 0.390625 0.31711145996860285 0.3859375 0.315541601255887 0.3859375 0.3092621664050236 0.3828125 0.3092621664050236 0.38125 0.304552590266876 0.3765625 0.3029827315541601 0.3765625 0.29984301412872844 0.3609375 0.29984301412872844 0.3609375 0.3029827315541601 0.35625 0.304552590266876 0.3546875 0.3092621664050236 0.3515625 0.3092621664050236 0.35 0.3139717425431711 0.346875 0.3139717425431711 0.3453125 0.31711145996860285 0.3390625 0.31711145996860285 0.3390625 0.3202511773940345 0.334375 0.3218210361067504 0.3328125 0.32653061224489793 0.325 0.32653061224489793 0.3234375 0.31711145996860285 0.3203125 0.31711145996860285 0.31875 0.3139717425431711 0.3125 0.3139717425431711 0.3109375 0.3092621664050236 0.30625 0.3076923076923077 0.30625 0.29984301412872844 0.3015625 0.29827315541601257 0.3015625 0.29513343799058084 0.29375 0.29513343799058084 0.2921875 0.2904238618524333 0.2765625 0.2904238618524333 0.2765625 0.29199372056514916 0.275 0.29513343799058084 0.271875 0.29513343799058084
1 0 0.9984301412872841 0.24375 0.9984301412872841 0.24375 0.9921507064364207 0.240625 0.9921507064364207 0.2390625 0.9874411302982732 0.234375 0.9858712715855573 0.234375 0.9827315541601256 0.2296875 0.9811616954474097 0.2265625 0.9733124018838305 0.221875 0.9717425431711146 0.221875 0.9654631083202512 0.2296875 0.9638932496075353 0.23125 0.9591836734693877 0.2484375 0.9591836734693877 0.2484375 0.9560439560439561 0.253125 0.9544740973312402 0.2546875 0.9497645211930926 0.2609375 0.9497645211930926 0.2625 0.945054945054945 0.2796875 0.9419152276295133 0.28125 0.9372056514913658 0.284375 0.9372056514913658 0.284375 0.9246467817896389 0.2671875 0.9246467817896389 0.265625 0.9199372056514914 0.240625 0.9199372056514914 0.2390625 0.9152276295133438 0.209375 0.9152276295133438 0.2078125 0.9120879120879121 0.1734375 0.9120879120879121 0.171875 0.9073783359497645 0.146875 0.9073783359497645 0.1453125 0.902668759811617 0.1375 0.9010989010989011 0.1375 0.8979591836734694 0.08125 0.8979591836734694 0.0796875 0.902668759811617 0.0578125 0.902668759811617 0.05625 0.9073783359497645 0.05 0.9073783359497645 0.0484375 0.9120879120879121 0.0359375 0.9120879120879121 0.034375 0.9152276295133438 0.01875 0.9152276295133438 0.0171875 0.9120879120879121 0.0125 0.9105180533751962 0.0125 0.9073783359497645 0.0078125 0.9058084772370487 0.0078125 0.902668759811617 0.003125 0.9010989010989011 0.003125 0.8979591836734694 0 0.8979591836734694 0 0.8995290423861853 0 0.9984301412872841
1 0.0046875 0 0.0046875 0.0015698587127158557 0.0046875 0.01726844583987441 0 0.018838304552590265 0 0.11930926216640503 0.0171875 0.11930926216640503 0.0171875 0.11616954474097331 0.0265625 0.11145996860282574 0.0296875 0.10361067503924647 0.034375 0.10204081632653061 0.0359375 0.09733124018838304 0.0390625 0.09733124018838304 0.040625 0.09262166405023547 0.04375 0.09262166405023547 0.0453125 0.08791208791208792 0.053125 0.0847723704866562 0.0578125 0.07535321821036106 0.065625 0.07535321821036106 0.0671875 0.0706436420722135 0.0703125 0.0706436420722135 0.0703125 0.06279434850863422 0.075 0.061224489795918366 0.075 0.05023547880690738 0.0796875 0.04866562009419152 0.0796875 0.0282574568288854 0.075 0.026687598116169546 0.075 0.004709576138147566 0.0703125 0.0031397174254317113 0.0703125 0 0.0046875 0
1 0.3203125 0.25902668759811615 0.3203125 0.2668759811616955 0.325 0.2684458398744113 0.325 0.27629513343799056 0.3328125 0.27629513343799056 0.334375 0.28100470957613816 0.34375 0.2857142857142857 0.34375 0.29356357927786497 0.3515625 0.29513343799058084 0.3515625 0.3076923076923077 0.34375 0.3092621664050236 0.3421875 0.29984301412872844 0.334375 0.29984301412872844 0.3328125 0.304552590266876 0.3078125 0.304552590266876 0.30625 0.29984301412872844 0.3015625 0.29827315541601257 0.3015625 0.29513343799058084 0.296875 0.29356357927786497 0.296875 0.2904238618524333 0.2890625 0.2904238618524333 0.2875 0.2857142857142857 0.28125 0.2857142857142857 0.28125 0.28885400313971743 0.2765625 0.2904238618524333 0.275 0.29513343799058084 0.271875 0.29513343799058084 0.2703125 0.29984301412872844 0.2671875 0.29984301412872844 0.265625 0.304552590266876 0.2625 0.304552590266876 0.2625 0.315541601255887 0.2578125 0.31711145996860285 0.2578125 0.3390894819466248 0.265625 0.34222919937205654 0.2671875 0.3469387755102041 0.271875 0.34850863422291994 0.271875 0.3516483516483517 0.2765625 0.3532182103610675 0.2765625 0.3563579277864992 0.2921875 0.3563579277864992 0.29375 0.3516483516483517 0.30625 0.3516483516483517 0.3078125 0.3469387755102041 0.3140625 0.3469387755102041 0.315625 0.3390894819466248 0.31875 0.3390894819466248 0.3203125 0.34222919937205654 0.328125 0.34222919937205654 0.3296875 0.3469387755102041 0.3453125 0.3469387755102041 0.346875 0.3516483516483517 0.3515625 0.3532182103610675 0.3515625 0.36106750392464676 0.3546875 0.36106750392464676 0.35625 0.36577708006279436 0.3609375 0.3673469387755102 0.3609375 0.3704866562009419 0.38125 0.3704866562009419 0.3828125 0.36577708006279436 0.4296875 0.36577708006279436 0.4296875 0.3579277864992151 0.4265625 0.3563579277864992 0.4265625 0.34850863422291994 0.4234375 0.34850863422291994 0.421875 0.34379905808477235 0.41875 0.34379905808477235 0.4171875 0.34065934065934067 0.4140625 0.34065934065934067 0.4125 0.3359497645211931 0.4078125 0.33437990580847726 0.4078125 0.33124018838304553 0.403125 0.32967032967032966 0.403125 0.32653061224489793 0.3984375 0.3249607535321821 0.3953125 0.31711145996860285 0.3859375 0.315541601255887 0.3859375 0.3092621664050236 0.38125 0.3076923076923077 0.38125 0.29984301412872844 0.3765625 0.29827315541601257 0.3765625 0.29513343799058084 0.3609375 0.29513343799058084 0.359375 0.2904238618524333 0.3546875 0.28885400313971743 0.3546875 0.2731554160125589 0.35 0.271585557299843 0.35 0.26373626373626374 0.3453125 0.2621664050235479 0.3453125 0.25588697017268447 0.3390625 0.25588697017268447 0.3375 0.25117739403453687 0.3296875 0.25117739403453687 0.3296875 0.25274725274725274 0.3234375 0.25902668759811615 0.3203125 0.25902668759811615
1 0.6 0.37990580847723704 0.5984375 0.38461538461538464 0.5734375 0.38461538461538464 0.571875 0.3893249607535322 0.5125 0.3893249607535322 0.5125 0.3924646781789639 0.51875 0.3924646781789639 0.5203125 0.39717425431711145 0.528125 0.39717425431711145 0.5296875 0.4003139717425432 0.5375 0.4003139717425432 0.5390625 0.4050235478806907 0.54375 0.4065934065934066 0.54375 0.4097331240188383 0.55 0.4097331240188383 0.5515625 0.41444270015698587 0.55625 0.41601255886970173 0.55625 0.41915227629513346 0.5609375 0.4207221350078493 0.5609375 0.423861852433281 0.56875 0.423861852433281 0.5734375 0.42857142857142855 0.5734375 0.4317111459968603 0.578125 0.43328100470957615 0.578125 0.4364207221350079 0.5828125 0.4379905808477237 0.5828125 0.4411302982731554 0.590625 0.4411302982731554 0.5921875 0.44583987441130296 0.596875 0.4474097331240188 0.6 0.4552590266875981 0.6046875 0.45682888540031397 0.6046875 0.4631083202511774 0.6078125 0.4631083202511774 0.609375 0.46781789638932497 0.6140625 0.46938775510204084 0.6140625 0.4725274725274725 0.61875 0.4740973312401884 0.61875 0.4772370486656201 0.6234375 0.478806907378336 0.6234375 0.48194662480376765 0.6265625 0.48194662480376765 0.628125 0.4850863422291994 0.634375 0.4850863422291994 0.634375 0.45682888540031397 0.6296875 0.4552590266875981 0.6296875 0.41130298273155413 0.6265625 0.4097331240188383 0.6265625 0.3940345368916798 0.621875 0.3924646781789639 0.621875 0.3751962323390895 0.6046875 0.3751962323390895 0.6046875 0.37676609105180536 0.603125 0.37990580847723704 0.6 0.37990580847723704
1 0.35625 0.3751962323390895 0.3546875 0.37990580847723704 0.346875 0.37990580847723704 0.3453125 0.38461538461538464 0.3390625 0.38461538461538464 0.3375 0.3893249607535322 0.3296875 0.3893249607535322 0.328125 0.3940345368916798 0.3203125 0.3940345368916798 0.3203125 0.39717425431711145 0.315625 0.3987441130298273 0.3140625 0.40188383045525905 0.3078125 0.40188383045525905 0.3078125 0.4050235478806907 0.303125 0.4065934065934066 0.3015625 0.41130298273155413 0.2984375 0.41130298273155413 0.296875 0.41601255886970173 0.29375 0.41601255886970173 0.2921875 0.4207221350078493 0.2890625 0.4207221350078493 0.2890625 0.423861852433281 0.284375 0.42857142857142855 0.28125 0.42857142857142855 0.28125 0.4364207221350079 0.2765625 0.4379905808477237 0.275 0.4427001569858713 0.271875 0.4427001569858713 0.271875 0.45054945054945056 0.2671875 0.4521193092621664 0.265625 0.4599686028257457 0.2625 0.4599686028257457 0.2625 0.46781789638932497 0.2578125 0.46938775510204084 0.2578125 0.4772370486656201 0.2546875 0.478806907378336 0.2546875 0.4850863422291994 0.25 0.48665620094191525 0.2484375 0.4913657770800628 0.2453125 0.4913657770800628 0.2453125 0.49921507064364207 0.240625 0.5007849293563579 0.240625 0.5086342229199372 0.2359375 0.5102040816326531 0.234375 0.5180533751962323 0.23125 0.5180533751962323 0.23125 0.5259026687598116 0.228125 0.5274725274725275 0.228125 0.5306122448979592 0.2234375 0.5321821036106751 0.2234375 0.5400313971742543 0.21875 0.5416012558869702 0.21875 0.5620094191522763 0.2140625 0.5635792778649922 0.2140625 0.5839874411302983 0.209375 0.5855572998430141 0.209375 0.6326530612244898 0.2046875 0.6342229199372057 0.2046875 0.6687598116169545 0.209375 0.6703296703296703 0.209375 0.6907378335949764 0.2140625 0.6923076923076923 0.2140625 0.7095761381475667 0.21875 0.7111459968602826 0.21875 0.7676609105180534 0.2140625 0.7692307692307693 0.2140625 0.7802197802197802 0.209375 0.7817896389324961 0.209375 0.7896389324960753 0.2046875 0.7912087912087912 0.2046875 0.8163265306122449 0.209375 0.8178963893249608 0.209375 0.8288854003139717 0.2140625 0.8304552590266876 0.2140625 0.8383045525902669 0.21875 0.8398744113029827 0.21875 0.847723704866562 0.2234375 0.8492935635792779 0.2234375 0.8555729984301413 0.228125 0.8571428571428571 0.228125 0.8649921507064364 0.23125 0.8665620094191523 0.23125 0.869701726844584 0.2359375 0.8712715855572999 0.2359375 0.8791208791208791 0.2390625 0.8791208791208791 0.240625 0.8838304552590267 0.2453125 0.8854003139717426 0.2453125 0.8916797488226059 0.2484375 0.8916797488226059 0.25 0.8963893249607535 0.2546875 0.8979591836734694 0.2578125 0.9058084772370487 0.2625 0.9073783359497645 0.2625 0.9105180533751962 0.2703125 0.9105180533751962 0.271875 0.9136577708006279 0.284375 0.9136577708006279 0.2859375 0.9183673469387755 0.296875 0.9183673469387755 0.2984375 0.9277864992150706 0.3015625 0.9277864992150706 0.303125 0.9324960753532182 0.3078125 0.9340659340659341 0.3078125 0.9372056514913658 0.3140625 0.9372056514913658 0.315625 0.9419152276295133 0.3234375 0.9419152276295133 0.325 0.945054945054945 0.3328125 0.945054945054945 0.334375 0.9497645211930926 0.3453125 0.9497645211930926 0.346875 0.9544740973312402 0.4484375 0.9544740973312402 0.45 0.9497645211930926 0.484375 0.9497645211930926 0.4859375 0.945054945054945 0.5015625 0.945054945054945 0.503125 0.9419152276295133 0.51875 0.9419152276295133 0.5203125 0.9372056514913658 0.5328125 0.9372056514913658 0.534375 0.9324960753532182 0.5453125 0.9324960753532182 0.546875 0.9277864992150706 0.5546875 0.9277864992150706 0.55625 0.9230769230769231 0.5640625 0.9230769230769231 0.5640625 0.9199372056514914 0.56875 0.9183673469387755 0.56875 0.9152276295133438 0.5734375 0.9105180533751962 0.5765625 0.9105180533751962 0.578125 0.9058084772370487 0.590625 0.9058084772370487 0.5921875 0.9010989010989011 0.603125 0.9010989010989011 0.603125 0.8932496075353218 0.6078125 0.8916797488226059 0.609375 0.8869701726844584 0.6265625 0.8838304552590267 0.628125 0.8791208791208791 0.634375 0.8791208791208791 0.6359375 0.8744113029827315 0.64375 0.8744113029827315 0.6453125 0.869701726844584 0.65625 0.869701726844584 0.6578125 0.8649921507064364 0.665625 0.8649921507064364 0.6671875 0.8602825745682888 0.6796875 0.8602825745682888 0.68125 0.8555729984301413 0.6875 0.8555729984301413 0.6890625 0.8524332810047096 0.70625 0.8524332810047096 0.7078125 0.847723704866562 0.7140625 0.847723704866562 0.715625 0.8430141287284144 0.7234375 0.8430141287284144 0.725 0.8383045525902669 0.7328125 0.8383045525902669 0.7328125 0.8351648351648352 0.7375 0.8335949764521193 0.7390625 0.8288854003139717 0.7453125 0.82574568288854 0.7453125 0.8131868131868132 0.75 0.8116169544740973 0.7515625 0.8021978021978022 0.759375 0.7990580847723705 0.759375 0.7912087912087912 0.7640625 0.7896389324960753 0.765625 0.7849293563579278 0.76875 0.7849293563579278 0.76875 0.7723704866562009 0.771875 0.7708006279434851 0.771875 0.6844583987441131 0.76875 0.6828885400313972 0.76875 0.6797488226059655 0.7640625 0.6781789638932496 0.7640625 0.6703296703296703 0.759375 0.6687598116169545 0.759375 0.6609105180533752 0.7546875 0.6593406593406593 0.7546875 0.6530612244897959 0.7515625 0.6530612244897959 0.75 0.6483516483516484 0.7453125 0.6467817896389325 0.7453125 0.6389324960753532 0.7421875 0.6373626373626373 0.7421875 0.6342229199372057 0.7390625 0.6342229199372057 0.7375 0.6295133437990581 0.734375 0.6295133437990581 0.7328125 0.6263736263736264 0.7296875 0.6263736263736264 0.728125 0.6216640502354788 0.7234375 0.6200941915227629 0.7234375 0.6169544740973313 0.71875 0.6153846153846154 0.71875 0.6122448979591837 0.7140625 0.6106750392464678 0.7140625 0.6028257456828885 0.70625 0.598116169544741 0.70625 0.5949764521193093 0.7015625 0.5934065934065934 0.7015625 0.5855572998430141 0.6984375 0.5855572998430141 0.696875 0.5808477237048666 0.6921875 0.5792778649921507 0.6921875 0.576138147566719 0.6875 0.5745682888540031 0.6875 0.5714285714285714 0.6796875 0.5698587127158555 0.6796875 0.5635792778649922 0.6765625 0.5635792778649922 0.675 0.5588697017268446 0.6703125 0.5572998430141287 0.6703125 0.554160125588697 0.665625 0.5525902668759811 0.665625 0.5447409733124019 0.65625 0.5400313971742543 0.65625 0.5368916797488226 0.653125 0.5353218210361067 0.653125 0.5274725274725275 0.65 0.5274725274725275 0.6484375 0.5227629513343799 0.64375 0.521193092621664 0.64375 0.5149136577708007 0.6390625 0.5133437990580848 0.6390625 0.5102040816326531 0.634375 0.5086342229199372 0.634375 0.5007849293563579 0.63125 0.5007849293563579 0.6296875 0.49607535321821034 0.6265625 0.4945054945054945 0.6265625 0.48665620094191525 0.61875 0.4835164835164835 0.6171875 0.478806907378336 0.6078125 0.4772370486656201 0.6078125 0.46938775510204084 0.6046875 0.46938775510204084 0.603125 0.46467817896389324 0.5984375 0.4631083202511774 0.5984375 0.4599686028257457 0.5953125 0.45839874411302983 0.5953125 0.4521193092621664 0.590625 0.45054945054945056 0.590625 0.4474097331240188 0.5828125 0.4474097331240188 0.58125 0.4427001569858713 0.5765625 0.4411302982731554 0.5765625 0.4379905808477237 0.571875 0.4364207221350079 0.56875 0.42857142857142855 0.565625 0.42857142857142855 0.5640625 0.42543171114599687 0.55625 0.42543171114599687 0.5546875 0.4207221350078493 0.55 0.41915227629513346 0.55 0.41601255886970173 0.5453125 0.41444270015698587 0.5453125 0.41130298273155413 0.5390625 0.41130298273155413 0.5375 0.4065934065934066 0.5296875 0.4065934065934066 0.528125 0.40188383045525905 0.5203125 0.40188383045525905 0.51875 0.3987441130298273 0.5125 0.3987441130298273 0.5109375 0.3940345368916798 0.4984375 0.3940345368916798 0.496875 0.3893249607535322 0.4890625 0.3893249607535322 0.4875 0.38461538461538464 0.4765625 0.38461538461538464 0.475 0.37990580847723704 0.4625 0.37990580847723704 0.4609375 0.3751962323390895 0.409375 0.3751962323390895 0.4078125 0.37205651491365777 0.396875 0.37205651491365777 0.396875 0.37362637362637363 0.3953125 0.3751962323390895 0.35625 0.3751962323390895
1 0.428125 0 0.428125 0.0015698587127158557 0.4265625 0.004709576138147566 0.4234375 0.004709576138147566 0.4234375 0.04395604395604396 0.41875 0.04552590266875981 0.41875 0.0565149136577708 0.4140625 0.058084772370486655 0.4140625 0.06593406593406594 0.409375 0.06750392464678179 0.4078125 0.07221350078492936 0.4046875 0.07221350078492936 0.403125 0.07692307692307693 0.4 0.07692307692307693 0.4 0.0847723704866562 0.3953125 0.08948194662480377 0.3921875 0.08948194662480377 0.390625 0.09419152276295134 0.3828125 0.09419152276295134 0.38125 0.08948194662480377 0.3765625 0.08791208791208792 0.3765625 0.08163265306122448 0.36875 0.08006279434850863 0.36875 0.07221350078492936 0.3640625 0.0706436420722135 0.3640625 0.06279434850863422 0.359375 0.061224489795918366 0.359375 0.054945054945054944 0.3546875 0.05337519623233909 0.3546875 0.04552590266875981 0.3515625 0.04552590266875981 0.35 0.04081632653061224 0.3453125 0.03924646781789639 0.3453125 0.03139717425431711 0.3421875 0.029827315541601257 0.3421875 0.023547880690737835 0.3296875 0.023547880690737835 0.328125 0.0282574568288854 0.3203125 0.03139717425431711 0.31875 0.03610675039246468 0.315625 0.03610675039246468 0.315625 0.03924646781789639 0.3125 0.04081632653061224 0.3125 0.04866562009419152 0.3078125 0.05023547880690738 0.30625 0.054945054945054944 0.303125 0.054945054945054944 0.303125 0.06593406593406594 0.2984375 0.06750392464678179 0.2984375 0.08791208791208792 0.29375 0.08948194662480377 0.29375 0.11145996860282574 0.2890625 0.1130298273155416 0.2890625 0.15070643642072212 0.29375 0.152276295133438 0.29375 0.16483516483516483 0.2984375 0.1664050235478807 0.2984375 0.17739403453689168 0.303125 0.17896389324960754 0.303125 0.19152276295133439 0.3078125 0.19309262166405022 0.3078125 0.19937205651491366 0.3109375 0.19937205651491366 0.3125 0.20408163265306123 0.315625 0.20565149136577707 0.315625 0.21350078492935637 0.31875 0.21350078492935637 0.3203125 0.21821036106750394 0.325 0.21978021978021978 0.325 0.22291993720565148 0.3296875 0.22448979591836735 0.3296875 0.23076923076923078 0.334375 0.23233908948194662 0.334375 0.2401883830455259 0.3375 0.2401883830455259 0.3390625 0.24489795918367346 0.3421875 0.24489795918367346 0.34375 0.24960753532182103 0.346875 0.25117739403453687 0.346875 0.2543171114599686 0.3515625 0.25588697017268447 0.3515625 0.2621664050235479 0.35625 0.26373626373626374 0.35625 0.271585557299843 0.3609375 0.2731554160125589 0.3609375 0.28100470957613816 0.36875 0.28414442700156983 0.3703125 0.28885400313971743 0.3765625 0.28885400313971743 0.378125 0.29356357927786497 0.3828125 0.29513343799058084 0.3828125 0.29827315541601257 0.3875 0.29984301412872844 0.3875 0.3076923076923077 0.390625 0.3076923076923077 0.3921875 0.31240188383045525 0.3953125 0.31240188383045525 0.4 0.31711145996860285 0.4 0.3202511773940345 0.4046875 0.3218210361067504 0.4046875 0.3249607535321821 0.409375 0.32653061224489793 0.409375 0.32967032967032966 0.4171875 0.32967032967032966 0.41875 0.33437990580847726 0.4234375 0.3359497645211931 0.4234375 0.3390894819466248 0.4265625 0.3390894819466248 0.43125 0.34379905808477235 0.43125 0.3516483516483517 0.434375 0.3516483516483517 0.4359375 0.3563579277864992 0.440625 0.3579277864992151 0.440625 0.36577708006279436 0.45625 0.36577708006279436 0.4578125 0.3704866562009419 0.4703125 0.3704866562009419 0.471875 0.37362637362637363 0.484375 0.37362637362637363 0.4859375 0.3783359497645212 0.49375 0.37990580847723704 0.49375 0.38304552590266877 0.5328125 0.38304552590266877 0.534375 0.3877551020408163 0.559375 0.3877551020408163 0.5609375 0.38304552590266877 0.590625 0.38304552590266877 0.5921875 0.3783359497645212 0.603125 0.3783359497645212 0.603125 0.3751962323390895 0.6078125 0.37362637362637363 0.609375 0.3704866562009419 0.6171875 0.3704866562009419 0.61875 0.36577708006279436 0.621875 0.36577708006279436 0.621875 0.3579277864992151 0.6265625 0.3563579277864992 0.63125 0.3469387755102041 0.634375 0.3469387755102041 0.634375 0.34065934065934067 0.6390625 0.3390894819466248 0.640625 0.33437990580847726 0.64375 0.33437990580847726 0.6453125 0.32967032967032966 0.6484375 0.32967032967032966 0.6484375 0.3218210361067504 0.653125 0.3202511773940345 0.653125 0.31711145996860285 0.65625 0.315541601255887 0.65625 0.3092621664050236 0.6609375 0.3076923076923077 0.6609375 0.2904238618524333 0.665625 0.28885400313971743 0.665625 0.2778649921507064 0.6703125 0.27629513343799056 0.6703125 0.26373626373626374 0.675 0.2621664050235479 0.6765625 0.2543171114599686 0.6796875 0.2543171114599686 0.6796875 0.24646781789638933 0.684375 0.24489795918367346 0.684375 0.23233908948194662 0.6875 0.23076923076923078 0.6875 0.21036106750392464 0.6921875 0.2087912087912088 0.6921875 0.1978021978021978 0.696875 0.19623233908948196 0.696875 0.1836734693877551 0.7015625 0.18210361067503925 0.7015625 0.15698587127158556 0.70625 0.1554160125588697 0.70625 0.10832025117739404 0.7015625 0.10675039246467818 0.7015625 0.09419152276295134 0.696875 0.09262166405023547 0.696875 0.06750392464678179 0.6921875 0.06593406593406594 0.6921875 0.054945054945054944 0.6875 0.05337519623233909 0.6875 0.04081632653061224 0.684375 0.03924646781789639 0.684375 0.03139717425431711 0.6796875 0.029827315541601257 0.6796875 0.023547880690737835 0.6765625 0.023547880690737835 0.675 0.018838304552590265 0.6703125 0.01726844583987441 0.6703125 0.0141287284144427 0.665625 0.012558869701726845 0.665625 0.009419152276295133 0.6609375 0.007849293563579277 0.6609375 0 0.5390625 0 0.5375 0.004709576138147566 0.4984375 0.004709576138147566 0.496875 0 0.428125 0