6 0.8414096916299559 0 0.8414096916299559 0.0140625 0.8480176211453745 0.015625 0.8480176211453745 0.025 0.8524229074889867 0.0265625 0.8524229074889867 0.040625 0.8590308370044053 0.0421875 0.8590308370044053 0.0515625 0.8634361233480177 0.053125 0.8634361233480177 0.0625 0.8678414096916299 0.0640625 0.8678414096916299 0.08125 0.8744493392070485 0.0828125 0.8744493392070485 0.096875 0.8788546255506607 0.0984375 0.8788546255506607 0.115625 0.8854625550660793 0.1171875 0.8854625550660793 0.1390625 0.8898678414096917 0.140625 0.8898678414096917 0.1640625 0.8942731277533039 0.165625 0.8942731277533039 0.1828125 0.9008810572687225 0.184375 0.9008810572687225 0.1953125 0.9052863436123348 0.196875 0.9052863436123348 0.2015625 0.9118942731277533 0.203125 0.9118942731277533 0.2171875 0.9162995594713657 0.21875 0.9162995594713657 0.2390625 0.920704845814978 0.240625 0.920704845814978 0.265625 0.9273127753303965 0.2671875 0.9273127753303965 0.2734375 0.9295154185022027 0.2734375 0.9295154185022027 0.2671875 0.9361233480176211 0.265625 0.9361233480176211 0.240625 0.9295154185022027 0.2390625 0.9295154185022027 0.2 0.9251101321585903 0.1984375 0.9251101321585903 0.178125 0.9185022026431718 0.1765625 0.9185022026431718 0.1625 0.9140969162995595 0.1609375 0.9140969162995595 0.1328125 0.9096916299559471 0.13125 0.9096916299559471 0.1140625 0.9030837004405287 0.1125 0.9030837004405287 0.090625 0.8986784140969163 0.0890625 0.8986784140969163 0.0796875 0.8920704845814978 0.078125 0.8920704845814978 0.0640625 0.8876651982378855 0.0625 0.8876651982378855 0.053125 0.8832599118942731 0.0515625 0.8832599118942731 0.0421875 0.8766519823788547 0.040625 0.8766519823788547 0.0265625 0.8722466960352423 0.025 0.8722466960352423 0.015625 0.8656387665198237 0.0140625 0.8656387665198237 0.0046875 0.8612334801762115 0.003125 0.8612334801762115 0 0.8590308370044053 0 0.8414096916299559 0
6 0.73568281938326 0 0.73568281938326 0.0015625 0.73568281938326 0.01875 0.7422907488986784 0.0203125 0.7422907488986784 0.0328125 0.7466960352422908 0.034375 0.7466960352422908 0.0484375 0.7533039647577092 0.05 0.7533039647577092 0.0625 0.7577092511013216 0.0640625 0.7577092511013216 0.0859375 0.762114537444934 0.0875 0.762114537444934 0.1 0.7687224669603524 0.1015625 0.7687224669603524 0.11875 0.7731277533039648 0.1203125 0.7731277533039648 0.1390625 0.7797356828193832 0.140625 0.7797356828193832 0.153125 0.7841409691629956 0.1546875 0.7841409691629956 0.1578125 0.7973568281938326 0.1578125 0.7995594713656388 0.153125 0.8039647577092511 0.153125 0.8039647577092511 0.146875 0.8083700440528634 0.14375 0.8039647577092511 0.1421875 0.8039647577092511 0.125 0.7973568281938326 0.1234375 0.7973568281938326 0.1015625 0.7929515418502202 0.1 0.7929515418502202 0.0828125 0.7863436123348018 0.08125 0.7863436123348018 0.06875 0.7819383259911894 0.0671875 0.7819383259911894 0.0609375 0.7775330396475771 0.059375 0.7775330396475771 0.0453125 0.7709251101321586 0.04375 0.7709251101321586 0.03125 0.7665198237885462 0.0296875 0.7665198237885462 0.0125 0.7599118942731278 0.0109375 0.7599118942731278 0 0.73568281938326 0
6 0 0.4609375 0.019823788546255508 0.4609375 0.022026431718061675 0.4578125 0.030837004405286344 0.4578125 0.037444933920704845 0.45 0.05286343612334802 0.45 0.05506607929515418 0.446875 0.06167400881057269 0.446875 0.06387665198237885 0.4421875 0.07268722466960352 0.4421875 0.07488986784140969 0.4390625 0.08370044052863436 0.4390625 0.08590308370044053 0.4359375 0.09911894273127753 0.4359375 0.1013215859030837 0.43125 0.11013215859030837 0.43125 0.11233480176211454 0.428125 0.1211453744493392 0.428125 0.12334801762114538 0.4234375 0.14096916299559473 0.4234375 0.14317180616740088 0.4203125 0.15198237885462554 0.4203125 0.15418502202643172 0.4171875 0.16740088105726872 0.4171875 0.1696035242290749 0.4125 0.18502202643171806 0.4125 0.18722466960352424 0.409375 0.20044052863436124 0.409375 0.2026431718061674 0.4046875 0.21585903083700442 0.4046875 0.21806167400881057 0.4015625 0.23127753303964757 0.4015625 0.23348017621145375 0.3984375 0.24669603524229075 0.3984375 0.2488986784140969 0.39375 0.2533039647577093 0.39375 0.2533039647577093 0.3875 0.2444933920704846 0.3875 0.2422907488986784 0.384375 0.2290748898678414 0.384375 0.2290748898678414 0.3859375 0.22687224669603523 0.3875 0.2026431718061674 0.3875 0.20044052863436124 0.3921875 0.18061674008810572 0.3921875 0.17841409691629956 0.3953125 0.16519823788546256 0.3953125 0.16299559471365638 0.4 0.14977973568281938 0.4 0.14757709251101322 0.403125 0.13876651982378854 0.403125 0.13656387665198239 0.40625 0.12334801762114538 0.40625 0.12334801762114538 0.409375 0.11674008810572688 0.4109375 0.1145374449339207 0.4140625 0.1013215859030837 0.4140625 0.09911894273127753 0.41875 0.08590308370044053 0.41875 0.08370044052863436 0.421875 0.07488986784140969 0.421875 0.07268722466960352 0.425 0.06387665198237885 0.425 0.06167400881057269 0.4296875 0.05506607929515418 0.4296875 0.05286343612334802 0.4328125 0.037444933920704845 0.4328125 0.03524229074889868 0.4375 0.028634361233480177 0.4375 0.02643171806167401 0.440625 0.011013215859030838 0.440625 0.00881057268722467 0.44375 0 0.44375 0 0.4609375
6 0 0.2171875 0.00881057268722467 0.2171875 0.011013215859030838 0.2203125 0.02643171806167401 0.2203125 0.028634361233480177 0.225 0.037444933920704845 0.2296875 0.037444933920704845 0.2328125 0.046255506607929514 0.2328125 0.048458149779735685 0.228125 0.05286343612334802 0.228125 0.05286343612334802 0.215625 0.048458149779735685 0.215625 0.04185022026431718 0.2078125 0.03524229074889868 0.20625 0.03524229074889868 0.203125 0.028634361233480177 0.203125 0.02643171806167401 0.2 0.01762114537444934 0.2 0.015418502202643172 0.196875 0 0.196875 0 0.1984375 0 0.2171875
6 0.9383259911894273 0.45625 0.9361233480176211 0.459375 0.9317180616740088 0.459375 0.9251101321585903 0.4671875 0.9162995594713657 0.4671875 0.9162995594713657 0.4734375 0.9118942731277533 0.475 0.9118942731277533 0.4796875 0.9052863436123348 0.48125 0.9052863436123348 0.484375 0.9008810572687225 0.4859375 0.9008810572687225 0.4921875 0.8942731277533039 0.49375 0.8942731277533039 0.4984375 0.8898678414096917 0.5 0.8898678414096917 0.5109375 0.8854625550660793 0.5125 0.8854625550660793 0.525 0.8788546255506607 0.5265625 0.8788546255506607 0.54375 0.8744493392070485 0.5453125 0.8744493392070485 0.6265625 0.8788546255506607 0.628125 0.8788546255506607 0.63125 0.8876651982378855 0.63125 0.8876651982378855 0.628125 0.8920704845814978 0.6265625 0.8920704845814978 0.6140625 0.8986784140969163 0.6125 0.8986784140969163 0.5953125 0.8920704845814978 0.59375 0.8920704845814978 0.5640625 0.8986784140969163 0.5625 0.8986784140969163 0.5390625 0.9030837004405287 0.5375 0.9030837004405287 0.5265625 0.9096916299559471 0.525 0.9096916299559471 0.515625 0.9140969162995595 0.5140625 0.9140969162995595 0.5046875 0.9185022026431718 0.503125 0.9185022026431718 0.496875 0.9251101321585903 0.4953125 0.9251101321585903 0.4890625 0.9295154185022027 0.4875 0.9295154185022027 0.48125 0.9405286343612335 0.4765625 0.9405286343612335 0.4703125 0.947136563876652 0.465625 0.9515418502202643 0.465625 0.9515418502202643 0.4625 0.9559471365638766 0.4609375 0.9559471365638766 0.4515625 0.947136563876652 0.4515625 0.947136563876652 0.453125 0.9449339207048458 0.45625 0.9383259911894273 0.45625
6 0 0.653125 0.006607929515418502 0.6546875 0.006607929515418502 0.6609375 0.01762114537444934 0.665625 0.01762114537444934 0.671875 0.022026431718061675 0.6734375 0.022026431718061675 0.6796875 0.028634361233480177 0.68125 0.028634361233480177 0.6875 0.03303964757709251 0.6890625 0.03303964757709251 0.6953125 0.04405286343612335 0.7 0.04405286343612335 0.70625 0.048458149779735685 0.709375 0.05506607929515418 0.7109375 0.05506607929515418 0.7171875 0.05947136563876652 0.71875 0.05947136563876652 0.725 0.06387665198237885 0.7265625 0.06387665198237885 0.7328125 0.07048458149779736 0.734375 0.07048458149779736 0.7390625 0.07488986784140969 0.740625 0.07488986784140969 0.746875 0.08149779735682819 0.7484375 0.08149779735682819 0.7546875 0.09030837004405286 0.7609375 0.09030837004405286 0.7703125 0.09691629955947137 0.771875 0.09691629955947137 0.778125 0.11233480176211454 0.7859375 0.11233480176211454 0.7921875 0.11674008810572688 0.79375 0.11674008810572688 0.8078125 0.12334801762114538 0.809375 0.12334801762114538 0.81875 0.1277533039647577 0.8203125 0.1277533039647577 0.8265625 0.1343612334801762 0.828125 0.1343612334801762 0.834375 0.13876651982378854 0.8359375 0.13876651982378854 0.840625 0.14317180616740088 0.8421875 0.14317180616740088 0.8484375 0.14977973568281938 0.85 0.14977973568281938 0.859375 0.15418502202643172 0.8609375 0.15418502202643172 0.8671875 0.16079295154185022 0.86875 0.16079295154185022 0.8796875 0.16519823788546256 0.88125 0.16519823788546256 0.8859375 0.1696035242290749 0.8875 0.1696035242290749 0.89375 0.1762114537444934 0.8953125 0.1762114537444934 0.9046875 0.18061674008810572 0.90625 0.18061674008810572 0.9171875 0.18722466960352424 0.91875 0.18722466960352424 0.928125 0.19162995594713655 0.9296875 0.19162995594713655 0.9421875 0.1960352422907489 0.94375 0.1960352422907489 0.9546875 0.2026431718061674 0.95625 0.2026431718061674 0.965625 0.20704845814977973 0.9671875 0.20704845814977973 0.9765625 0.21365638766519823 0.978125 0.21365638766519823 0.9875 0.21806167400881057 0.9890625 0.21806167400881057 0.9984375 0.2577092511013216 0.9984375 0.2577092511013216 0.9859375 0.2533039647577093 0.984375 0.2533039647577093 0.9703125 0.24669603524229075 0.96875 0.24669603524229075 0.959375 0.2422907488986784 0.9578125 0.2422907488986784 0.9484375 0.23788546255506607 0.946875 0.23788546255506607 0.9375 0.23127753303964757 0.9359375 0.23127753303964757 0.925 0.22687224669603523 0.9234375 0.22687224669603523 0.91875 0.22026431718061673 0.9171875 0.22026431718061673 0.90625 0.21585903083700442 0.9046875 0.21585903083700442 0.9 0.21145374449339208 0.8984375 0.21145374449339208 0.8921875 0.20484581497797358 0.890625 0.20484581497797358 0.88125 0.20044052863436124 0.8796875 0.20044052863436124 0.86875 0.19383259911894274 0.8671875 0.19383259911894274 0.8609375 0.1894273127753304 0.859375 0.1894273127753304 0.8546875 0.18502202643171806 0.853125 0.18502202643171806 0.846875 0.17841409691629956 0.8453125 0.17841409691629956 0.8390625 0.17400881057268722 0.8375 0.17400881057268722 0.83125 0.16740088105726872 0.8296875 0.16740088105726872 0.8234375 0.16299559471365638 0.821875 0.16299559471365638 0.8171875 0.15859030837004406 0.815625 0.15859030837004406 0.809375 0.15198237885462554 0.8078125 0.15198237885462554 0.7984375 0.14757709251101322 0.796875 0.14757709251101322 0.790625 0.14096916299559473 0.7890625 0.14096916299559473 0.7828125 0.13656387665198239 0.78125 0.13656387665198239 0.775 0.13215859030837004 0.7734375 0.13215859030837004 0.7671875 0.12555066079295155 0.765625 0.12555066079295155 0.7609375 0.1211453744493392 0.759375 0.1211453744493392 0.75625 0.1145374449339207 0.7546875 0.1145374449339207 0.7484375 0.11013215859030837 0.746875 0.11013215859030837 0.740625 0.10572687224669604 0.7390625 0.10572687224669604 0.734375 0.1013215859030837 0.734375 0.09911894273127753 0.7296875 0.0947136563876652 0.728125 0.0947136563876652 0.721875 0.0881057268722467 0.7203125 0.0881057268722467 0.715625 0.08370044052863436 0.7140625 0.08370044052863436 0.7078125 0.07929515418502203 0.70625 0.07929515418502203 0.7 0.07268722466960352 0.6984375 0.07268722466960352 0.6921875 0.06167400881057269 0.6875 0.06167400881057269 0.68125 0.05726872246696035 0.6796875 0.05726872246696035 0.6734375 0.05286343612334802 0.671875 0.05286343612334802 0.665625 0.048458149779735685 0.665625 0.04185022026431718 0.659375 0.03524229074889868 0.6578125 0.03524229074889868 0.6515625 0.030837004405286344 0.65 0.030837004405286344 0.64375 0.019823788546255508 0.6390625 0.019823788546255508 0.6328125 0.015418502202643172 0.63125 0.015418502202643172 0.628125 0.00881057268722467 0.6265625 0.00881057268722467 0.6203125 0 0.6203125 0 0.621875 0 0.653125
6 0.05947136563876652 0.2453125 0.05947136563876652 0.2515625 0.06387665198237885 0.253125 0.06387665198237885 0.2625 0.07048458149779736 0.2640625 0.07048458149779736 0.2734375 0.07488986784140969 0.275 0.07488986784140969 0.2890625 0.08149779735682819 0.290625 0.08149779735682819 0.3 0.08590308370044053 0.3015625 0.08590308370044053 0.3078125 0.09030837004405286 0.309375 0.09030837004405286 0.315625 0.09691629955947137 0.3171875 0.09691629955947137 0.321875 0.1013215859030837 0.3234375 0.1013215859030837 0.3265625 0.10572687224669604 0.3265625 0.10792951541850221 0.3296875 0.1145374449339207 0.3296875 0.11674008810572688 0.334375 0.1211453744493392 0.334375 0.1277533039647577 0.340625 0.1343612334801762 0.3421875 0.1343612334801762 0.3453125 0.14096916299559473 0.3453125 0.14317180616740088 0.3484375 0.14757709251101322 0.3484375 0.14977973568281938 0.353125 0.15859030837004406 0.353125 0.16519823788546256 0.359375 0.17400881057268722 0.359375 0.1762114537444934 0.3640625 0.18502202643171806 0.3640625 0.18722466960352424 0.3671875 0.19383259911894274 0.3671875 0.1960352422907489 0.371875 0.20484581497797358 0.371875 0.20704845814977973 0.375 0.21585903083700442 0.375 0.21806167400881057 0.3796875 0.22687224669603523 0.3796875 0.2290748898678414 0.3828125 0.2422907488986784 0.3828125 0.2444933920704846 0.3859375 0.2533039647577093 0.3859375 0.2599118942731278 0.39375 0.27312775330396477 0.39375 0.2753303964757709 0.3984375 0.2841409691629956 0.3984375 0.28634361233480177 0.4015625 0.29515418502202645 0.4015625 0.2973568281938326 0.4046875 0.30616740088105726 0.4046875 0.30837004405286345 0.409375 0.31718061674008813 0.409375 0.31938325991189426 0.4125 0.33259911894273125 0.4125 0.33480176211453744 0.4171875 0.3524229074889868 0.4171875 0.35462555066079293 0.4203125 0.3634361233480176 0.4203125 0.3656387665198238 0.4234375 0.3744493392070485 0.4234375 0.3766519823788546 0.428125 0.3898678414096916 0.428125 0.3920704845814978 0.43125 0.4118942731277533 0.43125 0.41409691629955947 0.4359375 0.42290748898678415 0.4359375 0.4251101321585903 0.4390625 0.43171806167400884 0.4390625 0.43392070484581496 0.4421875 0.44273127753303965 0.4421875 0.44493392070484583 0.446875 0.45374449339207046 0.446875 0.45594713656387664 0.45 0.4845814977973568 0.45 0.486784140969163 0.4546875 0.5066079295154186 0.4546875 0.5066079295154186 0.4515625 0.513215859030837 0.45 0.513215859030837 0.4484375 0.5088105726872246 0.4484375 0.5066079295154186 0.44375 0.5022026431718062 0.440625 0.4977973568281938 0.440625 0.4955947136563877 0.4375 0.486784140969163 0.4375 0.4845814977973568 0.4328125 0.4779735682819383 0.4328125 0.47577092511013214 0.4296875 0.460352422907489 0.4296875 0.4581497797356828 0.425 0.44493392070484583 0.425 0.44273127753303965 0.421875 0.43392070484581496 0.421875 0.43171806167400884 0.41875 0.4185022026431718 0.41875 0.41629955947136565 0.4140625 0.40308370044052866 0.4140625 0.3964757709251101 0.409375 0.3964757709251101 0.40625 0.3920704845814978 0.40625 0.3898678414096916 0.403125 0.3722466960352423 0.403125 0.3700440528634361 0.4 0.35462555066079293 0.4 0.3524229074889868 0.3953125 0.3392070484581498 0.3953125 0.3370044052863436 0.3921875 0.3237885462555066 0.3921875 0.32158590308370044 0.3875 0.31277533039647576 0.3875 0.31057268722466963 0.384375 0.30176211453744495 0.384375 0.29955947136563876 0.38125 0.29295154185022027 0.38125 0.2907488986784141 0.3765625 0.28193832599118945 0.3765625 0.27973568281938327 0.3734375 0.2709251101321586 0.3734375 0.2687224669603524 0.36875 0.2555066079295154 0.36875 0.2533039647577093 0.365625 0.24669603524229075 0.3640625 0.24669603524229075 0.3609375 0.24008810572687225 0.3609375 0.23788546255506607 0.3578125 0.2290748898678414 0.3578125 0.22687224669603523 0.3546875 0.21365638766519823 0.3546875 0.21145374449339208 0.35 0.2026431718061674 0.35 0.20044052863436124 0.346875 0.1960352422907489 0.346875 0.19383259911894274 0.3421875 0.18722466960352424 0.3421875 0.18502202643171806 0.3390625 0.1762114537444934 0.3390625 0.17400881057268722 0.3359375 0.1696035242290749 0.3359375 0.16299559471365638 0.328125 0.15418502202643172 0.328125 0.14757709251101322 0.3203125 0.13876651982378854 0.3203125 0.13215859030837004 0.315625 0.13215859030837004 0.3125 0.1277533039647577 0.3125 0.1211453744493392 0.3078125 0.1211453744493392 0.3015625 0.1145374449339207 0.3 0.1145374449339207 0.29375 0.11013215859030837 0.2921875 0.11013215859030837 0.2828125 0.10572687224669604 0.28125 0.10572687224669604 0.271875 0.09911894273127753 0.2703125 0.09911894273127753 0.2640625 0.0947136563876652 0.2625 0.0947136563876652 0.253125 0.0881057268722467 0.2515625 0.0881057268722467 0.2453125 0.08370044052863436 0.24375 0.08370044052863436 0.234375 0.07929515418502203 0.2328125 0.07929515418502203 0.2265625 0.07268722466960352 0.225 0.07268722466960352 0.2109375 0.06828193832599119 0.2078125 0.05506607929515418 0.2078125 0.05506607929515418 0.209375 0.05506607929515418 0.24375 0.05947136563876652 0.2453125
2 0.9273127753303965 0.865625 0.9251101321585903 0.86875 0.9162995594713657 0.86875 0.9140969162995595 0.8734375 0.8942731277533039 0.8734375 0.8876651982378855 0.88125 0.8788546255506607 0.88125 0.8766519823788547 0.884375 0.8678414096916299 0.884375 0.8656387665198237 0.8875 0.8524229074889867 0.8875 0.8524229074889867 0.9203125 0.8590308370044053 0.921875 0.8590308370044053 0.928125 0.8634361233480177 0.9296875 0.8634361233480177 0.9359375 0.8678414096916299 0.9375 0.8678414096916299 0.9421875 0.8744493392070485 0.94375 0.8744493392070485 0.946875 0.8832599118942731 0.946875 0.8942731277533039 0.9578125 0.8986784140969163 0.9578125 0.9052863436123348 0.9625 0.9052863436123348 0.965625 0.9140969162995595 0.965625 0.9162995594713657 0.96875 0.9251101321585903 0.96875 0.9273127753303965 0.9734375 0.9361233480176211 0.9734375 0.947136563876652 0.98125 0.947136563876652 0.984375 0.9515418502202643 0.984375 0.9537444933920705 0.9875 0.9625550660792952 0.9875 0.9691629955947136 0.9953125 0.9977973568281938 0.9953125 0.9977973568281938 0.9484375 0.9933920704845814 0.946875 0.9933920704845814 0.940625 0.9977973568281938 0.9390625 0.9977973568281938 0.865625 0.9933920704845814 0.8640625 0.9933920704845814 0.8609375 0.9383259911894273 0.8609375 0.9383259911894273 0.8625 0.9361233480176211 0.865625 0.9273127753303965 0.865625
2 0 0.4234375 0.015418502202643172 0.4234375 0.01762114537444934 0.4203125 0.02643171806167401 0.4203125 0.030837004405286344 0.4171875 0.030837004405286344 0.4140625 0.03524229074889868 0.4125 0.03524229074889868 0.40625 0.046255506607929514 0.4015625 0.046255506607929514 0.3953125 0.05286343612334802 0.39375 0.05506607929515418 0.390625 0.06167400881057269 0.390625 0.06387665198237885 0.3859375 0.06828193832599119 0.3859375 0.06828193832599119 0.38125 0.07268722466960352 0.3796875 0.07268722466960352 0.3765625 0.07929515418502203 0.375 0.07929515418502203 0.36875 0.08370044052863436 0.3671875 0.08370044052863436 0.33125 0.07929515418502203 0.3296875 0.07929515418502203 0.3203125 0.07268722466960352 0.31875 0.07268722466960352 0.309375 0.05726872246696035 0.2984375 0.04405286343612335 0.2984375 0.04185022026431718 0.29375 0.037444933920704845 0.29375 0.03524229074889868 0.290625 0.02643171806167401 0.2890625 0.02643171806167401 0.2859375 0 0.2859375 0 0.2875 0 0.4234375
2 0.45594713656387664 0.5046875 0.45374449339207046 0.5078125 0.43392070484581496 0.5078125 0.43171806167400884 0.5125 0.41409691629955947 0.5125 0.4118942731277533 0.515625 0.3920704845814978 0.515625 0.3898678414096916 0.5203125 0.381057268722467 0.5203125 0.3788546255506608 0.5234375 0.3722466960352423 0.5234375 0.3700440528634361 0.5265625 0.36123348017621143 0.5265625 0.3590308370044053 0.53125 0.3458149779735683 0.53125 0.3436123348017621 0.534375 0.33480176211453744 0.534375 0.33259911894273125 0.5390625 0.31938325991189426 0.5390625 0.31718061674008813 0.5421875 0.30837004405286345 0.5421875 0.30616740088105726 0.5453125 0.29295154185022027 0.5453125 0.2907488986784141 0.55 0.28193832599118945 0.55 0.27973568281938327 0.553125 0.2753303964757709 0.553125 0.2753303964757709 0.55625 0.2687224669603524 0.5609375 0.2599118942731278 0.5609375 0.2555066079295154 0.5640625 0.2533039647577093 0.571875 0.2444933920704846 0.571875 0.2444933920704846 0.575 0.23788546255506607 0.5796875 0.2290748898678414 0.5796875 0.22687224669603523 0.5828125 0.22246696035242292 0.5828125 0.22246696035242292 0.5859375 0.21365638766519823 0.590625 0.21365638766519823 0.59375 0.20704845814977973 0.5953125 0.20704845814977973 0.6 0.2026431718061674 0.6015625 0.2026431718061674 0.6046875 0.19162995594713655 0.609375 0.19162995594713655 0.615625 0.18722466960352424 0.6171875 0.18722466960352424 0.6265625 0.18061674008810572 0.628125 0.18061674008810572 0.634375 0.1762114537444934 0.6359375 0.1762114537444934 0.653125 0.1696035242290749 0.6546875 0.1696035242290749 0.6765625 0.16519823788546256 0.678125 0.16519823788546256 0.6828125 0.16079295154185022 0.684375 0.16079295154185022 0.6984375 0.16299559471365638 0.6984375 0.16299559471365638 0.6921875 0.1696035242290749 0.6875 0.17400881057268722 0.6875 0.17400881057268722 0.684375 0.18061674008810572 0.6796875 0.19383259911894274 0.6796875 0.1960352422907489 0.6765625 0.2533039647577093 0.6765625 0.2555066079295154 0.671875 0.2643171806167401 0.671875 0.2665198237885463 0.66875 0.27973568281938327 0.66875 0.28193832599118945 0.6640625 0.29955947136563876 0.6640625 0.30176211453744495 0.6609375 0.32599118942731276 0.6609375 0.32819383259911894 0.6578125 0.33259911894273125 0.6578125 0.33259911894273125 0.6546875 0.3392070484581498 0.65 0.3436123348017621 0.65 0.3458149779735683 0.6453125 0.3524229074889868 0.6453125 0.35462555066079293 0.6421875 0.3590308370044053 0.6421875 0.36123348017621143 0.634375 0.3700440528634361 0.634375 0.3766519823788546 0.6265625 0.3854625550660793 0.6265625 0.3854625550660793 0.6203125 0.3920704845814978 0.615625 0.3964757709251101 0.615625 0.3986784140969163 0.6125 0.4052863436123348 0.6125 0.40748898678414097 0.6046875 0.41629955947136565 0.6046875 0.4185022026431718 0.6 0.42290748898678415 0.6 0.42290748898678415 0.5953125 0.42731277533039647 0.59375 0.42731277533039647 0.590625 0.43392070484581496 0.5859375 0.43832599118942733 0.5859375 0.43832599118942733 0.5828125 0.44493392070484583 0.578125 0.44933920704845814 0.578125 0.45154185022026433 0.575 0.4581497797356828 0.575 0.460352422907489 0.5703125 0.46916299559471364 0.5703125 0.4713656387665198 0.5671875 0.47577092511013214 0.5671875 0.47577092511013214 0.5640625 0.486784140969163 0.55625 0.4955947136563877 0.55625 0.4977973568281938 0.5515625 0.5022026431718062 0.5515625 0.5022026431718062 0.5234375 0.5088105726872246 0.51875 0.513215859030837 0.51875 0.5154185022026432 0.5109375 0.5220264317180616 0.5109375 0.5220264317180616 0.5046875 0.5176211453744494 0.503125 0.5176211453744494 0.5 0.4713656387665198 0.5 0.4713656387665198 0.5015625 0.46916299559471364 0.5046875 0.45594713656387664 0.5046875
2 0.3237885462555066 0.2109375 0.3237885462555066 0.2140625 0.31718061674008813 0.21875 0.31277533039647576 0.21875 0.31277533039647576 0.225 0.30837004405286345 0.2265625 0.30837004405286345 0.2625 0.31277533039647576 0.265625 0.32158590308370044 0.265625 0.32819383259911894 0.2734375 0.33480176211453744 0.275 0.33480176211453744 0.278125 0.3436123348017621 0.278125 0.3458149779735683 0.28125 0.3590308370044053 0.28125 0.3656387665198238 0.2859375 0.3656387665198238 0.2890625 0.3854625550660793 0.2890625 0.3876651982378855 0.2921875 0.4008810572687225 0.2921875 0.40308370044052866 0.2890625 0.41629955947136565 0.2890625 0.4185022026431718 0.284375 0.42290748898678415 0.284375 0.42290748898678415 0.2671875 0.41629955947136565 0.265625 0.41629955947136565 0.253125 0.4118942731277533 0.2515625 0.4118942731277533 0.234375 0.4052863436123348 0.2328125 0.4052863436123348 0.2265625 0.4008810572687225 0.225 0.4008810572687225 0.221875 0.3964757709251101 0.21875 0.3920704845814978 0.21875 0.3854625550660793 0.2140625 0.3854625550660793 0.2109375 0.3656387665198238 0.2109375 0.3634361233480176 0.2078125 0.3392070484581498 0.2078125 0.3392070484581498 0.209375 0.3370044052863436 0.2109375 0.3237885462555066 0.2109375
2 0.2290748898678414 0.1515625 0.22687224669603523 0.1546875 0.21806167400881057 0.1546875 0.21585903083700442 0.159375 0.2026431718061674 0.159375 0.20044052863436124 0.1625 0.18722466960352424 0.1625 0.18502202643171806 0.165625 0.1696035242290749 0.165625 0.16740088105726872 0.1625 0.13876651982378854 0.1625 0.13656387665198239 0.165625 0.1277533039647577 0.165625 0.1277533039647577 0.16875 0.1211453744493392 0.1734375 0.11674008810572688 0.1734375 0.11674008810572688 0.1765625 0.10572687224669604 0.184375 0.09691629955947137 0.184375 0.0947136563876652 0.1890625 0.09030837004405286 0.1890625 0.08590308370044053 0.1921875 0.08590308370044053 0.1953125 0.08149779735682819 0.196875 0.08149779735682819 0.2140625 0.0881057268722467 0.2140625 0.09030837004405286 0.2171875 0.12555066079295155 0.2171875 0.1277533039647577 0.2203125 0.16299559471365638 0.2203125 0.16519823788546256 0.2171875 0.17400881057268722 0.2171875 0.1762114537444934 0.2140625 0.19383259911894274 0.2140625 0.1960352422907489 0.209375 0.20484581497797358 0.209375 0.20704845814977973 0.20625 0.21585903083700442 0.20625 0.21585903083700442 0.203125 0.22246696035242292 0.1984375 0.22687224669603523 0.1984375 0.22687224669603523 0.1921875 0.23127753303964757 0.190625 0.23127753303964757 0.184375 0.2422907488986784 0.1796875 0.2422907488986784 0.1734375 0.24669603524229075 0.171875 0.24669603524229075 0.1625 0.2533039647577093 0.1609375 0.2533039647577093 0.1515625 0.2488986784140969 0.1515625 0.24669603524229075 0.146875 0.2444933920704846 0.146875 0.2444933920704846 0.1484375 0.2422907488986784 0.1515625 0.2290748898678414 0.1515625
2 0 0.9015625 0.04185022026431718 0.9015625 0.04405286343612335 0.9046875 0.05286343612334802 0.9046875 0.05506607929515418 0.909375 0.06167400881057269 0.909375 0.06387665198237885 0.9125 0.07268722466960352 0.9125 0.07488986784140969 0.909375 0.08370044052863436 0.909375 0.08590308370044053 0.9046875 0.09911894273127753 0.9046875 0.1013215859030837 0.9015625 0.11013215859030837 0.9015625 0.11233480176211454 0.8984375 0.1211453744493392 0.8984375 0.12334801762114538 0.9015625 0.13656387665198239 0.9015625 0.14317180616740088 0.89375 0.14757709251101322 0.89375 0.15198237885462554 0.890625 0.15198237885462554 0.884375 0.15859030837004406 0.8828125 0.15859030837004406 0.8734375 0.15198237885462554 0.871875 0.15198237885462554 0.8609375 0.14757709251101322 0.859375 0.14757709251101322 0.85 0.14317180616740088 0.85 0.13656387665198239 0.8453125 0.13656387665198239 0.8390625 0.13215859030837004 0.8375 0.13215859030837004 0.83125 0.12555066079295155 0.8296875 0.12555066079295155 0.8234375 0.1211453744493392 0.821875 0.1211453744493392 0.8171875 0.1145374449339207 0.815625 0.1145374449339207 0.8015625 0.11013215859030837 0.8 0.11013215859030837 0.7859375 0.09911894273127753 0.784375 0.09911894273127753 0.7796875 0.0947136563876652 0.778125 0.0947136563876652 0.771875 0.0881057268722467 0.7703125 0.0881057268722467 0.7640625 0.08370044052863436 0.7625 0.08370044052863436 0.75625 0.07929515418502203 0.7546875 0.07929515418502203 0.7484375 0.07488986784140969 0.7484375 0.06828193832599119 0.74375 0.06828193832599119 0.7375 0.06167400881057269 0.7359375 0.06167400881057269 0.7296875 0.05726872246696035 0.728125 0.05726872246696035 0.721875 0.05286343612334802 0.7203125 0.05286343612334802 0.715625 0.046255506607929514 0.7140625 0.046255506607929514 0.7078125 0.04185022026431718 0.70625 0.04185022026431718 0.703125 0.03524229074889868 0.7015625 0.03524229074889868 0.696875 0.02643171806167401 0.690625 0.02643171806167401 0.684375 0.019823788546255508 0.6828125 0.019823788546255508 0.678125 0.015418502202643172 0.6765625 0.015418502202643172 0.6703125 0.011013215859030838 0.6703125 0.00881057268722467 0.665625 0.004405286343612335 0.6625 0 0.6625 0 0.6640625 0 0.9015625
2 0 0.5859375 0.004405286343612335 0.5859375 0.006607929515418502 0.5890625 0.015418502202643172 0.5890625 0.01762114537444934 0.59375 0.030837004405286344 0.59375 0.03303964757709251 0.596875 0.04185022026431718 0.596875 0.046255506607929514 0.59375 0.046255506607929514 0.5640625 0.05286343612334802 0.5625 0.05286343612334802 0.55 0.05726872246696035 0.5484375 0.05726872246696035 0.5453125 0.06387665198237885 0.540625 0.06828193832599119 0.540625 0.07048458149779736 0.5375 0.07929515418502203 0.5375 0.07929515418502203 0.534375 0.08590308370044053 0.5296875 0.0947136563876652 0.5296875 0.09691629955947137 0.525 0.10572687224669604 0.525 0.1145374449339207 0.51875 0.11674008810572688 0.5140625 0.1211453744493392 0.5140625 0.12555066079295155 0.5109375 0.1277533039647577 0.50625 0.13656387665198239 0.50625 0.14096916299559473 0.503125 0.14317180616740088 0.4984375 0.15859030837004406 0.4984375 0.16299559471365638 0.4953125 0.15859030837004406 0.4921875 0.15859030837004406 0.4890625 0.15418502202643172 0.4890625 0.15198237885462554 0.4859375 0.14317180616740088 0.4859375 0.14096916299559473 0.48125 0.1013215859030837 0.48125 0.09911894273127753 0.4796875 0.1013215859030837 0.4765625 0.10572687224669604 0.4765625 0.11013215859030837 0.4734375 0.11013215859030837 0.4703125 0.11674008810572688 0.465625 0.12555066079295155 0.465625 0.1277533039647577 0.4609375 0.14096916299559473 0.4609375 0.14317180616740088 0.4578125 0.14757709251101322 0.4578125 0.14757709251101322 0.4484375 0.14096916299559473 0.446875 0.14096916299559473 0.440625 0.13215859030837004 0.4359375 0.13215859030837004 0.4328125 0.1013215859030837 0.4328125 0.1013215859030837 0.434375 0.09911894273127753 0.4375 0.09030837004405286 0.4375 0.08370044052863436 0.44375 0.06387665198237885 0.44375 0.06167400881057269 0.4484375 0.05506607929515418 0.4484375 0.05286343612334802 0.4515625 0.04405286343612335 0.4515625 0.04185022026431718 0.45625 0.037444933920704845 0.45625 0.03524229074889868 0.459375 0.028634361233480177 0.459375 0.02643171806167401 0.4625 0 0.4625 0 0.5859375
2 0.7951541850220264 0.2453125 0.7929515418502202 0.2484375 0.7841409691629956 0.2484375 0.7819383259911894 0.253125 0.7687224669603524 0.253125 0.7665198237885462 0.25625 0.762114537444934 0.25625 0.762114537444934 0.2625 0.7533039647577092 0.2671875 0.751101321585903 0.271875 0.7202643171806168 0.271875 0.7180616740088106 0.275 0.7048458149779736 0.275 0.7048458149779736 0.278125 0.698237885462555 0.2828125 0.6938325991189427 0.2828125 0.6894273127753304 0.2859375 0.6894273127753304 0.296875 0.6828193832599119 0.2984375 0.6740088105726872 0.3046875 0.6740088105726872 0.3109375 0.6674008810572687 0.3125 0.6674008810572687 0.321875 0.6629955947136564 0.3234375 0.6607929515418502 0.328125 0.6563876651982379 0.328125 0.6519823788546255 0.33125 0.6519823788546255 0.334375 0.6475770925110133 0.3359375 0.6475770925110133 0.340625 0.6409691629955947 0.3421875 0.6409691629955947 0.3640625 0.6343612334801763 0.36875 0.6299559471365639 0.36875 0.6299559471365639 0.371875 0.6211453744493393 0.3765625 0.6189427312775331 0.38125 0.6145374449339207 0.38125 0.6145374449339207 0.3859375 0.6101321585903083 0.3875 0.6079295154185022 0.3921875 0.6035242290748899 0.3921875 0.6035242290748899 0.3984375 0.5991189427312775 0.4 0.5991189427312775 0.4203125 0.5947136563876652 0.421875 0.5947136563876652 0.45 0.5881057268722467 0.4515625 0.5881057268722467 0.465625 0.5837004405286343 0.4671875 0.5837004405286343 0.4734375 0.5881057268722467 0.475 0.5881057268722467 0.484375 0.5925110132158591 0.484375 0.5991189427312775 0.4890625 0.5991189427312775 0.4921875 0.6123348017621145 0.4921875 0.6145374449339207 0.4953125 0.6806167400881057 0.4953125 0.6828193832599119 0.4921875 0.6916299559471366 0.4921875 0.6938325991189427 0.4875 0.7026431718061674 0.4875 0.7048458149779736 0.484375 0.7136563876651982 0.484375 0.7158590308370044 0.4796875 0.7334801762114538 0.4796875 0.73568281938326 0.4765625 0.7444933920704846 0.4765625 0.7466960352422908 0.4734375 0.7555066079295154 0.4734375 0.7555066079295154 0.4703125 0.762114537444934 0.465625 0.7709251101321586 0.465625 0.7709251101321586 0.4625 0.7775330396475771 0.4609375 0.7841409691629956 0.4546875 0.7929515418502202 0.4546875 0.7929515418502202 0.4515625 0.7995594713656388 0.446875 0.8039647577092511 0.446875 0.8039647577092511 0.44375 0.8149779735682819 0.4359375 0.8237885462555066 0.4359375 0.8237885462555066 0.4328125 0.8303964757709251 0.43125 0.8414096916299559 0.4203125 0.8458149779735683 0.4203125 0.8502202643171806 0.4171875 0.8524229074889867 0.4125 0.8568281938325991 0.4125 0.8590308370044053 0.409375 0.8656387665198237 0.409375 0.8656387665198237 0.40625 0.8722466960352423 0.4046875 0.8788546255506607 0.3984375 0.8876651982378855 0.3984375 0.8876651982378855 0.3953125 0.8942731277533039 0.390625 0.9030837004405287 0.390625 0.9052863436123348 0.3859375 0.9096916299559471 0.3859375 0.9118942731277533 0.3828125 0.9185022026431718 0.3828125 0.920704845814978 0.3796875 0.9251101321585903 0.3796875 0.9273127753303965 0.375 0.9361233480176211 0.375 0.9383259911894273 0.371875 0.9515418502202643 0.371875 0.9537444933920705 0.3671875 0.9669603524229075 0.3671875 0.9691629955947136 0.371875 0.9713656387665198 0.371875 0.973568281938326 0.3671875 0.9779735682819384 0.3671875 0.9823788546255506 0.3640625 0.9823788546255506 0.3609375 0.973568281938326 0.3609375 0.9625550660792952 0.353125 0.9625550660792952 0.35 0.9581497797356828 0.35 0.9515418502202643 0.3453125 0.9515418502202643 0.3421875 0.9449339207048458 0.340625 0.9449339207048458 0.3359375 0.9405286343612335 0.334375 0.9405286343612335 0.328125 0.9361233480176211 0.3265625 0.9361233480176211 0.3125 0.9295154185022027 0.3109375 0.9295154185022027 0.3046875 0.9251101321585903 0.303125 0.9251101321585903 0.29375 0.920704845814978 0.29375 0.9096916299559471 0.2828125 0.9052863436123348 0.2828125 0.8986784140969163 0.278125 0.8986784140969163 0.271875 0.8920704845814978 0.2703125 0.8920704845814978 0.2640625 0.8876651982378855 0.2625 0.8876651982378855 0.25625 0.8832599118942731 0.253125 0.8744493392070485 0.253125 0.8722466960352423 0.2484375 0.8634361233480177 0.2484375 0.8612334801762115 0.2453125 0.8480176211453745 0.2453125 0.8458149779735683 0.240625 0.8149779735682819 0.240625 0.8149779735682819 0.2421875 0.8127753303964758 0.2453125 0.7951541850220264 0.2453125
2 0.006607929515418502 0 0.006607929515418502 0.0015625 0.004405286343612335 0.0046875 0 0.0046875 0 0.153125 0.004405286343612335 0.153125 0.011013215859030838 0.1609375 0.015418502202643172 0.1609375 0.022026431718061675 0.165625 0.022026431718061675 0.171875 0.028634361233480177 0.1734375 0.028634361233480177 0.1765625 0.03303964757709251 0.1796875 0.04185022026431718 0.1796875 0.04405286343612335 0.1828125 0.05726872246696035 0.1828125 0.05947136563876652 0.1875 0.06828193832599119 0.1875 0.07048458149779736 0.190625 0.07929515418502203 0.190625 0.08590308370044053 0.1828125 0.0947136563876652 0.1828125 0.09691629955947137 0.1796875 0.10572687224669604 0.1796875 0.11674008810572688 0.16875 0.1211453744493392 0.16875 0.1211453744493392 0.165625 0.12555066079295155 0.1640625 0.12555066079295155 0.159375 0.13215859030837004 0.1578125 0.13215859030837004 0.1546875 0.13656387665198239 0.153125 0.13656387665198239 0.146875 0.14317180616740088 0.1421875 0.14757709251101322 0.1421875 0.14757709251101322 0.1359375 0.15418502202643172 0.13125 0.15859030837004406 0.13125 0.15859030837004406 0.125 0.16299559471365638 0.1234375 0.16299559471365638 0.1171875 0.16740088105726872 0.115625 0.16740088105726872 0.1015625 0.17400881057268722 0.1 0.17400881057268722 0.090625 0.17841409691629956 0.0890625 0.17841409691629956 0.0796875 0.18502202643171806 0.078125 0.18502202643171806 0.06875 0.1894273127753304 0.0671875 0.1894273127753304 0.0609375 0.19383259911894274 0.059375 0.19383259911894274 0.05 0.20044052863436124 0.0484375 0.20044052863436124 0.0390625 0.20484581497797358 0.0375 0.20484581497797358 0.015625 0.21145374449339208 0.0140625 0.21145374449339208 0.0046875 0.20484581497797358 0.003125 0.20484581497797358 0 0.08590308370044053 0 0.08590308370044053 0.003125 0.08149779735682819 0.0046875 0.07929515418502203 0 0.006607929515418502 0
2 0.9801762114537445 0.1734375 0.9779735682819384 0.178125 0.9647577092511013 0.178125 0.9625550660792952 0.18125 0.9581497797356828 0.18125 0.9581497797356828 0.1875 0.9537444933920705 0.1890625 0.9537444933920705 0.1953125 0.947136563876652 0.196875 0.9383259911894273 0.203125 0.9361233480176211 0.2078125 0.9317180616740088 0.2078125 0.9317180616740088 0.228125 0.9383259911894273 0.2296875 0.9383259911894273 0.246875 0.9427312775330396 0.2484375 0.9427312775330396 0.2625 0.947136563876652 0.2640625 0.947136563876652 0.2703125 0.9537444933920705 0.271875 0.9537444933920705 0.278125 0.9691629955947136 0.2859375 0.9691629955947136 0.2890625 0.973568281938326 0.2921875 0.9779735682819384 0.2921875 0.9779735682819384 0.2828125 0.9823788546255506 0.28125 0.9823788546255506 0.271875 0.9889867841409692 0.2703125 0.9889867841409692 0.2640625 0.9977973568281938 0.259375 0.9977973568281938 0.1703125 0.9955947136563876 0.1703125 0.9955947136563876 0.171875 0.9933920704845814 0.1734375 0.9801762114537445 0.1734375
2 0.5198237885462555 0.51875 0.513215859030837 0.5234375 0.5088105726872246 0.5234375 0.5044052863436124 0.5265625 0.5044052863436124 0.5375 0.5088105726872246 0.5390625 0.5088105726872246 0.5484375 0.5044052863436124 0.55 0.5044052863436124 0.55625 0.4933920704845815 0.5578125 0.4911894273127753 0.5609375 0.486784140969163 0.5609375 0.47577092511013214 0.571875 0.4713656387665198 0.571875 0.46916299559471364 0.5765625 0.460352422907489 0.5765625 0.4581497797356828 0.5796875 0.45154185022026433 0.5796875 0.44933920704845814 0.5828125 0.44493392070484583 0.5828125 0.44493392070484583 0.5859375 0.43832599118942733 0.590625 0.43392070484581496 0.590625 0.43392070484581496 0.59375 0.42951541850220265 0.5953125 0.42731277533039647 0.6015625 0.4185022026431718 0.6015625 0.41629955947136565 0.609375 0.40748898678414097 0.609375 0.4052863436123348 0.6171875 0.3986784140969163 0.6171875 0.3964757709251101 0.6203125 0.3920704845814978 0.6203125 0.3920704845814978 0.6234375 0.3854625550660793 0.628125 0.381057268722467 0.628125 0.381057268722467 0.63125 0.3722466960352423 0.6359375 0.3700440528634361 0.640625 0.3656387665198238 0.640625 0.3590308370044053 0.646875 0.35462555066079293 0.646875 0.35462555066079293 0.65 0.3502202643171806 0.6515625 0.3502202643171806 0.6578125 0.3458149779735683 0.659375 0.3458149779735683 0.6640625 0.33480176211453744 0.665625 0.33259911894273125 0.6703125 0.32819383259911894 0.6703125 0.32819383259911894 0.6765625 0.33480176211453744 0.678125 0.33480176211453744 0.6828125 0.3392070484581498 0.6796875 0.3436123348017621 0.6796875 0.3436123348017621 0.6703125 0.3524229074889868 0.66875 0.3524229074889868 0.6625 0.3590308370044053 0.6609375 0.36123348017621143 0.66875 0.3700440528634361 0.66875 0.3722466960352423 0.671875 0.4008810572687225 0.671875 0.40748898678414097 0.6640625 0.42290748898678415 0.6640625 0.4251101321585903 0.665625 0.4251101321585903 0.6796875 0.45374449339207046 0.6796875 0.45594713656387664 0.6765625 0.4801762114537445 0.6765625 0.4801762114537445 0.6734375 0.486784140969163 0.66875 0.4955947136563877 0.66875 0.4977973568281938 0.6640625 0.513215859030837 0.6640625 0.5154185022026432 0.6609375 0.5220264317180616 0.6609375 0.5242290748898678 0.6578125 0.5440528634361234 0.6578125 0.5462555066079295 0.653125 0.5594713656387665 0.653125 0.5616740088105727 0.65 0.5704845814977973 0.65 0.5704845814977973 0.646875 0.5770925110132159 0.6421875 0.5814977973568282 0.6421875 0.5859030837004405 0.6390625 0.5859030837004405 0.6328125 0.5925110132158591 0.63125 0.5925110132158591 0.628125 0.5969162995594713 0.6265625 0.5969162995594713 0.6203125 0.6035242290748899 0.615625 0.6079295154185022 0.615625 0.6079295154185022 0.609375 0.6145374449339207 0.6046875 0.6189427312775331 0.6046875 0.6189427312775331 0.5984375 0.6277533039647577 0.59375 0.6277533039647577 0.5875 0.6343612334801763 0.5859375 0.6343612334801763 0.5828125 0.6409691629955947 0.578125 0.6453744493392071 0.578125 0.6453744493392071 0.571875 0.6497797356828194 0.5703125 0.6497797356828194 0.5640625 0.6541850220264317 0.5625 0.6541850220264317 0.5453125 0.6497797356828194 0.54375 0.6497797356828194 0.5390625 0.6453744493392071 0.5375 0.6453744493392071 0.534375 0.6409691629955947 0.534375 0.6343612334801763 0.5296875 0.6343612334801763 0.5265625 0.6299559471365639 0.5265625 0.6233480176211453 0.5203125 0.6101321585903083 0.5203125 0.6079295154185022 0.515625 0.5947136563876652 0.515625 0.5925110132158591 0.5125 0.5308370044052864 0.5125 0.5308370044052864 0.5140625 0.5198237885462555 0.515625 0.5198237885462555 0.51875
2 0.5154185022026432 0.2796875 0.513215859030837 0.2828125 0.4977973568281938 0.2828125 0.4955947136563877 0.2859375 0.48237885462555063 0.2859375 0.4801762114537445 0.290625 0.460352422907489 0.290625 0.4581497797356828 0.29375 0.44493392070484583 0.29375 0.44493392070484583 0.296875 0.44052863436123346 0.3 0.45154185022026433 0.3046875 0.45154185022026433 0.3078125 0.4581497797356828 0.3078125 0.460352422907489 0.3109375 0.4669603524229075 0.3125 0.4669603524229075 0.315625 0.4713656387665198 0.3171875 0.4713656387665198 0.321875 0.47577092511013214 0.321875 0.4779735682819383 0.3265625 0.48237885462555063 0.328125 0.48237885462555063 0.334375 0.486784140969163 0.3359375 0.486784140969163 0.340625 0.4977973568281938 0.3421875 0.4977973568281938 0.3484375 0.5066079295154186 0.3484375 0.5088105726872246 0.353125 0.5286343612334802 0.353125 0.5286343612334802 0.346875 0.5330396475770925 0.3453125 0.5330396475770925 0.3390625 0.539647577092511 0.3375 0.5418502202643172 0.334375 0.5550660792951542 0.334375 0.5550660792951542 0.33125 0.5616740088105727 0.3265625 0.566079295154185 0.3265625 0.566079295154185 0.3203125 0.5704845814977973 0.31875 0.5704845814977973 0.3125 0.5770925110132159 0.3078125 0.5814977973568282 0.3078125 0.5814977973568282 0.3015625 0.5859030837004405 0.3 0.5859030837004405 0.2828125 0.5814977973568282 0.2796875 0.5726872246696035 0.2796875 0.5704845814977973 0.275 0.5308370044052864 0.275 0.5308370044052864 0.2765625 0.5286343612334802 0.2796875 0.5154185022026432 0.2796875
1 0.4185022026431718 0.484375 0.41409691629955947 0.4859375 0.41409691629955947 0.4921875 0.40748898678414097 0.49375 0.40748898678414097 0.50625 0.41409691629955947 0.5078125 0.41409691629955947 0.5109375 0.42290748898678415 0.5109375 0.4251101321585903 0.50625 0.44933920704845814 0.50625 0.45154185022026433 0.503125 0.4647577092511013 0.503125 0.4647577092511013 0.5 0.46916299559471364 0.4984375 0.46916299559471364 0.4890625 0.4647577092511013 0.4859375 0.45594713656387664 0.4859375 0.45374449339207046 0.48125 0.44052863436123346 0.48125 0.43832599118942733 0.478125 0.42951541850220265 0.478125 0.42951541850220265 0.4796875 0.4185022026431718 0.48125 0.4185022026431718 0.484375
1 0.7995594713656388 0.6359375 0.7973568281938326 0.640625 0.788546255506608 0.640625 0.7863436123348018 0.64375 0.7731277533039648 0.64375 0.7709251101321586 0.646875 0.7577092511013216 0.646875 0.7577092511013216 0.65 0.751101321585903 0.6546875 0.7466960352422908 0.6546875 0.7466960352422908 0.6578125 0.7400881057268722 0.6625 0.73568281938326 0.6625 0.7312775330396476 0.665625 0.7312775330396476 0.66875 0.724669603524229 0.6734375 0.7202643171806168 0.6734375 0.7202643171806168 0.6765625 0.7136563876651982 0.68125 0.7092511013215859 0.68125 0.7048458149779736 0.684375 0.7026431718061674 0.6890625 0.6938325991189427 0.6890625 0.6938325991189427 0.6953125 0.6894273127753304 0.696875 0.6894273127753304 0.70625 0.6784140969162996 0.7109375 0.6784140969162996 0.7171875 0.6740088105726872 0.71875 0.6740088105726872 0.728125 0.6674008810572687 0.7296875 0.6674008810572687 0.7546875 0.6740088105726872 0.75625 0.6740088105726872 0.765625 0.6784140969162996 0.7671875 0.6784140969162996 0.778125 0.6828193832599119 0.7796875 0.6828193832599119 0.784375 0.6872246696035242 0.784375 0.6938325991189427 0.7921875 0.7004405286343612 0.79375 0.7004405286343612 0.8 0.7048458149779736 0.803125 0.7136563876651982 0.803125 0.7158590308370044 0.8078125 0.7290748898678414 0.8078125 0.7312775330396476 0.8109375 0.7400881057268722 0.8109375 0.7422907488986784 0.815625 0.7555066079295154 0.815625 0.7577092511013216 0.81875 0.7665198237885462 0.81875 0.7687224669603524 0.821875 0.8083700440528634 0.821875 0.8105726872246696 0.81875 0.8193832599118943 0.81875 0.8215859030837004 0.815625 0.8348017621145375 0.815625 0.8370044052863436 0.8109375 0.8458149779735683 0.8109375 0.8502202643171806 0.8078125 0.8524229074889867 0.803125 0.8656387665198237 0.803125 0.8678414096916299 0.8 0.8766519823788547 0.8 0.8788546255506607 0.796875 0.8876651982378855 0.796875 0.8898678414096917 0.7921875 0.8986784140969163 0.7921875 0.9008810572687225 0.7890625 0.9096916299559471 0.7890625 0.9118942731277533 0.784375 0.9185022026431718 0.784375 0.920704845814978 0.78125 0.9251101321585903 0.78125 0.9295154185022027 0.778125 0.9317180616740088 0.7734375 0.9361233480176211 0.7734375 0.9361233480176211 0.7375 0.9295154185022027 0.7359375 0.9295154185022027 0.7 0.9251101321585903 0.6984375 0.9251101321585903 0.68125 0.9185022026431718 0.6796875 0.9185022026431718 0.6734375 0.9140969162995595 0.671875 0.9140969162995595 0.665625 0.8986784140969163 0.6578125 0.8986784140969163 0.6546875 0.8942731277533039 0.6546875 0.8920704845814978 0.6515625 0.8854625550660793 0.6515625 0.8832599118942731 0.646875 0.8788546255506607 0.646875 0.8722466960352423 0.640625 0.8634361233480177 0.640625 0.8612334801762115 0.6359375 0.8524229074889867 0.6359375 0.8502202643171806 0.6328125 0.8215859030837004 0.6328125 0.8215859030837004 0.634375 0.8193832599118943 0.6359375 0.7995594713656388 0.6359375
1 0.1762114537444934 0.5203125 0.17400881057268722 0.5234375 0.15418502202643172 0.5234375 0.15198237885462554 0.5265625 0.14757709251101322 0.5234375 0.14317180616740088 0.5234375 0.14096916299559473 0.5265625 0.11233480176211454 0.5265625 0.11013215859030837 0.53125 0.09030837004405286 0.53125 0.07929515418502203 0.5421875 0.07048458149779736 0.5421875 0.06828193832599119 0.5453125 0.06387665198237885 0.5453125 0.06387665198237885 0.5484375 0.05947136563876652 0.55 0.05947136563876652 0.55625 0.05506607929515418 0.5578125 0.05506607929515418 0.59375 0.05947136563876652 0.5953125 0.05947136563876652 0.6 0.06387665198237885 0.6015625 0.06387665198237885 0.6078125 0.07048458149779736 0.609375 0.07048458149779736 0.6125 0.07488986784140969 0.6140625 0.07488986784140969 0.61875 0.07929515418502203 0.61875 0.08149779735682819 0.6234375 0.08590308370044053 0.625 0.08590308370044053 0.63125 0.09030837004405286 0.6328125 0.09030837004405286 0.6390625 0.0947136563876652 0.6390625 0.1013215859030837 0.6453125 0.10792951541850221 0.646875 0.10792951541850221 0.65 0.11674008810572688 0.6546875 0.11674008810572688 0.6578125 0.12555066079295155 0.6578125 0.1277533039647577 0.6609375 0.14757709251101322 0.6609375 0.14977973568281938 0.6640625 0.15859030837004406 0.6640625 0.16740088105726872 0.6578125 0.16740088105726872 0.64375 0.17400881057268722 0.6421875 0.17400881057268722 0.628125 0.17841409691629956 0.6265625 0.17841409691629956 0.6203125 0.18502202643171806 0.61875 0.18502202643171806 0.6140625 0.1894273127753304 0.6125 0.1894273127753304 0.60625 0.19383259911894274 0.6046875 0.19383259911894274 0.6015625 0.20044052863436124 0.6 0.20044052863436124 0.5953125 0.20484581497797358 0.59375 0.20484581497797358 0.590625 0.21585903083700442 0.5859375 0.21585903083700442 0.5828125 0.22246696035242292 0.578125 0.22687224669603523 0.578125 0.2290748898678414 0.575 0.23788546255506607 0.575 0.23788546255506607 0.571875 0.24669603524229075 0.5671875 0.2488986784140969 0.5625 0.2533039647577093 0.5625 0.2599118942731278 0.55625 0.2643171806167401 0.55625 0.2643171806167401 0.5390625 0.2577092511013216 0.5375 0.2577092511013216 0.53125 0.2533039647577093 0.5296875 0.2533039647577093 0.5265625 0.2488986784140969 0.5265625 0.24669603524229075 0.5234375 0.24008810572687225 0.5234375 0.23788546255506607 0.5203125 0.22246696035242292 0.5203125 0.22026431718061673 0.515625 0.1960352422907489 0.515625 0.1960352422907489 0.5171875 0.19383259911894274 0.5203125 0.1762114537444934 0.5203125
1 0.3502202643171806 0.4484375 0.34801762114537443 0.4515625 0.3392070484581498 0.4515625 0.3370044052863436 0.45625 0.32819383259911894 0.45625 0.32599118942731276 0.4625 0.31277533039647576 0.4625 0.31277533039647576 0.465625 0.30616740088105726 0.4703125 0.30176211453744495 0.4703125 0.30176211453744495 0.4921875 0.2973568281938326 0.49375 0.2973568281938326 0.4984375 0.29295154185022027 0.5 0.29295154185022027 0.5109375 0.28634361233480177 0.5125 0.28634361233480177 0.51875 0.29295154185022027 0.5203125 0.29295154185022027 0.5296875 0.2973568281938326 0.53125 0.2973568281938326 0.5375 0.31718061674008813 0.5375 0.31938325991189426 0.5328125 0.33259911894273125 0.5328125 0.33480176211453744 0.5296875 0.3436123348017621 0.5296875 0.3458149779735683 0.525 0.3590308370044053 0.525 0.36123348017621143 0.521875 0.3700440528634361 0.521875 0.3722466960352423 0.51875 0.3788546255506608 0.51875 0.381057268722467 0.5140625 0.3898678414096916 0.5140625 0.3920704845814978 0.5109375 0.3964757709251101 0.5109375 0.3964757709251101 0.5078125 0.4008810572687225 0.50625 0.4008810572687225 0.4703125 0.3964757709251101 0.46875 0.3964757709251101 0.459375 0.3920704845814978 0.459375 0.3854625550660793 0.4546875 0.3854625550660793 0.4515625 0.381057268722467 0.4515625 0.3788546255506608 0.4484375 0.3722466960352423 0.4484375 0.3700440528634361 0.44375 0.36123348017621143 0.44375 0.36123348017621143 0.4453125 0.3590308370044053 0.4484375 0.3502202643171806 0.4484375
1 0.18061674008810572 0.45625 0.17400881057268722 0.4625 0.1696035242290749 0.4625 0.1696035242290749 0.4765625 0.1762114537444934 0.478125 0.1762114537444934 0.484375 0.18061674008810572 0.4875 0.19162995594713655 0.4890625 0.19162995594713655 0.4921875 0.1960352422907489 0.4953125 0.21145374449339208 0.4953125 0.21585903083700442 0.4984375 0.22026431718061673 0.4953125 0.22026431718061673 0.4890625 0.22687224669603523 0.4875 0.22687224669603523 0.48125 0.23127753303964757 0.4796875 0.23127753303964757 0.459375 0.22026431718061673 0.4546875 0.22026431718061673 0.4515625 0.2026431718061674 0.4515625 0.2026431718061674 0.453125 0.20044052863436124 0.45625 0.18061674008810572 0.45625
1 0.45594713656387664 0.703125 0.45594713656387664 0.70625 0.44933920704845814 0.7109375 0.44493392070484583 0.7109375 0.44493392070484583 0.7140625 0.43832599118942733 0.71875 0.43392070484581496 0.71875 0.42951541850220265 0.721875 0.42951541850220265 0.728125 0.4251101321585903 0.7296875 0.4251101321585903 0.7359375 0.4185022026431718 0.7375 0.4185022026431718 0.759375 0.41409691629955947 0.7609375 0.41409691629955947 0.778125 0.4185022026431718 0.7796875 0.4185022026431718 0.803125 0.4251101321585903 0.8046875 0.4251101321585903 0.821875 0.42951541850220265 0.8234375 0.42951541850220265 0.840625 0.43392070484581496 0.8421875 0.43392070484581496 0.8484375 0.44052863436123346 0.85 0.44052863436123346 0.85625 0.45154185022026433 0.8609375 0.45154185022026433 0.8640625 0.47577092511013214 0.8640625 0.4779735682819383 0.859375 0.4911894273127753 0.859375 0.4933920704845815 0.85625 0.5330396475770925 0.85625 0.5330396475770925 0.85 0.539647577092511 0.8484375 0.539647577092511 0.8390625 0.5440528634361234 0.8375 0.5440528634361234 0.828125 0.5484581497797357 0.8265625 0.5484581497797357 0.79375 0.5550660792951542 0.7921875 0.5550660792951542 0.721875 0.5506607929515418 0.721875 0.5440528634361234 0.7171875 0.5440528634361234 0.7078125 0.539647577092511 0.70625 0.539647577092511 0.7 0.5352422907488987 0.7 0.5330396475770925 0.696875 0.4713656387665198 0.696875 0.4713656387665198 0.6984375 0.4647577092511013 0.703125 0.45594713656387664 0.703125
1 0.4845814977973568 0.865625 0.4713656387665198 0.865625 0.4713656387665198 0.8796875 0.4669603524229075 0.88125 0.4669603524229075 0.9015625 0.4713656387665198 0.903125 0.4713656387665198 0.909375 0.4779735682819383 0.9109375 0.4779735682819383 0.9171875 0.48237885462555063 0.91875 0.48237885462555063 0.9234375 0.486784140969163 0.925 0.486784140969163 0.928125 0.4911894273127753 0.928125 0.4933920704845815 0.93125 0.5022026431718062 0.93125 0.5044052863436124 0.9359375 0.5330396475770925 0.9359375 0.5352422907488987 0.93125 0.566079295154185 0.93125 0.5726872246696035 0.9234375 0.5814977973568282 0.9234375 0.5859030837004405 0.9203125 0.5881057268722467 0.9125 0.5925110132158591 0.9125 0.5969162995594713 0.909375 0.5969162995594713 0.8921875 0.5925110132158591 0.890625 0.5925110132158591 0.884375 0.5881057268722467 0.884375 0.5814977973568282 0.8796875 0.5814977973568282 0.8734375 0.5726872246696035 0.8734375 0.5704845814977973 0.86875 0.5572687224669604 0.86875 0.5550660792951542 0.865625 0.5462555066079295 0.865625 0.5440528634361234 0.8609375 0.5088105726872246 0.8609375 0.5066079295154186 0.8578125 0.4977973568281938 0.8578125 0.4977973568281938 0.859375 0.486784140969163 0.8609375 0.4845814977973568 0.865625
1 0.29295154185022027 0.44375 0.2907488986784141 0.4484375 0.2753303964757709 0.4484375 0.27312775330396477 0.4515625 0.2665198237885463 0.4515625 0.2643171806167401 0.45625 0.2555066079295154 0.45625 0.2555066079295154 0.465625 0.2533039647577093 0.4671875 0.24669603524229075 0.465625 0.24669603524229075 0.4625 0.23788546255506607 0.45625 0.22246696035242292 0.45625 0.22026431718061673 0.4515625 0.20704845814977973 0.4515625 0.20484581497797358 0.45625 0.18722466960352424 0.45625 0.18502202643171806 0.459375 0.1762114537444934 0.459375 0.1762114537444934 0.465625 0.1696035242290749 0.4671875 0.1696035242290749 0.4734375 0.1762114537444934 0.475 0.1762114537444934 0.484375 0.18061674008810572 0.4875 0.1894273127753304 0.4875 0.1960352422907489 0.4953125 0.20044052863436124 0.4953125 0.20704845814977973 0.5 0.20704845814977973 0.503125 0.21365638766519823 0.5046875 0.21365638766519823 0.5109375 0.22026431718061673 0.5109375 0.22246696035242292 0.5140625 0.23127753303964757 0.5140625 0.23348017621145375 0.51875 0.2422907488986784 0.51875 0.2444933920704846 0.521875 0.2533039647577093 0.521875 0.2599118942731278 0.5265625 0.2599118942731278 0.5296875 0.2643171806167401 0.5296875 0.2665198237885463 0.5328125 0.2841409691629956 0.5328125 0.28634361233480177 0.5375 0.31718061674008813 0.5375 0.31938325991189426 0.5328125 0.33259911894273125 0.5328125 0.33480176211453744 0.5296875 0.3436123348017621 0.5296875 0.3458149779735683 0.525 0.3590308370044053 0.525 0.36123348017621143 0.521875 0.3744493392070485 0.521875 0.3766519823788546 0.51875 0.3854625550660793 0.51875 0.3854625550660793 0.515625 0.3920704845814978 0.5109375 0.4052863436123348 0.5109375 0.4052863436123348 0.5078125 0.4118942731277533 0.50625 0.4118942731277533 0.5046875 0.4052863436123348 0.503125 0.4052863436123348 0.48125 0.4008810572687225 0.4796875 0.4008810572687225 0.4671875 0.3964757709251101 0.465625 0.3964757709251101 0.459375 0.3920704845814978 0.459375 0.3854625550660793 0.4546875 0.3854625550660793 0.4515625 0.381057268722467 0.4515625 0.3744493392070485 0.446875 0.3744493392070485 0.44375 0.35462555066079293 0.44375 0.3524229074889868 0.4484375 0.3458149779735683 0.4484375 0.3436123348017621 0.44375 0.3392070484581498 0.44375 0.3370044052863436 0.440625 0.30837004405286345 0.440625 0.30837004405286345 0.4421875 0.30616740088105726 0.44375 0.29295154185022027 0.44375