6 0.0625 0 0.0625 0.002336448598130841 0.0625 0.02102803738317757 0.059375 0.02336448598130841 0.059375 0.05841121495327103 0.0546875 0.06074766355140187 0.0546875 0.0911214953271028 0.0515625 0.09345794392523364 0.0515625 0.11214953271028037 0.0484375 0.11448598130841121 0.0484375 0.14485981308411214 0.04375 0.14719626168224298 0.04375 0.17289719626168223 0.040625 0.17523364485981308 0.040625 0.18457943925233644 0.0375 0.18691588785046728 0.0375 0.20093457943925233 0.0328125 0.20327102803738317 0.0328125 0.21728971962616822 0.0265625 0.22429906542056074 0.0265625 0.2336448598130841 0.01875 0.24065420560747663 0.01875 0.24766355140186916 0.015625 0.25 0.015625 0.2546728971962617 0.0078125 0.2616822429906542 0.0078125 0.27102803738317754 0.025 0.27102803738317754 0.025 0.26635514018691586 0.028125 0.26401869158878505 0.028125 0.2570093457943925 0.03125 0.2546728971962617 0.03125 0.25 0.0359375 0.24766355140186916 0.0359375 0.24065420560747663 0.0390625 0.2383177570093458 0.0390625 0.22897196261682243 0.0421875 0.2266355140186916 0.0421875 0.21962616822429906 0.046875 0.21728971962616822 0.046875 0.20327102803738317 0.05 0.20093457943925233 0.05 0.18691588785046728 0.053125 0.18457943925233644 0.053125 0.16355140186915887 0.0578125 0.16121495327102803 0.0578125 0.1425233644859813 0.0609375 0.14018691588785046 0.0609375 0.11448598130841121 0.0640625 0.11214953271028037 0.0640625 0.08878504672897196 0.06875 0.08644859813084112 0.06875 0.0397196261682243 0.071875 0.037383177570093455 0.071875 0 0.0625 0
6 0.4296875 0 0.4296875 0.002336448598130841 0.4296875 0.02102803738317757 0.4265625 0.02336448598130841 0.4265625 0.053738317757009345 0.421875 0.056074766355140186 0.421875 0.07009345794392523 0.425 0.07009345794392523 0.4265625 0.07476635514018691 0.4359375 0.07476635514018691 0.4359375 0.06542056074766354 0.4390625 0.06074766355140187 0.4359375 0.05841121495327103 0.4359375 0.04906542056074766 0.4390625 0.04672897196261682 0.4390625 0.0397196261682243 0.4421875 0.037383177570093455 0.4421875 0.03271028037383177 0.446875 0.030373831775700934 0.446875 0.028037383177570093 0.4421875 0.02570093457943925 0.4421875 0.016355140186915886 0.4390625 0.014018691588785047 0.4390625 0 0.4296875 0
6 0.4484375 0 0.4484375 0.002336448598130841 0.446875 0.007009345794392523 0.44375 0.007009345794392523 0.44375 0.014018691588785047 0.440625 0.016355140186915886 0.440625 0.037383177570093455 0.4375 0.0397196261682243 0.4375 0.0630841121495327 0.4328125 0.06542056074766354 0.4328125 0.07476635514018691 0.4296875 0.07710280373831775 0.4296875 0.0911214953271028 0.428125 0.09345794392523364 0.421875 0.09345794392523364 0.4203125 0.09813084112149532 0.415625 0.09813084112149532 0.415625 0.10747663551401869 0.4109375 0.10981308411214953 0.4109375 0.1191588785046729 0.4078125 0.12149532710280374 0.4078125 0.12850467289719625 0.4046875 0.1308411214953271 0.403125 0.1378504672897196 0.4 0.1378504672897196 0.39375 0.14719626168224298 0.39375 0.15186915887850466 0.3890625 0.1588785046728972 0.3859375 0.1588785046728972 0.3859375 0.16822429906542055 0.3828125 0.1705607476635514 0.3828125 0.17757009345794392 0.3796875 0.17990654205607476 0.3796875 0.18925233644859812 0.375 0.19158878504672897 0.375 0.205607476635514 0.371875 0.20794392523364486 0.371875 0.2383177570093458 0.36875 0.24065420560747663 0.36875 0.2546728971962617 0.3734375 0.24766355140186916 0.3734375 0.23598130841121495 0.378125 0.2336448598130841 0.378125 0.22897196261682243 0.38125 0.2266355140186916 0.38125 0.21962616822429906 0.384375 0.21728971962616822 0.384375 0.20794392523364486 0.3890625 0.205607476635514 0.3890625 0.19626168224299065 0.3921875 0.1939252336448598 0.3921875 0.18691588785046728 0.3953125 0.18457943925233644 0.3953125 0.17990654205607476 0.3984375 0.17757009345794392 0.3984375 0.1705607476635514 0.403125 0.16822429906542055 0.403125 0.16355140186915887 0.4109375 0.15186915887850466 0.4140625 0.15186915887850466 0.4140625 0.14719626168224298 0.421875 0.13551401869158877 0.428125 0.13551401869158877 0.428125 0.1261682242990654 0.43125 0.12383177570093458 0.43125 0.11448598130841121 0.4359375 0.11214953271028037 0.4421875 0.102803738317757 0.4421875 0.09345794392523364 0.44375 0.0911214953271028 0.446875 0.0911214953271028 0.446875 0.06542056074766354 0.45 0.0630841121495327 0.45 0.04906542056074766 0.453125 0.04672897196261682 0.453125 0.03271028037383177 0.4578125 0.030373831775700934 0.4578125 0 0.4484375 0
6 0.328125 0.3294392523364486 0.33125 0.3317757009345794 0.33125 0.3691588785046729 0.3359375 0.37149532710280375 0.3359375 0.4182242990654206 0.3390625 0.4205607476635514 0.3390625 0.4392523364485981 0.3359375 0.441588785046729 0.3359375 0.4602803738317757 0.3390625 0.46261682242990654 0.3390625 0.48364485981308414 0.3515625 0.48364485981308414 0.3515625 0.4742990654205608 0.35625 0.4719626168224299 0.35625 0.4252336448598131 0.3515625 0.42289719626168226 0.3515625 0.397196261682243 0.3484375 0.39485981308411217 0.3484375 0.3598130841121495 0.3453125 0.3574766355140187 0.3453125 0.3060747663551402 0.340625 0.3037383177570093 0.340625 0.2897196261682243 0.3453125 0.28738317757009346 0.3453125 0.2780373831775701 0.340625 0.2757009345794392 0.340625 0.2570093457943925 0.33125 0.2570093457943925 0.33125 0.25934579439252337 0.328125 0.2616822429906542 0.328125 0.3294392523364486
6 0.7421875 0 0.7421875 0.002336448598130841 0.7421875 0.004672897196261682 0.746875 0.007009345794392523 0.746875 0.014018691588785047 0.75 0.016355140186915886 0.75 0.02102803738317757 0.7609375 0.03271028037383177 0.7609375 0.037383177570093455 0.7640625 0.04205607476635514 0.7671875 0.04205607476635514 0.76875 0.04672897196261682 0.7734375 0.04672897196261682 0.775 0.053738317757009345 0.78125 0.053738317757009345 0.7828125 0.05841121495327103 0.7890625 0.05841121495327103 0.79375 0.06542056074766354 0.79375 0.07009345794392523 0.7984375 0.07009345794392523 0.8 0.07476635514018691 0.80625 0.07476635514018691 0.8109375 0.08177570093457943 0.8109375 0.08644859813084112 0.8171875 0.08644859813084112 0.821875 0.09579439252336448 0.828125 0.09579439252336448 0.8296875 0.102803738317757 0.8328125 0.10747663551401869 0.8359375 0.10747663551401869 0.84375 0.12383177570093458 0.846875 0.12383177570093458 0.8515625 0.1308411214953271 0.8515625 0.13551401869158877 0.8546875 0.14018691588785046 0.8578125 0.14018691588785046 0.8625 0.14719626168224298 0.8625 0.15186915887850466 0.865625 0.15654205607476634 0.86875 0.15654205607476634 0.8734375 0.16355140186915887 0.8734375 0.17289719626168223 0.88125 0.17990654205607476 0.88125 0.18925233644859812 0.8875 0.19626168224299065 0.8875 0.2102803738317757 0.890625 0.2102803738317757 0.8921875 0.21728971962616822 0.8953125 0.21962616822429906 0.8953125 0.2336448598130841 0.8984375 0.23598130841121495 0.8984375 0.24766355140186916 0.903125 0.25 0.903125 0.27102803738317754 0.90625 0.2733644859813084 0.90625 0.2967289719626168 0.909375 0.29906542056074764 0.909375 0.352803738317757 0.9140625 0.35514018691588783 0.9125 0.3598130841121495 0.909375 0.3598130841121495 0.909375 0.3691588785046729 0.9125 0.3691588785046729 0.9140625 0.37383177570093457 0.909375 0.37616822429906543 0.909375 0.37850467289719625 0.9140625 0.3808411214953271 0.9140625 0.3901869158878505 0.909375 0.3925233644859813 0.909375 0.39485981308411217 0.9140625 0.397196261682243 0.9140625 0.40186915887850466 0.909375 0.40420560747663553 0.909375 0.40654205607476634 0.9125 0.40654205607476634 0.9140625 0.411214953271028 0.909375 0.4135514018691589 0.909375 0.4719626168224299 0.90625 0.4742990654205608 0.90625 0.5093457943925234 0.903125 0.5116822429906542 0.903125 0.5257009345794392 0.8984375 0.5280373831775701 0.8984375 0.5584112149532711 0.8953125 0.5607476635514018 0.8953125 0.5747663551401869 0.8921875 0.5771028037383178 0.8921875 0.5957943925233645 0.8875 0.5981308411214953 0.8875 0.6238317757009346 0.884375 0.6261682242990654 0.884375 0.6401869158878505 0.88125 0.6425233644859814 0.88125 0.6612149532710281 0.8765625 0.6635514018691588 0.8765625 0.6845794392523364 0.8734375 0.6869158878504673 0.8734375 0.7172897196261683 0.8828125 0.7172897196261683 0.8828125 0.7126168224299065 0.8859375 0.7102803738317757 0.8859375 0.6915887850467289 0.890625 0.6892523364485982 0.890625 0.6705607476635514 0.89375 0.6682242990654206 0.89375 0.647196261682243 0.896875 0.6448598130841121 0.896875 0.6261682242990654 0.9015625 0.6238317757009346 0.9015625 0.6098130841121495 0.9046875 0.6074766355140186 0.9046875 0.5887850467289719 0.9078125 0.5864485981308412 0.9078125 0.572429906542056 0.9125 0.5700934579439252 0.9125 0.5490654205607477 0.915625 0.5467289719626168 0.915625 0.5233644859813084 0.91875 0.5210280373831776 0.91875 0.49065420560747663 0.9234375 0.4883177570093458 0.9234375 0.441588785046729 0.9265625 0.4392523364485981 0.9265625 0.3317757009345794 0.9234375 0.3294392523364486 0.9234375 0.29439252336448596 0.91875 0.29205607476635514 0.91875 0.2616822429906542 0.915625 0.25934579439252337 0.915625 0.24532710280373832 0.9125 0.24299065420560748 0.9125 0.23598130841121495 0.9078125 0.2336448598130841 0.9078125 0.22429906542056074 0.9046875 0.2219626168224299 0.9046875 0.20794392523364486 0.9015625 0.205607476635514 0.9015625 0.19626168224299065 0.896875 0.1939252336448598 0.896875 0.18691588785046728 0.89375 0.18457943925233644 0.89375 0.17523364485981308 0.8859375 0.16822429906542055 0.8859375 0.1588785046728972 0.8828125 0.15654205607476634 0.8828125 0.14719626168224298 0.8796875 0.1425233644859813 0.8765625 0.1425233644859813 0.86875 0.1261682242990654 0.865625 0.1261682242990654 0.8609375 0.1191588785046729 0.8609375 0.11448598130841121 0.8578125 0.10981308411214953 0.8546875 0.10981308411214953 0.85 0.102803738317757 0.85 0.09813084112149532 0.84375 0.09813084112149532 0.8359375 0.08644859813084112 0.8359375 0.08177570093457943 0.8328125 0.08177570093457943 0.828125 0.07242990654205607 0.821875 0.07242990654205607 0.8171875 0.06074766355140187 0.8109375 0.06074766355140187 0.80625 0.053738317757009345 0.80625 0.04906542056074766 0.8 0.04906542056074766 0.7953125 0.04205607476635514 0.7953125 0.03271028037383177 0.790625 0.03271028037383177 0.7890625 0.028037383177570093 0.7796875 0.028037383177570093 0.778125 0.02336448598130841 0.771875 0.02336448598130841 0.7703125 0.016355140186915886 0.7640625 0.016355140186915886 0.759375 0.009345794392523364 0.759375 0 0.7421875 0
6 0.3453125 0.18691588785046728 0.3421875 0.18691588785046728 0.3421875 0.1939252336448598 0.3390625 0.19626168224299065 0.3390625 0.205607476635514 0.3359375 0.20794392523364486 0.3359375 0.21728971962616822 0.328125 0.22429906542056074 0.328125 0.2336448598130841 0.325 0.23598130841121495 0.325 0.24299065420560748 0.3203125 0.24532710280373832 0.3203125 0.2546728971962617 0.3171875 0.2570093457943925 0.3171875 0.26401869158878505 0.3140625 0.26635514018691586 0.3140625 0.2757009345794392 0.309375 0.2780373831775701 0.309375 0.28738317757009346 0.30625 0.2897196261682243 0.30625 0.2967289719626168 0.303125 0.29906542056074764 0.303125 0.308411214953271 0.2984375 0.3107476635514019 0.2984375 0.3247663551401869 0.2953125 0.32710280373831774 0.2953125 0.352803738317757 0.2921875 0.35514018691588783 0.2921875 0.37850467289719625 0.2953125 0.3808411214953271 0.2953125 0.3855140186915888 0.3015625 0.3855140186915888 0.3015625 0.37616822429906543 0.3046875 0.37383177570093457 0.3046875 0.35514018691588783 0.3078125 0.352803738317757 0.3078125 0.34345794392523366 0.3125 0.3411214953271028 0.3125 0.32710280373831774 0.315625 0.3247663551401869 0.315625 0.3107476635514019 0.31875 0.308411214953271 0.31875 0.29439252336448596 0.3265625 0.28738317757009346 0.33125 0.29439252336448596 0.33125 0.3130841121495327 0.328125 0.31542056074766356 0.328125 0.32009345794392524 0.33125 0.32242990654205606 0.33125 0.3574766355140187 0.3359375 0.3598130841121495 0.3359375 0.411214953271028 0.3390625 0.4135514018691589 0.3390625 0.4392523364485981 0.3359375 0.4439252336448598 0.3390625 0.4462616822429907 0.3390625 0.4766355140186916 0.3421875 0.47897196261682246 0.3421875 0.48364485981308414 0.3515625 0.48364485981308414 0.353125 0.4766355140186916 0.35625 0.4766355140186916 0.35625 0.441588785046729 0.3515625 0.4392523364485981 0.3515625 0.40420560747663553 0.3484375 0.40186915887850466 0.3484375 0.3878504672897196 0.3453125 0.3855140186915888 0.3453125 0.32710280373831774 0.340625 0.3247663551401869 0.340625 0.3107476635514019 0.3375 0.308411214953271 0.3375 0.26635514018691586 0.334375 0.26401869158878505 0.334375 0.2570093457943925 0.3375 0.2546728971962617 0.3375 0.24532710280373832 0.340625 0.24299065420560748 0.340625 0.22897196261682243 0.3453125 0.2266355140186916 0.3453125 0.21962616822429906 0.3515625 0.2102803738317757 0.3515625 0.20327102803738317 0.35625 0.20093457943925233 0.35625 0.19158878504672897 0.359375 0.18925233644859812 0.359375 0.1705607476635514 0.353125 0.1705607476635514 0.353125 0.17289719626168223 0.346875 0.17990654205607476 0.3453125 0.18691588785046728
6 0.30625 0 0.30625 0.002336448598130841 0.30625 0.009345794392523364 0.303125 0.011682242990654205 0.303125 0.02102803738317757 0.2984375 0.02336448598130841 0.2984375 0.030373831775700934 0.2953125 0.03271028037383177 0.2953125 0.04672897196261682 0.2921875 0.04906542056074766 0.2921875 0.07009345794392523 0.2875 0.07242990654205607 0.2875 0.09579439252336448 0.284375 0.09813084112149532 0.284375 0.1191588785046729 0.28125 0.12149532710280374 0.28125 0.15654205607476634 0.2765625 0.1588785046728972 0.2765625 0.18925233644859812 0.2734375 0.19158878504672897 0.2734375 0.21728971962616822 0.2703125 0.21962616822429906 0.2703125 0.24299065420560748 0.265625 0.24532710280373832 0.265625 0.26401869158878505 0.2625 0.26635514018691586 0.2625 0.2803738317757009 0.259375 0.2827102803738318 0.259375 0.3037383177570093 0.2546875 0.3060747663551402 0.2546875 0.3247663551401869 0.2515625 0.32710280373831774 0.2515625 0.3364485981308411 0.2484375 0.338785046728972 0.2484375 0.3621495327102804 0.24375 0.3644859813084112 0.24375 0.37850467289719625 0.240625 0.3808411214953271 0.240625 0.39485981308411217 0.2375 0.397196261682243 0.2375 0.411214953271028 0.2328125 0.4135514018691589 0.2328125 0.42289719626168226 0.2296875 0.4252336448598131 0.2296875 0.4392523364485981 0.2265625 0.441588785046729 0.2265625 0.45093457943925236 0.221875 0.4532710280373832 0.221875 0.4602803738317757 0.215625 0.4696261682242991 0.215625 0.4766355140186916 0.2109375 0.47897196261682246 0.2109375 0.4883177570093458 0.2078125 0.49065420560747663 0.2078125 0.4976635514018692 0.2046875 0.5 0.203125 0.5070093457943925 0.2 0.5070093457943925 0.2 0.514018691588785 0.196875 0.5163551401869159 0.196875 0.5257009345794392 0.190625 0.5327102803738317 0.1890625 0.5397196261682243 0.1859375 0.5397196261682243 0.1859375 0.5467289719626168 0.1796875 0.5560747663551402 0.1796875 0.5630841121495327 0.175 0.5654205607476636 0.175 0.5700934579439252 0.16875 0.5771028037383178 0.16875 0.5864485981308412 0.1640625 0.5887850467289719 0.1578125 0.5981308411214953 0.15625 0.6051401869158879 0.153125 0.6051401869158879 0.15 0.6098130841121495 0.15 0.6191588785046729 0.1453125 0.6261682242990654 0.1421875 0.6261682242990654 0.1390625 0.6308411214953271 0.1390625 0.6355140186915887 0.1359375 0.6378504672897196 0.1359375 0.6448598130841121 0.13125 0.647196261682243 0.13125 0.6518691588785047 0.125 0.6588785046728972 0.125 0.6682242990654206 0.128125 0.6728971962616822 0.134375 0.6728971962616822 0.1375 0.6682242990654206 0.1375 0.6635514018691588 0.1484375 0.6518691588785047 0.1484375 0.647196261682243 0.153125 0.6401869158878505 0.15625 0.6401869158878505 0.159375 0.6355140186915887 0.159375 0.6261682242990654 0.1640625 0.6191588785046729 0.1671875 0.6191588785046729 0.1671875 0.6144859813084113 0.1734375 0.6074766355140186 0.1734375 0.5981308411214953 0.178125 0.5957943925233645 0.184375 0.5864485981308412 0.1859375 0.5794392523364486 0.1890625 0.5794392523364486 0.1921875 0.5747663551401869 0.1921875 0.5654205607476636 0.1984375 0.5584112149532711 0.1984375 0.5490654205607477 0.20625 0.5420560747663551 0.20625 0.5327102803738317 0.209375 0.530373831775701 0.209375 0.5233644859813084 0.2140625 0.5210280373831776 0.2140625 0.5163551401869159 0.2171875 0.514018691588785 0.2171875 0.5070093457943925 0.2203125 0.5046728971962616 0.2203125 0.5 0.225 0.4976635514018692 0.225 0.49065420560747663 0.228125 0.4883177570093458 0.228125 0.47897196261682246 0.2328125 0.4719626168224299 0.2359375 0.4719626168224299 0.2359375 0.46261682242990654 0.2390625 0.4602803738317757 0.2390625 0.4532710280373832 0.2421875 0.45093457943925236 0.2421875 0.4369158878504673 0.246875 0.43457943925233644 0.246875 0.4252336448598131 0.25 0.42289719626168226 0.25 0.4135514018691589 0.253125 0.411214953271028 0.253125 0.397196261682243 0.2578125 0.39485981308411217 0.2578125 0.3808411214953271 0.2609375 0.37850467289719625 0.2609375 0.3598130841121495 0.2640625 0.3574766355140187 0.2640625 0.34345794392523366 0.26875 0.3411214953271028 0.26875 0.32710280373831774 0.271875 0.3247663551401869 0.271875 0.3060747663551402 0.275 0.3037383177570093 0.275 0.2827102803738318 0.2796875 0.2803738317757009 0.2796875 0.2616822429906542 0.2828125 0.25934579439252337 0.2828125 0.23598130841121495 0.2859375 0.2336448598130841 0.2859375 0.21261682242990654 0.290625 0.2102803738317757 0.290625 0.17523364485981308 0.29375 0.17289719626168223 0.29375 0.1378504672897196 0.296875 0.13551401869158877 0.296875 0.09813084112149532 0.3015625 0.09579439252336448 0.3015625 0.07242990654205607 0.3046875 0.07009345794392523 0.3046875 0.04439252336448598 0.3078125 0.04205607476635514 0.3078125 0.028037383177570093 0.3125 0.02570093457943925 0.3125 0.007009345794392523 0.315625 0.004672897196261682 0.315625 0 0.30625 0
6 0.3453125 0.18691588785046728 0.3421875 0.18691588785046728 0.3421875 0.1939252336448598 0.3390625 0.19626168224299065 0.3390625 0.205607476635514 0.3359375 0.20794392523364486 0.3359375 0.21728971962616822 0.328125 0.22429906542056074 0.328125 0.2336448598130841 0.325 0.23598130841121495 0.325 0.24299065420560748 0.3203125 0.24532710280373832 0.3203125 0.2546728971962617 0.3140625 0.2616822429906542 0.3140625 0.27102803738317754 0.309375 0.2733644859813084 0.309375 0.28738317757009346 0.30625 0.2897196261682243 0.30625 0.2967289719626168 0.303125 0.29906542056074764 0.303125 0.308411214953271 0.2984375 0.3107476635514019 0.2984375 0.3247663551401869 0.2953125 0.32710280373831774 0.2953125 0.34579439252336447 0.2921875 0.34813084112149534 0.2921875 0.37850467289719625 0.3015625 0.37850467289719625 0.3046875 0.37383177570093457 0.3046875 0.35514018691588783 0.3078125 0.352803738317757 0.3078125 0.34345794392523366 0.3125 0.3411214953271028 0.3125 0.32710280373831774 0.315625 0.3247663551401869 0.315625 0.3107476635514019 0.31875 0.308411214953271 0.31875 0.29439252336448596 0.3234375 0.29205607476635514 0.3234375 0.2827102803738318 0.3296875 0.2757009345794392 0.3296875 0.2616822429906542 0.334375 0.25934579439252337 0.334375 0.25 0.3375 0.24766355140186916 0.3375 0.24065420560747663 0.340625 0.2383177570093458 0.340625 0.22897196261682243 0.3453125 0.2266355140186916 0.3453125 0.21962616822429906 0.3515625 0.2102803738317757 0.3515625 0.19626168224299065 0.359375 0.18925233644859812 0.359375 0.1705607476635514 0.353125 0.1705607476635514 0.353125 0.17289719626168223 0.346875 0.17990654205607476 0.3453125 0.18691588785046728
6 0.4046875 0 0.4046875 0.002336448598130841 0.403125 0.007009345794392523 0.396875 0.007009345794392523 0.39375 0.011682242990654205 0.39375 0.02102803738317757 0.3890625 0.028037383177570093 0.3859375 0.028037383177570093 0.3859375 0.04205607476635514 0.3828125 0.04439252336448598 0.3828125 0.053738317757009345 0.3796875 0.056074766355140186 0.3796875 0.0630841121495327 0.375 0.06542056074766354 0.375 0.0794392523364486 0.371875 0.08177570093457943 0.371875 0.10747663551401869 0.36875 0.10981308411214953 0.36875 0.12850467289719625 0.3640625 0.1308411214953271 0.3640625 0.14485981308411214 0.3609375 0.14719626168224298 0.3609375 0.16121495327102803 0.3640625 0.16355140186915887 0.3640625 0.17289719626168223 0.3609375 0.17523364485981308 0.3609375 0.2546728971962617 0.3578125 0.2570093457943925 0.3578125 0.2803738317757009 0.353125 0.2827102803738318 0.353125 0.2967289719626168 0.35 0.29906542056074764 0.35 0.34579439252336447 0.346875 0.34813084112149534 0.346875 0.352803738317757 0.35 0.3574766355140187 0.346875 0.3598130841121495 0.346875 0.3691588785046729 0.35 0.37149532710280375 0.35 0.37850467289719625 0.346875 0.3808411214953271 0.346875 0.3855140186915888 0.35 0.3878504672897196 0.35 0.40186915887850466 0.35625 0.40186915887850466 0.35625 0.3925233644859813 0.359375 0.3901869158878505 0.359375 0.32710280373831774 0.3625 0.3247663551401869 0.3625 0.31542056074766356 0.3671875 0.3130841121495327 0.36875 0.32009345794392524 0.371875 0.32242990654205606 0.371875 0.34579439252336447 0.375 0.34813084112149534 0.375 0.3621495327102804 0.3796875 0.3644859813084112 0.3796875 0.37383177570093457 0.3828125 0.37616822429906543 0.3828125 0.39485981308411217 0.3859375 0.397196261682243 0.3859375 0.40654205607476634 0.390625 0.4088785046728972 0.390625 0.42289719626168226 0.3953125 0.42289719626168226 0.3953125 0.4088785046728972 0.3921875 0.40654205607476634 0.3921875 0.3878504672897196 0.3890625 0.3855140186915888 0.3890625 0.3644859813084112 0.384375 0.3621495327102804 0.384375 0.338785046728972 0.38125 0.3364485981308411 0.38125 0.3107476635514019 0.378125 0.308411214953271 0.378125 0.29439252336448596 0.3734375 0.29205607476635514 0.3734375 0.24065420560747663 0.378125 0.2383177570093458 0.378125 0.21962616822429906 0.3734375 0.21728971962616822 0.3734375 0.21261682242990654 0.378125 0.2102803738317757 0.378125 0.20794392523364486 0.375 0.20794392523364486 0.3734375 0.20327102803738317 0.378125 0.20093457943925233 0.378125 0.18691588785046728 0.3734375 0.18457943925233644 0.3734375 0.16355140186915887 0.378125 0.16121495327102803 0.378125 0.1425233644859813 0.38125 0.14018691588785046 0.38125 0.1261682242990654 0.384375 0.12383177570093458 0.384375 0.11448598130841121 0.3890625 0.11214953271028037 0.3890625 0.10981308411214953 0.384375 0.10747663551401869 0.384375 0.08878504672897196 0.3890625 0.08644859813084112 0.3890625 0.07710280373831775 0.3953125 0.07009345794392523 0.3953125 0.04906542056074766 0.4 0.04205607476635514 0.403125 0.04205607476635514 0.4046875 0.04439252336448598 0.4046875 0.053738317757009345 0.4140625 0.053738317757009345 0.4140625 0.04906542056074766 0.4109375 0.04906542056074766 0.409375 0.04439252336448598 0.4171875 0.037383177570093455 0.4171875 0.028037383177570093 0.421875 0.02102803738317757 0.425 0.02102803738317757 0.425 0.011682242990654205 0.421875 0.011682242990654205 0.4203125 0.007009345794392523 0.415625 0.007009345794392523 0.4140625 0 0.4046875 0
6 0.59375 0.2219626168224299 0.590625 0.22429906542056074 0.590625 0.2383177570093458 0.5859375 0.24065420560747663 0.5859375 0.24766355140186916 0.5828125 0.25 0.5828125 0.26401869158878505 0.5796875 0.26635514018691586 0.5796875 0.2803738317757009 0.575 0.2827102803738318 0.575 0.2967289719626168 0.571875 0.29906542056074764 0.571875 0.3130841121495327 0.56875 0.31542056074766356 0.56875 0.3247663551401869 0.5640625 0.32710280373831774 0.5640625 0.3411214953271028 0.5609375 0.34345794392523366 0.5609375 0.352803738317757 0.5578125 0.35514018691588783 0.5578125 0.3691588785046729 0.553125 0.37149532710280375 0.553125 0.37850467289719625 0.55 0.3808411214953271 0.55 0.39485981308411217 0.546875 0.397196261682243 0.546875 0.40654205607476634 0.5421875 0.4088785046728972 0.5421875 0.4182242990654206 0.5390625 0.4205607476635514 0.5390625 0.42757009345794394 0.5359375 0.42990654205607476 0.5359375 0.4392523364485981 0.53125 0.441588785046729 0.53125 0.45560747663551404 0.528125 0.45794392523364486 0.528125 0.4719626168224299 0.525 0.4742990654205608 0.525 0.48364485981308414 0.5203125 0.48598130841121495 0.5203125 0.4976635514018692 0.5171875 0.5 0.5171875 0.5093457943925234 0.5140625 0.5116822429906542 0.5140625 0.5257009345794392 0.509375 0.5280373831775701 0.509375 0.5420560747663551 0.50625 0.544392523364486 0.50625 0.5584112149532711 0.503125 0.5607476635514018 0.503125 0.5747663551401869 0.4984375 0.5771028037383178 0.4984375 0.5911214953271028 0.4953125 0.5934579439252337 0.4953125 0.6074766355140186 0.5015625 0.6074766355140186 0.503125 0.6121495327102804 0.5078125 0.6121495327102804 0.509375 0.6074766355140186 0.5125 0.6074766355140186 0.5125 0.5817757009345794 0.515625 0.5794392523364486 0.515625 0.5607476635514018 0.51875 0.5584112149532711 0.51875 0.5490654205607477 0.5234375 0.5467289719626168 0.5234375 0.5327102803738317 0.5265625 0.530373831775701 0.5265625 0.5163551401869159 0.5296875 0.514018691588785 0.53125 0.5046728971962616 0.534375 0.5046728971962616 0.534375 0.49065420560747663 0.5375 0.4883177570093458 0.5375 0.47897196261682246 0.540625 0.4766355140186916 0.540625 0.46261682242990654 0.5453125 0.4602803738317757 0.5453125 0.4532710280373832 0.5484375 0.45093457943925236 0.5484375 0.4369158878504673 0.5515625 0.43457943925233644 0.5515625 0.4252336448598131 0.55625 0.42289719626168226 0.55625 0.4135514018691589 0.559375 0.411214953271028 0.559375 0.397196261682243 0.5625 0.39485981308411217 0.5640625 0.3855140186915888 0.5671875 0.3855140186915888 0.5671875 0.37149532710280375 0.5703125 0.3691588785046729 0.5703125 0.3598130841121495 0.5734375 0.3574766355140187 0.5734375 0.34345794392523366 0.578125 0.3411214953271028 0.578125 0.3317757009345794 0.58125 0.3294392523364486 0.58125 0.32242990654205606 0.584375 0.32009345794392524 0.584375 0.3060747663551402 0.5890625 0.3037383177570093 0.5890625 0.2897196261682243 0.5921875 0.28738317757009346 0.5921875 0.2733644859813084 0.5953125 0.27102803738317754 0.5953125 0.2616822429906542 0.5984375 0.25934579439252337 0.5984375 0.24065420560747663 0.603125 0.2383177570093458 0.603125 0.22429906542056074 0.60625 0.2219626168224299 0.60625 0.20794392523364486 0.6 0.20794392523364486 0.596875 0.20327102803738317 0.596875 0.205607476635514 0.59375 0.20794392523364486 0.59375 0.2219626168224299
6 0.465625 0.8808411214953271 0.465625 0.8855140186915887 0.4625 0.8878504672897196 0.4625 0.8948598130841121 0.465625 0.897196261682243 0.465625 0.955607476635514 0.4703125 0.9579439252336449 0.4703125 0.9976635514018691 0.490625 0.9976635514018691 0.490625 0.9626168224299065 0.4859375 0.9602803738317757 0.4859375 0.9252336448598131 0.4828125 0.9228971962616822 0.4828125 0.8060747663551402 0.4625 0.8060747663551402 0.4625 0.8084112149532711 0.4625 0.8785046728971962 0.465625 0.8808411214953271
6 0.48125 0 0.48125 0.002336448598130841 0.4796875 0.007009345794392523 0.4765625 0.007009345794392523 0.4765625 0.21728971962616822 0.4734375 0.21962616822429906 0.4734375 0.2336448598130841 0.4765625 0.23598130841121495 0.4765625 0.24299065420560748 0.490625 0.24299065420560748 0.490625 0.1308411214953271 0.49375 0.12850467289719625 0.49375 0.11448598130841121 0.490625 0.11214953271028037 0.490625 0.08177570093457943 0.49375 0.07710280373831775 0.490625 0.07476635514018691 0.490625 0.011682242990654205 0.49375 0.007009345794392523 0.490625 0.004672897196261682 0.490625 0 0.48125 0
6 0.6328125 0.2616822429906542 0.6328125 0.3247663551401869 0.6296875 0.32710280373831774 0.6296875 0.3574766355140187 0.6421875 0.3574766355140187 0.6421875 0.3317757009345794 0.6390625 0.3294392523364486 0.6390625 0.32242990654205606 0.6421875 0.32009345794392524 0.64375 0.3130841121495327 0.646875 0.3130841121495327 0.646875 0.29906542056074764 0.65 0.2967289719626168 0.65 0.20794392523364486 0.6375 0.20794392523364486 0.6375 0.2102803738317757 0.6375 0.25934579439252337 0.6328125 0.2616822429906542
6 0.840625 0.2827102803738318 0.840625 0.32009345794392524 0.8375 0.32242990654205606 0.8375 0.3574766355140187 0.8328125 0.3598130841121495 0.8328125 0.37383177570093457 0.846875 0.37383177570093457 0.846875 0.3644859813084112 0.85 0.3621495327102804 0.85 0.3060747663551402 0.853125 0.3037383177570093 0.853125 0.26635514018691586 0.8578125 0.26401869158878505 0.8578125 0.19626168224299065 0.853125 0.1939252336448598 0.853125 0.18691588785046728 0.8578125 0.18457943925233644 0.8578125 0.17990654205607476 0.8546875 0.17990654205607476 0.853125 0.17523364485981308 0.8578125 0.17289719626168223 0.8578125 0.1588785046728972 0.853125 0.15654205607476634 0.853125 0.1378504672897196 0.85 0.13551401869158877 0.85 0.1308411214953271 0.846875 0.1261682242990654 0.84375 0.1261682242990654 0.84375 0.12850467289719625 0.84375 0.2803738317757009 0.840625 0.2827102803738318
2 0.8875 0 0.8875 0.002336448598130841 0.8875 0.04672897196261682 0.884375 0.04906542056074766 0.884375 0.07476635514018691 0.88125 0.07710280373831775 0.88125 0.09579439252336448 0.8859375 0.09579439252336448 0.8875 0.0911214953271028 0.9015625 0.0911214953271028 0.903125 0.08644859813084112 0.9125 0.08644859813084112 0.9125 0.08177570093457943 0.915625 0.0794392523364486 0.915625 0.06542056074766354 0.91875 0.0630841121495327 0.91875 0.04439252336448598 0.9203125 0.04205607476635514 0.9265625 0.04205607476635514 0.93125 0.030373831775700934 0.934375 0.030373831775700934 0.940625 0.02102803738317757 0.940625 0.011682242990654205 0.9453125 0.009345794392523364 0.9453125 0 0.8875 0
2 0.553125 0.1542056074766355 0.553125 0.16121495327102803 0.55 0.16355140186915887 0.55 0.17289719626168223 0.546875 0.17523364485981308 0.546875 0.2219626168224299 0.5671875 0.2219626168224299 0.56875 0.21728971962616822 0.5734375 0.21728971962616822 0.575 0.2102803738317757 0.58125 0.2102803738317757 0.5859375 0.20093457943925233 0.5890625 0.20093457943925233 0.5890625 0.18691588785046728 0.584375 0.18457943925233644 0.584375 0.17990654205607476 0.578125 0.17757009345794392 0.578125 0.1705607476635514 0.575 0.1705607476635514 0.5734375 0.16355140186915887 0.5703125 0.16121495327102803 0.5703125 0.1542056074766355 0.5640625 0.1542056074766355 0.5625 0.14719626168224298 0.5578125 0.14719626168224298 0.5578125 0.14953271028037382 0.55625 0.1542056074766355 0.553125 0.1542056074766355
2 0.10625 0.3574766355140187 0.103125 0.3621495327102804 0.10625 0.3644859813084112 0.10625 0.37850467289719625 0.109375 0.3808411214953271 0.109375 0.3901869158878505 0.1140625 0.3925233644859813 0.1140625 0.40186915887850466 0.1203125 0.411214953271028 0.1234375 0.411214953271028 0.125 0.4182242990654206 0.13125 0.4252336448598131 0.13125 0.43457943925233644 0.1375 0.43457943925233644 0.1390625 0.4392523364485981 0.1484375 0.4392523364485981 0.15 0.4439252336448598 0.18125 0.4439252336448598 0.1828125 0.4392523364485981 0.1890625 0.4392523364485981 0.1890625 0.4252336448598131 0.184375 0.42289719626168226 0.184375 0.4135514018691589 0.18125 0.411214953271028 0.18125 0.40420560747663553 0.178125 0.40186915887850466 0.178125 0.397196261682243 0.1734375 0.39485981308411217 0.1734375 0.3878504672897196 0.1703125 0.3855140186915888 0.1703125 0.3808411214953271 0.1671875 0.37616822429906543 0.1640625 0.37616822429906543 0.15625 0.3598130841121495 0.153125 0.3598130841121495 0.1484375 0.352803738317757 0.1484375 0.34813084112149534 0.1453125 0.34579439252336447 0.1453125 0.338785046728972 0.140625 0.3364485981308411 0.140625 0.3317757009345794 0.1375 0.3294392523364486 0.1375 0.32242990654205606 0.134375 0.32009345794392524 0.134375 0.3107476635514019 0.13125 0.3107476635514019 0.1265625 0.3037383177570093 0.1265625 0.29906542056074764 0.1234375 0.29439252336448596 0.1171875 0.29439252336448596 0.115625 0.2897196261682243 0.109375 0.2897196261682243 0.109375 0.29205607476635514 0.10625 0.29439252336448596 0.10625 0.3574766355140187
2 0.175 0.338785046728972 0.175 0.37850467289719625 0.1796875 0.3808411214953271 0.1796875 0.40654205607476634 0.1859375 0.4135514018691589 0.1859375 0.42289719626168226 0.190625 0.4252336448598131 0.190625 0.43457943925233644 0.1953125 0.43457943925233644 0.196875 0.4392523364485981 0.225 0.4392523364485981 0.225 0.42990654205607476 0.228125 0.42757009345794394 0.228125 0.397196261682243 0.225 0.39485981308411217 0.225 0.3878504672897196 0.2203125 0.3855140186915888 0.2203125 0.37616822429906543 0.2140625 0.3691588785046729 0.2140625 0.3644859813084112 0.2109375 0.3644859813084112 0.20625 0.3574766355140187 0.20625 0.34813084112149534 0.203125 0.34345794392523366 0.2 0.34345794392523366 0.1984375 0.338785046728972 0.19375 0.338785046728972 0.1921875 0.3317757009345794 0.1828125 0.3317757009345794 0.1828125 0.3341121495327103 0.18125 0.338785046728972 0.175 0.338785046728972
2 0.5890625 0.397196261682243 0.5859375 0.397196261682243 0.5859375 0.40186915887850466 0.5828125 0.40420560747663553 0.5828125 0.411214953271028 0.5796875 0.4135514018691589 0.5796875 0.45093457943925236 0.5828125 0.4532710280373832 0.5828125 0.4602803738317757 0.5859375 0.46261682242990654 0.5859375 0.4672897196261682 0.5953125 0.4672897196261682 0.5984375 0.4719626168224299 0.6 0.4672897196261682 0.609375 0.4672897196261682 0.609375 0.46261682242990654 0.6140625 0.4602803738317757 0.6203125 0.45093457943925236 0.621875 0.4439252336448598 0.625 0.4439252336448598 0.63125 0.43457943925233644 0.63125 0.4252336448598131 0.6359375 0.42289719626168226 0.6359375 0.3878504672897196 0.596875 0.3878504672897196 0.596875 0.3901869158878505 0.590625 0.3925233644859813 0.5890625 0.397196261682243
2 0.6984375 0.1308411214953271 0.6984375 0.14018691588785046 0.7078125 0.14018691588785046 0.709375 0.14485981308411214 0.734375 0.14485981308411214 0.7375 0.14018691588785046 0.7375 0.10981308411214953 0.7296875 0.102803738317757 0.7296875 0.09813084112149532 0.7265625 0.09345794392523364 0.7203125 0.09345794392523364 0.71875 0.08878504672897196 0.7140625 0.08878504672897196 0.7125 0.08177570093457943 0.70625 0.08177570093457943 0.7046875 0.07710280373831775 0.6953125 0.07710280373831775 0.6953125 0.0794392523364486 0.6953125 0.12850467289719625 0.6984375 0.1308411214953271
2 0.684375 0 0.684375 0.002336448598130841 0.6828125 0.007009345794392523 0.6765625 0.007009345794392523 0.675 0.011682242990654205 0.6703125 0.011682242990654205 0.66875 0.016355140186915886 0.659375 0.016355140186915886 0.6578125 0.02336448598130841 0.6546875 0.02336448598130841 0.653125 0.028037383177570093 0.6484375 0.028037383177570093 0.6484375 0.037383177570093455 0.64375 0.0397196261682243 0.64375 0.04672897196261682 0.6578125 0.04672897196261682 0.659375 0.053738317757009345 0.6828125 0.053738317757009345 0.684375 0.05841121495327103 0.690625 0.05841121495327103 0.6921875 0.053738317757009345 0.696875 0.053738317757009345 0.696875 0.04439252336448598 0.7046875 0.037383177570093455 0.7046875 0.028037383177570093 0.7078125 0.02570093457943925 0.7078125 0.016355140186915886 0.7125 0.014018691588785047 0.7125 0 0.684375 0
1 0.646875 0.06542056074766354 0.64375 0.06542056074766354 0.64375 0.0794392523364486 0.640625 0.08177570093457943 0.640625 0.09579439252336448 0.6375 0.09813084112149532 0.6375 0.10747663551401869 0.6328125 0.10981308411214953 0.6328125 0.12383177570093458 0.6265625 0.1308411214953271 0.625 0.1378504672897196 0.621875 0.1378504672897196 0.615625 0.14719626168224298 0.615625 0.16121495327102803 0.6109375 0.16355140186915887 0.6109375 0.17289719626168223 0.6046875 0.17990654205607476 0.603125 0.18691588785046728 0.6 0.18691588785046728 0.6 0.1939252336448598 0.6046875 0.19626168224299065 0.6046875 0.20093457943925233 0.6078125 0.205607476635514 0.6140625 0.205607476635514 0.615625 0.2102803738317757 0.628125 0.2102803738317757 0.6296875 0.205607476635514 0.6421875 0.205607476635514 0.64375 0.20093457943925233 0.6609375 0.20093457943925233 0.6609375 0.19626168224299065 0.665625 0.18925233644859812 0.66875 0.18925233644859812 0.671875 0.18457943925233644 0.671875 0.17523364485981308 0.6765625 0.16822429906542055 0.6796875 0.16822429906542055 0.6796875 0.16355140186915887 0.6875 0.15186915887850466 0.690625 0.15186915887850466 0.690625 0.1425233644859813 0.69375 0.14018691588785046 0.69375 0.09345794392523364 0.690625 0.0911214953271028 0.690625 0.07710280373831775 0.6859375 0.07476635514018691 0.6859375 0.06542056074766354 0.6828125 0.06074766355140187 0.6765625 0.06074766355140187 0.675 0.056074766355140186 0.6546875 0.056074766355140186 0.6546875 0.05841121495327103 0.6484375 0.06074766355140187 0.646875 0.06542056074766354
1 0.0328125 0.08177570093457943 0.03125 0.08878504672897196 0.0265625 0.08878504672897196 0.025 0.08177570093457943 0.01875 0.08177570093457943 0.0171875 0.07710280373831775 0.0109375 0.07710280373831775 0.0109375 0.13551401869158877 0.015625 0.1378504672897196 0.015625 0.15654205607476634 0.01875 0.1588785046728972 0.01875 0.16822429906542055 0.0265625 0.17523364485981308 0.0265625 0.18457943925233644 0.0296875 0.18925233644859812 0.0390625 0.18925233644859812 0.0390625 0.17990654205607476 0.0421875 0.17757009345794392 0.0421875 0.1542056074766355 0.046875 0.15186915887850466 0.046875 0.1308411214953271 0.05 0.12850467289719625 0.05 0.10514018691588785 0.053125 0.102803738317757 0.053125 0.07710280373831775 0.05 0.07242990654205607 0.040625 0.07242990654205607 0.040625 0.07476635514018691 0.0359375 0.08177570093457943 0.0328125 0.08177570093457943
1 0.6375 0.4182242990654206 0.6328125 0.4205607476635514 0.6328125 0.42757009345794394 0.6296875 0.42990654205607476 0.6296875 0.4392523364485981 0.625 0.4462616822429907 0.621875 0.4462616822429907 0.621875 0.45093457943925236 0.6171875 0.45794392523364486 0.6109375 0.45794392523364486 0.60625 0.4696261682242991 0.590625 0.4696261682242991 0.5890625 0.46261682242990654 0.584375 0.4602803738317757 0.584375 0.4532710280373832 0.58125 0.45093457943925236 0.58125 0.4462616822429907 0.578125 0.441588785046729 0.575 0.441588785046729 0.571875 0.4462616822429907 0.5703125 0.4532710280373832 0.5640625 0.4532710280373832 0.5578125 0.46261682242990654 0.5578125 0.5210280373831776 0.5609375 0.5233644859813084 0.5609375 0.530373831775701 0.5640625 0.5327102803738317 0.5640625 0.5420560747663551 0.56875 0.544392523364486 0.56875 0.5537383177570093 0.571875 0.5560747663551402 0.571875 0.5630841121495327 0.575 0.5654205607476636 0.575 0.5747663551401869 0.578125 0.5747663551401869 0.5828125 0.5817757009345794 0.5828125 0.5957943925233645 0.5859375 0.5981308411214953 0.5859375 0.602803738317757 0.5890625 0.602803738317757 0.596875 0.6144859813084113 0.596875 0.6238317757009346 0.6046875 0.6308411214953271 0.6046875 0.6401869158878505 0.6078125 0.6425233644859814 0.6078125 0.6518691588785047 0.6109375 0.6542056074766355 0.6109375 0.6682242990654206 0.615625 0.6705607476635514 0.615625 0.6845794392523364 0.621875 0.6939252336448598 0.6265625 0.6962616822429907 0.6265625 0.705607476635514 0.6328125 0.7126168224299065 0.6328125 0.7172897196261683 0.6390625 0.7172897196261683 0.640625 0.7219626168224299 0.6640625 0.7219626168224299 0.665625 0.7172897196261683 0.675 0.7172897196261683 0.675 0.7126168224299065 0.6796875 0.7102803738317757 0.6859375 0.7009345794392523 0.6875 0.6939252336448598 0.690625 0.6939252336448598 0.6921875 0.6892523364485982 0.696875 0.6892523364485982 0.696875 0.6799065420560748 0.7015625 0.677570093457944 0.7015625 0.6705607476635514 0.7046875 0.6682242990654206 0.7046875 0.6588785046728972 0.7078125 0.6565420560747663 0.7078125 0.6425233644859814 0.7125 0.6401869158878505 0.7125 0.6308411214953271 0.715625 0.6285046728971962 0.715625 0.6144859813084113 0.71875 0.6121495327102804 0.71875 0.5981308411214953 0.7234375 0.5957943925233645 0.7234375 0.5771028037383178 0.7265625 0.5747663551401869 0.7265625 0.5654205607476636 0.7296875 0.5630841121495327 0.7296875 0.5490654205607477 0.734375 0.5467289719626168 0.734375 0.47897196261682246 0.7296875 0.4766355140186916 0.7296875 0.46261682242990654 0.7265625 0.4602803738317757 0.7265625 0.4532710280373832 0.7234375 0.45093457943925236 0.7234375 0.441588785046729 0.7203125 0.441588785046729 0.715625 0.43457943925233644 0.715625 0.4252336448598131 0.7078125 0.4182242990654206 0.7078125 0.4135514018691589 0.7046875 0.4088785046728972 0.6984375 0.4088785046728972 0.696875 0.40420560747663553 0.690625 0.40186915887850466 0.690625 0.397196261682243 0.68125 0.397196261682243 0.6796875 0.3925233644859813 0.6734375 0.3925233644859813 0.671875 0.3878504672897196 0.640625 0.3878504672897196 0.640625 0.3901869158878505 0.6375 0.3925233644859813 0.6375 0.4182242990654206
1 0.01875 0 0.01875 0.002336448598130841 0.01875 0.004672897196261682 0.025 0.004672897196261682 0.0328125 0.016355140186915886 0.0328125 0.02102803738317757 0.0359375 0.02102803738317757 0.0375 0.02570093457943925 0.0421875 0.02570093457943925 0.04375 0.030373831775700934 0.0578125 0.030373831775700934 0.0578125 0.02336448598130841 0.0609375 0.02102803738317757 0.0609375 0.011682242990654205 0.0640625 0.009345794392523364 0.0640625 0 0.01875 0
1 0.6875 0.21261682242990654 0.6875 0.2266355140186916 0.684375 0.22897196261682243 0.684375 0.24299065420560748 0.68125 0.24532710280373832 0.68125 0.2546728971962617 0.6765625 0.2570093457943925 0.6765625 0.27102803738317754 0.6734375 0.2733644859813084 0.6734375 0.2803738317757009 0.6703125 0.2827102803738318 0.6703125 0.29205607476635514 0.665625 0.29439252336448596 0.6640625 0.29906542056074764 0.659375 0.29906542056074764 0.659375 0.3037383177570093 0.6546875 0.3060747663551402 0.6484375 0.31542056074766356 0.646875 0.32242990654205606 0.64375 0.32242990654205606 0.64375 0.3294392523364486 0.653125 0.3294392523364486 0.6546875 0.3247663551401869 0.6609375 0.3247663551401869 0.6625 0.32009345794392524 0.66875 0.32009345794392524 0.6703125 0.32242990654205606 0.6703125 0.3364485981308411 0.6796875 0.3364485981308411 0.68125 0.3294392523364486 0.6859375 0.3294392523364486 0.6875 0.3247663551401869 0.690625 0.3247663551401869 0.6953125 0.3317757009345794 0.6953125 0.3364485981308411 0.6984375 0.338785046728972 0.6984375 0.34579439252336447 0.703125 0.34813084112149534 0.703125 0.3574766355140187 0.70625 0.3598130841121495 0.70625 0.3691588785046729 0.709375 0.37383177570093457 0.7125 0.37383177570093457 0.7140625 0.37850467289719625 0.7375 0.37850467289719625 0.7390625 0.37383177570093457 0.7453125 0.37383177570093457 0.7484375 0.3691588785046729 0.7484375 0.3644859813084112 0.7515625 0.3621495327102804 0.7515625 0.35514018691588783 0.7484375 0.352803738317757 0.7484375 0.34345794392523366 0.740625 0.3364485981308411 0.740625 0.29439252336448596 0.7453125 0.29205607476635514 0.746875 0.28738317757009346 0.7515625 0.28738317757009346 0.753125 0.2803738317757009 0.759375 0.2803738317757009 0.7609375 0.2757009345794392 0.7671875 0.2757009345794392 0.76875 0.27102803738317754 0.7734375 0.27102803738317754 0.7734375 0.26635514018691586 0.76875 0.26635514018691586 0.7671875 0.2616822429906542 0.7609375 0.2616822429906542 0.759375 0.2570093457943925 0.753125 0.2570093457943925 0.7484375 0.24532710280373832 0.7421875 0.24532710280373832 0.740625 0.24065420560747663 0.7359375 0.24065420560747663 0.734375 0.23598130841121495 0.7296875 0.2336448598130841 0.7296875 0.22897196261682243 0.7265625 0.22429906542056074 0.7203125 0.22429906542056074 0.7125 0.20794392523364486 0.7078125 0.205607476635514 0.7078125 0.19626168224299065 0.7046875 0.1939252336448598 0.7046875 0.18691588785046728 0.7015625 0.18457943925233644 0.7015625 0.17523364485981308 0.6921875 0.17523364485981308 0.6921875 0.17757009345794392 0.6921875 0.2102803738317757 0.6875 0.21261682242990654
1 0.2984375 0.5116822429906542 0.296875 0.5163551401869159 0.2921875 0.5163551401869159 0.290625 0.5233644859813084 0.284375 0.5233644859813084 0.2703125 0.544392523364486 0.2703125 0.5537383177570093 0.2625 0.5607476635514018 0.2625 0.5700934579439252 0.259375 0.572429906542056 0.259375 0.5864485981308412 0.2546875 0.5887850467289719 0.2546875 0.5957943925233645 0.2515625 0.5981308411214953 0.2515625 0.6565420560747663 0.2546875 0.6588785046728972 0.2546875 0.6728971962616822 0.259375 0.6752336448598131 0.259375 0.6892523364485982 0.265625 0.6962616822429907 0.265625 0.7009345794392523 0.26875 0.7009345794392523 0.2734375 0.7079439252336449 0.2734375 0.7172897196261683 0.284375 0.7289719626168224 0.284375 0.7336448598130841 0.2875 0.735981308411215 0.2875 0.7429906542056075 0.2921875 0.7453271028037384 0.2921875 0.7546728971962616 0.2953125 0.7570093457943925 0.2953125 0.764018691588785 0.2984375 0.7663551401869159 0.2984375 0.7757009345794392 0.3015625 0.7757009345794392 0.30625 0.7827102803738317 0.30625 0.7873831775700935 0.315625 0.7873831775700935 0.3171875 0.7920560747663551 0.3296875 0.7920560747663551 0.33125 0.7873831775700935 0.3484375 0.7873831775700935 0.35 0.780373831775701 0.378125 0.780373831775701 0.384375 0.7710280373831776 0.3859375 0.764018691588785 0.3890625 0.764018691588785 0.3953125 0.7546728971962616 0.3953125 0.7453271028037384 0.3984375 0.7429906542056075 0.3984375 0.735981308411215 0.403125 0.7336448598130841 0.403125 0.7242990654205608 0.40625 0.7219626168224299 0.40625 0.7079439252336449 0.409375 0.705607476635514 0.409375 0.6915887850467289 0.4140625 0.6892523364485982 0.4140625 0.6588785046728972 0.4171875 0.6565420560747663 0.4171875 0.647196261682243 0.428125 0.6355140186915887 0.428125 0.6261682242990654 0.43125 0.6238317757009346 0.43125 0.6098130841121495 0.4359375 0.6074766355140186 0.4359375 0.572429906542056 0.43125 0.5700934579439252 0.43125 0.5607476635514018 0.425 0.5537383177570093 0.425 0.544392523364486 0.421875 0.544392523364486 0.4171875 0.5373831775700935 0.4171875 0.5327102803738317 0.4140625 0.5280373831775701 0.4109375 0.5280373831775701 0.409375 0.5233644859813084 0.4046875 0.5233644859813084 0.403125 0.5163551401869159 0.39375 0.5163551401869159 0.3921875 0.5116822429906542 0.36875 0.5116822429906542 0.3671875 0.5163551401869159 0.346875 0.5163551401869159 0.3453125 0.5116822429906542 0.3359375 0.5116822429906542 0.334375 0.5070093457943925 0.30625 0.5070093457943925 0.30625 0.5093457943925234 0.3046875 0.5116822429906542 0.2984375 0.5116822429906542
1 0 0.39485981308411217 0.00625 0.39485981308411217 0.0109375 0.3855140186915888 0.0203125 0.3855140186915888 0.021875 0.37850467289719625 0.025 0.37850467289719625 0.025 0.3107476635514019 0.028125 0.3060747663551402 0.025 0.3037383177570093 0.025 0.2780373831775701 0.021875 0.2780373831775701 0.0203125 0.2733644859813084 0.0078125 0.2733644859813084 0.00625 0.26635514018691586 0 0.26635514018691586 0 0.26869158878504673 0 0.39485981308411217
1 0.1609375 0.12149532710280374 0.159375 0.1261682242990654 0.153125 0.1261682242990654 0.1515625 0.1308411214953271 0.146875 0.1308411214953271 0.146875 0.14018691588785046 0.1421875 0.1425233644859813 0.1421875 0.16121495327102803 0.146875 0.16355140186915887 0.146875 0.17289719626168223 0.1671875 0.17289719626168223 0.16875 0.17757009345794392 0.178125 0.17757009345794392 0.1796875 0.17289719626168223 0.1890625 0.17289719626168223 0.1921875 0.16822429906542055 0.1921875 0.1261682242990654 0.184375 0.1191588785046729 0.184375 0.11448598130841121 0.171875 0.11448598130841121 0.171875 0.11682242990654206 0.1703125 0.12149532710280374 0.1609375 0.12149532710280374
1 0.015625 0.1378504672897196 0.015625 0.15654205607476634 0.01875 0.1588785046728972 0.01875 0.16822429906542055 0.0296875 0.17990654205607476 0.0296875 0.18457943925233644 0.0328125 0.18925233644859812 0.0390625 0.18925233644859812 0.0390625 0.17523364485981308 0.0421875 0.17289719626168223 0.0421875 0.14719626168224298 0.046875 0.14485981308411214 0.046875 0.1261682242990654 0.05 0.12383177570093458 0.05 0.07710280373831775 0.040625 0.07710280373831775 0.0359375 0.08878504672897196 0.021875 0.08878504672897196 0.0171875 0.07710280373831775 0.0109375 0.07710280373831775 0.0109375 0.0794392523364486 0.0109375 0.13551401869158877 0.015625 0.1378504672897196
1 0.815625 0.4135514018691589 0.8140625 0.4205607476635514 0.796875 0.4205607476635514 0.790625 0.42990654205607476 0.790625 0.45560747663551404 0.79375 0.45794392523364486 0.79375 0.4766355140186916 0.796875 0.47897196261682246 0.796875 0.4929906542056075 0.8 0.4953271028037383 0.8 0.5093457943925234 0.8046875 0.5116822429906542 0.8046875 0.5257009345794392 0.8078125 0.5280373831775701 0.8078125 0.5420560747663551 0.8109375 0.544392523364486 0.8109375 0.5584112149532711 0.815625 0.5607476635514018 0.815625 0.5700934579439252 0.81875 0.572429906542056 0.81875 0.5794392523364486 0.825 0.5794392523364486 0.8265625 0.5864485981308412 0.8390625 0.5864485981308412 0.8390625 0.5817757009345794 0.84375 0.5747663551401869 0.846875 0.5747663551401869 0.85 0.5700934579439252 0.85 0.5607476635514018 0.853125 0.5584112149532711 0.853125 0.5327102803738317 0.8578125 0.530373831775701 0.8578125 0.5233644859813084 0.8609375 0.5210280373831776 0.8609375 0.5163551401869159 0.865625 0.5093457943925234 0.871875 0.5093457943925234 0.8765625 0.4976635514018692 0.8796875 0.4976635514018692 0.8875 0.48364485981308414 0.890625 0.48364485981308414 0.890625 0.42990654205607476 0.8875 0.42990654205607476 0.8796875 0.4182242990654206 0.8796875 0.4135514018691589 0.8625 0.4135514018691589 0.859375 0.4088785046728972 0.859375 0.411214953271028 0.8578125 0.4135514018691589 0.815625 0.4135514018691589
1 0.10625 0.4766355140186916 0.103125 0.47897196261682246 0.103125 0.4883177570093458 0.0984375 0.49065420560747663 0.0984375 0.4976635514018692 0.0953125 0.5 0.0953125 0.5093457943925234 0.0921875 0.5116822429906542 0.0921875 0.530373831775701 0.0875 0.5327102803738317 0.0875 0.5864485981308412 0.0921875 0.5887850467289719 0.0921875 0.6121495327102804 0.0953125 0.6144859813084113 0.0953125 0.6448598130841121 0.103125 0.6565420560747663 0.1234375 0.6565420560747663 0.1265625 0.6518691588785047 0.1265625 0.647196261682243 0.1375 0.6355140186915887 0.1375 0.6308411214953271 0.1421875 0.6238317757009346 0.1453125 0.6238317757009346 0.1484375 0.6191588785046729 0.1484375 0.6098130841121495 0.153125 0.602803738317757 0.15625 0.602803738317757 0.15625 0.5981308411214953 0.1640625 0.5864485981308412 0.1671875 0.5864485981308412 0.1671875 0.5771028037383178 0.1734375 0.5700934579439252 0.1734375 0.5607476635514018 0.18125 0.5537383177570093 0.18125 0.5490654205607477 0.184375 0.5467289719626168 0.184375 0.5397196261682243 0.1890625 0.5373831775700935 0.1890625 0.5327102803738317 0.1921875 0.530373831775701 0.1921875 0.5233644859813084 0.1984375 0.514018691588785 0.1984375 0.5070093457943925 0.203125 0.5046728971962616 0.203125 0.4953271028037383 0.20625 0.4929906542056075 0.20625 0.48598130841121495 0.209375 0.48364485981308414 0.209375 0.4696261682242991 0.196875 0.4696261682242991 0.1953125 0.46261682242990654 0.1859375 0.46261682242990654 0.184375 0.45794392523364486 0.1796875 0.45794392523364486 0.178125 0.4532710280373832 0.1640625 0.4532710280373832 0.1625 0.4462616822429907 0.1203125 0.4462616822429907 0.1203125 0.4485981308411215 0.10625 0.4696261682242991 0.10625 0.4766355140186916
1 0.0734375 0 0.0734375 0.002336448598130841 0.0734375 0.009345794392523364 0.0703125 0.011682242990654205 0.0703125 0.030373831775700934 0.0734375 0.03271028037383177 0.0734375 0.037383177570093455 0.0703125 0.0397196261682243 0.0703125 0.07476635514018691 0.065625 0.07710280373831775 0.065625 0.102803738317757 0.0625 0.10514018691588785 0.0625 0.1191588785046729 0.059375 0.12149532710280374 0.059375 0.14485981308411214 0.0546875 0.14719626168224298 0.0546875 0.17289719626168223 0.0515625 0.17523364485981308 0.0515625 0.18457943925233644 0.0484375 0.18691588785046728 0.0484375 0.20093457943925233 0.0515625 0.205607476635514 0.0578125 0.205607476635514 0.059375 0.2102803738317757 0.0796875 0.2102803738317757 0.0796875 0.20327102803738317 0.075 0.20093457943925233 0.075 0.19626168224299065 0.071875 0.1939252336448598 0.071875 0.18691588785046728 0.06875 0.18457943925233644 0.06875 0.17990654205607476 0.0765625 0.16822429906542055 0.0828125 0.16822429906542055 0.0828125 0.1588785046728972 0.084375 0.15654205607476634 0.09375 0.15654205607476634 0.0984375 0.14485981308411214 0.1015625 0.14485981308411214 0.1015625 0.1378504672897196 0.1046875 0.13551401869158877 0.1046875 0.10981308411214953 0.0953125 0.10981308411214953 0.09375 0.10514018691588785 0.0875 0.10514018691588785 0.0859375 0.102803738317757 0.0875 0.09579439252336448 0.09375 0.09579439252336448 0.090625 0.08878504672897196 0.09375 0.08644859813084112 0.09375 0.08177570093457943 0.0875 0.08177570093457943 0.0796875 0.07009345794392523 0.0796875 0.06074766355140187 0.0828125 0.056074766355140186 0.0765625 0.056074766355140186 0.075 0.04906542056074766 0.071875 0.04672897196261682 0.0765625 0.037383177570093455 0.0796875 0.037383177570093455 0.0796875 0.03271028037383177 0.0875 0.02102803738317757 0.090625 0.02102803738317757 0.090625 0 0.0734375 0
1 0.990625 0.028037383177570093 0.990625 0.037383177570093455 0.9859375 0.0397196261682243 0.9796875 0.04906542056074766 0.9796875 0.07009345794392523 0.984375 0.07009345794392523 0.9859375 0.07476635514018691 0.9984375 0.07476635514018691 0.9984375 0.011682242990654205 0.99375 0.011682242990654205 0.99375 0.014018691588785047 0.99375 0.02570093457943925 0.990625 0.028037383177570093
1 0.3609375 0.3901869158878505 0.3578125 0.3925233644859813 0.3578125 0.45093457943925236 0.3609375 0.4532710280373832 0.3609375 0.4719626168224299 0.3671875 0.4719626168224299 0.36875 0.4766355140186916 0.378125 0.4766355140186916 0.378125 0.4696261682242991 0.38125 0.4672897196261682 0.38125 0.45794392523364486 0.384375 0.45560747663551404 0.384375 0.42990654205607476 0.3890625 0.42757009345794394 0.3890625 0.4088785046728972 0.384375 0.40654205607476634 0.384375 0.397196261682243 0.38125 0.39485981308411217 0.38125 0.37616822429906543 0.378125 0.37149532710280375 0.36875 0.37149532710280375 0.36875 0.37383177570093457 0.3609375 0.3808411214953271 0.3609375 0.3901869158878505
1 0.1609375 0.1261682242990654 0.159375 0.1308411214953271 0.15 0.1308411214953271 0.15 0.14018691588785046 0.146875 0.1425233644859813 0.146875 0.17289719626168223 0.1421875 0.17523364485981308 0.1421875 0.20093457943925233 0.1390625 0.20327102803738317 0.1390625 0.24299065420560748 0.1421875 0.24532710280373832 0.1421875 0.2546728971962617 0.146875 0.2570093457943925 0.146875 0.27102803738317754 0.15 0.2733644859813084 0.15 0.29205607476635514 0.153125 0.29439252336448596 0.153125 0.3037383177570093 0.1578125 0.3060747663551402 0.1578125 0.3130841121495327 0.1609375 0.31542056074766356 0.1609375 0.3247663551401869 0.16875 0.3317757009345794 0.16875 0.3364485981308411 0.1734375 0.3364485981308411 0.175 0.3294392523364486 0.203125 0.3294392523364486 0.203125 0.32242990654205606 0.20625 0.32009345794392524 0.20625 0.29439252336448596 0.203125 0.2897196261682243 0.19375 0.2897196261682243 0.1921875 0.28738317757009346 0.1921875 0.2780373831775701 0.1796875 0.2780373831775701 0.178125 0.2733644859813084 0.171875 0.2733644859813084 0.1671875 0.2616822429906542 0.1625 0.25934579439252337 0.1625 0.25 0.1671875 0.24766355140186916 0.1671875 0.24065420560747663 0.1734375 0.2383177570093458 0.1734375 0.22897196261682243 0.175 0.2266355140186916 0.18125 0.2266355140186916 0.1828125 0.2219626168224299 0.1890625 0.2219626168224299 0.1890625 0.21261682242990654 0.1921875 0.2102803738317757 0.1921875 0.20327102803738317 0.1953125 0.20093457943925233 0.1953125 0.18691588785046728 0.1921875 0.18457943925233644 0.1921875 0.17523364485981308 0.1890625 0.17289719626168223 0.1890625 0.1378504672897196 0.184375 0.13551401869158877 0.184375 0.1261682242990654 0.18125 0.12149532710280374 0.178125 0.1261682242990654 0.175 0.1261682242990654 0.1734375 0.12149532710280374 0.16875 0.12149532710280374 0.16875 0.12383177570093458 0.1671875 0.1261682242990654 0.1609375 0.1261682242990654
1 0.865625 0.7242990654205608 0.8625 0.7289719626168224 0.8625 0.7383177570093458 0.859375 0.7406542056074766 0.859375 0.7593457943925234 0.8546875 0.7616822429906542 0.8546875 0.780373831775701 0.859375 0.7827102803738317 0.859375 0.8130841121495327 0.8546875 0.8154205607476636 0.8546875 0.8294392523364486 0.86875 0.8294392523364486 0.8703125 0.8364485981308412 0.875 0.8364485981308412 0.8765625 0.8411214953271028 0.890625 0.8411214953271028 0.890625 0.8317757009345794 0.8921875 0.8294392523364486 0.9078125 0.8294392523364486 0.909375 0.8247663551401869 0.9125 0.8247663551401869 0.915625 0.8200934579439252 0.915625 0.8060747663551402 0.91875 0.8037383177570093 0.91875 0.7570093457943925 0.9125 0.7476635514018691 0.9125 0.7406542056074766 0.909375 0.7406542056074766 0.9046875 0.7336448598130841 0.9046875 0.7289719626168224 0.8984375 0.7289719626168224 0.896875 0.7242990654205608 0.8921875 0.7242990654205608 0.890625 0.719626168224299 0.884375 0.719626168224299 0.8828125 0.7126168224299065 0.8734375 0.7126168224299065 0.8734375 0.7149532710280374 0.86875 0.7242990654205608 0.865625 0.7242990654205608
1 0.1640625 0.12149532710280374 0.1625 0.1261682242990654 0.153125 0.1261682242990654 0.1453125 0.1425233644859813 0.1421875 0.1425233644859813 0.1421875 0.20093457943925233 0.1390625 0.20327102803738317 0.1390625 0.24299065420560748 0.1421875 0.24532710280373832 0.1421875 0.2546728971962617 0.146875 0.2570093457943925 0.146875 0.2757009345794392 0.15 0.2780373831775701 0.15 0.29205607476635514 0.153125 0.29439252336448596 0.153125 0.3037383177570093 0.1578125 0.3060747663551402 0.1578125 0.32009345794392524 0.1640625 0.3294392523364486 0.16875 0.3317757009345794 0.16875 0.3364485981308411 0.1734375 0.3364485981308411 0.175 0.3294392523364486 0.203125 0.3294392523364486 0.203125 0.32242990654205606 0.20625 0.32009345794392524 0.20625 0.29439252336448596 0.2 0.29439252336448596 0.1984375 0.2897196261682243 0.19375 0.2897196261682243 0.1921875 0.28738317757009346 0.1921875 0.2780373831775701 0.175 0.2780373831775701 0.1734375 0.2733644859813084 0.16875 0.2733644859813084 0.1671875 0.27102803738317754 0.1671875 0.2616822429906542 0.1625 0.25934579439252337 0.1625 0.25 0.1671875 0.24766355140186916 0.1671875 0.24065420560747663 0.1734375 0.2336448598130841 0.1734375 0.22897196261682243 0.178125 0.2266355140186916 0.1796875 0.2219626168224299 0.184375 0.2219626168224299 0.1859375 0.21728971962616822 0.1890625 0.21728971962616822 0.1890625 0.21261682242990654 0.1921875 0.2102803738317757 0.1921875 0.20327102803738317 0.1953125 0.20093457943925233 0.1953125 0.18691588785046728 0.1921875 0.18457943925233644 0.1921875 0.1261682242990654 0.1890625 0.12149532710280374 0.1828125 0.12149532710280374 0.18125 0.11448598130841121 0.171875 0.11448598130841121 0.171875 0.11682242990654206 0.1703125 0.12149532710280374 0.1640625 0.12149532710280374
1 0.1421875 0.17990654205607476 0.1421875 0.21728971962616822 0.1390625 0.2219626168224299 0.1421875 0.22429906542056074 0.1421875 0.24766355140186916 0.146875 0.25 0.146875 0.27102803738317754 0.15 0.2733644859813084 0.15 0.29205607476635514 0.153125 0.29439252336448596 0.153125 0.3037383177570093 0.1578125 0.3060747663551402 0.1578125 0.3130841121495327 0.1609375 0.31542056074766356 0.1609375 0.3247663551401869 0.1640625 0.3294392523364486 0.1703125 0.3294392523364486 0.171875 0.3364485981308411 0.1734375 0.3364485981308411 0.175 0.3294392523364486 0.203125 0.3294392523364486 0.203125 0.29439252336448596 0.19375 0.29439252336448596 0.1890625 0.28738317757009346 0.1890625 0.2827102803738318 0.1828125 0.2827102803738318 0.18125 0.2780373831775701 0.171875 0.2780373831775701 0.1671875 0.27102803738317754 0.1671875 0.26635514018691586 0.1640625 0.26635514018691586 0.159375 0.25934579439252337 0.159375 0.24532710280373832 0.1703125 0.2336448598130841 0.1703125 0.22897196261682243 0.175 0.2219626168224299 0.178125 0.2219626168224299 0.1796875 0.21728971962616822 0.184375 0.21728971962616822 0.1859375 0.2102803738317757 0.1890625 0.2102803738317757 0.1921875 0.205607476635514 0.1921875 0.17990654205607476 0.1890625 0.17523364485981308 0.1640625 0.17523364485981308 0.1625 0.1705607476635514 0.146875 0.1705607476635514 0.146875 0.17289719626168223 0.1453125 0.17990654205607476 0.1421875 0.17990654205607476
1 0.96875 0 0.96875 0.002336448598130841 0.9671875 0.007009345794392523 0.953125 0.007009345794392523 0.9515625 0.011682242990654205 0.946875 0.011682242990654205 0.9453125 0.016355140186915886 0.9421875 0.016355140186915886 0.9421875 0.02102803738317757 0.934375 0.03271028037383177 0.93125 0.03271028037383177 0.93125 0.037383177570093455 0.9234375 0.04906542056074766 0.9203125 0.04906542056074766 0.9203125 0.0630841121495327 0.9234375 0.0630841121495327 0.925 0.05841121495327103 0.9296875 0.05841121495327103 0.93125 0.0630841121495327 0.9703125 0.0630841121495327 0.975 0.053738317757009345 0.978125 0.053738317757009345 0.978125 0.04906542056074766 0.9859375 0.037383177570093455 0.9890625 0.037383177570093455 0.9890625 0.02336448598130841 0.9921875 0.02102803738317757 0.9921875 0.011682242990654205 0.9890625 0.009345794392523364 0.9890625 0 0.96875 0
1 0.421875 0.25 0.421875 0.2546728971962617 0.4171875 0.2616822429906542 0.4109375 0.2616822429906542 0.409375 0.26635514018691586 0.4046875 0.26635514018691586 0.403125 0.2733644859813084 0.4 0.2733644859813084 0.39375 0.2827102803738318 0.39375 0.29205607476635514 0.390625 0.29439252336448596 0.390625 0.3691588785046729 0.39375 0.37149532710280375 0.39375 0.37850467289719625 0.396875 0.3808411214953271 0.396875 0.40186915887850466 0.4 0.40420560747663553 0.4 0.4182242990654206 0.4046875 0.4205607476635514 0.4046875 0.42757009345794394 0.4078125 0.42990654205607476 0.4078125 0.4439252336448598 0.4109375 0.4462616822429907 0.4109375 0.45560747663551404 0.415625 0.45794392523364486 0.415625 0.4672897196261682 0.41875 0.4696261682242991 0.41875 0.4766355140186916 0.421875 0.47897196261682246 0.421875 0.48364485981308414 0.4265625 0.48598130841121495 0.4265625 0.4929906542056075 0.4296875 0.4953271028037383 0.4296875 0.5046728971962616 0.4328125 0.5070093457943925 0.4328125 0.514018691588785 0.4359375 0.514018691588785 0.4375 0.5210280373831776 0.44375 0.530373831775701 0.4484375 0.5327102803738317 0.4484375 0.5373831775700935 0.453125 0.5373831775700935 0.4546875 0.5420560747663551 0.4640625 0.5420560747663551 0.465625 0.5467289719626168 0.49375 0.5467289719626168 0.5078125 0.5257009345794392 0.5078125 0.5163551401869159 0.5125 0.514018691588785 0.5125 0.5070093457943925 0.515625 0.5046728971962616 0.515625 0.4953271028037383 0.51875 0.4929906542056075 0.51875 0.48598130841121495 0.5234375 0.48364485981308414 0.5234375 0.4742990654205608 0.5265625 0.4719626168224299 0.5265625 0.45794392523364486 0.5296875 0.45560747663551404 0.5296875 0.441588785046729 0.534375 0.4392523364485981 0.534375 0.42990654205607476 0.5375 0.42757009345794394 0.5375 0.4135514018691589 0.540625 0.411214953271028 0.5421875 0.40186915887850466 0.5453125 0.40186915887850466 0.5453125 0.3925233644859813 0.5484375 0.3901869158878505 0.5484375 0.37616822429906543 0.5515625 0.37383177570093457 0.5515625 0.3598130841121495 0.55625 0.3574766355140187 0.55625 0.34345794392523366 0.559375 0.3411214953271028 0.559375 0.3060747663551402 0.55625 0.3037383177570093 0.55625 0.29439252336448596 0.553125 0.29439252336448596 0.5515625 0.2897196261682243 0.546875 0.2897196261682243 0.5453125 0.2827102803738318 0.528125 0.2827102803738318 0.5265625 0.2780373831775701 0.509375 0.2780373831775701 0.5078125 0.2733644859813084 0.4953125 0.2733644859813084 0.49375 0.26635514018691586 0.465625 0.26635514018691586 0.4640625 0.2616822429906542 0.459375 0.2616822429906542 0.4578125 0.2570093457943925 0.4515625 0.2570093457943925 0.446875 0.24532710280373832 0.4296875 0.24532710280373832 0.4296875 0.24766355140186916 0.428125 0.25 0.421875 0.25
1 0.4515625 0.735981308411215 0.4515625 0.7593457943925234 0.4546875 0.7616822429906542 0.4546875 0.7757009345794392 0.459375 0.7780373831775701 0.459375 0.7873831775700935 0.465625 0.794392523364486 0.465625 0.8037383177570093 0.4828125 0.8037383177570093 0.4828125 0.7990654205607477 0.4859375 0.7967289719626168 0.4859375 0.7897196261682243 0.490625 0.7873831775700935 0.490625 0.7827102803738317 0.49375 0.780373831775701 0.49375 0.7663551401869159 0.496875 0.764018691588785 0.496875 0.75 0.5015625 0.7476635514018691 0.5015625 0.7406542056074766 0.496875 0.7383177570093458 0.496875 0.7289719626168224 0.49375 0.7266355140186916 0.49375 0.719626168224299 0.490625 0.7172897196261683 0.490625 0.7079439252336449 0.4875 0.7079439252336449 0.4828125 0.7009345794392523 0.4828125 0.6962616822429907 0.465625 0.6962616822429907 0.465625 0.7009345794392523 0.4625 0.7032710280373832 0.4609375 0.6962616822429907 0.4546875 0.6962616822429907 0.4484375 0.6869158878504673 0.4484375 0.6892523364485982 0.4484375 0.7336448598130841 0.4515625 0.735981308411215
1 0.0078125 0 0.0078125 0.002336448598130841 0.0078125 0.004672897196261682 0.0171875 0.004672897196261682 0.01875 0.007009345794392523 0.015625 0.014018691588785047 0.028125 0.014018691588785047 0.0328125 0.02570093457943925 0.0390625 0.02570093457943925 0.04375 0.03271028037383177 0.04375 0.037383177570093455 0.05 0.037383177570093455 0.053125 0.04205607476635514 0.0546875 0.037383177570093455 0.0578125 0.037383177570093455 0.0578125 0.028037383177570093 0.0609375 0.02570093457943925 0.0609375 0.011682242990654205 0.0640625 0.009345794392523364 0.0640625 0 0.0078125 0
1 0.5828125 0.0397196261682243 0.58125 0.04439252336448598 0.575 0.04439252336448598 0.5734375 0.04906542056074766 0.56875 0.04906542056074766 0.5671875 0.056074766355140186 0.5640625 0.056074766355140186 0.5609375 0.06074766355140187 0.5609375 0.07009345794392523 0.5578125 0.07242990654205607 0.5578125 0.1191588785046729 0.5609375 0.12149532710280374 0.5609375 0.13551401869158877 0.5640625 0.1378504672897196 0.5640625 0.14485981308411214 0.5671875 0.14485981308411214 0.56875 0.15186915887850466 0.575 0.1588785046728972 0.575 0.16822429906542055 0.578125 0.16822429906542055 0.5859375 0.17990654205607476 0.5859375 0.18457943925233644 0.603125 0.18457943925233644 0.603125 0.17990654205607476 0.609375 0.17289719626168223 0.609375 0.16355140186915887 0.6140625 0.16121495327102803 0.6140625 0.1425233644859813 0.61875 0.13551401869158877 0.625 0.13551401869158877 0.625 0.1308411214953271 0.628125 0.12850467289719625 0.628125 0.12149532710280374 0.63125 0.1191588785046729 0.63125 0.10981308411214953 0.6359375 0.10747663551401869 0.6359375 0.09813084112149532 0.6390625 0.09579439252336448 0.6390625 0.08177570093457943 0.6359375 0.0794392523364486 0.6359375 0.07242990654205607 0.6390625 0.07009345794392523 0.6390625 0.056074766355140186 0.63125 0.04439252336448598 0.61875 0.04439252336448598 0.6171875 0.0397196261682243 0.6109375 0.0397196261682243 0.609375 0.03271028037383177 0.59375 0.03271028037383177 0.59375 0.035046728971962614 0.5921875 0.0397196261682243 0.5828125 0.0397196261682243
1 0.7171875 0.29906542056074764 0.715625 0.3060747663551402 0.6984375 0.3060747663551402 0.6953125 0.3107476635514019 0.6953125 0.3364485981308411 0.6984375 0.338785046728972 0.6984375 0.34579439252336447 0.703125 0.34813084112149534 0.703125 0.3621495327102804 0.70625 0.3644859813084112 0.70625 0.3691588785046729 0.709375 0.37383177570093457 0.715625 0.37383177570093457 0.7171875 0.37850467289719625 0.7375 0.37850467289719625 0.7390625 0.37383177570093457 0.7453125 0.37383177570093457 0.7484375 0.3691588785046729 0.7484375 0.3644859813084112 0.7515625 0.3621495327102804 0.7515625 0.35514018691588783 0.7484375 0.352803738317757 0.7484375 0.34345794392523366 0.740625 0.3364485981308411 0.740625 0.31542056074766356 0.7375 0.3130841121495327 0.7375 0.29439252336448596 0.728125 0.29439252336448596 0.728125 0.2967289719626168 0.7265625 0.29906542056074764 0.7171875 0.29906542056074764
1 0.5828125 0.0397196261682243 0.58125 0.04439252336448598 0.575 0.04439252336448598 0.5734375 0.04906542056074766 0.56875 0.04906542056074766 0.5671875 0.056074766355140186 0.5640625 0.056074766355140186 0.5609375 0.06074766355140187 0.5609375 0.07009345794392523 0.5578125 0.07242990654205607 0.5578125 0.12383177570093458 0.5609375 0.1261682242990654 0.5609375 0.14018691588785046 0.56875 0.14719626168224298 0.56875 0.15186915887850466 0.575 0.1588785046728972 0.575 0.16822429906542055 0.578125 0.16822429906542055 0.5859375 0.17990654205607476 0.5859375 0.18457943925233644 0.5921875 0.18457943925233644 0.6 0.19626168224299065 0.6 0.20093457943925233 0.60625 0.20093457943925233 0.6078125 0.205607476635514 0.6140625 0.205607476635514 0.615625 0.2102803738317757 0.628125 0.2102803738317757 0.6296875 0.205607476635514 0.6421875 0.205607476635514 0.64375 0.20093457943925233 0.6578125 0.20093457943925233 0.659375 0.1939252336448598 0.6640625 0.1939252336448598 0.665625 0.18925233644859812 0.66875 0.18925233644859812 0.66875 0.17990654205607476 0.6765625 0.16822429906542055 0.6796875 0.16822429906542055 0.6796875 0.16355140186915887 0.6875 0.15186915887850466 0.690625 0.15186915887850466 0.690625 0.1425233644859813 0.69375 0.14018691588785046 0.69375 0.09345794392523364 0.690625 0.0911214953271028 0.690625 0.07242990654205607 0.6859375 0.07009345794392523 0.6859375 0.06542056074766354 0.6796875 0.056074766355140186 0.640625 0.056074766355140186 0.6359375 0.04439252336448598 0.6265625 0.04439252336448598 0.625 0.0397196261682243 0.6109375 0.0397196261682243 0.609375 0.03271028037383177 0.59375 0.03271028037383177 0.59375 0.035046728971962614 0.5921875 0.0397196261682243 0.5828125 0.0397196261682243
1 0.265625 0.23598130841121495 0.265625 0.24766355140186916 0.2625 0.25 0.2625 0.26401869158878505 0.259375 0.26635514018691586 0.259375 0.308411214953271 0.2546875 0.3107476635514019 0.2546875 0.3247663551401869 0.2515625 0.32710280373831774 0.2515625 0.3411214953271028 0.2484375 0.34345794392523366 0.2484375 0.37383177570093457 0.240625 0.3808411214953271 0.240625 0.40186915887850466 0.2359375 0.4088785046728972 0.2328125 0.4088785046728972 0.23125 0.4135514018691589 0.2109375 0.4135514018691589 0.2109375 0.42289719626168226 0.2140625 0.42289719626168226 0.215625 0.4182242990654206 0.225 0.4182242990654206 0.2296875 0.42757009345794394 0.2265625 0.42990654205607476 0.2265625 0.4439252336448598 0.221875 0.4462616822429907 0.221875 0.45560747663551404 0.21875 0.45794392523364486 0.21875 0.4672897196261682 0.2140625 0.4742990654205608 0.2109375 0.4742990654205608 0.2109375 0.4883177570093458 0.2046875 0.49065420560747663 0.203125 0.4953271028037383 0.2 0.4953271028037383 0.196875 0.5 0.196875 0.514018691588785 0.19375 0.5163551401869159 0.19375 0.530373831775701 0.190625 0.5327102803738317 0.1890625 0.5397196261682243 0.1859375 0.5397196261682243 0.1828125 0.544392523364486 0.1828125 0.5537383177570093 0.178125 0.5607476635514018 0.175 0.5607476635514018 0.175 0.5700934579439252 0.1671875 0.5817757009345794 0.1640625 0.5817757009345794 0.1640625 0.5864485981308412 0.1578125 0.5934579439252337 0.1578125 0.602803738317757 0.153125 0.6051401869158879 0.1484375 0.6144859813084113 0.1421875 0.6144859813084113 0.1421875 0.6285046728971962 0.1390625 0.6308411214953271 0.1390625 0.6355140186915887 0.134375 0.6425233644859814 0.13125 0.6425233644859814 0.128125 0.647196261682243 0.1265625 0.6542056074766355 0.1171875 0.6542056074766355 0.115625 0.6588785046728972 0.109375 0.6588785046728972 0.1046875 0.6705607476635514 0.0921875 0.6705607476635514 0.090625 0.6752336448598131 0.0875 0.6752336448598131 0.084375 0.6799065420560748 0.0828125 0.6869158878504673 0.0765625 0.6869158878504673 0.0703125 0.6962616822429907 0.0703125 0.7009345794392523 0.0734375 0.7032710280373832 0.0734375 0.7266355140186916 0.0765625 0.7289719626168224 0.0765625 0.7336448598130841 0.0828125 0.7336448598130841 0.084375 0.735981308411215 0.084375 0.7546728971962616 0.0875 0.7593457943925234 0.1046875 0.7593457943925234 0.10625 0.7546728971962616 0.1125 0.7546728971962616 0.1140625 0.7593457943925234 0.1265625 0.7593457943925234 0.1265625 0.75 0.1296875 0.7476635514018691 0.1296875 0.735981308411215 0.134375 0.7336448598130841 0.134375 0.6962616822429907 0.1296875 0.6939252336448598 0.1296875 0.6799065420560748 0.134375 0.677570093457944 0.134375 0.6705607476635514 0.1375 0.6682242990654206 0.1375 0.6635514018691588 0.1484375 0.6518691588785047 0.1484375 0.647196261682243 0.153125 0.6401869158878505 0.15625 0.6401869158878505 0.159375 0.6355140186915887 0.159375 0.6308411214953271 0.1625 0.6285046728971962 0.1640625 0.6191588785046729 0.1703125 0.6191588785046729 0.171875 0.6121495327102804 0.178125 0.6121495327102804 0.18125 0.6074766355140186 0.18125 0.5934579439252337 0.1859375 0.5864485981308412 0.1890625 0.5864485981308412 0.1890625 0.5817757009345794 0.1953125 0.5747663551401869 0.1953125 0.5654205607476636 0.20625 0.5537383177570093 0.20625 0.544392523364486 0.209375 0.5420560747663551 0.209375 0.5280373831775701 0.2171875 0.5210280373831776 0.21875 0.514018691588785 0.225 0.514018691588785 0.225 0.5070093457943925 0.228125 0.5046728971962616 0.228125 0.48598130841121495 0.23125 0.48364485981308414 0.2328125 0.4766355140186916 0.2359375 0.4766355140186916 0.2359375 0.46261682242990654 0.2390625 0.4602803738317757 0.2390625 0.4532710280373832 0.2421875 0.45093457943925236 0.2421875 0.4369158878504673 0.246875 0.43457943925233644 0.246875 0.4252336448598131 0.25 0.42289719626168226 0.25 0.4135514018691589 0.253125 0.411214953271028 0.25 0.40420560747663553 0.253125 0.40186915887850466 0.2546875 0.39485981308411217 0.2578125 0.39485981308411217 0.2578125 0.3808411214953271 0.2609375 0.37850467289719625 0.2609375 0.3644859813084112 0.2640625 0.3621495327102804 0.2640625 0.34345794392523366 0.26875 0.3411214953271028 0.26875 0.32710280373831774 0.271875 0.3247663551401869 0.271875 0.3060747663551402 0.275 0.3037383177570093 0.275 0.2780373831775701 0.2796875 0.2757009345794392 0.2796875 0.24065420560747663 0.2828125 0.23598130841121495 0.2796875 0.2336448598130841 0.2796875 0.22897196261682243 0.2703125 0.22897196261682243 0.2703125 0.23130841121495327 0.26875 0.23598130841121495 0.265625 0.23598130841121495