2 0.0984375 0.418013856812933 0.0921875 0.418013856812933 0.0890625 0.4226327944572748 0.0890625 0.44803695150115475 0.0921875 0.4503464203233256 0.0921875 0.46420323325635104 0.0953125 0.46882217090069284 0.0984375 0.46882217090069284 0.1 0.47344110854503463 0.1046875 0.47344110854503463 0.10625 0.48036951501154734 0.109375 0.48036951501154734 0.1109375 0.48498845265588914 0.1171875 0.48498845265588914 0.11875 0.4896073903002309 0.1234375 0.4896073903002309 0.125 0.49653579676674364 0.128125 0.49653579676674364 0.1296875 0.5011547344110855 0.1359375 0.5034642032332564 0.1359375 0.5080831408775982 0.1453125 0.5080831408775982 0.1515625 0.5173210161662818 0.1671875 0.5173210161662818 0.16875 0.5242494226327945 0.175 0.5242494226327945 0.1765625 0.5288683602771362 0.1859375 0.5288683602771362 0.1875 0.5334872979214781 0.2 0.5334872979214781 0.2015625 0.5288683602771362 0.2046875 0.5288683602771362 0.2046875 0.5103926096997691 0.2015625 0.5103926096997691 0.2 0.5034642032332564 0.19375 0.49653579676674364 0.19375 0.48729792147806006 0.1890625 0.48498845265588914 0.1890625 0.47575057736720555 0.1859375 0.47344110854503463 0.1859375 0.4665127020785219 0.1828125 0.46420323325635104 0.1828125 0.45958429561200925 0.178125 0.45727482678983833 0.178125 0.4503464203233256 0.175 0.44803695150115475 0.175 0.44341801385681295 0.1671875 0.43648960739030024 0.1671875 0.42725173210161665 0.1625 0.42725173210161665 0.1609375 0.4226327944572748 0.1578125 0.4226327944572748 0.153125 0.41570438799076215 0.153125 0.4110854503464203 0.14375 0.4110854503464203 0.14375 0.42032332563510394 0.1421875 0.4226327944572748 0.1328125 0.4226327944572748 0.13125 0.418013856812933 0.125 0.418013856812933 0.1203125 0.4064665127020785 0.103125 0.4064665127020785 0.103125 0.40877598152424943 0.1 0.4110854503464203 0.0984375 0.418013856812933
2 0.0078125 0 0.0078125 0.0023094688221709007 0.0078125 0.004618937644341801 0.0125 0.006928406466512702 0.0125 0.025404157043879907 0.0078125 0.02771362586605081 0.0078125 0.06466512702078522 0.0046875 0.06697459584295612 0.003125 0.07621247113163972 0 0.07621247113163972 0 0.18706697459584296 0.00625 0.18706697459584296 0.0078125 0.18937644341801385 0.0078125 0.19861431870669746 0.0109375 0.19861431870669746 0.0125 0.20323325635103925 0.01875 0.20554272517321015 0.01875 0.21478060046189376 0.0234375 0.21709006928406466 0.0234375 0.22632794457274827 0.0296875 0.23325635103926096 0.0296875 0.24249422632794457 0.0328125 0.24249422632794457 0.034375 0.2471131639722864 0.0390625 0.2471131639722864 0.040625 0.2540415704387991 0.04375 0.2540415704387991 0.0515625 0.26558891454965355 0.0515625 0.2702078521939954 0.0546875 0.2702078521939954 0.059375 0.27713625866050806 0.059375 0.2863741339491917 0.0625 0.28868360277136257 0.0625 0.2956120092378753 0.06875 0.2956120092378753 0.0703125 0.2979214780600462 0.0703125 0.3071593533487298 0.0734375 0.3094688221709007 0.0734375 0.3187066974595843 0.0796875 0.3187066974595843 0.084375 0.325635103926097 0.084375 0.3394919168591224 0.0875 0.3394919168591224 0.0890625 0.3441108545034642 0.1046875 0.3441108545034642 0.10625 0.3394919168591224 0.1421875 0.3394919168591224 0.14375 0.3441108545034642 0.175 0.3441108545034642 0.1765625 0.3394919168591224 0.196875 0.3394919168591224 0.1984375 0.3348729792147806 0.2046875 0.3348729792147806 0.20625 0.3279445727482679 0.2109375 0.3279445727482679 0.2125 0.3233256351039261 0.215625 0.3233256351039261 0.2203125 0.3117782909930716 0.2234375 0.3117782909930716 0.2296875 0.302540415704388 0.2296875 0.29330254041570436 0.234375 0.2909930715935335 0.234375 0.2817551963048499 0.2375 0.279445727482679 0.2375 0.27251732101616627 0.240625 0.2702078521939954 0.2421875 0.2632794457274827 0.2453125 0.2632794457274827 0.2453125 0.25635103926096997 0.2484375 0.2540415704387991 0.2484375 0.24480369515011546 0.2515625 0.24249422632794457 0.253125 0.23556581986143188 0.25625 0.23556581986143188 0.25625 0.22170900692840648 0.2625 0.21478060046189376 0.2625 0.20554272517321015 0.2671875 0.20323325635103925 0.2671875 0.18013856812933027 0.2734375 0.17090069284064666 0.2734375 0.13163972286374134 0.2703125 0.12933025404157045 0.2703125 0.12009237875288684 0.2734375 0.11547344110854503 0.2703125 0.11316397228637413 0.2703125 0.09930715935334873 0.2671875 0.09699769053117784 0.2671875 0.05542725173210162 0.2625 0.053117782909930716 0.2625 0.04387990762124711 0.25625 0.03464203233256351 0.25 0.03464203233256351 0.2484375 0.02771362586605081 0.2453125 0.023094688221709007 0.2421875 0.023094688221709007 0.240625 0.018475750577367205 0.2359375 0.018475750577367205 0.234375 0.016166281755196306 0.234375 0.006928406466512702 0.225 0.006928406466512702 0.2234375 0 0.1546875 0 0.1546875 0.004618937644341801 0.1515625 0.006928406466512702 0.15 0 0.084375 0 0.084375 0.004618937644341801 0.08125 0.006928406466512702 0.0796875 0 0.0078125 0
2 0.0234375 0.3418013856812933 0.021875 0.3464203233256351 0.01875 0.3464203233256351 0.01875 0.43187066974595845 0.0234375 0.4341801385681293 0.0234375 0.45265588914549654 0.0265625 0.45727482678983833 0.0328125 0.45727482678983833 0.034375 0.46420323325635104 0.046875 0.46420323325635104 0.0515625 0.47344110854503463 0.0578125 0.47344110854503463 0.059375 0.48036951501154734 0.06875 0.48036951501154734 0.06875 0.47575057736720555 0.071875 0.47344110854503463 0.071875 0.4665127020785219 0.0765625 0.46420323325635104 0.0765625 0.4503464203233256 0.0796875 0.44803695150115475 0.0796875 0.394919168591224 0.0765625 0.39260969976905313 0.0765625 0.3741339491916859 0.071875 0.371824480369515 0.071875 0.3625866050808314 0.06875 0.36027713625866054 0.06875 0.3533487297921478 0.065625 0.3510392609699769 0.065625 0.3464203233256351 0.0625 0.3464203233256351 0.0578125 0.3371824480369515 0.040625 0.3371824480369515 0.040625 0.3394919168591224 0.0390625 0.3418013856812933 0.0234375 0.3418013856812933
1 0.503125 0.48498845265588914 0.4984375 0.48729792147806006 0.4984375 0.4896073903002309 0.503125 0.49191685912240185 0.503125 0.5011547344110855 0.50625 0.5034642032332564 0.50625 0.5080831408775982 0.5125 0.5080831408775982 0.5140625 0.5127020785219399 0.5265625 0.5127020785219399 0.53125 0.5011547344110855 0.534375 0.5011547344110855 0.534375 0.48267898383371827 0.5296875 0.48036951501154734 0.5296875 0.47575057736720555 0.5265625 0.47113163972286376 0.50625 0.47113163972286376 0.50625 0.47344110854503463 0.503125 0.47575057736720555 0.503125 0.48498845265588914
1 0.4140625 0.5242494226327945 0.40625 0.535796766743649 0.403125 0.535796766743649 0.403125 0.5404157043879908 0.3953125 0.5519630484988453 0.3921875 0.5519630484988453 0.3921875 0.5565819861431871 0.3859375 0.5635103926096998 0.3859375 0.5727482678983834 0.3890625 0.5773672055427251 0.3984375 0.5773672055427251 0.4015625 0.581986143187067 0.403125 0.5773672055427251 0.4125 0.5773672055427251 0.4140625 0.5727482678983834 0.4203125 0.5727482678983834 0.4203125 0.5681293302540416 0.425 0.5612009237875288 0.428125 0.5612009237875288 0.43125 0.5565819861431871 0.43125 0.5196304849884527 0.428125 0.5150115473441108 0.41875 0.5150115473441108 0.41875 0.5173210161662818 0.4140625 0.5196304849884527 0.4140625 0.5242494226327945
1 0.2828125 0.789838337182448 0.2828125 0.7990762124711316 0.290625 0.8060046189376443 0.290625 0.8106235565819861 0.29375 0.815242494226328 0.3 0.815242494226328 0.3015625 0.8198614318706697 0.30625 0.8198614318706697 0.3078125 0.815242494226328 0.3140625 0.815242494226328 0.31875 0.8036951501154734 0.321875 0.8036951501154734 0.321875 0.7967667436489607 0.325 0.7944572748267898 0.325 0.789838337182448 0.321875 0.7875288683602771 0.321875 0.7806004618937644 0.3171875 0.7782909930715936 0.3171875 0.7736720554272517 0.2859375 0.7736720554272517 0.2859375 0.7759815242494227 0.2796875 0.7852193995381063 0.2828125 0.789838337182448
1 0.396875 0.4018475750577367 0.3953125 0.4064665127020785 0.3921875 0.4064665127020785 0.3921875 0.44110854503464203 0.3984375 0.44110854503464203 0.4 0.44803695150115475 0.4203125 0.44803695150115475 0.4203125 0.44341801385681295 0.4234375 0.44110854503464203 0.4234375 0.4064665127020785 0.4171875 0.3995381062355658 0.4171875 0.394919168591224 0.403125 0.394919168591224 0.403125 0.3972286374133949 0.4015625 0.4018475750577367 0.396875 0.4018475750577367
1 0.2125 0.41570438799076215 0.21875 0.41570438799076215 0.2203125 0.42032332563510394 0.2296875 0.42032332563510394 0.23125 0.42494226327944573 0.2515625 0.42494226327944573 0.2515625 0.418013856812933 0.25625 0.41570438799076215 0.25625 0.394919168591224 0.253125 0.394919168591224 0.2484375 0.3856812933025404 0.2171875 0.3856812933025404 0.2171875 0.38799076212471134 0.2125 0.3903002309468822 0.2125 0.41570438799076215
1 0.9234375 0.5681293302540416 0.9234375 0.5727482678983834 0.9203125 0.5750577367205543 0.9203125 0.6096997690531177 0.928125 0.6166281755196305 0.928125 0.6212471131639723 0.9375 0.6212471131639723 0.9390625 0.625866050808314 0.94375 0.625866050808314 0.9453125 0.6212471131639723 0.9515625 0.6212471131639723 0.9515625 0.6073903002309469 0.9546875 0.605080831408776 0.9546875 0.5912240184757506 0.9515625 0.5889145496535797 0.9515625 0.5750577367205543 0.9484375 0.5727482678983834 0.9484375 0.5681293302540416 0.9421875 0.5681293302540416 0.940625 0.5635103926096998 0.93125 0.5635103926096998 0.93125 0.5658198614318707 0.9296875 0.5681293302540416 0.9234375 0.5681293302540416
1 0.44375 0.745958429561201 0.44375 0.7551963048498845 0.440625 0.7575057736720554 0.440625 0.7782909930715936 0.44375 0.7806004618937644 0.44375 0.7875288683602771 0.4484375 0.789838337182448 0.4484375 0.7944572748267898 0.4546875 0.8036951501154734 0.46875 0.8036951501154734 0.475 0.7944572748267898 0.475 0.7852193995381063 0.4796875 0.7829099307159353 0.4796875 0.7575057736720554 0.4765625 0.7575057736720554 0.471875 0.7505773672055427 0.471875 0.745958429561201 0.4625 0.745958429561201 0.459375 0.7413394919168591 0.459375 0.74364896073903 0.4578125 0.745958429561201 0.44375 0.745958429561201
1 0.19375 0.8614318706697459 0.1796875 0.8614318706697459 0.178125 0.8660508083140878 0.16875 0.8660508083140878 0.165625 0.8706697459584296 0.165625 0.8845265588914549 0.16875 0.8868360277136259 0.16875 0.8960739030023095 0.171875 0.8960739030023095 0.1765625 0.9030023094688222 0.1765625 0.9076212471131639 0.1828125 0.9076212471131639 0.184375 0.9122401847575058 0.1890625 0.9122401847575058 0.190625 0.9168591224018475 0.196875 0.9168591224018475 0.1984375 0.9191685912240185 0.1984375 0.9284064665127021 0.20625 0.9353348729792148 0.20625 0.9491916859122402 0.2109375 0.9491916859122402 0.2125 0.9561200923787528 0.21875 0.9561200923787528 0.2203125 0.9491916859122402 0.2265625 0.9491916859122402 0.2296875 0.9445727482678984 0.2296875 0.9353348729792148 0.234375 0.9330254041570438 0.234375 0.9191685912240185 0.2375 0.9168591224018475 0.2375 0.9030023094688222 0.240625 0.9006928406466512 0.240625 0.8775981524249422 0.2375 0.8752886836027713 0.2375 0.8660508083140878 0.2296875 0.859122401847575 0.2296875 0.8545034642032333 0.2265625 0.8498845265588915 0.2015625 0.8498845265588915 0.2015625 0.8521939953810623 0.1953125 0.8545034642032333 0.19375 0.8614318706697459
1 0.225 0.3556581986143187 0.2203125 0.3579676674364896 0.2203125 0.37644341801385683 0.2171875 0.3787528868360277 0.215625 0.3856812933025404 0.2125 0.3856812933025404 0.2125 0.41570438799076215 0.21875 0.41570438799076215 0.2203125 0.42032332563510394 0.2296875 0.42032332563510394 0.23125 0.42494226327944573 0.2515625 0.42494226327944573 0.2515625 0.418013856812933 0.25625 0.41570438799076215 0.25625 0.394919168591224 0.253125 0.394919168591224 0.2453125 0.3833718244803695 0.2453125 0.3533487297921478 0.240625 0.3510392609699769 0.240625 0.3464203233256351 0.2375 0.3418013856812933 0.228125 0.3418013856812933 0.228125 0.3441108545034642 0.225 0.3464203233256351 0.225 0.3556581986143187
1 0.2015625 0.5842956120092379 0.2015625 0.5889145496535797 0.1984375 0.5912240184757506 0.1984375 0.6304849884526559 0.2015625 0.6327944572748267 0.2015625 0.6374133949191686 0.2078125 0.6374133949191686 0.209375 0.6420323325635104 0.21875 0.6420323325635104 0.2203125 0.6374133949191686 0.2234375 0.6374133949191686 0.2234375 0.6327944572748267 0.2265625 0.6304849884526559 0.2265625 0.6166281755196305 0.2296875 0.6143187066974596 0.2296875 0.6004618937644342 0.2234375 0.5912240184757506 0.21875 0.5889145496535797 0.21875 0.5842956120092379 0.2125 0.5842956120092379 0.209375 0.5796766743648961 0.209375 0.581986143187067 0.2078125 0.5842956120092379 0.2015625 0.5842956120092379
1 0.1359375 0.5796766743648961 0.1328125 0.5842956120092379 0.1328125 0.5981524249422633 0.1359375 0.6004618937644342 0.1359375 0.6096997690531177 0.1390625 0.6096997690531177 0.14375 0.6166281755196305 0.14375 0.6212471131639723 0.153125 0.6212471131639723 0.1546875 0.625866050808314 0.1859375 0.625866050808314 0.1875 0.6212471131639723 0.19375 0.6212471131639723 0.19375 0.6120092378752887 0.196875 0.6096997690531177 0.196875 0.6004618937644342 0.19375 0.5981524249422633 0.19375 0.5912240184757506 0.1890625 0.5889145496535797 0.1890625 0.5842956120092379 0.1828125 0.5750577367205543 0.14375 0.5750577367205543 0.14375 0.5773672055427251 0.1421875 0.5796766743648961 0.1359375 0.5796766743648961
1 0.9671875 0.4341801385681293 0.9640625 0.4387990762124711 0.9640625 0.46882217090069284 0.971875 0.47575057736720555 0.971875 0.48036951501154734 0.9875 0.48036951501154734 0.9890625 0.47344110854503463 0.9921875 0.47344110854503463 0.9953125 0.46882217090069284 0.9953125 0.4503464203233256 0.9921875 0.44803695150115475 0.9921875 0.4387990762124711 0.9890625 0.4387990762124711 0.984375 0.43187066974595845 0.984375 0.42725173210161665 0.971875 0.42725173210161665 0.971875 0.4295612009237875 0.9703125 0.4341801385681293 0.9671875 0.4341801385681293
1 0.6375 0.6859122401847575 0.634375 0.6882217090069284 0.634375 0.7113163972286374 0.6375 0.7136258660508084 0.6375 0.7182448036951501 0.6578125 0.7182448036951501 0.659375 0.7113163972286374 0.6625 0.7113163972286374 0.6625 0.6928406466512702 0.659375 0.6928406466512702 0.6546875 0.6859122401847575 0.6546875 0.6812933025404158 0.6515625 0.6766743648960739 0.6421875 0.6766743648960739 0.6421875 0.6789838337182448 0.6375 0.6812933025404158 0.6375 0.6859122401847575
1 0.4359375 0.6766743648960739 0.4359375 0.7113163972286374 0.440625 0.7136258660508084 0.440625 0.7228637413394919 0.446875 0.7228637413394919 0.4515625 0.7297921478060047 0.4515625 0.7344110854503464 0.4546875 0.7390300230946882 0.475 0.7390300230946882 0.475 0.7297921478060047 0.4796875 0.7274826789838337 0.4796875 0.7205542725173211 0.4828125 0.7182448036951501 0.4828125 0.7043879907621247 0.4859375 0.7020785219399538 0.4859375 0.6812933025404158 0.4828125 0.6789838337182448 0.4828125 0.6720554272517321 0.4796875 0.6697459584295612 0.4796875 0.6651270207852193 0.44375 0.6651270207852193 0.44375 0.6674364896073903 0.4390625 0.6766743648960739 0.4359375 0.6766743648960739
1 0.353125 0.5011547344110855 0.35625 0.5034642032332564 0.35625 0.5334872979214781 0.359375 0.535796766743649 0.359375 0.5496535796766744 0.3640625 0.5519630484988453 0.3640625 0.5565819861431871 0.3703125 0.5658198614318707 0.384375 0.5658198614318707 0.390625 0.5565819861431871 0.3921875 0.5496535796766744 0.3953125 0.5496535796766744 0.4015625 0.5404157043879908 0.403125 0.5334872979214781 0.40625 0.5334872979214781 0.4109375 0.5242494226327945 0.4171875 0.5242494226327945 0.4171875 0.5150115473441108 0.4203125 0.5127020785219399 0.4203125 0.49884526558891457 0.4234375 0.49653579676674364 0.4234375 0.48729792147806006 0.4203125 0.48498845265588914 0.4203125 0.47113163972286376 0.4171875 0.4665127020785219 0.4109375 0.4665127020785219 0.409375 0.45958429561200925 0.403125 0.45958429561200925 0.4015625 0.45496535796766746 0.359375 0.45496535796766746 0.359375 0.45727482678983833 0.353125 0.4665127020785219 0.353125 0.5011547344110855
1 0.2203125 0.3533487297921478 0.2203125 0.37644341801385683 0.240625 0.37644341801385683 0.2421875 0.371824480369515 0.2453125 0.371824480369515 0.2453125 0.3464203233256351 0.2421875 0.3464203233256351 0.240625 0.3418013856812933 0.225 0.3418013856812933 0.225 0.3441108545034642 0.225 0.3510392609699769 0.2203125 0.3533487297921478
1 0.3125 0.8383371824480369 0.3109375 0.8452655889145496 0.3046875 0.8452655889145496 0.3 0.8545034642032333 0.296875 0.8545034642032333 0.296875 0.8845265588914549 0.3015625 0.8868360277136259 0.3015625 0.8960739030023095 0.3046875 0.9006928406466512 0.328125 0.9006928406466512 0.3296875 0.8960739030023095 0.3328125 0.8960739030023095 0.3359375 0.8914549653579676 0.3375 0.8845265588914549 0.340625 0.8845265588914549 0.34375 0.8799076212471132 0.34375 0.8452655889145496 0.3359375 0.8337182448036952 0.3234375 0.8337182448036952 0.3234375 0.836027713625866 0.321875 0.8383371824480369 0.3125 0.8383371824480369
1 0.528125 0.7344110854503464 0.53125 0.7390300230946882 0.5375 0.7390300230946882 0.5390625 0.74364896073903 0.5484375 0.74364896073903 0.5515625 0.7390300230946882 0.5515625 0.7251732101616628 0.55625 0.7228637413394919 0.55625 0.7205542725173211 0.5515625 0.7182448036951501 0.5515625 0.7090069284064665 0.5484375 0.7043879907621247 0.53125 0.7043879907621247 0.53125 0.7066974595842956 0.528125 0.7090069284064665 0.528125 0.7344110854503464
1 0.296875 0.48267898383371827 0.296875 0.4896073903002309 0.29375 0.49191685912240185 0.29375 0.5127020785219399 0.290625 0.5150115473441108 0.290625 0.5242494226327945 0.29375 0.5265588914549654 0.29375 0.5450346420323325 0.296875 0.5473441108545035 0.296875 0.5565819861431871 0.3 0.5565819861431871 0.3078125 0.5681293302540416 0.3078125 0.5727482678983834 0.325 0.5727482678983834 0.3265625 0.5658198614318707 0.3328125 0.5658198614318707 0.3375 0.5565819861431871 0.34375 0.5565819861431871 0.34375 0.5519630484988453 0.3484375 0.5450346420323325 0.3515625 0.5450346420323325 0.3546875 0.5404157043879908 0.3546875 0.5103926096997691 0.3515625 0.5080831408775982 0.3515625 0.5034642032332564 0.3484375 0.5034642032332564 0.34375 0.49653579676674364 0.34375 0.49191685912240185 0.334375 0.49191685912240185 0.3328125 0.48729792147806006 0.3265625 0.48729792147806006 0.325 0.48267898383371827 0.31875 0.48267898383371827 0.3171875 0.47575057736720555 0.3078125 0.47575057736720555 0.3078125 0.4780600461893764 0.30625 0.48267898383371827 0.296875 0.48267898383371827