2 0.4532520325203252 0.7890625 0.45121951219512196 0.79375 0.44308943089430897 0.79375 0.4410569105691057 0.796875 0.4268292682926829 0.796875 0.4247967479674797 0.8015625 0.4166666666666667 0.8015625 0.4146341463414634 0.8046875 0.4065040650406504 0.8046875 0.40447154471544716 0.809375 0.37601626016260165 0.809375 0.37398373983739835 0.8125 0.36585365853658536 0.8125 0.36585365853658536 0.81875 0.3699186991869919 0.81875 0.37601626016260165 0.8265625 0.3821138211382114 0.828125 0.3821138211382114 0.83125 0.3861788617886179 0.834375 0.3943089430894309 0.834375 0.39634146341463417 0.8390625 0.40447154471544716 0.8390625 0.4065040650406504 0.8421875 0.4451219512195122 0.8421875 0.44715447154471544 0.8390625 0.4715447154471545 0.8390625 0.4735772357723577 0.834375 0.5121951219512195 0.834375 0.516260162601626 0.83125 0.5182926829268293 0.834375 0.5365853658536586 0.834375 0.5386178861788617 0.8390625 0.5528455284552846 0.8390625 0.556910569105691 0.8421875 0.5589430894308943 0.8390625 0.573170731707317 0.8390625 0.573170731707317 0.828125 0.5691056910569106 0.828125 0.5670731707317073 0.825 0.5589430894308943 0.825 0.5528455284552846 0.8171875 0.5386178861788617 0.8171875 0.5365853658536586 0.8125 0.5284552845528455 0.8125 0.5223577235772358 0.8078125 0.5223577235772358 0.8046875 0.5182926829268293 0.8046875 0.516260162601626 0.8015625 0.508130081300813 0.8015625 0.5060975609756098 0.796875 0.4959349593495935 0.7921875 0.4959349593495935 0.7890625 0.491869918699187 0.7859375 0.46747967479674796 0.7859375 0.46747967479674796 0.7875 0.4654471544715447 0.7890625 0.4532520325203252 0.7890625
2 0.7378048780487805 0.7703125 0.7357723577235772 0.7734375 0.7113821138211383 0.7734375 0.709349593495935 0.778125 0.6971544715447154 0.778125 0.6951219512195121 0.78125 0.6910569105691057 0.78125 0.6890243902439024 0.7859375 0.676829268292683 0.7859375 0.6747967479674797 0.7890625 0.6707317073170732 0.7890625 0.6707317073170732 0.7921875 0.6646341463414634 0.796875 0.6605691056910569 0.796875 0.6605691056910569 0.803125 0.6565040650406504 0.8046875 0.6565040650406504 0.815625 0.6504065040650406 0.8171875 0.6504065040650406 0.8234375 0.6686991869918699 0.8234375 0.6707317073170732 0.81875 0.6788617886178862 0.81875 0.6808943089430894 0.815625 0.6890243902439024 0.815625 0.6910569105691057 0.8109375 0.6991869918699187 0.8109375 0.7012195121951219 0.8078125 0.725609756097561 0.8078125 0.7276422764227642 0.803125 0.7865853658536586 0.803125 0.7886178861788617 0.8 0.8008130081300813 0.8 0.8028455284552846 0.7953125 0.8170731707317073 0.7953125 0.8191056910569106 0.7921875 0.8313008130081301 0.7921875 0.8313008130081301 0.778125 0.8272357723577236 0.7765625 0.8272357723577236 0.7734375 0.8191056910569106 0.7734375 0.8170731707317073 0.7703125 0.7926829268292683 0.7703125 0.790650406504065 0.765625 0.7784552845528455 0.765625 0.7784552845528455 0.7671875 0.7764227642276422 0.7703125 0.7378048780487805 0.7703125
2 0.1483739837398374 0.2390625 0.1483739837398374 0.2484375 0.1524390243902439 0.25 0.1524390243902439 0.25625 0.15853658536585366 0.2578125 0.15853658536585366 0.2640625 0.16260162601626016 0.265625 0.16260162601626016 0.271875 0.16666666666666666 0.271875 0.17276422764227642 0.2796875 0.17886178861788618 0.28125 0.17886178861788618 0.284375 0.18292682926829268 0.2875 0.19715447154471544 0.2875 0.2032520325203252 0.2796875 0.2073170731707317 0.2796875 0.2073170731707317 0.2734375 0.20121951219512196 0.271875 0.20121951219512196 0.2578125 0.19715447154471544 0.25625 0.19715447154471544 0.2421875 0.1910569105691057 0.240625 0.1910569105691057 0.23125 0.18699186991869918 0.2296875 0.18699186991869918 0.2234375 0.18292682926829268 0.2234375 0.18089430894308944 0.21875 0.17073170731707318 0.2140625 0.17073170731707318 0.2109375 0.16666666666666666 0.2078125 0.16056910569105692 0.20625 0.16056910569105692 0.203125 0.1565040650406504 0.2 0.14227642276422764 0.2 0.14227642276422764 0.2015625 0.14227642276422764 0.2375 0.1483739837398374 0.2390625
2 0.8333333333333334 0.45 0.8333333333333334 0.45625 0.8394308943089431 0.4578125 0.8394308943089431 0.4640625 0.8495934959349594 0.46875 0.8495934959349594 0.475 0.8536585365853658 0.4765625 0.8536585365853658 0.4828125 0.8597560975609756 0.484375 0.8597560975609756 0.4875 0.8678861788617886 0.4875 0.8699186991869918 0.490625 0.8780487804878049 0.490625 0.8841463414634146 0.4984375 0.8902439024390244 0.5 0.8902439024390244 0.503125 0.8983739837398373 0.503125 0.9044715447154471 0.5078125 0.9044715447154471 0.5109375 0.9085365853658537 0.5109375 0.9105691056910569 0.5140625 0.9186991869918699 0.5140625 0.9207317073170732 0.51875 0.9288617886178862 0.51875 0.9349593495934959 0.5234375 0.9349593495934959 0.5265625 0.943089430894309 0.5265625 0.9451219512195121 0.5296875 0.9532520325203252 0.5296875 0.9552845528455285 0.534375 0.9695121951219512 0.534375 0.9715447154471545 0.5375 0.983739837398374 0.5375 0.9857723577235772 0.534375 0.9898373983739838 0.534375 0.9898373983739838 0.5234375 0.983739837398374 0.521875 0.983739837398374 0.515625 0.9796747967479674 0.5140625 0.9796747967479674 0.5046875 0.975609756097561 0.5046875 0.9735772357723578 0.5 0.9634146341463414 0.4953125 0.9634146341463414 0.4921875 0.959349593495935 0.4890625 0.9532520325203252 0.4875 0.9532520325203252 0.484375 0.9491869918699187 0.48125 0.943089430894309 0.4796875 0.943089430894309 0.4765625 0.9390243902439024 0.4734375 0.9308943089430894 0.4734375 0.9288617886178862 0.46875 0.9247967479674797 0.46875 0.9186991869918699 0.4640625 0.9186991869918699 0.4609375 0.9146341463414634 0.4609375 0.9126016260162602 0.4578125 0.9004065040650406 0.4578125 0.8983739837398373 0.453125 0.8902439024390244 0.453125 0.8882113821138211 0.45 0.8699186991869918 0.45 0.8678861788617886 0.4453125 0.8536585365853658 0.4453125 0.8516260162601627 0.4421875 0.8292682926829268 0.4421875 0.8292682926829268 0.44375 0.8292682926829268 0.4484375 0.8333333333333334 0.45
2 0.7886178861788617 0.8015625 0.7865853658536586 0.8046875 0.782520325203252 0.8046875 0.782520325203252 0.8078125 0.7865853658536586 0.8078125 0.7886178861788617 0.8109375 0.8008130081300813 0.8109375 0.8028455284552846 0.815625 0.8170731707317073 0.815625 0.8191056910569106 0.81875 0.8373983739837398 0.81875 0.8394308943089431 0.8234375 0.8577235772357723 0.8234375 0.8597560975609756 0.8265625 0.8882113821138211 0.8265625 0.8902439024390244 0.83125 0.9227642276422764 0.83125 0.9227642276422764 0.825 0.9186991869918699 0.8234375 0.9186991869918699 0.8203125 0.9146341463414634 0.8203125 0.9085365853658537 0.815625 0.9085365853658537 0.8125 0.9004065040650406 0.8125 0.8983739837398373 0.809375 0.8922764227642277 0.8078125 0.8922764227642277 0.8046875 0.8841463414634146 0.8046875 0.8821138211382114 0.8015625 0.8597560975609756 0.8015625 0.8577235772357723 0.796875 0.7987804878048781 0.796875 0.7987804878048781 0.7984375 0.7967479674796748 0.8015625 0.7886178861788617 0.8015625
2 0.5284552845528455 0.675 0.5264227642276422 0.6765625 0.5040650406504065 0.6765625 0.5020325203252033 0.671875 0.49796747967479676 0.671875 0.491869918699187 0.6671875 0.491869918699187 0.6640625 0.4878048780487805 0.6640625 0.4878048780487805 0.6671875 0.483739837398374 0.66875 0.483739837398374 0.678125 0.47764227642276424 0.6796875 0.47764227642276424 0.6859375 0.4735772357723577 0.6875 0.4735772357723577 0.7171875 0.47764227642276424 0.71875 0.47764227642276424 0.7453125 0.483739837398374 0.746875 0.483739837398374 0.75625 0.4878048780487805 0.7578125 0.4878048780487805 0.7609375 0.49390243902439024 0.7625 0.49390243902439024 0.76875 0.5040650406504065 0.7734375 0.5040650406504065 0.7765625 0.508130081300813 0.7796875 0.5142276422764228 0.78125 0.5142276422764228 0.7875 0.5182926829268293 0.7890625 0.5182926829268293 0.7921875 0.524390243902439 0.79375 0.524390243902439 0.8 0.5345528455284553 0.8046875 0.5345528455284553 0.8078125 0.5386178861788617 0.8109375 0.5447154471544715 0.8125 0.5447154471544715 0.815625 0.556910569105691 0.815625 0.5589430894308943 0.81875 0.5670731707317073 0.81875 0.5691056910569106 0.8234375 0.573170731707317 0.8234375 0.5752032520325203 0.8265625 0.6138211382113821 0.8265625 0.6158536585365854 0.8234375 0.6239837398373984 0.8234375 0.6260162601626016 0.81875 0.6341463414634146 0.81875 0.6382113821138211 0.815625 0.6382113821138211 0.809375 0.6443089430894309 0.8078125 0.6443089430894309 0.7890625 0.6483739837398373 0.7875 0.6483739837398373 0.71875 0.6443089430894309 0.7171875 0.6443089430894309 0.7078125 0.6382113821138211 0.70625 0.6382113821138211 0.7 0.6341463414634146 0.6984375 0.6341463414634146 0.6921875 0.6260162601626016 0.6921875 0.6239837398373984 0.6875 0.6199186991869918 0.6875 0.6138211382113821 0.6828125 0.6138211382113821 0.6796875 0.6097560975609756 0.6796875 0.6036585365853658 0.675 0.6036585365853658 0.671875 0.5955284552845529 0.671875 0.5934959349593496 0.66875 0.5752032520325203 0.66875 0.573170731707317 0.6640625 0.5650406504065041 0.6640625 0.5630081300813008 0.6609375 0.5548780487804879 0.6609375 0.5528455284552846 0.65625 0.5447154471544715 0.65625 0.5426829268292683 0.653125 0.5345528455284553 0.653125 0.5345528455284553 0.6546875 0.5284552845528455 0.65625 0.5284552845528455 0.675
2 0.6402439024390244 0.121875 0.6382113821138211 0.125 0.6300813008130082 0.125 0.6300813008130082 0.1359375 0.6341463414634146 0.1359375 0.6402439024390244 0.140625 0.6402439024390244 0.14375 0.6483739837398373 0.14375 0.6504065040650406 0.146875 0.6544715447154471 0.146875 0.6565040650406504 0.1515625 0.6686991869918699 0.1515625 0.6707317073170732 0.1546875 0.6788617886178862 0.1546875 0.6808943089430894 0.159375 0.6890243902439024 0.159375 0.6910569105691057 0.1625 0.7052845528455285 0.1625 0.7073170731707317 0.1671875 0.7195121951219512 0.1671875 0.7215447154471545 0.1703125 0.7398373983739838 0.1703125 0.741869918699187 0.1671875 0.7601626016260162 0.1671875 0.7601626016260162 0.15625 0.766260162601626 0.1546875 0.766260162601626 0.1484375 0.7621951219512195 0.1484375 0.7560975609756098 0.14375 0.7560975609756098 0.140625 0.7520325203252033 0.140625 0.75 0.1375 0.741869918699187 0.1375 0.7398373983739838 0.1328125 0.7317073170731707 0.1328125 0.725609756097561 0.128125 0.725609756097561 0.125 0.717479674796748 0.125 0.7154471544715447 0.121875 0.7073170731707317 0.121875 0.7052845528455285 0.1171875 0.6504065040650406 0.1171875 0.6504065040650406 0.11875 0.6483739837398373 0.121875 0.6402439024390244 0.121875
1 0.7215447154471545 0 0.7215447154471545 0.0015625 0.7215447154471545 0.0109375 0.7317073170731707 0.0125 0.7317073170731707 0.01875 0.7357723577235772 0.01875 0.741869918699187 0.0234375 0.741869918699187 0.0265625 0.75 0.0265625 0.7520325203252033 0.0296875 0.7560975609756098 0.0296875 0.7621951219512195 0.0375 0.7703252032520326 0.0375 0.7723577235772358 0.0421875 0.7764227642276422 0.0421875 0.782520325203252 0.046875 0.782520325203252 0.05 0.7865853658536586 0.05 0.7926829268292683 0.0546875 0.7926829268292683 0.0578125 0.7886178861788617 0.059375 0.7886178861788617 0.06875 0.782520325203252 0.0703125 0.782520325203252 0.0734375 0.7784552845528455 0.075 0.7784552845528455 0.0890625 0.7764227642276422 0.090625 0.7723577235772358 0.090625 0.7703252032520326 0.09375 0.758130081300813 0.09375 0.758130081300813 0.096875 0.7520325203252033 0.0984375 0.75 0.1015625 0.741869918699187 0.1015625 0.7398373983739838 0.0984375 0.7317073170731707 0.0984375 0.7296747967479674 0.1015625 0.7215447154471545 0.1015625 0.7215447154471545 0.1046875 0.725609756097561 0.1046875 0.7317073170731707 0.109375 0.7317073170731707 0.128125 0.7296747967479674 0.1296875 0.7215447154471545 0.1296875 0.7195121951219512 0.125 0.7113821138211383 0.125 0.7052845528455285 0.1203125 0.7052845528455285 0.1171875 0.7012195121951219 0.1171875 0.6991869918699187 0.121875 0.6910569105691057 0.121875 0.6890243902439024 0.1171875 0.6869918699186992 0.1171875 0.6849593495934959 0.121875 0.6808943089430894 0.121875 0.6788617886178862 0.1171875 0.676829268292683 0.1171875 0.6747967479674797 0.121875 0.6463414634146342 0.121875 0.6443089430894309 0.125 0.6402439024390244 0.125 0.6402439024390244 0.1359375 0.6443089430894309 0.1359375 0.6504065040650406 0.140625 0.6504065040650406 0.14375 0.6544715447154471 0.14375 0.6565040650406504 0.146875 0.6646341463414634 0.146875 0.6666666666666666 0.1515625 0.6747967479674797 0.1515625 0.676829268292683 0.1546875 0.6890243902439024 0.1546875 0.6910569105691057 0.159375 0.6951219512195121 0.159375 0.6971544715447154 0.1625 0.709349593495935 0.1625 0.7113821138211383 0.1671875 0.7154471544715447 0.1671875 0.7215447154471545 0.171875 0.7215447154471545 0.1828125 0.7154471544715447 0.1875 0.7012195121951219 0.1875 0.7012195121951219 0.190625 0.6951219512195121 0.1953125 0.6910569105691057 0.1953125 0.6910569105691057 0.1984375 0.6849593495934959 0.203125 0.6707317073170732 0.203125 0.6707317073170732 0.20625 0.6666666666666666 0.2078125 0.6666666666666666 0.2140625 0.6565040650406504 0.21875 0.6544715447154471 0.2234375 0.6504065040650406 0.2234375 0.6504065040650406 0.2328125 0.6463414634146342 0.234375 0.6443089430894309 0.2390625 0.6402439024390244 0.2390625 0.6402439024390244 0.2453125 0.6361788617886179 0.246875 0.6361788617886179 0.25625 0.6300813008130082 0.2578125 0.6300813008130082 0.2609375 0.6260162601626016 0.2640625 0.6361788617886179 0.271875 0.6585365853658537 0.271875 0.6605691056910569 0.26875 0.6991869918699187 0.26875 0.7012195121951219 0.2640625 0.709349593495935 0.2640625 0.7113821138211383 0.2609375 0.7296747967479674 0.2609375 0.7317073170731707 0.25625 0.7560975609756098 0.25625 0.758130081300813 0.2609375 0.7601626016260162 0.2609375 0.7621951219512195 0.25625 0.7764227642276422 0.25625 0.7784552845528455 0.2578125 0.7784552845528455 0.26875 0.7886178861788617 0.2734375 0.7886178861788617 0.2921875 0.7926829268292683 0.29375 0.7926829268292683 0.303125 0.7987804878048781 0.3046875 0.7987804878048781 0.31875 0.8028455284552846 0.3203125 0.8028455284552846 0.3265625 0.806910569105691 0.3265625 0.8089430894308943 0.33125 0.8130081300813008 0.3328125 0.8109756097560976 0.340625 0.8028455284552846 0.340625 0.8028455284552846 0.35 0.806910569105691 0.35 0.8130081300813008 0.3578125 0.8191056910569106 0.359375 0.8191056910569106 0.3703125 0.823170731707317 0.371875 0.823170731707317 0.378125 0.8272357723577236 0.378125 0.8333333333333334 0.3828125 0.8333333333333334 0.3859375 0.8414634146341463 0.3859375 0.8434959349593496 0.3890625 0.8516260162601627 0.3890625 0.8536585365853658 0.39375 0.8577235772357723 0.39375 0.8638211382113821 0.3984375 0.8638211382113821 0.4015625 0.8678861788617886 0.4015625 0.8699186991869918 0.4046875 0.8780487804878049 0.4046875 0.8841463414634146 0.4125 0.8922764227642277 0.4125 0.8943089430894309 0.4171875 0.9024390243902439 0.4171875 0.9044715447154471 0.4203125 0.9126016260162602 0.4203125 0.9146341463414634 0.425 0.9288617886178862 0.425 0.9308943089430894 0.428125 0.943089430894309 0.428125 0.9451219512195121 0.4328125 0.9634146341463414 0.4328125 0.9654471544715447 0.4359375 0.983739837398374 0.4359375 0.9857723577235772 0.440625 0.9898373983739838 0.440625 0.991869918699187 0.4359375 0.9979674796747967 0.4359375 0.9979674796747967 0.3796875 0.9939024390243902 0.378125 0.9939024390243902 0.375 0.9979674796747967 0.3734375 0.9979674796747967 0.125 0.9939024390243902 0.121875 0.9979674796747967 0.1203125 0.9979674796747967 0.078125 0.9939024390243902 0.0765625 0.9939024390243902 0.0671875 0.9979674796747967 0.065625 0.9979674796747967 0.0625 0.9939024390243902 0.0609375 0.9939024390243902 0.0546875 0.9979674796747967 0.053125 0.9979674796747967 0.0046875 0.991869918699187 0.0046875 0.9898373983739838 0 0.9715447154471545 0 0.9715447154471545 0.003125 0.9613821138211383 0.0078125 0.959349593495935 0.0125 0.9552845528455285 0.0125 0.9532520325203252 0.0109375 0.9532520325203252 0 0.8943089430894309 0 0.8943089430894309 0.003125 0.8902439024390244 0.0046875 0.8902439024390244 0.0140625 0.8841463414634146 0.015625 0.8841463414634146 0.0265625 0.8780487804878049 0.03125 0.8699186991869918 0.03125 0.8678861788617886 0.028125 0.8597560975609756 0.028125 0.8577235772357723 0.0234375 0.8536585365853658 0.0234375 0.8516260162601627 0.0203125 0.8434959349593496 0.0203125 0.8373983739837398 0.0125 0.8313008130081301 0.0109375 0.8313008130081301 0.0046875 0.8272357723577236 0.003125 0.8272357723577236 0 0.8191056910569106 0 0.8170731707317073 0.0046875 0.8028455284552846 0.0046875 0.8008130081300813 0 0.7215447154471545 0
1 0.07723577235772358 0.4359375 0.07113821138211382 0.4375 0.07113821138211382 0.440625 0.06707317073170732 0.4421875 0.06707317073170732 0.4515625 0.06097560975609756 0.453125 0.06097560975609756 0.471875 0.056910569105691054 0.4734375 0.056910569105691054 0.490625 0.06097560975609756 0.4921875 0.06097560975609756 0.5140625 0.06707317073170732 0.515625 0.06707317073170732 0.521875 0.07113821138211382 0.5234375 0.07113821138211382 0.5265625 0.07520325203252033 0.5265625 0.08130081300813008 0.53125 0.08130081300813008 0.534375 0.09959349593495935 0.534375 0.09959349593495935 0.528125 0.09552845528455285 0.5265625 0.09552845528455285 0.5203125 0.08943089430894309 0.51875 0.08943089430894309 0.5 0.08536585365853659 0.4984375 0.08536585365853659 0.4765625 0.07926829268292683 0.475 0.08130081300813008 0.471875 0.08536585365853659 0.471875 0.08536585365853659 0.4609375 0.08943089430894309 0.459375 0.08943089430894309 0.434375 0.08536585365853659 0.4328125 0.08536585365853659 0.4265625 0.08130081300813008 0.4265625 0.08130081300813008 0.428125 0.07723577235772358 0.4296875 0.07723577235772358 0.4359375
1 0 0.5109375 0.008130081300813009 0.5109375 0.01016260162601626 0.50625 0.016260162601626018 0.5078125 0.016260162601626018 0.5109375 0.024390243902439025 0.5109375 0.026422764227642278 0.50625 0.04878048780487805 0.50625 0.04878048780487805 0.5 0.054878048780487805 0.4984375 0.054878048780487805 0.4609375 0.05894308943089431 0.459375 0.05894308943089431 0.45 0.054878048780487805 0.4484375 0.054878048780487805 0.4453125 0.044715447154471545 0.44375 0.044715447154471545 0.4375 0.03861788617886179 0.4359375 0.03861788617886179 0.4265625 0.034552845528455285 0.425 0.034552845528455285 0.4140625 0.03861788617886179 0.4125 0.03861788617886179 0.40625 0.04878048780487805 0.4015625 0.04878048780487805 0.3953125 0.044715447154471545 0.39375 0.044715447154471545 0.3875 0.03861788617886179 0.3859375 0.03861788617886179 0.3828125 0.03048780487804878 0.3828125 0.028455284552845527 0.3796875 0.02032520325203252 0.3796875 0.018292682926829267 0.375 0.006097560975609756 0.375 0.0040650406504065045 0.371875 0 0.371875 0 0.3734375 0 0.5109375
1 0.2032520325203252 0.3234375 0.1991869918699187 0.325 0.1991869918699187 0.3390625 0.19715447154471544 0.340625 0.17276422764227642 0.340625 0.17073170731707318 0.34375 0.1483739837398374 0.34375 0.1483739837398374 0.35 0.14227642276422764 0.3515625 0.14227642276422764 0.3578125 0.13821138211382114 0.359375 0.13821138211382114 0.3734375 0.13211382113821138 0.375 0.13211382113821138 0.38125 0.12804878048780488 0.3828125 0.12804878048780488 0.3859375 0.11788617886178862 0.390625 0.11788617886178862 0.396875 0.11178861788617886 0.3984375 0.11178861788617886 0.4046875 0.10772357723577236 0.40625 0.10772357723577236 0.4125 0.1016260162601626 0.4140625 0.1016260162601626 0.4203125 0.0975609756097561 0.421875 0.09552845528455285 0.4265625 0.09146341463414634 0.4265625 0.09146341463414634 0.4328125 0.08739837398373984 0.434375 0.08739837398373984 0.440625 0.08130081300813008 0.4421875 0.08130081300813008 0.459375 0.07723577235772358 0.4609375 0.07723577235772358 0.471875 0.07113821138211382 0.4734375 0.07113821138211382 0.490625 0.07723577235772358 0.4921875 0.07723577235772358 0.4984375 0.08739837398373984 0.5 0.08739837398373984 0.50625 0.09146341463414634 0.5078125 0.09146341463414634 0.51875 0.09552845528455285 0.51875 0.1016260162601626 0.5234375 0.1016260162601626 0.5296875 0.10772357723577236 0.53125 0.10772357723577236 0.5375 0.11178861788617886 0.5390625 0.11178861788617886 0.5421875 0.11585365853658537 0.5421875 0.12195121951219512 0.546875 0.12195121951219512 0.55 0.12601626016260162 0.55 0.13211382113821138 0.5546875 0.13211382113821138 0.5609375 0.13617886178861788 0.5609375 0.14227642276422764 0.56875 0.1483739837398374 0.5703125 0.1483739837398374 0.5734375 0.1524390243902439 0.575 0.1524390243902439 0.58125 0.1565040650406504 0.58125 0.16260162601626016 0.5859375 0.16260162601626016 0.5890625 0.17682926829268292 0.5890625 0.18292682926829268 0.59375 0.18292682926829268 0.596875 0.19715447154471544 0.596875 0.2032520325203252 0.6015625 0.2032520325203252 0.6046875 0.21747967479674796 0.6046875 0.22357723577235772 0.609375 0.22357723577235772 0.615625 0.23170731707317074 0.615625 0.23373983739837398 0.6203125 0.241869918699187 0.6203125 0.24390243902439024 0.6234375 0.25 0.625 0.25 0.628125 0.2540650406504065 0.63125 0.2621951219512195 0.63125 0.26422764227642276 0.6359375 0.27235772357723576 0.6359375 0.27439024390243905 0.6390625 0.28252032520325204 0.6390625 0.2845528455284553 0.64375 0.29878048780487804 0.64375 0.3008130081300813 0.646875 0.3089430894308943 0.646875 0.3150406504065041 0.6546875 0.3231707317073171 0.6546875 0.3252032520325203 0.659375 0.32926829268292684 0.659375 0.3313008130081301 0.6625 0.3394308943089431 0.6625 0.34146341463414637 0.6671875 0.3597560975609756 0.6671875 0.3617886178861789 0.6703125 0.37398373983739835 0.6703125 0.37601626016260165 0.675 0.40447154471544716 0.675 0.40447154471544716 0.6453125 0.40040650406504064 0.64375 0.40040650406504064 0.6296875 0.4024390243902439 0.628125 0.4146341463414634 0.628125 0.4166666666666667 0.63125 0.4247967479674797 0.63125 0.4268292682926829 0.6359375 0.43089430894308944 0.6359375 0.4369918699186992 0.640625 0.4369918699186992 0.646875 0.44308943089430897 0.6484375 0.44308943089430897 0.659375 0.44715447154471544 0.6609375 0.44715447154471544 0.675 0.4532520325203252 0.6765625 0.4532520325203252 0.6828125 0.4654471544715447 0.6828125 0.4654471544715447 0.6765625 0.4715447154471545 0.675 0.4715447154471545 0.6609375 0.47560975609756095 0.659375 0.47560975609756095 0.653125 0.4817073170731707 0.6515625 0.4817073170731707 0.6484375 0.48577235772357724 0.646875 0.48577235772357724 0.640625 0.4959349593495935 0.6359375 0.4959349593495935 0.6296875 0.5020325203252033 0.628125 0.5020325203252033 0.625 0.5060975609756098 0.6234375 0.5060975609756098 0.6171875 0.516260162601626 0.6125 0.5182926829268293 0.6078125 0.5365853658536586 0.6078125 0.5386178861788617 0.615625 0.5528455284552846 0.615625 0.5528455284552846 0.559375 0.5467479674796748 0.5578125 0.5467479674796748 0.5390625 0.5426829268292683 0.5375 0.5426829268292683 0.5203125 0.5365853658536586 0.51875 0.5365853658536586 0.5046875 0.532520325203252 0.503125 0.532520325203252 0.484375 0.5264227642276422 0.4828125 0.5264227642276422 0.46875 0.5223577235772358 0.4671875 0.5223577235772358 0.4578125 0.516260162601626 0.45625 0.516260162601626 0.45 0.5121951219512195 0.4484375 0.5121951219512195 0.4375 0.5060975609756098 0.4359375 0.5060975609756098 0.4265625 0.5020325203252033 0.425 0.5020325203252033 0.4140625 0.4959349593495935 0.4125 0.4959349593495935 0.40625 0.491869918699187 0.4046875 0.491869918699187 0.3984375 0.48577235772357724 0.396875 0.48577235772357724 0.3875 0.4817073170731707 0.3859375 0.4817073170731707 0.3828125 0.47560975609756095 0.38125 0.47560975609756095 0.375 0.4654471544715447 0.3703125 0.4654471544715447 0.3671875 0.4613821138211382 0.3640625 0.45528455284552843 0.3625 0.45528455284552843 0.359375 0.45121951219512196 0.35625 0.4451219512195122 0.3546875 0.4451219512195122 0.3515625 0.4410569105691057 0.3484375 0.4349593495934959 0.346875 0.4349593495934959 0.34375 0.43089430894308944 0.340625 0.4247967479674797 0.3390625 0.4247967479674797 0.3359375 0.42073170731707316 0.3328125 0.41260162601626016 0.3328125 0.4105691056910569 0.328125 0.4024390243902439 0.328125 0.40040650406504064 0.325 0.39227642276422764 0.325 0.3902439024390244 0.3203125 0.3719512195121951 0.3203125 0.3699186991869919 0.3171875 0.3150406504065041 0.3171875 0.3130081300813008 0.3203125 0.23373983739837398 0.3203125 0.23170731707317074 0.3171875 0.20934959349593496 0.3171875 0.20934959349593496 0.31875 0.2032520325203252 0.3203125 0.2032520325203252 0.3234375
1 0 0.5109375 0.008130081300813009 0.5109375 0.01016260162601626 0.50625 0.014227642276422764 0.50625 0.016260162601626018 0.5140625 0.028455284552845527 0.5140625 0.03048780487804878 0.51875 0.034552845528455285 0.51875 0.036585365853658534 0.5140625 0.04878048780487805 0.5140625 0.04878048780487805 0.5078125 0.054878048780487805 0.50625 0.054878048780487805 0.465625 0.05894308943089431 0.4640625 0.05894308943089431 0.4421875 0.054878048780487805 0.440625 0.054878048780487805 0.4140625 0.05894308943089431 0.4125 0.05894308943089431 0.40625 0.054878048780487805 0.4046875 0.054878048780487805 0.3953125 0.04878048780487805 0.39375 0.04878048780487805 0.3875 0.054878048780487805 0.3859375 0.054878048780487805 0.3828125 0.05894308943089431 0.3796875 0.0508130081300813 0.3796875 0.0508130081300813 0.3859375 0.046747967479674794 0.3875 0.044715447154471545 0.3828125 0.04065040650406504 0.3828125 0.03861788617886179 0.3796875 0.026422764227642278 0.3796875 0.024390243902439025 0.375 0.01016260162601626 0.375 0.0040650406504065045 0.3703125 0.0040650406504065045 0.3640625 0.008130081300813009 0.3625 0.008130081300813009 0.359375 0.0040650406504065045 0.3578125 0.0040650406504065045 0.34375 0.01016260162601626 0.3390625 0.014227642276422764 0.3390625 0.014227642276422764 0.3359375 0.02032520325203252 0.33125 0.024390243902439025 0.33125 0.026422764227642278 0.3265625 0.034552845528455285 0.3265625 0.036585365853658534 0.3234375 0.07520325203252033 0.3234375 0.07520325203252033 0.3203125 0.07926829268292683 0.31875 0.07926829268292683 0.3125 0.08536585365853659 0.3109375 0.08536585365853659 0.296875 0.09146341463414634 0.2921875 0.09552845528455285 0.2921875 0.09552845528455285 0.2859375 0.09959349593495935 0.284375 0.09959349593495935 0.278125 0.09552845528455285 0.2765625 0.09552845528455285 0.2703125 0.08943089430894309 0.26875 0.08943089430894309 0.265625 0.08130081300813008 0.265625 0.07520325203252033 0.2609375 0.07520325203252033 0.2578125 0.07113821138211382 0.2578125 0.06504065040650407 0.253125 0.06504065040650407 0.25 0.06097560975609756 0.25 0.05894308943089431 0.246875 0.0508130081300813 0.246875 0.044715447154471545 0.2390625 0.03861788617886179 0.2375 0.03861788617886179 0.23125 0.034552845528455285 0.2296875 0.034552845528455285 0.2265625 0.03048780487804878 0.2265625 0.024390243902439025 0.221875 0.024390243902439025 0.21875 0.018292682926829267 0.2171875 0.018292682926829267 0.2078125 0.014227642276422764 0.20625 0.014227642276422764 0.2 0.008130081300813009 0.1984375 0.008130081300813009 0.1921875 0.0040650406504065045 0.190625 0.0040650406504065045 0.1875 0 0.1875 0 0.1890625 0 0.5109375
1 0.8495934959349594 0.4578125 0.8495934959349594 0.4640625 0.8536585365853658 0.465625 0.8536585365853658 0.475 0.8516260162601627 0.4765625 0.8394308943089431 0.4765625 0.8373983739837398 0.4734375 0.8333333333333334 0.4734375 0.8313008130081301 0.4765625 0.8191056910569106 0.4765625 0.8170731707317073 0.48125 0.8089430894308943 0.48125 0.806910569105691 0.484375 0.7987804878048781 0.484375 0.7967479674796748 0.4890625 0.7886178861788617 0.4890625 0.7865853658536586 0.4921875 0.782520325203252 0.4921875 0.7804878048780488 0.496875 0.7723577235772358 0.496875 0.766260162601626 0.5046875 0.758130081300813 0.5046875 0.7560975609756098 0.5078125 0.7520325203252033 0.5078125 0.75 0.5125 0.741869918699187 0.5125 0.7378048780487805 0.515625 0.7357723577235772 0.5234375 0.7276422764227642 0.5234375 0.725609756097561 0.528125 0.7215447154471545 0.528125 0.7215447154471545 0.534375 0.7154471544715447 0.5390625 0.7113821138211383 0.5390625 0.7113821138211383 0.5421875 0.7073170731707317 0.54375 0.7073170731707317 0.55 0.6971544715447154 0.5546875 0.6971544715447154 0.5609375 0.6910569105691057 0.5625 0.6910569105691057 0.565625 0.6869918699186992 0.5671875 0.6869918699186992 0.5734375 0.6808943089430894 0.575 0.6808943089430894 0.584375 0.676829268292683 0.5859375 0.676829268292683 0.6 0.6707317073170732 0.6015625 0.6707317073170732 0.6125 0.6666666666666666 0.6140625 0.6666666666666666 0.6546875 0.6707317073170732 0.65625 0.6707317073170732 0.6671875 0.6666666666666666 0.66875 0.6666666666666666 0.7140625 0.6707317073170732 0.715625 0.6707317073170732 0.725 0.676829268292683 0.7265625 0.676829268292683 0.7375 0.6869918699186992 0.7421875 0.6869918699186992 0.7453125 0.7052845528455285 0.7453125 0.7073170731707317 0.7484375 0.725609756097561 0.7484375 0.7276422764227642 0.753125 0.7398373983739838 0.753125 0.741869918699187 0.75625 0.7764227642276422 0.75625 0.7784552845528455 0.7609375 0.7967479674796748 0.7609375 0.7987804878048781 0.7640625 0.8211382113821138 0.7640625 0.823170731707317 0.76875 0.8272357723577236 0.76875 0.8292682926829268 0.771875 0.8373983739837398 0.771875 0.8434959349593496 0.7796875 0.8495934959349594 0.78125 0.8495934959349594 0.784375 0.8577235772357723 0.784375 0.8597560975609756 0.7875 0.8678861788617886 0.7875 0.8699186991869918 0.7921875 0.8780487804878049 0.7921875 0.8800813008130082 0.7953125 0.943089430894309 0.7953125 0.9451219512195121 0.7921875 0.9695121951219512 0.7921875 0.9715447154471545 0.7875 0.9939024390243902 0.7875 0.9979674796747967 0.784375 0.9979674796747967 0.609375 0.9939024390243902 0.6078125 0.9939024390243902 0.59375 0.9979674796747967 0.5921875 0.9979674796747967 0.5828125 0.9939024390243902 0.58125 0.9939024390243902 0.578125 0.9979674796747967 0.575 0.9939024390243902 0.5734375 0.9939024390243902 0.5078125 0.9898373983739838 0.50625 0.9898373983739838 0.5 0.9817073170731707 0.5 0.9796747967479674 0.5046875 0.975609756097561 0.5046875 0.9735772357723578 0.496875 0.9654471544715447 0.496875 0.9634146341463414 0.4921875 0.9552845528455285 0.4921875 0.9491869918699187 0.4875 0.9491869918699187 0.484375 0.9451219512195121 0.484375 0.943089430894309 0.48125 0.9349593495934959 0.48125 0.9329268292682927 0.4765625 0.9247967479674797 0.4765625 0.9186991869918699 0.471875 0.9186991869918699 0.465625 0.9126016260162602 0.4640625 0.9126016260162602 0.4609375 0.8943089430894309 0.4609375 0.8922764227642277 0.4578125 0.8841463414634146 0.4578125 0.8821138211382114 0.453125 0.8638211382113821 0.453125 0.8617886178861789 0.45 0.8495934959349594 0.45 0.8475609756097561 0.4453125 0.8434959349593496 0.4453125 0.8434959349593496 0.446875 0.8434959349593496 0.45625 0.8495934959349594 0.4578125
1 0 0.3390625 0.008130081300813009 0.3390625 0.01016260162601626 0.334375 0.018292682926829267 0.334375 0.018292682926829267 0.328125 0.014227642276422764 0.325 0.018292682926829267 0.3234375 0.02032520325203252 0.31875 0.028455284552845527 0.31875 0.03048780487804878 0.3234375 0.07926829268292683 0.3234375 0.07926829268292683 0.3171875 0.08536585365853659 0.315625 0.08536585365853659 0.3125 0.08943089430894309 0.3109375 0.08943089430894309 0.29375 0.09146341463414634 0.2921875 0.10975609756097561 0.2921875 0.11178861788617886 0.2953125 0.11991869918699187 0.2953125 0.11991869918699187 0.2859375 0.11585365853658537 0.284375 0.11585365853658537 0.28125 0.11178861788617886 0.28125 0.10569105691056911 0.2765625 0.10569105691056911 0.2734375 0.0975609756097561 0.2734375 0.09552845528455285 0.2703125 0.09146341463414634 0.2703125 0.08943089430894309 0.265625 0.07926829268292683 0.2609375 0.07926829268292683 0.2578125 0.07520325203252033 0.2546875 0.06910569105691057 0.253125 0.06910569105691057 0.25 0.06097560975609756 0.25 0.054878048780487805 0.2453125 0.054878048780487805 0.2421875 0.0508130081300813 0.2421875 0.044715447154471545 0.2375 0.044715447154471545 0.234375 0.04065040650406504 0.234375 0.034552845528455285 0.2296875 0.034552845528455285 0.2265625 0.028455284552845527 0.225 0.028455284552845527 0.21875 0.018292682926829267 0.2140625 0.018292682926829267 0.203125 0.014227642276422764 0.2015625 0.014227642276422764 0.1953125 0.01016260162601626 0.1953125 0.0040650406504065045 0.190625 0.0040650406504065045 0.1796875 0 0.1796875 0 0.18125 0 0.3390625
1 0 0 0 0.0015625 0 0.175 0.006097560975609756 0.1765625 0.006097560975609756 0.1828125 0.016260162601626018 0.1875 0.016260162601626018 0.19375 0.02032520325203252 0.1953125 0.02032520325203252 0.2015625 0.026422764227642278 0.203125 0.026422764227642278 0.2140625 0.036585365853658534 0.21875 0.036585365853658534 0.225 0.04065040650406504 0.2265625 0.04065040650406504 0.2296875 0.044715447154471545 0.2296875 0.0508130081300813 0.234375 0.0508130081300813 0.2375 0.054878048780487805 0.2375 0.06097560975609756 0.2421875 0.06097560975609756 0.2453125 0.06910569105691057 0.2453125 0.07113821138211382 0.2484375 0.07520325203252033 0.2484375 0.08130081300813008 0.25625 0.08739837398373984 0.2578125 0.08739837398373984 0.2609375 0.09552845528455285 0.2609375 0.0975609756097561 0.2640625 0.10569105691056911 0.2640625 0.11178861788617886 0.271875 0.12601626016260162 0.271875 0.12804878048780488 0.2765625 0.1565040650406504 0.2765625 0.1565040650406504 0.2625 0.15040650406504066 0.2609375 0.15040650406504066 0.2546875 0.14634146341463414 0.253125 0.14634146341463414 0.2421875 0.1402439024390244 0.240625 0.1402439024390244 0.1921875 0.14634146341463414 0.190625 0.14634146341463414 0.184375 0.1402439024390244 0.1828125 0.1402439024390244 0.1765625 0.13617886178861788 0.175 0.13617886178861788 0.1640625 0.13008130081300814 0.1625 0.13008130081300814 0.153125 0.12601626016260162 0.1515625 0.12601626016260162 0.140625 0.12195121951219512 0.140625 0.11585365853658537 0.1359375 0.11585365853658537 0.1328125 0.11178861788617886 0.1328125 0.10569105691056911 0.128125 0.10569105691056911 0.121875 0.09959349593495935 0.1203125 0.09959349593495935 0.1140625 0.09552845528455285 0.1125 0.09552845528455285 0.090625 0.09959349593495935 0.0890625 0.09959349593495935 0.0828125 0.09552845528455285 0.08125 0.09552845528455285 0.075 0.09959349593495935 0.0734375 0.09959349593495935 0.059375 0.10569105691056911 0.0578125 0.10569105691056911 0.0546875 0.09959349593495935 0.053125 0.09959349593495935 0.0390625 0.10569105691056911 0.0375 0.10569105691056911 0.0234375 0.10975609756097561 0.021875 0.10975609756097561 0.015625 0.11585365853658537 0.0140625 0.11585365853658537 0.0078125 0.11991869918699187 0.00625 0.11991869918699187 0 0 0
1 0.15853658536585366 0.609375 0.15853658536585366 0.628125 0.1524390243902439 0.6296875 0.1524390243902439 0.6359375 0.15853658536585366 0.6375 0.15853658536585366 0.646875 0.16260162601626016 0.6484375 0.16260162601626016 0.6546875 0.16869918699186992 0.65625 0.16869918699186992 0.6671875 0.17276422764227642 0.66875 0.17276422764227642 0.678125 0.17886178861788618 0.6796875 0.17886178861788618 0.6859375 0.18292682926829268 0.6875 0.18292682926829268 0.69375 0.18902439024390244 0.6953125 0.18902439024390244 0.70625 0.19308943089430894 0.7078125 0.19308943089430894 0.7140625 0.1991869918699187 0.715625 0.1991869918699187 0.721875 0.2032520325203252 0.7234375 0.2032520325203252 0.7296875 0.20934959349593496 0.73125 0.20934959349593496 0.7375 0.21341463414634146 0.7390625 0.21341463414634146 0.7453125 0.21951219512195122 0.746875 0.21951219512195122 0.753125 0.22357723577235772 0.7546875 0.22357723577235772 0.7609375 0.22764227642276422 0.7609375 0.23373983739837398 0.765625 0.23373983739837398 0.76875 0.23780487804878048 0.76875 0.23983739837398374 0.771875 0.24796747967479674 0.771875 0.25 0.7765625 0.2540650406504065 0.778125 0.2540650406504065 0.784375 0.2621951219512195 0.784375 0.26422764227642276 0.7875 0.2682926829268293 0.7875 0.27439024390243905 0.7953125 0.28252032520325204 0.7953125 0.2845528455284553 0.8 0.29878048780487804 0.8 0.3008130081300813 0.803125 0.3089430894308943 0.803125 0.31097560975609756 0.8078125 0.32926829268292684 0.8078125 0.3313008130081301 0.8109375 0.3638211382113821 0.8109375 0.36585365853658536 0.8078125 0.37398373983739835 0.8078125 0.37601626016260165 0.803125 0.38414634146341464 0.803125 0.3861788617886179 0.8 0.3902439024390244 0.8 0.3902439024390244 0.796875 0.38414634146341464 0.7953125 0.38414634146341464 0.7890625 0.3800813008130081 0.7875 0.3800813008130081 0.78125 0.37601626016260165 0.78125 0.3699186991869919 0.7765625 0.3699186991869919 0.7703125 0.3638211382113821 0.76875 0.3638211382113821 0.7625 0.3597560975609756 0.7609375 0.3597560975609756 0.7578125 0.35365853658536583 0.75625 0.35365853658536583 0.7421875 0.3638211382113821 0.740625 0.36585365853658536 0.7453125 0.37398373983739835 0.7453125 0.37601626016260165 0.7484375 0.3800813008130081 0.7484375 0.3821138211382114 0.753125 0.40040650406504064 0.753125 0.4024390243902439 0.7484375 0.42073170731707316 0.7484375 0.42276422764227645 0.753125 0.4410569105691057 0.753125 0.4410569105691057 0.75 0.4451219512195122 0.7484375 0.4451219512195122 0.7421875 0.4410569105691057 0.740625 0.4410569105691057 0.7265625 0.4369918699186992 0.7265625 0.43089430894308944 0.721875 0.43089430894308944 0.7109375 0.4247967479674797 0.709375 0.4247967479674797 0.6953125 0.42073170731707316 0.69375 0.42073170731707316 0.6875 0.4166666666666667 0.6875 0.4146341463414634 0.684375 0.4065040650406504 0.684375 0.40447154471544716 0.6796875 0.3821138211382114 0.6796875 0.3800813008130081 0.6765625 0.3719512195121951 0.6765625 0.3699186991869919 0.671875 0.3556910569105691 0.671875 0.35365853658536583 0.66875 0.34146341463414637 0.66875 0.3394308943089431 0.6640625 0.3313008130081301 0.6640625 0.32926829268292684 0.6609375 0.32113821138211385 0.6609375 0.31910569105691056 0.65625 0.3150406504065041 0.65625 0.3130081300813008 0.653125 0.3008130081300813 0.653125 0.29878048780487804 0.6484375 0.29065040650406504 0.6484375 0.2886178861788618 0.6453125 0.27439024390243905 0.6453125 0.27235772357723576 0.640625 0.26422764227642276 0.640625 0.2621951219512195 0.6375 0.2540650406504065 0.6375 0.24796747967479674 0.6296875 0.241869918699187 0.628125 0.241869918699187 0.625 0.23373983739837398 0.625 0.22764227642276422 0.6203125 0.22764227642276422 0.6171875 0.21951219512195122 0.6171875 0.21747967479674796 0.6140625 0.20934959349593496 0.6140625 0.2073170731707317 0.609375 0.2032520325203252 0.609375 0.19715447154471544 0.6046875 0.19715447154471544 0.6015625 0.18902439024390244 0.6015625 0.18699186991869918 0.5984375 0.16260162601626016 0.5984375 0.16260162601626016 0.6 0.16260162601626016 0.6078125 0.15853658536585366 0.609375
1 0.18902439024390244 0.7390625 0.18902439024390244 0.7453125 0.18292682926829268 0.746875 0.18292682926829268 0.75625 0.17886178861788618 0.7578125 0.17886178861788618 0.76875 0.16869918699186992 0.7734375 0.16666666666666666 0.78125 0.15853658536585366 0.78125 0.15853658536585366 0.7875 0.16260162601626016 0.7890625 0.16260162601626016 0.7921875 0.16869918699186992 0.79375 0.16869918699186992 0.8 0.18089430894308944 0.8 0.18292682926829268 0.803125 0.1910569105691057 0.803125 0.19308943089430894 0.8078125 0.19715447154471544 0.8078125 0.1991869918699187 0.8109375 0.258130081300813 0.8109375 0.2601626016260163 0.8078125 0.2682926829268293 0.8078125 0.2682926829268293 0.8046875 0.27235772357723576 0.8015625 0.2682926829268293 0.8 0.2682926829268293 0.79375 0.26422764227642276 0.79375 0.2621951219512195 0.7890625 0.25203252032520324 0.784375 0.25203252032520324 0.78125 0.24796747967479674 0.778125 0.241869918699187 0.7765625 0.241869918699187 0.7703125 0.23373983739837398 0.7703125 0.22764227642276422 0.7625 0.22154471544715448 0.7609375 0.22154471544715448 0.7546875 0.21747967479674796 0.753125 0.21747967479674796 0.75 0.21138211382113822 0.7484375 0.21138211382113822 0.7421875 0.2073170731707317 0.740625 0.2073170731707317 0.734375 0.2032520325203252 0.734375 0.19715447154471544 0.7296875 0.19715447154471544 0.7265625 0.19308943089430894 0.7265625 0.19308943089430894 0.728125 0.19308943089430894 0.7375 0.18902439024390244 0.7390625
1 0.9613821138211383 0.796875 0.959349593495935 0.8015625 0.9349593495934959 0.8015625 0.9329268292682927 0.8046875 0.9207317073170732 0.8046875 0.9186991869918699 0.809375 0.9146341463414634 0.809375 0.9146341463414634 0.81875 0.9207317073170732 0.8203125 0.9207317073170732 0.83125 0.9186991869918699 0.8328125 0.8638211382113821 0.8328125 0.8597560975609756 0.8359375 0.8597560975609756 0.8546875 0.8638211382113821 0.85625 0.8638211382113821 0.8625 0.8699186991869918 0.8640625 0.8699186991869918 0.8703125 0.8739837398373984 0.871875 0.8739837398373984 0.878125 0.8780487804878049 0.878125 0.8841463414634146 0.8828125 0.8841463414634146 0.89375 0.8882113821138211 0.89375 0.8943089430894309 0.8984375 0.8943089430894309 0.9015625 0.9004065040650406 0.903125 0.9004065040650406 0.9125 0.9044715447154471 0.9140625 0.9044715447154471 0.9203125 0.9105691056910569 0.921875 0.9105691056910569 0.925 0.9186991869918699 0.925 0.9186991869918699 0.91875 0.9227642276422764 0.9171875 0.9247967479674797 0.91875 0.9247967479674797 0.9328125 0.9308943089430894 0.934375 0.9308943089430894 0.940625 0.9247967479674797 0.9421875 0.9247967479674797 0.94375 0.9390243902439024 0.94375 0.9410569105691057 0.9484375 0.9512195121951219 0.953125 0.9512195121951219 0.95625 0.9552845528455285 0.959375 0.9613821138211383 0.9609375 0.9613821138211383 0.9984375 0.9898373983739838 0.9984375 0.991869918699187 0.9953125 0.9979674796747967 0.9953125 0.9979674796747967 0.934375 0.9939024390243902 0.9328125 0.9939024390243902 0.9265625 0.9979674796747967 0.925 0.9979674796747967 0.796875 0.9939024390243902 0.79375 0.9857723577235772 0.79375 0.9857723577235772 0.7953125 0.983739837398374 0.796875 0.9613821138211383 0.796875
1 0 0.8078125 0.044715447154471545 0.8078125 0.046747967479674794 0.8109375 0.06504065040650407 0.8109375 0.06707317073170732 0.8078125 0.08536585365853659 0.8078125 0.08739837398373984 0.803125 0.09959349593495935 0.803125 0.1016260162601626 0.8 0.11585365853658537 0.8 0.11585365853658537 0.796875 0.12195121951219512 0.7921875 0.12601626016260162 0.7921875 0.12804878048780488 0.7875 0.13617886178861788 0.7875 0.14227642276422764 0.7796875 0.15040650406504066 0.7796875 0.1524390243902439 0.7765625 0.16056910569105692 0.7765625 0.16260162601626016 0.771875 0.16666666666666666 0.771875 0.17073170731707318 0.76875 0.17073170731707318 0.7625 0.17682926829268292 0.7609375 0.17682926829268292 0.746875 0.18089430894308944 0.7453125 0.18089430894308944 0.7390625 0.18699186991869918 0.7375 0.18699186991869918 0.7265625 0.1910569105691057 0.7234375 0.18699186991869918 0.721875 0.18699186991869918 0.7109375 0.18089430894308944 0.709375 0.18089430894308944 0.7 0.17682926829268292 0.6984375 0.17682926829268292 0.6921875 0.17073170731707318 0.690625 0.17073170731707318 0.684375 0.16666666666666666 0.6828125 0.16666666666666666 0.671875 0.16056910569105692 0.6703125 0.16056910569105692 0.6640625 0.1565040650406504 0.6625 0.1565040650406504 0.65625 0.15040650406504066 0.6546875 0.15040650406504066 0.640625 0.14634146341463414 0.6390625 0.14634146341463414 0.59375 0.1402439024390244 0.5921875 0.1402439024390244 0.5859375 0.13617886178861788 0.5828125 0.13008130081300814 0.58125 0.13008130081300814 0.575 0.12601626016260162 0.5734375 0.12601626016260162 0.5671875 0.12195121951219512 0.5671875 0.11991869918699187 0.5625 0.11585365853658537 0.5609375 0.11585365853658537 0.5546875 0.11178861788617886 0.5546875 0.10569105691056911 0.55 0.10569105691056911 0.546875 0.1016260162601626 0.546875 0.09552845528455285 0.5421875 0.09552845528455285 0.5390625 0.07723577235772358 0.5390625 0.07520325203252033 0.5359375 0.046747967479674794 0.5359375 0.044715447154471545 0.53125 0.016260162601626018 0.53125 0.014227642276422764 0.528125 0.006097560975609756 0.528125 0.006097560975609756 0.5296875 0 0.53125 0 0.8078125
1 0 0.3078125 0.014227642276422764 0.3078125 0.014227642276422764 0.3046875 0.02032520325203252 0.3 0.024390243902439025 0.3 0.024390243902439025 0.2890625 0.028455284552845527 0.2875 0.028455284552845527 0.2734375 0.024390243902439025 0.2703125 0.028455284552845527 0.26875 0.028455284552845527 0.2265625 0.024390243902439025 0.225 0.024390243902439025 0.21875 0.018292682926829267 0.2171875 0.018292682926829267 0.2078125 0.014227642276422764 0.20625 0.014227642276422764 0.1953125 0.01016260162601626 0.1953125 0.0040650406504065045 0.190625 0.0040650406504065045 0.184375 0 0.184375 0 0.1859375 0 0.3078125
1 0.9857723577235772 0.1609375 0.9857723577235772 0.1671875 0.9817073170731707 0.16875 0.9817073170731707 0.175 0.975609756097561 0.1765625 0.9735772357723578 0.1796875 0.9654471544715447 0.1796875 0.959349593495935 0.175 0.959349593495935 0.171875 0.9552845528455285 0.171875 0.9532520325203252 0.1765625 0.9410569105691057 0.1765625 0.9390243902439024 0.1796875 0.9308943089430894 0.1796875 0.9308943089430894 0.190625 0.9207317073170732 0.1921875 0.9207317073170732 0.2015625 0.9146341463414634 0.203125 0.9126016260162602 0.2078125 0.9004065040650406 0.2078125 0.8983739837398373 0.215625 0.8943089430894309 0.215625 0.8922764227642277 0.2109375 0.8902439024390244 0.2109375 0.8902439024390244 0.2140625 0.8800813008130082 0.21875 0.8780487804878049 0.2234375 0.8739837398373984 0.2234375 0.8719512195121951 0.2265625 0.8638211382113821 0.2265625 0.8638211382113821 0.2296875 0.8577235772357723 0.234375 0.8333333333333334 0.234375 0.8313008130081301 0.2390625 0.8130081300813008 0.2390625 0.806910569105691 0.246875 0.7987804878048781 0.246875 0.7987804878048781 0.253125 0.7926829268292683 0.2546875 0.7926829268292683 0.2609375 0.7886178861788617 0.2625 0.7886178861788617 0.26875 0.7926829268292683 0.2703125 0.7926829268292683 0.2921875 0.7987804878048781 0.29375 0.7987804878048781 0.3 0.8028455284552846 0.3015625 0.8028455284552846 0.31875 0.8089430894308943 0.3203125 0.8089430894308943 0.3234375 0.8130081300813008 0.3265625 0.823170731707317 0.328125 0.823170731707317 0.3390625 0.8170731707317073 0.34375 0.8130081300813008 0.34375 0.8130081300813008 0.3578125 0.8191056910569106 0.359375 0.8191056910569106 0.3703125 0.8292682926829268 0.375 0.8292682926829268 0.378125 0.8333333333333334 0.3796875 0.8333333333333334 0.3859375 0.8414634146341463 0.3859375 0.8434959349593496 0.3890625 0.8516260162601627 0.3890625 0.8536585365853658 0.39375 0.8597560975609756 0.3953125 0.8597560975609756 0.4015625 0.8638211382113821 0.4046875 0.8780487804878049 0.4046875 0.8841463414634146 0.4125 0.8922764227642277 0.4125 0.8943089430894309 0.4171875 0.9024390243902439 0.4171875 0.9044715447154471 0.4203125 0.9126016260162602 0.4203125 0.9146341463414634 0.425 0.9288617886178862 0.425 0.9308943089430894 0.428125 0.943089430894309 0.428125 0.9451219512195121 0.4328125 0.9695121951219512 0.4328125 0.9715447154471545 0.4359375 0.9796747967479674 0.4359375 0.9817073170731707 0.440625 0.9979674796747967 0.440625 0.9979674796747967 0.15625 0.991869918699187 0.15625 0.991869918699187 0.1578125 0.9898373983739838 0.1609375 0.9857723577235772 0.1609375
1 0.6971544715447154 0.2734375 0.6951219512195121 0.278125 0.676829268292683 0.278125 0.6747967479674797 0.28125 0.6707317073170732 0.28125 0.6707317073170732 0.2875 0.6666666666666666 0.2890625 0.6646341463414634 0.29375 0.6605691056910569 0.29375 0.6605691056910569 0.303125 0.6565040650406504 0.3046875 0.6565040650406504 0.3078125 0.6463414634146342 0.3125 0.6443089430894309 0.3171875 0.6361788617886179 0.3171875 0.6341463414634146 0.3203125 0.6300813008130082 0.3203125 0.6300813008130082 0.3234375 0.6239837398373984 0.328125 0.6056910569105691 0.328125 0.6036585365853658 0.3328125 0.5894308943089431 0.3328125 0.5873983739837398 0.3359375 0.5589430894308943 0.3359375 0.556910569105691 0.340625 0.5447154471544715 0.340625 0.5426829268292683 0.34375 0.4878048780487805 0.34375 0.4878048780487805 0.346875 0.4817073170731707 0.3515625 0.47764227642276424 0.3515625 0.47764227642276424 0.3578125 0.483739837398374 0.359375 0.483739837398374 0.3703125 0.4878048780487805 0.371875 0.4878048780487805 0.378125 0.49390243902439024 0.3796875 0.49390243902439024 0.3859375 0.49796747967479676 0.3875 0.49796747967479676 0.39375 0.5040650406504065 0.3953125 0.5040650406504065 0.4015625 0.508130081300813 0.403125 0.508130081300813 0.4125 0.5142276422764228 0.4140625 0.5142276422764228 0.425 0.5182926829268293 0.4265625 0.5182926829268293 0.4328125 0.524390243902439 0.434375 0.524390243902439 0.440625 0.5284552845528455 0.4421875 0.5284552845528455 0.4484375 0.532520325203252 0.4484375 0.5386178861788617 0.453125 0.5386178861788617 0.45625 0.5426829268292683 0.45625 0.5487804878048781 0.4609375 0.5487804878048781 0.4640625 0.5772357723577236 0.4640625 0.5792682926829268 0.4671875 0.6077235772357723 0.4671875 0.6097560975609756 0.471875 0.6239837398373984 0.471875 0.6260162601626016 0.475 0.6483739837398373 0.475 0.6504065040650406 0.4796875 0.6686991869918699 0.4796875 0.6707317073170732 0.4828125 0.725609756097561 0.4828125 0.7276422764227642 0.4796875 0.75 0.4796875 0.7520325203252033 0.475 0.7703252032520326 0.475 0.7723577235772358 0.471875 0.790650406504065 0.471875 0.7926829268292683 0.4671875 0.8008130081300813 0.4671875 0.8028455284552846 0.4640625 0.8170731707317073 0.4640625 0.8170731707317073 0.4609375 0.823170731707317 0.45625 0.8272357723577236 0.45625 0.8272357723577236 0.4453125 0.8211382113821138 0.44375 0.823170731707317 0.4359375 0.8678861788617886 0.4359375 0.8719512195121951 0.4328125 0.8719512195121951 0.4265625 0.8780487804878049 0.425 0.8780487804878049 0.421875 0.8739837398373984 0.421875 0.8678861788617886 0.4171875 0.8678861788617886 0.4140625 0.8638211382113821 0.4140625 0.8577235772357723 0.409375 0.8577235772357723 0.40625 0.8536585365853658 0.40625 0.8475609756097561 0.4015625 0.8475609756097561 0.3953125 0.8394308943089431 0.3953125 0.8373983739837398 0.390625 0.8333333333333334 0.390625 0.8313008130081301 0.3875 0.823170731707317 0.3875 0.8170731707317073 0.3796875 0.8109756097560976 0.378125 0.8109756097560976 0.3671875 0.806910569105691 0.365625 0.806910569105691 0.3484375 0.8008130081300813 0.346875 0.8008130081300813 0.34375 0.8109756097560976 0.3421875 0.8130081300813008 0.3390625 0.8170731707317073 0.3390625 0.8170731707317073 0.328125 0.8130081300813008 0.328125 0.806910569105691 0.3234375 0.806910569105691 0.3203125 0.8028455284552846 0.3203125 0.7967479674796748 0.315625 0.7967479674796748 0.3125 0.790650406504065 0.3109375 0.790650406504065 0.3046875 0.7865853658536586 0.303125 0.7865853658536586 0.2890625 0.7804878048780488 0.2875 0.7804878048780488 0.278125 0.7764227642276422 0.2765625 0.7764227642276422 0.2734375 0.7723577235772358 0.2734375 0.7703252032520326 0.278125 0.7520325203252033 0.278125 0.75 0.2734375 0.741869918699187 0.2734375 0.7398373983739838 0.2703125 0.7215447154471545 0.2703125 0.7215447154471545 0.271875 0.7195121951219512 0.2734375 0.6971544715447154 0.2734375
1 0.5426829268292683 0.48125 0.5386178861788617 0.48125 0.5386178861788617 0.4875 0.5447154471544715 0.4890625 0.5447154471544715 0.5109375 0.5487804878048781 0.5125 0.5487804878048781 0.5296875 0.5548780487804879 0.53125 0.5548780487804879 0.55 0.5589430894308943 0.5515625 0.5589430894308943 0.58125 0.5650406504065041 0.5828125 0.5650406504065041 0.628125 0.5589430894308943 0.6296875 0.5589430894308943 0.646875 0.5650406504065041 0.6484375 0.5650406504065041 0.6515625 0.573170731707317 0.6515625 0.5752032520325203 0.6546875 0.5833333333333334 0.6546875 0.5853658536585366 0.6515625 0.5934959349593496 0.6515625 0.5934959349593496 0.6484375 0.5975609756097561 0.646875 0.5975609756097561 0.640625 0.6036585365853658 0.6390625 0.6036585365853658 0.6328125 0.6077235772357723 0.63125 0.6077235772357723 0.621875 0.6138211382113821 0.6203125 0.6138211382113821 0.6140625 0.6178861788617886 0.6125 0.6178861788617886 0.60625 0.6239837398373984 0.6046875 0.6239837398373984 0.6015625 0.6280487804878049 0.6 0.6300813008130082 0.6015625 0.6300813008130082 0.6203125 0.6361788617886179 0.621875 0.6361788617886179 0.63125 0.6300813008130082 0.6328125 0.6300813008130082 0.6390625 0.6361788617886179 0.640625 0.6361788617886179 0.646875 0.6300813008130082 0.6484375 0.6300813008130082 0.6625 0.6361788617886179 0.6640625 0.6361788617886179 0.6703125 0.6402439024390244 0.671875 0.6402439024390244 0.675 0.6483739837398373 0.675 0.6504065040650406 0.678125 0.6585365853658537 0.678125 0.6585365853658537 0.609375 0.6646341463414634 0.6078125 0.6646341463414634 0.59375 0.6686991869918699 0.5921875 0.6686991869918699 0.5828125 0.6747967479674797 0.58125 0.6747967479674797 0.575 0.6788617886178862 0.5734375 0.6788617886178862 0.5671875 0.6849593495934959 0.565625 0.6849593495934959 0.559375 0.6890243902439024 0.5578125 0.6890243902439024 0.5546875 0.6951219512195121 0.553125 0.6951219512195121 0.546875 0.6991869918699187 0.5453125 0.6991869918699187 0.5390625 0.7052845528455285 0.5375 0.7113821138211383 0.5296875 0.7154471544715447 0.5296875 0.7195121951219512 0.5265625 0.7195121951219512 0.5203125 0.725609756097561 0.51875 0.7276422764227642 0.5140625 0.7357723577235772 0.5140625 0.7357723577235772 0.5078125 0.7398373983739838 0.50625 0.7398373983739838 0.496875 0.7296747967479674 0.4890625 0.6666666666666666 0.4890625 0.6646341463414634 0.484375 0.6504065040650406 0.484375 0.6483739837398373 0.48125 0.6199186991869918 0.48125 0.6178861788617886 0.4765625 0.6056910569105691 0.4765625 0.6036585365853658 0.4734375 0.5487804878048781 0.4734375 0.5487804878048781 0.475 0.5447154471544715 0.4765625 0.5426829268292683 0.48125
1 0.9044715447154471 0.434375 0.9044715447154471 0.440625 0.9004065040650406 0.4421875 0.9044715447154471 0.4453125 0.9044715447154471 0.4515625 0.9126016260162602 0.4515625 0.9146341463414634 0.45625 0.9186991869918699 0.45625 0.9247967479674797 0.4609375 0.9247967479674797 0.4640625 0.9288617886178862 0.4640625 0.9308943089430894 0.4671875 0.9390243902439024 0.4671875 0.9451219512195121 0.475 0.9552845528455285 0.4765625 0.9552845528455285 0.4796875 0.9796747967479674 0.4796875 0.9817073170731707 0.475 0.9979674796747967 0.475 0.9979674796747967 0.4375 0.9959349593495935 0.4375 0.9939024390243902 0.4421875 0.975609756097561 0.4421875 0.9735772357723578 0.4375 0.9451219512195121 0.4375 0.943089430894309 0.434375 0.9247967479674797 0.434375 0.9227642276422764 0.4296875 0.9146341463414634 0.4296875 0.9146341463414634 0.43125 0.9126016260162602 0.434375 0.9044715447154471 0.434375
1 0.2845528455284553 0.8171875 0.2804878048780488 0.8203125 0.2804878048780488 0.8265625 0.27439024390243905 0.828125 0.27439024390243905 0.83125 0.2703252032520325 0.8328125 0.2703252032520325 0.8390625 0.26422764227642276 0.840625 0.26422764227642276 0.846875 0.2601626016260163 0.8484375 0.2601626016260163 0.8703125 0.26422764227642276 0.871875 0.26422764227642276 0.8859375 0.2703252032520325 0.8875 0.2703252032520325 0.896875 0.27439024390243905 0.8984375 0.27439024390243905 0.9046875 0.2804878048780488 0.90625 0.2804878048780488 0.9203125 0.2845528455284553 0.921875 0.2845528455284553 0.9328125 0.29065040650406504 0.934375 0.29065040650406504 0.94375 0.29471544715447157 0.9453125 0.29471544715447157 0.9515625 0.29878048780487804 0.9515625 0.3008130081300813 0.95625 0.3048780487804878 0.9578125 0.3008130081300813 0.9609375 0.3008130081300813 0.9671875 0.29471544715447157 0.96875 0.29471544715447157 0.971875 0.3008130081300813 0.9734375 0.3008130081300813 0.9796875 0.3089430894308943 0.9796875 0.31097560975609756 0.9828125 0.32113821138211385 0.984375 0.32113821138211385 0.9875 0.3252032520325203 0.990625 0.32113821138211385 0.9921875 0.32113821138211385 0.9953125 0.3333333333333333 0.9953125 0.3353658536585366 0.9984375 0.3394308943089431 0.9984375 0.34146341463414637 0.9953125 0.34959349593495936 0.9953125 0.34959349593495936 0.934375 0.35365853658536583 0.9328125 0.35365853658536583 0.9265625 0.34959349593495936 0.925 0.34959349593495936 0.9109375 0.35365853658536583 0.909375 0.35365853658536583 0.8984375 0.3638211382113821 0.89375 0.3638211382113821 0.8796875 0.3699186991869919 0.878125 0.3699186991869919 0.871875 0.37398373983739835 0.8703125 0.37398373983739835 0.8671875 0.3800813008130081 0.865625 0.3800813008130081 0.859375 0.3861788617886179 0.8546875 0.3902439024390244 0.8546875 0.39227642276422764 0.85 0.40447154471544716 0.85 0.40447154471544716 0.8484375 0.40040650406504064 0.846875 0.40040650406504064 0.84375 0.39227642276422764 0.84375 0.3902439024390244 0.840625 0.3861788617886179 0.840625 0.3800813008130081 0.8328125 0.3719512195121951 0.8328125 0.3699186991869919 0.828125 0.36585365853658536 0.828125 0.3638211382113821 0.825 0.3556910569105691 0.825 0.35365853658536583 0.8203125 0.34552845528455284 0.8203125 0.3434959349593496 0.8171875 0.3252032520325203 0.8171875 0.3231707317073171 0.8125 0.29065040650406504 0.8125 0.29065040650406504 0.8140625 0.2886178861788618 0.8171875 0.2845528455284553 0.8171875
1 0.5020325203252033 0.6484375 0.49796747967479676 0.6484375 0.49796747967479676 0.6515625 0.49390243902439024 0.653125 0.49390243902439024 0.659375 0.483739837398374 0.6640625 0.483739837398374 0.6703125 0.47764227642276424 0.671875 0.47764227642276424 0.6828125 0.4735772357723577 0.684375 0.4735772357723577 0.69375 0.46747967479674796 0.6953125 0.4654471544715447 0.703125 0.4573170731707317 0.703125 0.45121951219512196 0.6984375 0.45121951219512196 0.6953125 0.4451219512195122 0.69375 0.4451219512195122 0.6875 0.4410569105691057 0.6859375 0.4410569105691057 0.6765625 0.4349593495934959 0.675 0.4349593495934959 0.66875 0.43089430894308944 0.6671875 0.43089430894308944 0.6609375 0.4247967479674797 0.659375 0.4247967479674797 0.6484375 0.42276422764227645 0.6484375 0.42073170731707316 0.653125 0.4166666666666667 0.653125 0.4166666666666667 0.659375 0.42073170731707316 0.659375 0.42276422764227645 0.6625 0.4166666666666667 0.6640625 0.4166666666666667 0.6703125 0.42276422764227645 0.671875 0.42276422764227645 0.678125 0.4268292682926829 0.6796875 0.4268292682926829 0.690625 0.4329268292682927 0.6921875 0.4329268292682927 0.7015625 0.4369918699186992 0.703125 0.4369918699186992 0.7171875 0.44308943089430897 0.71875 0.44308943089430897 0.725 0.44715447154471544 0.7265625 0.44715447154471544 0.7328125 0.4532520325203252 0.734375 0.4532520325203252 0.7453125 0.4573170731707317 0.746875 0.4573170731707317 0.753125 0.45121951219512196 0.7578125 0.4065040650406504 0.7578125 0.4024390243902439 0.7546875 0.40040650406504064 0.7578125 0.3719512195121951 0.7578125 0.3719512195121951 0.7640625 0.37601626016260165 0.765625 0.37601626016260165 0.771875 0.3800813008130081 0.771875 0.3821138211382114 0.7765625 0.3861788617886179 0.778125 0.3861788617886179 0.784375 0.3902439024390244 0.784375 0.39634146341463417 0.7890625 0.39634146341463417 0.7921875 0.40040650406504064 0.7921875 0.4065040650406504 0.796875 0.4065040650406504 0.8078125 0.40447154471544716 0.809375 0.39227642276422764 0.809375 0.3902439024390244 0.8125 0.37601626016260165 0.8125 0.37601626016260165 0.815625 0.3719512195121951 0.81875 0.37601626016260165 0.8203125 0.37601626016260165 0.8265625 0.3821138211382114 0.828125 0.3821138211382114 0.83125 0.3902439024390244 0.83125 0.39634146341463417 0.8359375 0.39634146341463417 0.8390625 0.40040650406504064 0.8390625 0.4024390243902439 0.8421875 0.40040650406504064 0.84375 0.3861788617886179 0.84375 0.3861788617886179 0.846875 0.3821138211382114 0.8484375 0.3800813008130081 0.84375 0.37601626016260165 0.84375 0.3699186991869919 0.8390625 0.3699186991869919 0.8359375 0.3617886178861789 0.8359375 0.3597560975609756 0.8328125 0.35365853658536583 0.83125 0.35365853658536583 0.828125 0.34552845528455284 0.828125 0.3434959349593496 0.825 0.3353658536585366 0.825 0.3333333333333333 0.8203125 0.3048780487804878 0.8203125 0.3048780487804878 0.83125 0.3008130081300813 0.8328125 0.3008130081300813 0.8546875 0.29471544715447157 0.85625 0.2926829268292683 0.8546875 0.2926829268292683 0.840625 0.2845528455284553 0.840625 0.2804878048780488 0.84375 0.2804878048780488 0.85 0.2845528455284553 0.8515625 0.2845528455284553 0.865625 0.2804878048780488 0.8671875 0.2804878048780488 0.8703125 0.2845528455284553 0.871875 0.2845528455284553 0.896875 0.29065040650406504 0.8984375 0.29065040650406504 0.925 0.29471544715447157 0.9265625 0.29471544715447157 0.9359375 0.3008130081300813 0.9375 0.3008130081300813 0.940625 0.29471544715447157 0.9421875 0.29471544715447157 0.94375 0.3008130081300813 0.9453125 0.3008130081300813 0.9515625 0.3048780487804878 0.953125 0.3048780487804878 0.95625 0.31097560975609756 0.9578125 0.31097560975609756 0.975 0.3150406504065041 0.9765625 0.3150406504065041 0.9875 0.3231707317073171 0.9875 0.3252032520325203 0.990625 0.3333333333333333 0.990625 0.3353658536585366 0.9953125 0.34959349593495936 0.9953125 0.3516260162601626 0.9984375 0.3943089430894309 0.9984375 0.39634146341463417 0.9953125 0.4105691056910569 0.9953125 0.41260162601626016 0.9984375 0.5772357723577236 0.9984375 0.5792682926829268 0.9953125 0.6036585365853658 0.9953125 0.6056910569105691 0.9984375 0.6239837398373984 0.9984375 0.6260162601626016 0.9953125 0.6890243902439024 0.9953125 0.6910569105691057 0.9984375 0.7154471544715447 0.9984375 0.717479674796748 0.9953125 0.725609756097561 0.9953125 0.725609756097561 0.9921875 0.7317073170731707 0.9875 0.7398373983739838 0.9875 0.741869918699187 0.990625 0.7479674796747967 0.9921875 0.7479674796747967 0.9953125 0.7601626016260162 0.9953125 0.7621951219512195 0.9984375 0.8414634146341463 0.9984375 0.8434959349593496 0.990625 0.8516260162601627 0.990625 0.8536585365853658 0.9953125 0.8678861788617886 0.9953125 0.8699186991869918 0.9984375 0.8882113821138211 0.9984375 0.8922764227642277 0.9953125 0.8943089430894309 0.9984375 0.9024390243902439 0.9984375 0.9044715447154471 0.9953125 0.9227642276422764 0.9953125 0.9227642276422764 0.9921875 0.9186991869918699 0.990625 0.9186991869918699 0.984375 0.9227642276422764 0.9828125 0.9227642276422764 0.9734375 0.9329268292682927 0.971875 0.9329268292682927 0.9609375 0.9308943089430894 0.9609375 0.9288617886178862 0.96875 0.9105691056910569 0.96875 0.9085365853658537 0.965625 0.9004065040650406 0.965625 0.8983739837398373 0.9609375 0.8922764227642277 0.959375 0.8922764227642277 0.953125 0.8841463414634146 0.953125 0.8821138211382114 0.9578125 0.8780487804878049 0.95625 0.8780487804878049 0.934375 0.8719512195121951 0.9328125 0.8719512195121951 0.9296875 0.8638211382113821 0.9296875 0.8577235772357723 0.925 0.8577235772357723 0.921875 0.8617886178861789 0.9203125 0.8617886178861789 0.9109375 0.8719512195121951 0.909375 0.8719512195121951 0.8953125 0.8678861788617886 0.89375 0.8678861788617886 0.8796875 0.8638211382113821 0.8796875 0.8617886178861789 0.875 0.8577235772357723 0.8734375 0.8577235772357723 0.8671875 0.8516260162601627 0.865625 0.8516260162601627 0.859375 0.8475609756097561 0.85625 0.8434959349593496 0.85625 0.8414634146341463 0.8515625 0.8373983739837398 0.85 0.8373983739837398 0.84375 0.8333333333333334 0.84375 0.8272357723577236 0.8390625 0.8272357723577236 0.8359375 0.823170731707317 0.8359375 0.8170731707317073 0.83125 0.8170731707317073 0.828125 0.8130081300813008 0.828125 0.8109756097560976 0.825 0.8028455284552846 0.825 0.8008130081300813 0.8203125 0.7926829268292683 0.8203125 0.790650406504065 0.8171875 0.7784552845528455 0.8171875 0.7764227642276422 0.8125 0.7682926829268293 0.8125 0.766260162601626 0.809375 0.7378048780487805 0.809375 0.7357723577235772 0.8078125 0.7378048780487805 0.803125 0.7601626016260162 0.803125 0.7621951219512195 0.8 0.7703252032520326 0.8 0.7723577235772358 0.803125 0.7764227642276422 0.803125 0.7784552845528455 0.8 0.8008130081300813 0.8 0.8028455284552846 0.7953125 0.8109756097560976 0.7953125 0.8130081300813008 0.7921875 0.8170731707317073 0.7921875 0.8191056910569106 0.7875 0.8272357723577236 0.7875 0.8272357723577236 0.78125 0.823170731707317 0.78125 0.8170731707317073 0.7765625 0.8170731707317073 0.7734375 0.7987804878048781 0.7734375 0.7967479674796748 0.7703125 0.7682926829268293 0.7703125 0.766260162601626 0.7734375 0.717479674796748 0.7734375 0.7154471544715447 0.7703125 0.709349593495935 0.76875 0.709349593495935 0.765625 0.7012195121951219 0.765625 0.6991869918699187 0.7625 0.6605691056910569 0.7625 0.6565040650406504 0.765625 0.6544715447154471 0.7625 0.6483739837398373 0.7609375 0.6483739837398373 0.7265625 0.6443089430894309 0.725 0.6443089430894309 0.7109375 0.6382113821138211 0.709375 0.6382113821138211 0.7 0.6341463414634146 0.6984375 0.6341463414634146 0.6921875 0.6280487804878049 0.690625 0.6280487804878049 0.684375 0.6158536585365854 0.684375 0.6138211382113821 0.6765625 0.6077235772357723 0.675 0.6077235772357723 0.671875 0.5995934959349594 0.671875 0.5975609756097561 0.66875 0.5792682926829268 0.66875 0.5772357723577236 0.6640625 0.5650406504065041 0.6640625 0.5630081300813008 0.6609375 0.5548780487804879 0.6609375 0.5528455284552846 0.65625 0.5487804878048781 0.65625 0.5467479674796748 0.653125 0.5386178861788617 0.653125 0.5365853658536586 0.6484375 0.524390243902439 0.6484375 0.5223577235772358 0.6453125 0.5182926829268293 0.6453125 0.516260162601626 0.6375 0.508130081300813 0.6375 0.508130081300813 0.6390625 0.508130081300813 0.64375 0.5020325203252033 0.6484375
1 0.17276422764227642 0 0.17276422764227642 0.0015625 0.17073170731707318 0.0046875 0.12195121951219512 0.0046875 0.12195121951219512 0.01875 0.11788617886178862 0.0203125 0.11788617886178862 0.0265625 0.11178861788617886 0.028125 0.11178861788617886 0.0375 0.10772357723577236 0.0390625 0.10772357723577236 0.0453125 0.1016260162601626 0.046875 0.1016260162601626 0.0578125 0.10772357723577236 0.059375 0.10772357723577236 0.084375 0.1016260162601626 0.0859375 0.1016260162601626 0.0890625 0.10569105691056911 0.0890625 0.10772357723577236 0.0921875 0.1016260162601626 0.09375 0.1016260162601626 0.1078125 0.10772357723577236 0.109375 0.10772357723577236 0.1203125 0.11178861788617886 0.121875 0.11178861788617886 0.128125 0.11585365853658537 0.128125 0.12195121951219512 0.1328125 0.12195121951219512 0.1359375 0.13211382113821138 0.1375 0.13211382113821138 0.1515625 0.13821138211382114 0.153125 0.13821138211382114 0.1625 0.14227642276422764 0.1640625 0.14227642276422764 0.175 0.14634146341463414 0.175 0.1524390243902439 0.1796875 0.1524390243902439 0.1859375 0.1565040650406504 0.1859375 0.15853658536585366 0.190625 0.16260162601626016 0.1921875 0.16260162601626016 0.1984375 0.16666666666666666 0.1984375 0.17276422764227642 0.203125 0.17276422764227642 0.20625 0.17682926829268292 0.20625 0.18292682926829268 0.2109375 0.18292682926829268 0.2140625 0.1910569105691057 0.2140625 0.19308943089430894 0.2171875 0.19715447154471544 0.2171875 0.1991869918699187 0.221875 0.20934959349593496 0.2265625 0.20934959349593496 0.2296875 0.21341463414634146 0.2328125 0.21951219512195122 0.234375 0.21951219512195122 0.2375 0.22357723577235772 0.240625 0.22967479674796748 0.2421875 0.22967479674796748 0.2453125 0.23780487804878048 0.2453125 0.23983739837398374 0.2484375 0.24796747967479674 0.2484375 0.2540650406504065 0.25625 0.2621951219512195 0.25625 0.26422764227642276 0.2609375 0.2682926829268293 0.2609375 0.2703252032520325 0.2640625 0.2784552845528455 0.2640625 0.2804878048780488 0.26875 0.2886178861788618 0.26875 0.29065040650406504 0.271875 0.29878048780487804 0.271875 0.3008130081300813 0.2765625 0.3089430894308943 0.2765625 0.31097560975609756 0.2796875 0.31910569105691056 0.2796875 0.32113821138211385 0.284375 0.32926829268292684 0.284375 0.3313008130081301 0.2875 0.3394308943089431 0.2875 0.34146341463414637 0.2921875 0.34959349593495936 0.2921875 0.3556910569105691 0.296875 0.3556910569105691 0.3 0.3638211382113821 0.3 0.36585365853658536 0.303125 0.37398373983739835 0.303125 0.37601626016260165 0.3078125 0.38414634146341464 0.3078125 0.3861788617886179 0.3109375 0.40040650406504064 0.3109375 0.4024390243902439 0.315625 0.4105691056910569 0.315625 0.41260162601626016 0.31875 0.42073170731707316 0.31875 0.42276422764227645 0.3234375 0.4349593495934959 0.3234375 0.4369918699186992 0.3265625 0.4451219512195122 0.3265625 0.44715447154471544 0.33125 0.45528455284552843 0.33125 0.4573170731707317 0.334375 0.5121951219512195 0.334375 0.5142276422764228 0.33125 0.5630081300813008 0.33125 0.5650406504065041 0.3265625 0.5873983739837398 0.3265625 0.5894308943089431 0.3234375 0.5975609756097561 0.3234375 0.5995934959349594 0.31875 0.6077235772357723 0.31875 0.6097560975609756 0.315625 0.6178861788617886 0.315625 0.6199186991869918 0.3109375 0.6280487804878049 0.3109375 0.6300813008130082 0.3078125 0.6341463414634146 0.3078125 0.6361788617886179 0.303125 0.6443089430894309 0.303125 0.6483739837398373 0.3 0.6483739837398373 0.29375 0.6544715447154471 0.2921875 0.6544715447154471 0.28125 0.6463414634146342 0.28125 0.6443089430894309 0.278125 0.6300813008130082 0.278125 0.6280487804878049 0.2734375 0.6199186991869918 0.2734375 0.6138211382113821 0.26875 0.6138211382113821 0.265625 0.6097560975609756 0.265625 0.6036585365853658 0.2609375 0.6036585365853658 0.2546875 0.6077235772357723 0.253125 0.6097560975609756 0.2484375 0.6138211382113821 0.2484375 0.6158536585365854 0.2453125 0.6239837398373984 0.2453125 0.6239837398373984 0.2421875 0.6300813008130082 0.2375 0.6341463414634146 0.2375 0.6341463414634146 0.234375 0.6382113821138211 0.2328125 0.6382113821138211 0.2265625 0.6443089430894309 0.225 0.6443089430894309 0.21875 0.6483739837398373 0.2171875 0.6483739837398373 0.2109375 0.6585365853658537 0.20625 0.6605691056910569 0.2015625 0.6646341463414634 0.2015625 0.6666666666666666 0.1984375 0.6747967479674797 0.1984375 0.676829268292683 0.19375 0.6849593495934959 0.19375 0.6890243902439024 0.190625 0.6890243902439024 0.1796875 0.6951219512195121 0.178125 0.6951219512195121 0.1765625 0.6890243902439024 0.175 0.6890243902439024 0.16875 0.6788617886178862 0.1671875 0.6788617886178862 0.1640625 0.676829268292683 0.1640625 0.6747967479674797 0.16875 0.6707317073170732 0.16875 0.6686991869918699 0.1640625 0.6605691056910569 0.1640625 0.6544715447154471 0.159375 0.6544715447154471 0.15625 0.6504065040650406 0.15625 0.6443089430894309 0.1515625 0.6443089430894309 0.1484375 0.6402439024390244 0.1484375 0.6341463414634146 0.14375 0.6341463414634146 0.140625 0.6280487804878049 0.1390625 0.6280487804878049 0.1328125 0.6239837398373984 0.13125 0.6239837398373984 0.125 0.6300813008130082 0.1203125 0.6382113821138211 0.1203125 0.6402439024390244 0.115625 0.6544715447154471 0.115625 0.6565040650406504 0.1125 0.6951219512195121 0.1125 0.6971544715447154 0.1078125 0.7052845528455285 0.1078125 0.7052845528455285 0.1015625 0.6991869918699187 0.1 0.6991869918699187 0.09375 0.6951219512195121 0.0921875 0.6951219512195121 0.0859375 0.6890243902439024 0.084375 0.6910569105691057 0.0765625 0.7052845528455285 0.0765625 0.709349593495935 0.0734375 0.7113821138211383 0.0765625 0.717479674796748 0.078125 0.717479674796748 0.08125 0.725609756097561 0.08125 0.7276422764227642 0.084375 0.7459349593495935 0.084375 0.7479674796747967 0.08125 0.7601626016260162 0.08125 0.7601626016260162 0.075 0.766260162601626 0.0734375 0.766260162601626 0.0703125 0.7703252032520326 0.06875 0.7703252032520326 0.0515625 0.7601626016260162 0.04375 0.7479674796747967 0.04375 0.7459349593495935 0.0421875 0.7459349593495935 0.0359375 0.741869918699187 0.0359375 0.7357723577235772 0.028125 0.7296747967479674 0.0265625 0.7296747967479674 0.0234375 0.725609756097561 0.021875 0.725609756097561 0.015625 0.7215447154471545 0.015625 0.7154471544715447 0.0109375 0.7154471544715447 0.0046875 0.709349593495935 0.003125 0.709349593495935 0 0.6869918699186992 0 0.6849593495934959 0.0046875 0.6605691056910569 0.0046875 0.6585365853658537 0 0.6260162601626016 0 0.6239837398373984 0.0046875 0.6158536585365854 0.0046875 0.6138211382113821 0.0078125 0.6097560975609756 0.0078125 0.6077235772357723 0.0046875 0.5650406504065041 0.0046875 0.5630081300813008 0 0.5040650406504065 0 0.5020325203252033 0.0046875 0.483739837398374 0.0046875 0.4817073170731707 0 0.47764227642276424 0 0.47560975609756095 0.0046875 0.46747967479674796 0.0046875 0.4654471544715447 0 0.44715447154471544 0 0.44715447154471544 0.003125 0.44308943089430897 0.0046875 0.4410569105691057 0 0.4065040650406504 0 0.4065040650406504 0.003125 0.4024390243902439 0.0046875 0.40040650406504064 0 0.39227642276422764 0 0.3902439024390244 0.0046875 0.3821138211382114 0.0046875 0.3800813008130081 0.0078125 0.3719512195121951 0.0078125 0.3699186991869919 0.0046875 0.3638211382113821 0.003125 0.3638211382113821 0 0.34146341463414637 0 0.3394308943089431 0.0046875 0.3048780487804878 0.0046875 0.30284552845528456 0 0.26422764227642276 0 0.2621951219512195 0.0046875 0.22967479674796748 0.0046875 0.22764227642276422 0 0.21341463414634146 0 0.21138211382113822 0.0046875 0.2032520325203252 0.0046875 0.20121951219512196 0 0.17276422764227642 0
1 0.6869918699186992 0.8171875 0.6849593495934959 0.8203125 0.676829268292683 0.8203125 0.676829268292683 0.8234375 0.6666666666666666 0.828125 0.6646341463414634 0.8328125 0.6504065040650406 0.8328125 0.6483739837398373 0.8359375 0.6402439024390244 0.8359375 0.6382113821138211 0.840625 0.6158536585365854 0.840625 0.6138211382113821 0.84375 0.5752032520325203 0.84375 0.573170731707317 0.8484375 0.5691056910569106 0.8484375 0.5670731707317073 0.84375 0.5447154471544715 0.84375 0.5426829268292683 0.840625 0.4573170731707317 0.840625 0.45528455284552843 0.84375 0.44308943089430897 0.84375 0.4410569105691057 0.8484375 0.4024390243902439 0.8484375 0.40040650406504064 0.84375 0.39227642276422764 0.84375 0.3902439024390244 0.8484375 0.3821138211382114 0.8484375 0.3800813008130081 0.84375 0.36585365853658536 0.84375 0.36585365853658536 0.85 0.3719512195121951 0.8515625 0.3699186991869919 0.85625 0.3556910569105691 0.85625 0.35365853658536583 0.8515625 0.34959349593495936 0.85 0.35365853658536583 0.846875 0.35365853658536583 0.8328125 0.34959349593495936 0.83125 0.34959349593495936 0.828125 0.34552845528455284 0.828125 0.3394308943089431 0.8234375 0.3394308943089431 0.8203125 0.3313008130081301 0.8203125 0.32926829268292684 0.8171875 0.31097560975609756 0.8171875 0.31097560975609756 0.8234375 0.3048780487804878 0.825 0.3048780487804878 0.83125 0.3008130081300813 0.8328125 0.3008130081300813 0.85 0.29471544715447157 0.8515625 0.29471544715447157 0.8625 0.2886178861788618 0.8671875 0.2845528455284553 0.8671875 0.2845528455284553 0.89375 0.29065040650406504 0.8953125 0.29065040650406504 0.9125 0.29471544715447157 0.9140625 0.29471544715447157 0.94375 0.3008130081300813 0.9453125 0.3008130081300813 0.9515625 0.31097560975609756 0.953125 0.31097560975609756 0.971875 0.3150406504065041 0.9734375 0.3150406504065041 0.9828125 0.31910569105691056 0.9828125 0.32113821138211385 0.9875 0.3252032520325203 0.9890625 0.3252032520325203 0.9953125 0.34959349593495936 0.9953125 0.3516260162601626 0.9984375 0.3943089430894309 0.9984375 0.39634146341463417 0.9953125 0.40447154471544716 0.9953125 0.4065040650406504 0.9984375 0.5833333333333334 0.9984375 0.5853658536585366 0.9953125 0.5934959349593496 0.9953125 0.5955284552845529 0.9984375 0.6341463414634146 0.9984375 0.6361788617886179 0.9953125 0.6544715447154471 0.9953125 0.6585365853658537 0.9984375 0.6605691056910569 0.9953125 0.6890243902439024 0.9953125 0.6910569105691057 0.9984375 0.7154471544715447 0.9984375 0.717479674796748 0.9953125 0.725609756097561 0.9953125 0.7276422764227642 0.990625 0.7398373983739838 0.990625 0.741869918699187 0.9953125 0.75 0.9953125 0.7520325203252033 0.9984375 0.8414634146341463 0.9984375 0.8434959349593496 0.9953125 0.8516260162601627 0.9953125 0.8536585365853658 0.9984375 0.9126016260162602 0.9984375 0.9146341463414634 0.9953125 0.9288617886178862 0.9953125 0.9288617886178862 0.9921875 0.9207317073170732 0.9921875 0.9186991869918699 0.9890625 0.9044715447154471 0.9890625 0.9024390243902439 0.984375 0.8922764227642277 0.9828125 0.8922764227642277 0.96875 0.8821138211382114 0.9671875 0.8841463414634146 0.9640625 0.8882113821138211 0.9640625 0.8882113821138211 0.9609375 0.8780487804878049 0.959375 0.8780487804878049 0.9453125 0.8739837398373984 0.9453125 0.8678861788617886 0.940625 0.8678861788617886 0.9375 0.8638211382113821 0.9375 0.8597560975609756 0.934375 0.8577235772357723 0.9375 0.8495934959349594 0.9375 0.8475609756097561 0.934375 0.8373983739837398 0.9328125 0.8373983739837398 0.91875 0.8414634146341463 0.9171875 0.8434959349593496 0.925 0.8475609756097561 0.925 0.8475609756097561 0.921875 0.8516260162601627 0.91875 0.8475609756097561 0.9171875 0.8475609756097561 0.9140625 0.8495934959349594 0.9125 0.8617886178861789 0.9125 0.8638211382113821 0.9046875 0.8719512195121951 0.9046875 0.8719512195121951 0.8953125 0.8678861788617886 0.89375 0.8678861788617886 0.8828125 0.8617886178861789 0.88125 0.8617886178861789 0.875 0.8577235772357723 0.8734375 0.8577235772357723 0.8671875 0.8516260162601627 0.865625 0.8516260162601627 0.859375 0.8414634146341463 0.8546875 0.8414634146341463 0.8515625 0.8373983739837398 0.8484375 0.8313008130081301 0.846875 0.8313008130081301 0.840625 0.8272357723577236 0.8390625 0.8272357723577236 0.8359375 0.823170731707317 0.8359375 0.8170731707317073 0.83125 0.8170731707317073 0.828125 0.8130081300813008 0.828125 0.8109756097560976 0.825 0.8028455284552846 0.825 0.8008130081300813 0.8203125 0.7886178861788617 0.8203125 0.7865853658536586 0.8171875 0.758130081300813 0.8171875 0.7560975609756098 0.8125 0.7012195121951219 0.8125 0.7012195121951219 0.8140625 0.6991869918699187 0.8171875 0.6869918699186992 0.8171875
1 0 0.990625 0.0040650406504065045 0.990625 0.006097560975609756 0.9953125 0.014227642276422764 0.9953125 0.016260162601626018 0.9984375 0.054878048780487805 0.9984375 0.056910569105691054 0.9953125 0.07520325203252033 0.9953125 0.07723577235772358 0.9984375 0.13617886178861788 0.9984375 0.1402439024390244 0.9953125 0.14227642276422764 0.9984375 0.22154471544715448 0.9984375 0.22357723577235772 0.9953125 0.24796747967479674 0.9953125 0.24796747967479674 0.9890625 0.25203252032520324 0.9875 0.2540650406504065 0.9828125 0.258130081300813 0.9828125 0.2621951219512195 0.9796875 0.26422764227642276 0.975 0.2682926829268293 0.975 0.2682926829268293 0.965625 0.27235772357723576 0.9640625 0.27235772357723576 0.9265625 0.2682926829268293 0.925 0.2682926829268293 0.9109375 0.2621951219512195 0.909375 0.2621951219512195 0.8953125 0.258130081300813 0.89375 0.258130081300813 0.8875 0.2540650406504065 0.8875 0.25203252032520324 0.8828125 0.24796747967479674 0.88125 0.24796747967479674 0.875 0.241869918699187 0.8734375 0.241869918699187 0.8671875 0.23780487804878048 0.865625 0.23780487804878048 0.859375 0.22764227642276422 0.8578125 0.22764227642276422 0.8515625 0.21951219512195122 0.8515625 0.21747967479674796 0.8484375 0.21138211382113822 0.846875 0.21138211382113822 0.84375 0.2032520325203252 0.84375 0.20121951219512196 0.840625 0.19308943089430894 0.840625 0.18699186991869918 0.8328125 0.18089430894308944 0.83125 0.18089430894308944 0.828125 0.17276422764227642 0.828125 0.16666666666666666 0.8234375 0.16666666666666666 0.8203125 0.15853658536585366 0.8203125 0.1565040650406504 0.8171875 0.1483739837398374 0.8171875 0.14634146341463414 0.8125 0.14227642276422764 0.8125 0.1402439024390244 0.809375 0.0975609756097561 0.809375 0.0975609756097561 0.8109375 0.09552845528455285 0.8125 0.08130081300813008 0.8125 0.07926829268292683 0.8171875 0 0.8171875 0 0.990625
1 0.18902439024390244 0.7453125 0.18292682926829268 0.746875 0.18292682926829268 0.753125 0.17886178861788618 0.7546875 0.17886178861788618 0.7609375 0.17276422764227642 0.7625 0.17276422764227642 0.771875 0.16869918699186992 0.7734375 0.16869918699186992 0.7765625 0.15853658536585366 0.78125 0.1565040650406504 0.7859375 0.14227642276422764 0.7859375 0.13617886178861788 0.79375 0.13211382113821138 0.79375 0.12804878048780488 0.796875 0.12804878048780488 0.803125 0.1402439024390244 0.803125 0.14227642276422764 0.8078125 0.14634146341463414 0.8078125 0.1483739837398374 0.8109375 0.16056910569105692 0.8109375 0.16260162601626016 0.815625 0.16666666666666666 0.815625 0.16869918699186992 0.81875 0.17682926829268292 0.81875 0.18292682926829268 0.8265625 0.1910569105691057 0.8265625 0.19308943089430894 0.83125 0.20121951219512196 0.83125 0.2032520325203252 0.834375 0.2073170731707317 0.834375 0.21341463414634146 0.8421875 0.23170731707317074 0.8421875 0.23373983739837398 0.846875 0.23780487804878048 0.846875 0.23983739837398374 0.85 0.24390243902439024 0.846875 0.24796747967479674 0.846875 0.25203252032520324 0.85 0.25203252032520324 0.8359375 0.258130081300813 0.834375 0.2601626016260163 0.8265625 0.2682926829268293 0.8265625 0.2682926829268293 0.8171875 0.27235772357723576 0.815625 0.27235772357723576 0.809375 0.28252032520325204 0.8078125 0.28252032520325204 0.8046875 0.27235772357723576 0.8 0.27235772357723576 0.796875 0.2682926829268293 0.79375 0.2621951219512195 0.7921875 0.2621951219512195 0.7890625 0.258130081300813 0.7859375 0.25203252032520324 0.784375 0.25203252032520324 0.78125 0.24796747967479674 0.778125 0.241869918699187 0.7765625 0.241869918699187 0.7734375 0.23780487804878048 0.7703125 0.23170731707317074 0.76875 0.23170731707317074 0.765625 0.22764227642276422 0.7625 0.22154471544715448 0.7609375 0.22154471544715448 0.7546875 0.21747967479674796 0.753125 0.21747967479674796 0.75 0.21138211382113822 0.7484375 0.21138211382113822 0.7421875 0.2073170731707317 0.740625 0.2073170731707317 0.734375 0.2032520325203252 0.734375 0.19715447154471544 0.7296875 0.19715447154471544 0.7265625 0.19308943089430894 0.7265625 0.19308943089430894 0.728125 0.18902439024390244 0.73125 0.18902439024390244 0.7453125