2 0.2921875 0.39195979899497485 0.2859375 0.39195979899497485 0.2796875 0.4020100502512563 0.2796875 0.4120603015075377 0.275 0.41457286432160806 0.275 0.4271356783919598 0.271875 0.4296482412060301 0.271875 0.4396984924623116 0.275 0.44221105527638194 0.275 0.457286432160804 0.278125 0.457286432160804 0.2828125 0.4648241206030151 0.2828125 0.4723618090452261 0.2859375 0.4748743718592965 0.2859375 0.4798994974874372 0.2890625 0.4849246231155779 0.2921875 0.4849246231155779 0.29375 0.4899497487437186 0.2984375 0.4899497487437186 0.3 0.4849246231155779 0.3265625 0.4849246231155779 0.33125 0.4723618090452261 0.334375 0.4723618090452261 0.3375 0.46733668341708545 0.3375 0.42462311557788945 0.334375 0.41959798994974873 0.328125 0.41959798994974873 0.3234375 0.4120603015075377 0.3234375 0.40703517587939697 0.3171875 0.40703517587939697 0.30625 0.38944723618090454 0.30625 0.3793969849246231 0.296875 0.3793969849246231 0.296875 0.38190954773869346 0.29375 0.3844221105527638 0.2921875 0.39195979899497485
2 0.140625 0.29396984924623115 0.1375 0.29396984924623115 0.1375 0.30904522613065327 0.134375 0.31155778894472363 0.134375 0.32160804020100503 0.13125 0.3241206030150754 0.13125 0.33668341708542715 0.128125 0.3391959798994975 0.128125 0.36683417085427134 0.1234375 0.3693467336683417 0.1234375 0.4045226130653266 0.128125 0.40703517587939697 0.128125 0.41708542713567837 0.134375 0.4271356783919598 0.14375 0.4271356783919598 0.1515625 0.4120603015075377 0.1546875 0.4120603015075377 0.1546875 0.39195979899497485 0.1578125 0.38944723618090454 0.1578125 0.3793969849246231 0.1609375 0.3768844221105528 0.1609375 0.36180904522613067 0.1640625 0.3592964824120603 0.1640625 0.35175879396984927 0.16875 0.3492462311557789 0.1703125 0.3442211055276382 0.1828125 0.3442211055276382 0.184375 0.33668341708542715 0.1921875 0.33668341708542715 0.19375 0.3316582914572864 0.196875 0.3316582914572864 0.196875 0.3165829145728643 0.19375 0.3165829145728643 0.1828125 0.2989949748743719 0.1828125 0.29396984924623115 0.1796875 0.29396984924623115 0.178125 0.2889447236180904 0.1734375 0.2889447236180904 0.171875 0.28391959798994976 0.165625 0.28391959798994976 0.1640625 0.27889447236180903 0.1453125 0.27889447236180903 0.1453125 0.2814070351758794 0.1421875 0.28391959798994976 0.140625 0.29396984924623115
2 0.5703125 0.22613065326633167 0.5671875 0.22613065326633167 0.5671875 0.23115577889447236 0.5640625 0.23366834170854273 0.5640625 0.24120603015075376 0.5609375 0.24371859296482412 0.5609375 0.2638190954773869 0.5578125 0.2663316582914573 0.5578125 0.2814070351758794 0.553125 0.28391959798994976 0.553125 0.30402010050251255 0.55 0.3065326633165829 0.55 0.3542713567839196 0.553125 0.35678391959798994 0.553125 0.36683417085427134 0.55625 0.36683417085427134 0.5578125 0.37185929648241206 0.565625 0.37185929648241206 0.5671875 0.3768844221105528 0.5796875 0.3768844221105528 0.58125 0.37185929648241206 0.5875 0.37185929648241206 0.5890625 0.36683417085427134 0.59375 0.36683417085427134 0.5953125 0.3592964824120603 0.5984375 0.3592964824120603 0.5984375 0.35175879396984927 0.6015625 0.3492462311557789 0.6015625 0.3391959798994975 0.6046875 0.33668341708542715 0.6046875 0.32914572864321606 0.6078125 0.32663316582914576 0.6078125 0.3015075376884422 0.6125 0.2989949748743719 0.6125 0.2562814070351759 0.6078125 0.2537688442211055 0.6078125 0.24874371859296482 0.6046875 0.24623115577889448 0.6046875 0.23366834170854273 0.6 0.23366834170854273 0.5984375 0.22613065326633167 0.5921875 0.22613065326633167 0.590625 0.22110552763819097 0.58125 0.22110552763819097 0.578125 0.21608040201005024 0.578125 0.2185929648241206 0.571875 0.22110552763819097 0.5703125 0.22613065326633167
2 0.05625 0.0728643216080402 0.0640625 0.08793969849246232 0.0703125 0.08793969849246232 0.071875 0.09547738693467336 0.0765625 0.09547738693467336 0.078125 0.10050251256281408 0.090625 0.10050251256281408 0.090625 0.09045226130653267 0.0875 0.08542713567839195 0.08125 0.08542713567839195 0.0765625 0.07537688442211055 0.071875 0.07537688442211055 0.0703125 0.0678391959798995 0.0671875 0.0678391959798995 0.065625 0.06281407035175879 0.0609375 0.06281407035175879 0.059375 0.05778894472361809 0.05 0.05778894472361809 0.05 0.06030150753768844 0.053125 0.0728643216080402 0.05625 0.0728643216080402
2 0.10625 0.1306532663316583 0.0984375 0.14824120603015076 0.0921875 0.14824120603015076 0.090625 0.15326633165829145 0.0859375 0.15326633165829145 0.0859375 0.16331658291457288 0.08125 0.1658291457286432 0.08125 0.18592964824120603 0.084375 0.18592964824120603 0.0859375 0.19095477386934673 0.115625 0.19095477386934673 0.1171875 0.18592964824120603 0.1296875 0.18592964824120603 0.1296875 0.14824120603015076 0.121875 0.1407035175879397 0.121875 0.1306532663316583 0.11875 0.12562814070351758 0.1140625 0.12562814070351758 0.1140625 0.12814070351758794 0.1125 0.1306532663316583 0.10625 0.1306532663316583
2 0 0.03768844221105527 0.009375 0.03768844221105527 0.0109375 0.032663316582914576 0.0171875 0.032663316582914576 0.0203125 0.02763819095477387 0.0203125 0.022613065326633167 0.015625 0.022613065326633167 0.009375 0.01256281407035176 0.0046875 0.01256281407035176 0.003125 0.007537688442211055 0 0.007537688442211055 0 0.010050251256281407 0 0.03768844221105527
2 0.4484375 0.45226130653266333 0.446875 0.45979899497487436 0.440625 0.45979899497487436 0.4390625 0.4648241206030151 0.434375 0.4648241206030151 0.4328125 0.46984924623115576 0.4296875 0.46984924623115576 0.4265625 0.4748743718592965 0.4265625 0.4949748743718593 0.434375 0.507537688442211 0.4703125 0.507537688442211 0.471875 0.5025125628140703 0.478125 0.5025125628140703 0.478125 0.49748743718592964 0.4859375 0.4849246231155779 0.4890625 0.4849246231155779 0.4890625 0.4748743718592965 0.4984375 0.45979899497487436 0.4953125 0.457286432160804 0.4953125 0.45226130653266333 0.490625 0.45226130653266333 0.4890625 0.4472361809045226 0.465625 0.4472361809045226 0.465625 0.44974874371859297 0.4640625 0.45226130653266333 0.4484375 0.45226130653266333
2 0.49375 0.585427135678392 0.490625 0.5879396984924623 0.490625 0.6206030150753769 0.496875 0.6306532663316583 0.5140625 0.6306532663316583 0.515625 0.6381909547738693 0.5203125 0.6381909547738693 0.521875 0.6432160804020101 0.528125 0.6432160804020101 0.53125 0.6482412060301508 0.5328125 0.6432160804020101 0.5375 0.6432160804020101 0.5390625 0.6381909547738693 0.5421875 0.6381909547738693 0.5421875 0.6105527638190955 0.5375 0.6080402010050251 0.5375 0.6005025125628141 0.53125 0.592964824120603 0.53125 0.5879396984924623 0.528125 0.5829145728643216 0.5234375 0.5804020100502513 0.5234375 0.5728643216080402 0.5 0.5728643216080402 0.5 0.5753768844221105 0.49375 0.5778894472361809 0.49375 0.585427135678392
2 0.5296875 0.5477386934673367 0.5328125 0.550251256281407 0.5328125 0.5753768844221105 0.5359375 0.5778894472361809 0.5359375 0.585427135678392 0.546875 0.6030150753768844 0.5515625 0.6030150753768844 0.553125 0.6080402010050251 0.55625 0.6080402010050251 0.5578125 0.6155778894472361 0.5671875 0.6306532663316583 0.584375 0.6306532663316583 0.59375 0.6155778894472361 0.5953125 0.6080402010050251 0.5984375 0.6080402010050251 0.5984375 0.5829145728643216 0.5953125 0.5829145728643216 0.59375 0.5778894472361809 0.5890625 0.5778894472361809 0.5875 0.5728643216080402 0.58125 0.5728643216080402 0.5765625 0.5603015075376885 0.571875 0.5603015075376885 0.565625 0.550251256281407 0.5609375 0.550251256281407 0.559375 0.542713567839196 0.553125 0.542713567839196 0.5484375 0.5326633165829145 0.5390625 0.5326633165829145 0.5359375 0.5276381909547738 0.5359375 0.5301507537688442 0.5296875 0.5326633165829145 0.5296875 0.5477386934673367
2 0.24375 0.3065326633165829 0.240625 0.31155778894472363 0.240625 0.32663316582914576 0.246875 0.3341708542713568 0.246875 0.3442211055276382 0.25 0.34673366834170855 0.25 0.3592964824120603 0.2640625 0.3592964824120603 0.265625 0.36683417085427134 0.284375 0.36683417085427134 0.2859375 0.3592964824120603 0.2921875 0.3592964824120603 0.29375 0.3542713567839196 0.2984375 0.3542713567839196 0.3 0.3492462311557789 0.30625 0.3492462311557789 0.30625 0.3341708542713568 0.303125 0.3341708542713568 0.2953125 0.32160804020100503 0.2953125 0.3165829145728643 0.2921875 0.31155778894472363 0.2828125 0.31155778894472363 0.278125 0.3015075376884422 0.2734375 0.2989949748743719 0.2734375 0.29396984924623115 0.2546875 0.29396984924623115 0.2546875 0.2964824120603015 0.2484375 0.3065326633165829 0.24375 0.3065326633165829
2 0.215625 0.3442211055276382 0.2140625 0.34673366834170855 0.2078125 0.34673366834170855 0.1984375 0.36180904522613067 0.1984375 0.36683417085427134 0.19375 0.3693467336683417 0.1921875 0.3743718592964824 0.1875 0.3743718592964824 0.1859375 0.3793969849246231 0.1734375 0.3793969849246231 0.171875 0.3844221105527638 0.1625 0.3844221105527638 0.1625 0.38944723618090454 0.159375 0.39195979899497485 0.159375 0.4271356783919598 0.1625 0.4296482412060301 0.1625 0.4396984924623116 0.165625 0.44221105527638194 0.165625 0.44974874371859297 0.1703125 0.45226130653266333 0.1703125 0.457286432160804 0.1765625 0.46733668341708545 0.1890625 0.46733668341708545 0.190625 0.4723618090452261 0.2 0.4723618090452261 0.2015625 0.46733668341708545 0.20625 0.46733668341708545 0.2078125 0.4623115577889447 0.2203125 0.4623115577889447 0.221875 0.457286432160804 0.225 0.457286432160804 0.2265625 0.44974874371859297 0.23125 0.44974874371859297 0.23125 0.44221105527638194 0.2359375 0.43467336683417085 0.2390625 0.43467336683417085 0.2390625 0.4296482412060301 0.2484375 0.41708542713567837 0.2484375 0.36180904522613067 0.2453125 0.3592964824120603 0.2453125 0.34673366834170855 0.2390625 0.3442211055276382 0.2390625 0.3341708542713568 0.2359375 0.3341708542713568 0.234375 0.32914572864321606 0.2265625 0.32914572864321606 0.225 0.3241206030150754 0.21875 0.3241206030150754 0.21875 0.32663316582914576 0.215625 0.32914572864321606 0.215625 0.3442211055276382
2 0.028125 0.07537688442211055 0.025 0.07537688442211055 0.01875 0.08542713567839195 0.01875 0.09547738693467336 0.015625 0.09798994974874371 0.015625 0.10552763819095477 0.0109375 0.10804020100502512 0.0109375 0.13316582914572864 0.015625 0.135678391959799 0.015625 0.1457286432160804 0.021875 0.15326633165829145 0.021875 0.16331658291457288 0.025 0.16834170854271358 0.028125 0.16834170854271358 0.0359375 0.18090452261306533 0.0359375 0.18592964824120603 0.0421875 0.18592964824120603 0.04375 0.19095477386934673 0.0484375 0.19095477386934673 0.05 0.19597989949748743 0.0703125 0.19597989949748743 0.0765625 0.18592964824120603 0.0765625 0.17587939698492464 0.0796875 0.17336683417085427 0.0796875 0.14824120603015076 0.0765625 0.1457286432160804 0.0765625 0.135678391959799 0.0703125 0.12814070351758794 0.0703125 0.12060301507537688 0.0671875 0.12060301507537688 0.065625 0.11306532663316583 0.059375 0.10552763819095477 0.059375 0.09798994974874371 0.05625 0.09547738693467336 0.05625 0.09045226130653267 0.053125 0.09045226130653267 0.0484375 0.0829145728643216 0.0484375 0.07537688442211055 0.0453125 0.0728643216080402 0.0453125 0.05778894472361809 0.0421875 0.052763819095477386 0.0390625 0.052763819095477386 0.0390625 0.05527638190954774 0.0296875 0.0678391959798995 0.028125 0.07537688442211055
2 0.6546875 0.17587939698492464 0.6484375 0.17587939698492464 0.640625 0.1934673366834171 0.6375 0.1934673366834171 0.6375 0.2135678391959799 0.634375 0.21608040201005024 0.634375 0.24120603015075376 0.6375 0.24371859296482412 0.6375 0.25879396984924624 0.6421875 0.2613065326633166 0.6421875 0.26884422110552764 0.6453125 0.271356783919598 0.6453125 0.27638190954773867 0.65 0.27638190954773867 0.6515625 0.2814070351758794 0.6546875 0.2814070351758794 0.6625 0.29396984924623115 0.6625 0.30402010050251255 0.665625 0.3065326633165829 0.665625 0.314070351758794 0.6703125 0.3165829145728643 0.6703125 0.32663316582914576 0.6796875 0.3391959798994975 0.6796875 0.3442211055276382 0.6859375 0.3442211055276382 0.6875 0.33668341708542715 0.70625 0.33668341708542715 0.7078125 0.3316582914572864 0.725 0.3316582914572864 0.73125 0.32160804020100503 0.73125 0.27889447236180903 0.728125 0.27638190954773867 0.728125 0.2562814070351759 0.725 0.2537688442211055 0.725 0.22110552763819097 0.721875 0.22110552763819097 0.7171875 0.2135678391959799 0.7171875 0.20351758793969849 0.7140625 0.20100502512562815 0.7140625 0.1934673366834171 0.7109375 0.1884422110552764 0.7046875 0.1884422110552764 0.703125 0.18090452261306533 0.69375 0.18090452261306533 0.6921875 0.17587939698492464 0.6875 0.17587939698492464 0.6859375 0.1708542713567839 0.6796875 0.1708542713567839 0.678125 0.1658291457286432 0.6625 0.1658291457286432 0.6625 0.16834170854271358 0.65625 0.1708542713567839 0.6546875 0.17587939698492464
2 0.13125 0.16834170854271358 0.134375 0.1708542713567839 0.134375 0.19095477386934673 0.1453125 0.20351758793969849 0.1453125 0.2135678391959799 0.1515625 0.22110552763819097 0.1515625 0.23618090452261306 0.15625 0.23869346733668342 0.15625 0.2537688442211055 0.159375 0.2562814070351759 0.159375 0.2638190954773869 0.1625 0.26884422110552764 0.16875 0.26884422110552764 0.1703125 0.27638190954773867 0.175 0.27638190954773867 0.1765625 0.2814070351758794 0.1859375 0.2814070351758794 0.1890625 0.27638190954773867 0.1890625 0.23869346733668342 0.1921875 0.23618090452261306 0.1921875 0.22110552763819097 0.196875 0.2185929648241206 0.196875 0.20351758793969849 0.19375 0.20351758793969849 0.1890625 0.1934673366834171 0.184375 0.1934673366834171 0.1828125 0.1884422110552764 0.1796875 0.1884422110552764 0.175 0.17587939698492464 0.165625 0.17587939698492464 0.1578125 0.16331658291457288 0.1578125 0.15829145728643215 0.1515625 0.15829145728643215 0.146875 0.14824120603015076 0.1421875 0.14824120603015076 0.140625 0.14321608040201006 0.134375 0.14321608040201006 0.134375 0.1457286432160804 0.13125 0.14824120603015076 0.13125 0.16834170854271358
2 0.74375 0 0.74375 0.002512562814070352 0.7390625 0.01256281407035176 0.7328125 0.01256281407035176 0.7359375 0.020100502512562814 0.740625 0.022613065326633167 0.7390625 0.03015075376884422 0.7265625 0.03015075376884422 0.725 0.022613065326633167 0.71875 0.022613065326633167 0.7171875 0.017587939698492462 0.7078125 0.017587939698492462 0.7046875 0.022613065326633167 0.7046875 0.032663316582914576 0.7015625 0.035175879396984924 0.7015625 0.05025125628140704 0.6984375 0.052763819095477386 0.6984375 0.06532663316582915 0.69375 0.0678391959798995 0.69375 0.07788944723618091 0.690625 0.08040201005025126 0.690625 0.08793969849246232 0.7 0.08793969849246232 0.7015625 0.09547738693467336 0.7203125 0.09547738693467336 0.721875 0.10050251256281408 0.728125 0.10050251256281408 0.7328125 0.10804020100502512 0.7328125 0.11809045226130653 0.7359375 0.12311557788944724 0.7390625 0.12311557788944724 0.746875 0.135678391959799 0.746875 0.1457286432160804 0.75625 0.1457286432160804 0.7609375 0.13316582914572864 0.7640625 0.13316582914572864 0.7703125 0.12311557788944724 0.7703125 0.09045226130653267 0.7734375 0.08793969849246232 0.7734375 0.07537688442211055 0.778125 0.0728643216080402 0.778125 0.052763819095477386 0.775 0.052763819095477386 0.7734375 0.04522613065326633 0.7640625 0.03015075376884422 0.759375 0.02763819095477387 0.759375 0.01256281407035176 0.753125 0.005025125628140704 0.753125 0 0.74375 0
2 0.33125 0.3391959798994975 0.33125 0.3442211055276382 0.325 0.34673366834170855 0.3203125 0.35678391959798994 0.3171875 0.35678391959798994 0.3171875 0.36683417085427134 0.321875 0.3693467336683417 0.321875 0.38190954773869346 0.328125 0.39195979899497485 0.328125 0.39949748743718594 0.3359375 0.40703517587939697 0.3359375 0.4120603015075377 0.3390625 0.41708542713567837 0.3546875 0.41708542713567837 0.35625 0.4221105527638191 0.3765625 0.4221105527638191 0.378125 0.41708542713567837 0.3859375 0.41708542713567837 0.3875 0.4120603015075377 0.39375 0.4120603015075377 0.39375 0.40703517587939697 0.396875 0.4045226130653266 0.396875 0.39195979899497485 0.39375 0.38944723618090454 0.39375 0.3844221105527638 0.390625 0.3793969849246231 0.384375 0.3793969849246231 0.3796875 0.3693467336683417 0.3734375 0.3693467336683417 0.371875 0.36180904522613067 0.3671875 0.36180904522613067 0.3625 0.35175879396984927 0.35625 0.35175879396984927 0.3546875 0.34673366834170855 0.35 0.34673366834170855 0.3484375 0.3391959798994975 0.3421875 0.3391959798994975 0.340625 0.3341708542713568 0.3359375 0.3341708542713568 0.334375 0.32914572864321606 0.325 0.32914572864321606 0.325 0.3316582914572864 0.325 0.33668341708542715 0.33125 0.3391959798994975
2 0.628125 0.09798994974874371 0.6265625 0.10301507537688442 0.6234375 0.10301507537688442 0.6125 0.12562814070351758 0.60625 0.12562814070351758 0.6046875 0.1306532663316583 0.6 0.1306532663316583 0.5984375 0.135678391959799 0.5953125 0.135678391959799 0.5953125 0.1457286432160804 0.5921875 0.14824120603015076 0.5921875 0.15577889447236182 0.5890625 0.15829145728643215 0.5890625 0.16834170854271358 0.584375 0.17587939698492464 0.58125 0.17587939698492464 0.58125 0.18592964824120603 0.578125 0.1884422110552764 0.578125 0.19597989949748743 0.575 0.1984924623115578 0.575 0.2185929648241206 0.5703125 0.22613065326633167 0.5671875 0.22613065326633167 0.5671875 0.23115577889447236 0.5640625 0.23366834170854273 0.5640625 0.24120603015075376 0.5609375 0.24371859296482412 0.5609375 0.2638190954773869 0.5578125 0.2663316582914573 0.5578125 0.2814070351758794 0.553125 0.28391959798994976 0.553125 0.30402010050251255 0.55 0.3065326633165829 0.55 0.3542713567839196 0.553125 0.35678391959798994 0.553125 0.36683417085427134 0.559375 0.36683417085427134 0.5609375 0.37185929648241206 0.565625 0.37185929648241206 0.5671875 0.3768844221105528 0.5796875 0.3768844221105528 0.58125 0.37185929648241206 0.5875 0.37185929648241206 0.5890625 0.36683417085427134 0.59375 0.36683417085427134 0.5953125 0.3592964824120603 0.5984375 0.3592964824120603 0.5984375 0.35175879396984927 0.6015625 0.3492462311557789 0.6015625 0.3391959798994975 0.6046875 0.33668341708542715 0.6046875 0.32914572864321606 0.609375 0.32160804020100503 0.6125 0.32160804020100503 0.6125 0.3165829145728643 0.621875 0.30402010050251255 0.621875 0.2889447236180904 0.6171875 0.2889447236180904 0.615625 0.28391959798994976 0.6171875 0.2814070351758794 0.6265625 0.2814070351758794 0.6265625 0.24371859296482412 0.6296875 0.24120603015075376 0.6296875 0.21608040201005024 0.6328125 0.2135678391959799 0.6328125 0.1934673366834171 0.6375 0.18592964824120603 0.640625 0.18592964824120603 0.640625 0.18090452261306533 0.6453125 0.17336683417085427 0.6546875 0.17336683417085427 0.6546875 0.1658291457286432 0.6609375 0.15577889447236182 0.6609375 0.14321608040201006 0.6625 0.1407035175879397 0.66875 0.1407035175879397 0.66875 0.11306532663316583 0.665625 0.11306532663316583 0.6609375 0.10301507537688442 0.6546875 0.10050251256281408 0.6546875 0.09045226130653267 0.634375 0.09045226130653267 0.634375 0.09296482412060302 0.6328125 0.09798994974874371 0.628125 0.09798994974874371
2 0.5234375 0.04522613065326633 0.51875 0.04522613065326633 0.51875 0.05025125628140704 0.515625 0.052763819095477386 0.515625 0.06532663316582915 0.51875 0.0678391959798995 0.51875 0.0728643216080402 0.525 0.0829145728643216 0.528125 0.0829145728643216 0.5328125 0.09045226130653267 0.5328125 0.09547738693467336 0.5390625 0.10552763819095477 0.5421875 0.10552763819095477 0.54375 0.11055276381909548 0.55625 0.11055276381909548 0.55625 0.08040201005025126 0.5515625 0.07788944723618091 0.5515625 0.052763819095477386 0.5484375 0.05025125628140704 0.5484375 0.04522613065326633 0.5421875 0.035175879396984924 0.5296875 0.035175879396984924 0.5296875 0.03768844221105527 0.525 0.04020100502512563 0.5234375 0.04522613065326633
1 0.828125 0.5175879396984925 0.8390625 0.535175879396985 0.84375 0.535175879396985 0.8453125 0.5402010050251256 0.8484375 0.5402010050251256 0.85 0.535175879396985 0.8578125 0.535175879396985 0.859375 0.5301507537688442 0.865625 0.5301507537688442 0.865625 0.5100502512562815 0.8625 0.507537688442211 0.8625 0.49748743718592964 0.859375 0.49748743718592964 0.8546875 0.48743718592964824 0.8453125 0.48743718592964824 0.84375 0.4824120603015075 0.8359375 0.4824120603015075 0.8359375 0.4849246231155779 0.828125 0.49246231155778897 0.828125 0.5175879396984925
1 0.4859375 0.6909547738693468 0.484375 0.6959798994974874 0.4796875 0.6959798994974874 0.4796875 0.7286432160804021 0.4859375 0.7386934673366834 0.4921875 0.7386934673366834 0.49375 0.7437185929648241 0.4984375 0.7437185929648241 0.5 0.7512562814070352 0.503125 0.7512562814070352 0.5046875 0.7562814070351759 0.509375 0.7512562814070352 0.5109375 0.7437185929648241 0.5140625 0.7437185929648241 0.5140625 0.7311557788944724 0.5171875 0.7286432160804021 0.5171875 0.6959798994974874 0.5140625 0.6909547738693468 0.5109375 0.6909547738693468 0.509375 0.6859296482412061 0.5046875 0.6859296482412061 0.5046875 0.6884422110552764 0.503125 0.6909547738693468 0.4859375 0.6909547738693468
1 0.5359375 0.8467336683417085 0.5390625 0.8517587939698492 0.5421875 0.8517587939698492 0.54375 0.8567839195979899 0.55625 0.8567839195979899 0.559375 0.8517587939698492 0.559375 0.8266331658291457 0.5515625 0.8190954773869347 0.5515625 0.8140703517587939 0.5359375 0.8140703517587939 0.5359375 0.8190954773869347 0.5328125 0.821608040201005 0.5328125 0.8241206030150754 0.5359375 0.8266331658291457 0.5359375 0.8467336683417085
1 0.5078125 0.8291457286432161 0.5109375 0.8341708542713567 0.528125 0.8341708542713567 0.53125 0.8291457286432161 0.53125 0.8090452261306532 0.528125 0.8040201005025126 0.5109375 0.8040201005025126 0.5109375 0.8065326633165829 0.5078125 0.8090452261306532 0.5078125 0.8291457286432161
1 0.8421875 0.6231155778894473 0.8421875 0.6306532663316583 0.8546875 0.6306532663316583 0.8546875 0.6105527638190955 0.8515625 0.6080402010050251 0.8515625 0.5829145728643216 0.8484375 0.5778894472361809 0.8390625 0.5778894472361809 0.8390625 0.5804020100502513 0.8390625 0.6206030150753769 0.8421875 0.6231155778894473
1 0.7796875 0.5753768844221105 0.775 0.5778894472361809 0.775 0.5979899497487438 0.765625 0.6105527638190955 0.765625 0.6381909547738693 0.76875 0.6407035175879398 0.76875 0.6482412060301508 0.775 0.6557788944723618 0.775 0.6608040201005025 0.778125 0.6608040201005025 0.7828125 0.6708542713567839 0.7875 0.6708542713567839 0.7890625 0.6658291457286433 0.7953125 0.6658291457286433 0.8 0.6532663316582915 0.80625 0.6532663316582915 0.80625 0.6457286432160804 0.8125 0.6381909547738693 0.8125 0.6231155778894473 0.815625 0.6206030150753769 0.815625 0.5829145728643216 0.80625 0.5703517587939698 0.80625 0.5653266331658291 0.796875 0.5653266331658291 0.7953125 0.5603015075376885 0.7859375 0.5603015075376885 0.7859375 0.5628140703517588 0.7796875 0.5653266331658291 0.7796875 0.5753768844221105
1 0 0.585427135678392 0.003125 0.585427135678392 0.0046875 0.592964824120603 0.009375 0.592964824120603 0.0109375 0.5979899497487438 0.0234375 0.5979899497487438 0.025 0.592964824120603 0.028125 0.592964824120603 0.028125 0.5653266331658291 0.025 0.5653266331658291 0.0234375 0.5603015075376885 0.01875 0.5603015075376885 0.015625 0.5552763819095478 0.015625 0.5577889447236181 0.0140625 0.5603015075376885 0.0078125 0.5603015075376885 0.0046875 0.5653266331658291 0.0046875 0.5753768844221105 0 0.5778894472361809 0 0.585427135678392
1 0.753125 0.4748743718592965 0.75 0.4748743718592965 0.75 0.4849246231155779 0.7484375 0.48743718592964824 0.7296875 0.48743718592964824 0.728125 0.4824120603015075 0.721875 0.4824120603015075 0.7203125 0.4748743718592965 0.7125 0.4748743718592965 0.7109375 0.46984924623115576 0.7078125 0.46984924623115576 0.7046875 0.4748743718592965 0.7046875 0.4849246231155779 0.7078125 0.48743718592964824 0.7078125 0.5125628140703518 0.7125 0.5150753768844221 0.7109375 0.5201005025125628 0.7078125 0.5201005025125628 0.7078125 0.5477386934673367 0.7109375 0.5477386934673367 0.7125 0.5527638190954773 0.71875 0.5552763819095478 0.71875 0.5628140703517588 0.721875 0.5653266331658291 0.721875 0.5703517587939698 0.725 0.5703517587939698 0.7265625 0.5628140703517588 0.73125 0.5628140703517588 0.7328125 0.5703517587939698 0.75625 0.5703517587939698 0.75625 0.5653266331658291 0.7609375 0.5577889447236181 0.7640625 0.5577889447236181 0.7703125 0.5477386934673367 0.7703125 0.542713567839196 0.7734375 0.5402010050251256 0.7734375 0.5276381909547738 0.778125 0.5251256281407035 0.778125 0.5150753768844221 0.7734375 0.5125628140703518 0.7734375 0.49246231155778897 0.7703125 0.4899497487437186 0.7703125 0.4748743718592965 0.7640625 0.46733668341708545 0.7640625 0.45979899497487436 0.7578125 0.45979899497487436 0.7578125 0.4623115577889447 0.7578125 0.46733668341708545 0.753125 0.4748743718592965
1 0.8171875 0.3743718592964824 0.8171875 0.38944723618090454 0.821875 0.39195979899497485 0.821875 0.39949748743718594 0.825 0.4045226130653266 0.834375 0.4045226130653266 0.8359375 0.4120603015075377 0.8484375 0.4120603015075377 0.85 0.4045226130653266 0.8546875 0.4045226130653266 0.8546875 0.3844221105527638 0.840625 0.36683417085427134 0.840625 0.36180904522613067 0.821875 0.36180904522613067 0.821875 0.36432160804020103 0.821875 0.37185929648241206 0.8171875 0.3743718592964824
1 0.740625 0.33668341708542715 0.7359375 0.3391959798994975 0.7359375 0.3592964824120603 0.740625 0.36180904522613067 0.740625 0.36683417085427134 0.74375 0.3693467336683417 0.74375 0.3768844221105528 0.746875 0.38190954773869346 0.759375 0.38190954773869346 0.7609375 0.3768844221105528 0.7640625 0.3768844221105528 0.7671875 0.37185929648241206 0.7671875 0.35175879396984927 0.7640625 0.3492462311557789 0.7640625 0.3391959798994975 0.7703125 0.33668341708542715 0.7703125 0.3241206030150754 0.7671875 0.32160804020100503 0.7671875 0.3165829145728643 0.7640625 0.31155778894472363 0.75 0.31155778894472363 0.75 0.314070351758794 0.740625 0.32914572864321606 0.740625 0.33668341708542715
1 0.328125 0.7437185929648241 0.3359375 0.7562814070351759 0.340625 0.7562814070351759 0.3421875 0.7512562814070352 0.3484375 0.7512562814070352 0.3484375 0.7462311557788944 0.3515625 0.7437185929648241 0.3515625 0.7311557788944724 0.3484375 0.7286432160804021 0.3484375 0.7185929648241206 0.3421875 0.7185929648241206 0.340625 0.7135678391959799 0.3359375 0.7135678391959799 0.3359375 0.7160804020100503 0.328125 0.7236180904522613 0.328125 0.7437185929648241
1 0.8640625 0.8190954773869347 0.8734375 0.8316582914572864 0.8734375 0.8417085427135679 0.8765625 0.8417085427135679 0.8875 0.8592964824120602 0.8875 0.864321608040201 0.9109375 0.864321608040201 0.9109375 0.8592964824120602 0.9140625 0.8567839195979899 0.9140625 0.8366834170854272 0.9109375 0.8341708542713567 0.9109375 0.7989949748743719 0.90625 0.7989949748743719 0.9046875 0.7914572864321608 0.9015625 0.7914572864321608 0.9 0.7864321608040201 0.8703125 0.7864321608040201 0.8703125 0.7889447236180904 0.8640625 0.7989949748743719 0.8640625 0.8190954773869347
1 0.19375 0.22110552763819097 0.19375 0.23115577889447236 0.190625 0.23366834170854273 0.190625 0.2814070351758794 0.2015625 0.29396984924623115 0.2015625 0.2989949748743719 0.2109375 0.2989949748743719 0.2125 0.30402010050251255 0.225 0.30402010050251255 0.2265625 0.2989949748743719 0.23125 0.2989949748743719 0.23125 0.28391959798994976 0.228125 0.2814070351758794 0.228125 0.24371859296482412 0.23125 0.24120603015075376 0.23125 0.23366834170854273 0.228125 0.23115577889447236 0.228125 0.22613065326633167 0.225 0.22110552763819097 0.221875 0.22110552763819097 0.2203125 0.21608040201005024 0.215625 0.21608040201005024 0.2140625 0.21105527638190955 0.2015625 0.21105527638190955 0.2015625 0.2135678391959799 0.196875 0.22110552763819097 0.19375 0.22110552763819097
1 0.3203125 0.8819095477386935 0.3171875 0.8819095477386935 0.3171875 0.8869346733668342 0.321875 0.8894472361809045 0.321875 0.8969849246231156 0.334375 0.8969849246231156 0.340625 0.8869346733668342 0.340625 0.8768844221105527 0.3375 0.8743718592964824 0.3375 0.8668341708542714 0.325 0.8668341708542714 0.325 0.8693467336683417 0.321875 0.871859296482412 0.3203125 0.8819095477386935
1 0.4578125 0.7763819095477387 0.4546875 0.7814070351758794 0.4546875 0.8015075376884422 0.4484375 0.8090452261306532 0.4484375 0.8241206030150754 0.4515625 0.8266331658291457 0.4515625 0.8341708542713567 0.4578125 0.8366834170854272 0.4578125 0.8467336683417085 0.4625 0.8492462311557789 0.4625 0.8567839195979899 0.465625 0.8592964824120602 0.465625 0.8693467336683417 0.48125 0.8693467336683417 0.4859375 0.8567839195979899 0.4921875 0.8567839195979899 0.4984375 0.8467336683417085 0.4984375 0.8366834170854272 0.503125 0.8341708542713567 0.503125 0.821608040201005 0.50625 0.8190954773869347 0.50625 0.8140703517587939 0.503125 0.8115577889447236 0.503125 0.7864321608040201 0.4984375 0.7839195979899497 0.4984375 0.7763819095477387 0.490625 0.7763819095477387 0.4890625 0.7688442211055276 0.4828125 0.7688442211055276 0.4828125 0.7713567839195979 0.48125 0.7763819095477387 0.4578125 0.7763819095477387
1 0.028125 0.6633165829145728 0.025 0.6633165829145728 0.021875 0.6683417085427136 0.021875 0.7060301507537688 0.025 0.7110552763819096 0.028125 0.7110552763819096 0.0296875 0.7160804020100503 0.0375 0.7160804020100503 0.0390625 0.7211055276381909 0.0453125 0.7211055276381909 0.053125 0.7060301507537688 0.05625 0.7060301507537688 0.05625 0.7010050251256281 0.059375 0.6984924623115578 0.059375 0.6683417085427136 0.0515625 0.6608040201005025 0.0515625 0.6557788944723618 0.046875 0.6557788944723618 0.0453125 0.6507537688442211 0.0328125 0.6507537688442211 0.0328125 0.6532663316582915 0.0296875 0.6557788944723618 0.028125 0.6633165829145728
1 0.296875 0.550251256281407 0.2953125 0.5552763819095478 0.2890625 0.5552763819095478 0.2890625 0.5804020100502513 0.29375 0.5829145728643216 0.29375 0.592964824120603 0.296875 0.5979899497487438 0.3015625 0.5979899497487438 0.303125 0.6030150753768844 0.309375 0.6030150753768844 0.3109375 0.6080402010050251 0.3234375 0.6080402010050251 0.328125 0.5979899497487438 0.334375 0.5979899497487438 0.334375 0.5879396984924623 0.3375 0.585427135678392 0.3375 0.5728643216080402 0.340625 0.5703517587939698 0.340625 0.5653266331658291 0.3375 0.5628140703517588 0.3375 0.5552763819095478 0.334375 0.550251256281407 0.321875 0.550251256281407 0.3203125 0.542713567839196 0.3109375 0.542713567839196 0.3109375 0.5452261306532663 0.309375 0.550251256281407 0.296875 0.550251256281407
1 0.075 0.6758793969849246 0.071875 0.678391959798995 0.071875 0.7110552763819096 0.08125 0.7236180904522613 0.08125 0.7286432160804021 0.084375 0.7286432160804021 0.0859375 0.7211055276381909 0.090625 0.7211055276381909 0.0921875 0.7160804020100503 0.0984375 0.7160804020100503 0.1046875 0.7060301507537688 0.1046875 0.6959798994974874 0.1078125 0.6934673366834171 0.1078125 0.6733668341708543 0.1015625 0.6633165829145728 0.08125 0.6633165829145728 0.08125 0.6658291457286433 0.075 0.6683417085427136 0.075 0.6758793969849246
1 0.4234375 0.7211055276381909 0.4203125 0.7236180904522613 0.4203125 0.7286432160804021 0.415625 0.7311557788944724 0.415625 0.7889447236180904 0.4203125 0.7914572864321608 0.4203125 0.7964824120603015 0.4328125 0.7964824120603015 0.434375 0.7889447236180904 0.4390625 0.7889447236180904 0.44375 0.7788944723618091 0.45 0.7788944723618091 0.453125 0.7738693467336684 0.453125 0.7537688442211056 0.45625 0.7512562814070352 0.45625 0.7185929648241206 0.453125 0.7135678391959799 0.4484375 0.7135678391959799 0.446875 0.7085427135678392 0.4265625 0.7085427135678392 0.4265625 0.7110552763819096 0.4234375 0.7135678391959799 0.4234375 0.7211055276381909
1 0.546875 0.7839195979899497 0.559375 0.7839195979899497 0.559375 0.7638190954773869 0.55625 0.7587939698492462 0.54375 0.7587939698492462 0.54375 0.7613065326633166 0.54375 0.7788944723618091 0.546875 0.7839195979899497
1 0.7359375 0.3391959798994975 0.7359375 0.3592964824120603 0.740625 0.36180904522613067 0.740625 0.36683417085427134 0.74375 0.3693467336683417 0.74375 0.3768844221105528 0.746875 0.38190954773869346 0.753125 0.38190954773869346 0.7546875 0.3844221105527638 0.7546875 0.38944723618090454 0.759375 0.38190954773869346 0.759375 0.3391959798994975 0.753125 0.32914572864321606 0.74375 0.32914572864321606 0.74375 0.3316582914572864 0.7390625 0.3391959798994975 0.7359375 0.3391959798994975
1 0.853125 0.7286432160804021 0.8671875 0.7462311557788944 0.8671875 0.7512562814070352 0.8796875 0.7512562814070352 0.8796875 0.7462311557788944 0.8828125 0.7437185929648241 0.8828125 0.7311557788944724 0.8796875 0.7286432160804021 0.8796875 0.7010050251256281 0.85625 0.7010050251256281 0.85625 0.7035175879396985 0.853125 0.7085427135678392 0.853125 0.7286432160804021
1 0.721875 0.5753768844221105 0.725 0.5753768844221105 0.7328125 0.5879396984924623 0.7328125 0.592964824120603 0.7390625 0.592964824120603 0.740625 0.5979899497487438 0.7484375 0.5979899497487438 0.75 0.592964824120603 0.753125 0.592964824120603 0.753125 0.5829145728643216 0.75625 0.5804020100502513 0.75625 0.5728643216080402 0.75 0.5728643216080402 0.7484375 0.5653266331658291 0.721875 0.5653266331658291 0.71875 0.5603015075376885 0.71875 0.5628140703517588 0.71875 0.5703517587939698 0.721875 0.5753768844221105
1 0.603125 0.45979899497487436 0.6015625 0.4648241206030151 0.5953125 0.4648241206030151 0.5890625 0.4748743718592965 0.5890625 0.4798994974874372 0.5859375 0.4824120603015075 0.5859375 0.5175879396984925 0.5890625 0.5201005025125628 0.5890625 0.5301507537688442 0.5921875 0.5326633165829145 0.5921875 0.5402010050251256 0.5953125 0.542713567839196 0.5953125 0.5527638190954773 0.5984375 0.5527638190954773 0.603125 0.5628140703517588 0.6078125 0.5628140703517588 0.609375 0.5703517587939698 0.6265625 0.5703517587939698 0.628125 0.5753768844221105 0.6359375 0.5753768844221105 0.6375 0.5703517587939698 0.64375 0.5703517587939698 0.6453125 0.5628140703517588 0.65 0.5628140703517588 0.6515625 0.5577889447236181 0.6546875 0.5577889447236181 0.6578125 0.5527638190954773 0.6578125 0.5376884422110553 0.6609375 0.535175879396985 0.6609375 0.49748743718592964 0.6578125 0.4949748743718593 0.6578125 0.4824120603015075 0.6546875 0.4798994974874372 0.6546875 0.4748743718592965 0.6515625 0.4748743718592965 0.65 0.46984924623115576 0.6453125 0.46984924623115576 0.640625 0.45979899497487436 0.628125 0.45979899497487436 0.6265625 0.45226130653266333 0.6203125 0.45226130653266333 0.6203125 0.4547738693467337 0.61875 0.45979899497487436 0.603125 0.45979899497487436
1 0.5 0 0.5 0.002512562814070352 0.5078125 0.01507537688442211 0.5140625 0.01507537688442211 0.515625 0.020100502512562814 0.53125 0.020100502512562814 0.5328125 0.01507537688442211 0.5375 0.01507537688442211 0.5390625 0.010050251256281407 0.5421875 0.010050251256281407 0.5421875 0 0.5 0
1 0.6484375 0.5653266331658291 0.646875 0.5728643216080402 0.6421875 0.5728643216080402 0.640625 0.5778894472361809 0.6375 0.5778894472361809 0.6375 0.585427135678392 0.640625 0.585427135678392 0.6421875 0.592964824120603 0.6515625 0.6080402010050251 0.65625 0.6105527638190955 0.65625 0.6155778894472361 0.6609375 0.6155778894472361 0.6625 0.6206030150753769 0.6828125 0.6206030150753769 0.6859375 0.6155778894472361 0.6859375 0.6055276381909548 0.6890625 0.6030150753768844 0.6890625 0.5879396984924623 0.6921875 0.585427135678392 0.6921875 0.5653266331658291 0.665625 0.5653266331658291 0.6640625 0.5603015075376885 0.65625 0.5603015075376885 0.65625 0.5628140703517588 0.6546875 0.5653266331658291 0.6484375 0.5653266331658291
1 0.3953125 0.7663316582914573 0.4 0.7663316582914573 0.4015625 0.7738693467336684 0.4109375 0.7738693467336684 0.4109375 0.7688442211055276 0.4140625 0.7663316582914573 0.4140625 0.7412060301507538 0.409375 0.7412060301507538 0.4078125 0.7361809045226131 0.4015625 0.7361809045226131 0.4015625 0.7386934673366834 0.3953125 0.7462311557788944 0.3953125 0.7663316582914573
1 0.2328125 0.45226130653266333 0.2328125 0.457286432160804 0.2265625 0.4648241206030151 0.2265625 0.4899497487437186 0.2296875 0.49246231155778897 0.2296875 0.5025125628140703 0.2328125 0.507537688442211 0.2390625 0.507537688442211 0.240625 0.5125628140703518 0.253125 0.5125628140703518 0.2546875 0.507537688442211 0.259375 0.507537688442211 0.2703125 0.4899497487437186 0.2703125 0.4748743718592965 0.2671875 0.4723618090452261 0.2671875 0.4648241206030151 0.2640625 0.45979899497487436 0.259375 0.457286432160804 0.259375 0.45226130653266333 0.25625 0.4472361809045226 0.240625 0.4472361809045226 0.240625 0.44974874371859297 0.2390625 0.45226130653266333 0.2328125 0.45226130653266333
1 0.38125 0.6180904522613065 0.38125 0.6256281407035176 0.378125 0.628140703517588 0.378125 0.6381909547738693 0.3734375 0.6407035175879398 0.3734375 0.6834170854271356 0.3765625 0.6834170854271356 0.378125 0.6884422110552764 0.390625 0.6884422110552764 0.39375 0.6834170854271356 0.39375 0.678391959798995 0.4015625 0.6658291457286433 0.4078125 0.6658291457286433 0.4109375 0.6608040201005025 0.4109375 0.6331658291457286 0.4046875 0.6231155778894473 0.4015625 0.6231155778894473 0.4 0.6180904522613065 0.3921875 0.6180904522613065 0.390625 0.6105527638190955 0.3875 0.6105527638190955 0.3875 0.6130653266331658 0.3859375 0.6180904522613065 0.38125 0.6180904522613065
1 0.0890625 0.5628140703517588 0.0859375 0.5653266331658291 0.0859375 0.5703517587939698 0.0890625 0.5728643216080402 0.0890625 0.585427135678392 0.0921875 0.5879396984924623 0.0921875 0.592964824120603 0.1078125 0.592964824120603 0.109375 0.585427135678392 0.1125 0.585427135678392 0.1125 0.550251256281407 0.0921875 0.550251256281407 0.0921875 0.5527638190954773 0.0890625 0.5552763819095478 0.0890625 0.5628140703517588
1 0.88125 0.7085427135678392 0.88125 0.7512562814070352 0.884375 0.7562814070351759 0.9 0.7562814070351759 0.9015625 0.7512562814070352 0.9046875 0.7512562814070352 0.9046875 0.7361809045226131 0.9 0.7336683417085427 0.9 0.7135678391959799 0.89375 0.7060301507537688 0.89375 0.7010050251256281 0.8875 0.7010050251256281 0.8875 0.7035175879396985 0.8859375 0.7085427135678392 0.88125 0.7085427135678392
1 0.3109375 0.7562814070351759 0.3078125 0.7587939698492462 0.3078125 0.7738693467336684 0.303125 0.7763819095477387 0.303125 0.7839195979899497 0.3078125 0.7864321608040201 0.3078125 0.7964824120603015 0.3125 0.7964824120603015 0.3140625 0.8015075376884422 0.3265625 0.8015075376884422 0.33125 0.7889447236180904 0.334375 0.7889447236180904 0.334375 0.7814070351758794 0.3375 0.7788944723618091 0.3375 0.7587939698492462 0.3296875 0.7512562814070352 0.3296875 0.7462311557788944 0.3265625 0.7412060301507538 0.3140625 0.7412060301507538 0.3140625 0.7437185929648241 0.3109375 0.7462311557788944 0.3109375 0.7562814070351759
1 0.775 0.1984924623115578 0.775 0.2185929648241206 0.778125 0.2185929648241206 0.7828125 0.22613065326633167 0.7828125 0.23115577889447236 0.8015625 0.23115577889447236 0.803125 0.2236180904522613 0.80625 0.2236180904522613 0.809375 0.2185929648241206 0.809375 0.20351758793969849 0.80625 0.1984924623115578 0.803125 0.1984924623115578 0.7984375 0.1884422110552764 0.7828125 0.1884422110552764 0.7828125 0.19095477386934673 0.778125 0.1984924623115578 0.775 0.1984924623115578
1 0.546875 0.6984924623115578 0.54375 0.7010050251256281 0.54375 0.7110552763819096 0.5390625 0.7135678391959799 0.5390625 0.7437185929648241 0.54375 0.7462311557788944 0.54375 0.7512562814070352 0.559375 0.7512562814070352 0.559375 0.7462311557788944 0.565625 0.7386934673366834 0.565625 0.7311557788944724 0.5703125 0.7286432160804021 0.5703125 0.6909547738693468 0.5671875 0.6909547738693468 0.565625 0.6859296482412061 0.553125 0.6859296482412061 0.553125 0.6884422110552764 0.546875 0.6909547738693468 0.546875 0.6984924623115578
1 0.859375 0.6884422110552764 0.8625 0.6884422110552764 0.8671875 0.6984924623115578 0.8796875 0.6984924623115578 0.8796875 0.678391959798995 0.8765625 0.6733668341708543 0.8640625 0.6733668341708543 0.8640625 0.6758793969849246 0.859375 0.678391959798995 0.859375 0.6884422110552764
1 0.8984375 0.6884422110552764 0.9015625 0.6934673366834171 0.9140625 0.6934673366834171 0.915625 0.6884422110552764 0.921875 0.6884422110552764 0.921875 0.678391959798995 0.91875 0.6733668341708543 0.915625 0.6733668341708543 0.9109375 0.6633165829145728 0.9015625 0.6633165829145728 0.9015625 0.6658291457286433 0.8984375 0.6683417085427136 0.8984375 0.6884422110552764
1 0.9125 0.8090452261306532 0.9125 0.8341708542713567 0.915625 0.8366834170854272 0.915625 0.8467336683417085 0.91875 0.8467336683417085 0.9203125 0.8517587939698492 0.9234375 0.8467336683417085 0.928125 0.8467336683417085 0.9296875 0.8417085427135679 0.9328125 0.8417085427135679 0.934375 0.8341708542713567 0.9390625 0.8341708542713567 0.94375 0.8241206030150754 0.946875 0.8241206030150754 0.946875 0.7989949748743719 0.940625 0.7989949748743719 0.9390625 0.7914572864321608 0.934375 0.7914572864321608 0.9328125 0.7989949748743719 0.9203125 0.7989949748743719 0.91875 0.7914572864321608 0.909375 0.7914572864321608 0.909375 0.7939698492462312 0.909375 0.8065326633165829 0.9125 0.8090452261306532
1 0.6515625 0.7311557788944724 0.6515625 0.7437185929648241 0.6484375 0.7462311557788944 0.6484375 0.7663316582914573 0.6515625 0.7688442211055276 0.6515625 0.7788944723618091 0.6578125 0.7788944723618091 0.6625 0.7889447236180904 0.6828125 0.7889447236180904 0.6828125 0.7814070351758794 0.6859375 0.7788944723618091 0.6859375 0.7412060301507538 0.6828125 0.7361809045226131 0.6734375 0.7361809045226131 0.671875 0.7311557788944724 0.6625 0.7311557788944724 0.6609375 0.7236180904522613 0.659375 0.7236180904522613 0.659375 0.7261306532663316 0.6578125 0.7311557788944724 0.6515625 0.7311557788944724
1 0.0078125 0.7185929648241206 0.0078125 0.7286432160804021 0.0046875 0.7311557788944724 0.0046875 0.7512562814070352 0.0078125 0.7537688442211056 0.0078125 0.7663316582914573 0.0109375 0.7688442211055276 0.0109375 0.7738693467336684 0.0140625 0.7738693467336684 0.01875 0.7839195979899497 0.028125 0.7839195979899497 0.034375 0.7738693467336684 0.034375 0.7638190954773869 0.0390625 0.7562814070351759 0.0421875 0.7562814070351759 0.0421875 0.7412060301507538 0.0453125 0.7386934673366834 0.0453125 0.7311557788944724 0.0421875 0.7286432160804021 0.0421875 0.7236180904522613 0.0390625 0.7236180904522613 0.0375 0.7185929648241206 0.0328125 0.7185929648241206 0.03125 0.7135678391959799 0.015625 0.7135678391959799 0.015625 0.7160804020100503 0.0140625 0.7185929648241206 0.0078125 0.7185929648241206
1 0.1703125 0.8693467336683417 0.165625 0.871859296482412 0.165625 0.8969849246231156 0.16875 0.8969849246231156 0.1703125 0.9020100502512562 0.1859375 0.9020100502512562 0.1890625 0.8969849246231156 0.1890625 0.8894472361809045 0.1921875 0.8869346733668342 0.1921875 0.8768844221105527 0.196875 0.8743718592964824 0.196875 0.8542713567839196 0.19375 0.8542713567839196 0.1921875 0.8492462311557789 0.1734375 0.8492462311557789 0.1734375 0.8517587939698492 0.1703125 0.8542713567839196 0.1703125 0.8693467336683417
1 0.609375 0.32914572864321606 0.609375 0.33668341708542715 0.603125 0.34673366834170855 0.603125 0.3592964824120603 0.6 0.36180904522613067 0.6 0.41708542713567837 0.60625 0.4271356783919598 0.6125 0.4271356783919598 0.6140625 0.43467336683417085 0.61875 0.43467336683417085 0.6234375 0.44472361809045224 0.6296875 0.44472361809045224 0.63125 0.44974874371859297 0.6359375 0.44974874371859297 0.6375 0.457286432160804 0.64375 0.457286432160804 0.6484375 0.46733668341708545 0.6546875 0.46733668341708545 0.659375 0.4748743718592965 0.659375 0.4798994974874372 0.671875 0.4798994974874372 0.671875 0.4748743718592965 0.675 0.4723618090452261 0.675 0.4648241206030151 0.678125 0.4623115577889447 0.678125 0.4020100502512563 0.675 0.39949748743718594 0.675 0.36180904522613067 0.671875 0.3592964824120603 0.671875 0.35175879396984927 0.66875 0.34673366834170855 0.6640625 0.3442211055276382 0.6640625 0.3391959798994975 0.659375 0.3391959798994975 0.65 0.3241206030150754 0.6171875 0.3241206030150754 0.6171875 0.32663316582914576 0.615625 0.32914572864321606 0.609375 0.32914572864321606
1 0.046875 0.7236180904522613 0.046875 0.7512562814070352 0.05 0.7537688442211056 0.05 0.7613065326633166 0.053125 0.7663316582914573 0.065625 0.7663316582914573 0.0671875 0.7613065326633166 0.0734375 0.7613065326633166 0.0734375 0.7537688442211056 0.0765625 0.7512562814070352 0.0765625 0.7236180904522613 0.0703125 0.7135678391959799 0.0671875 0.7135678391959799 0.065625 0.7085427135678392 0.0578125 0.7085427135678392 0.0578125 0.7110552763819096 0.053125 0.7135678391959799 0.046875 0.7236180904522613
1 0.3984375 0.550251256281407 0.3984375 0.5577889447236181 0.3921875 0.5653266331658291 0.3921875 0.592964824120603 0.3875 0.5954773869346733 0.3875 0.5979899497487438 0.3921875 0.6005025125628141 0.3921875 0.6080402010050251 0.3953125 0.6105527638190955 0.3953125 0.6155778894472361 0.3984375 0.6206030150753769 0.4046875 0.6206030150753769 0.409375 0.6306532663316583 0.41875 0.6306532663316583 0.4203125 0.6256281407035176 0.425 0.6256281407035176 0.4296875 0.6155778894472361 0.4328125 0.6155778894472361 0.4328125 0.6055276381909548 0.4359375 0.6030150753768844 0.4359375 0.5954773869346733 0.4390625 0.592964824120603 0.4390625 0.5653266331658291 0.4359375 0.5628140703517588 0.4359375 0.5552763819095478 0.4328125 0.550251256281407 0.4265625 0.550251256281407 0.425 0.5477386934673367 0.425 0.542713567839196 0.40625 0.542713567839196 0.40625 0.5452261306532663 0.4046875 0.550251256281407 0.3984375 0.550251256281407
1 0.1375 0.45979899497487436 0.134375 0.4648241206030151 0.134375 0.4798994974874372 0.13125 0.4824120603015075 0.13125 0.5025125628140703 0.1375 0.5125628140703518 0.140625 0.5125628140703518 0.146875 0.5025125628140703 0.1484375 0.4949748743718593 0.171875 0.4949748743718593 0.1734375 0.5025125628140703 0.175 0.5025125628140703 0.175 0.49748743718592964 0.178125 0.4949748743718593 0.178125 0.4824120603015075 0.175 0.4798994974874372 0.175 0.4748743718592965 0.16875 0.4648241206030151 0.165625 0.4648241206030151 0.1609375 0.457286432160804 0.1609375 0.45226130653266333 0.1421875 0.45226130653266333 0.1421875 0.4547738693467337 0.140625 0.45979899497487436 0.1375 0.45979899497487436
1 0.3953125 0.678391959798995 0.3953125 0.6834170854271356 0.3921875 0.6859296482412061 0.3921875 0.6934673366834171 0.3984375 0.7010050251256281 0.3984375 0.7060301507537688 0.4109375 0.7060301507537688 0.4125 0.6984924623115578 0.41875 0.6984924623115578 0.41875 0.6909547738693468 0.421875 0.6859296482412061 0.41875 0.6834170854271356 0.41875 0.6633165829145728 0.40625 0.6633165829145728 0.40625 0.6658291457286433 0.4015625 0.6683417085427136 0.3953125 0.678391959798995
1 0.8703125 0.41457286432160806 0.8671875 0.41959798994974873 0.8671875 0.4271356783919598 0.8703125 0.4296482412060301 0.8703125 0.4396984924623116 0.878125 0.4472361809045226 0.878125 0.457286432160804 0.88125 0.4623115577889447 0.8859375 0.4623115577889447 0.8875 0.46733668341708545 0.890625 0.46733668341708545 0.8921875 0.4623115577889447 0.896875 0.4623115577889447 0.9015625 0.44974874371859297 0.9046875 0.44974874371859297 0.9046875 0.44221105527638194 0.9015625 0.44221105527638194 0.896875 0.43467336683417085 0.896875 0.42462311557788945 0.890625 0.41457286432160806 0.884375 0.41457286432160806 0.8828125 0.40703517587939697 0.878125 0.40703517587939697 0.878125 0.40954773869346733 0.8765625 0.41457286432160806 0.8703125 0.41457286432160806
1 0.1453125 0.5025125628140703 0.140625 0.5100502512562815 0.1375 0.5100502512562815 0.1375 0.5628140703517588 0.1421875 0.5653266331658291 0.1421875 0.5703517587939698 0.1484375 0.5804020100502513 0.16875 0.5804020100502513 0.171875 0.5753768844221105 0.171875 0.5653266331658291 0.175 0.5628140703517588 0.175 0.550251256281407 0.178125 0.5477386934673367 0.178125 0.5100502512562815 0.175 0.507537688442211 0.175 0.49748743718592964 0.171875 0.49246231155778897 0.1484375 0.49246231155778897 0.1484375 0.4949748743718593 0.1453125 0.49748743718592964 0.1453125 0.5025125628140703
1 0.184375 0.7060301507537688 0.1796875 0.7085427135678392 0.1796875 0.7160804020100503 0.1765625 0.7185929648241206 0.1765625 0.7336683417085427 0.1796875 0.7361809045226131 0.1796875 0.7512562814070352 0.1828125 0.7512562814070352 0.184375 0.7562814070351759 0.1890625 0.7562814070351759 0.190625 0.7613065326633166 0.196875 0.7613065326633166 0.1984375 0.7562814070351759 0.203125 0.7562814070351759 0.203125 0.7462311557788944 0.20625 0.7437185929648241 0.20625 0.7236180904522613 0.2109375 0.7211055276381909 0.2109375 0.7185929648241206 0.20625 0.7160804020100503 0.20625 0.7010050251256281 0.2015625 0.7010050251256281 0.2 0.6959798994974874 0.190625 0.6959798994974874 0.190625 0.6984924623115578 0.184375 0.7010050251256281 0.184375 0.7060301507537688
1 0.4390625 0.9195979899497487 0.4421875 0.914572864321608 0.4421875 0.9045226130653267 0.446875 0.9020100502512562 0.446875 0.8894472361809045 0.45 0.8869346733668342 0.45 0.871859296482412 0.446875 0.8693467336683417 0.446875 0.8592964824120602 0.434375 0.8592964824120602 0.4328125 0.8668341708542714 0.4296875 0.8668341708542714 0.4296875 0.8693467336683417 0.4296875 0.9195979899497487 0.4390625 0.9195979899497487
1 0.7796875 0.5753768844221105 0.775 0.5778894472361809 0.775 0.6030150753768844 0.778125 0.6030150753768844 0.7828125 0.6105527638190955 0.7828125 0.6206030150753769 0.7875 0.6206030150753769 0.7890625 0.6256281407035176 0.7953125 0.6256281407035176 0.796875 0.6306532663316583 0.80625 0.6306532663316583 0.8078125 0.6381909547738693 0.809375 0.6381909547738693 0.809375 0.6331658291457286 0.8125 0.6306532663316583 0.8125 0.6231155778894473 0.815625 0.6206030150753769 0.815625 0.6105527638190955 0.8203125 0.6080402010050251 0.8203125 0.5954773869346733 0.815625 0.592964824120603 0.815625 0.5778894472361809 0.809375 0.5703517587939698 0.809375 0.5653266331658291 0.796875 0.5653266331658291 0.7953125 0.5603015075376885 0.7828125 0.5603015075376885 0.7828125 0.5628140703517588 0.7796875 0.5653266331658291 0.7796875 0.5753768844221105
1 0.0421875 0.7989949748743719 0.0390625 0.7989949748743719 0.0390625 0.8115577889447236 0.0359375 0.8140703517587939 0.0359375 0.8291457286432161 0.0390625 0.8316582914572864 0.0390625 0.8417085427135679 0.0453125 0.8417085427135679 0.046875 0.8467336683417085 0.0515625 0.8467336683417085 0.0515625 0.8316582914572864 0.05625 0.8291457286432161 0.05625 0.821608040201005 0.0625 0.8115577889447236 0.0625 0.7914572864321608 0.059375 0.7864321608040201 0.046875 0.7864321608040201 0.046875 0.7889447236180904 0.04375 0.7914572864321608 0.0421875 0.7989949748743719
1 0.5609375 0.03768844221105527 0.55625 0.04522613065326633 0.553125 0.04522613065326633 0.553125 0.07788944723618091 0.5578125 0.08040201005025126 0.5578125 0.09547738693467336 0.5609375 0.09798994974874371 0.5609375 0.10552763819095477 0.5640625 0.11055276381909548 0.5703125 0.11055276381909548 0.571875 0.11809045226130653 0.6046875 0.11809045226130653 0.60625 0.11055276381909548 0.6125 0.11055276381909548 0.615625 0.10552763819095477 0.615625 0.0678391959798995 0.6125 0.06532663316582915 0.6125 0.05778894472361809 0.6078125 0.05527638190954774 0.6078125 0.04522613065326633 0.6015625 0.03768844221105527 0.6015625 0.03015075376884422 0.5953125 0.03015075376884422 0.59375 0.022613065326633167 0.5890625 0.022613065326633167 0.5875 0.017587939698492462 0.5671875 0.017587939698492462 0.5671875 0.020100502512562814 0.5609375 0.03015075376884422 0.5609375 0.03768844221105527
1 0.2265625 0.6155778894472361 0.2328125 0.6256281407035176 0.2453125 0.6256281407035176 0.2484375 0.6206030150753769 0.2484375 0.6105527638190955 0.253125 0.6080402010050251 0.253125 0.6055276381909548 0.25 0.6055276381909548 0.2484375 0.6005025125628141 0.24375 0.6005025125628141 0.2421875 0.5954773869346733 0.2296875 0.5954773869346733 0.2296875 0.5979899497487438 0.2265625 0.6005025125628141 0.2265625 0.6155778894472361
1 0.3953125 0.8291457286432161 0.4109375 0.8291457286432161 0.4125 0.8241206030150754 0.421875 0.8241206030150754 0.421875 0.8140703517587939 0.425 0.8115577889447236 0.425 0.8040201005025126 0.4140625 0.7864321608040201 0.4015625 0.7864321608040201 0.4015625 0.7889447236180904 0.3953125 0.7989949748743719 0.3953125 0.8291457286432161
1 0.3671875 0.5753768844221105 0.3640625 0.5778894472361809 0.3640625 0.585427135678392 0.36875 0.585427135678392 0.3703125 0.592964824120603 0.3828125 0.592964824120603 0.3828125 0.5879396984924623 0.3859375 0.585427135678392 0.3859375 0.5778894472361809 0.390625 0.5753768844221105 0.390625 0.5653266331658291 0.3875 0.5653266331658291 0.3859375 0.5603015075376885 0.38125 0.5603015075376885 0.3796875 0.5552763819095478 0.3734375 0.5552763819095478 0.3734375 0.5577889447236181 0.3671875 0.5603015075376885 0.3671875 0.5753768844221105
1 0.0328125 0.9321608040201005 0.0359375 0.9371859296482412 0.0453125 0.9371859296482412 0.0484375 0.9321608040201005 0.0484375 0.9271356783919598 0.0515625 0.9246231155778895 0.0515625 0.9170854271356784 0.05625 0.914572864321608 0.05625 0.8994974874371859 0.053125 0.8994974874371859 0.0484375 0.8894472361809045 0.0390625 0.8894472361809045 0.0390625 0.8919597989949749 0.0328125 0.8994974874371859 0.0328125 0.9321608040201005
1 0 0.5628140703517588 0.003125 0.5628140703517588 0.0109375 0.5477386934673367 0.0140625 0.5477386934673367 0.0140625 0.542713567839196 0.009375 0.5402010050251256 0.009375 0.5326633165829145 0.00625 0.5301507537688442 0.00625 0.5201005025125628 0 0.5201005025125628 0 0.5226130653266332 0 0.5628140703517588
1 0.915625 0.7638190954773869 0.915625 0.7738693467336684 0.9125 0.7763819095477387 0.9125 0.7839195979899497 0.915625 0.7864321608040201 0.915625 0.7964824120603015 0.9359375 0.7964824120603015 0.9359375 0.7914572864321608 0.9390625 0.7864321608040201 0.9359375 0.7839195979899497 0.9359375 0.7763819095477387 0.9328125 0.7738693467336684 0.9328125 0.7688442211055276 0.9296875 0.7688442211055276 0.9234375 0.7587939698492462 0.9234375 0.7613065326633166 0.921875 0.7638190954773869 0.915625 0.7638190954773869
1 0.7890625 0.4824120603015075 0.7890625 0.4899497487437186 0.7859375 0.49246231155778897 0.7859375 0.5025125628140703 0.7890625 0.5050251256281407 0.7890625 0.5251256281407035 0.79375 0.5276381909547738 0.79375 0.535175879396985 0.796875 0.5402010050251256 0.80625 0.5402010050251256 0.8078125 0.5477386934673367 0.8125 0.5477386934673367 0.8125 0.542713567839196 0.8171875 0.535175879396985 0.8203125 0.535175879396985 0.8203125 0.5276381909547738 0.8234375 0.5251256281407035 0.8234375 0.5050251256281407 0.8203125 0.5025125628140703 0.8203125 0.49246231155778897 0.815625 0.4899497487437186 0.815625 0.4824120603015075 0.8125 0.4798994974874372 0.8125 0.4748743718592965 0.796875 0.4748743718592965 0.796875 0.47738693467336685 0.7953125 0.4824120603015075 0.7890625 0.4824120603015075
1 0.6796875 0.45979899497487436 0.6796875 0.46733668341708545 0.6765625 0.46984924623115576 0.6765625 0.4798994974874372 0.671875 0.48743718592964824 0.6625 0.48743718592964824 0.6625 0.535175879396985 0.659375 0.5376884422110553 0.659375 0.5527638190954773 0.6484375 0.5653266331658291 0.646875 0.5728643216080402 0.6421875 0.5728643216080402 0.640625 0.5778894472361809 0.6375 0.5778894472361809 0.6375 0.585427135678392 0.6421875 0.5879396984924623 0.6421875 0.592964824120603 0.6484375 0.6030150753768844 0.6546875 0.6030150753768844 0.659375 0.6105527638190955 0.659375 0.6155778894472361 0.6640625 0.6155778894472361 0.665625 0.6206030150753769 0.678125 0.6206030150753769 0.6796875 0.6155778894472361 0.6859375 0.6155778894472361 0.6859375 0.6005025125628141 0.6890625 0.5979899497487438 0.6890625 0.5829145728643216 0.6921875 0.5804020100502513 0.6921875 0.5653266331658291 0.696875 0.5628140703517588 0.696875 0.5552763819095478 0.70625 0.5402010050251256 0.70625 0.49246231155778897 0.703125 0.4899497487437186 0.703125 0.46984924623115576 0.7 0.46733668341708545 0.7 0.45979899497487436 0.696875 0.457286432160804 0.696875 0.45226130653266333 0.684375 0.45226130653266333 0.684375 0.4547738693467337 0.6828125 0.45979899497487436 0.6796875 0.45979899497487436
1 0.5109375 0.6683417085427136 0.5109375 0.6834170854271356 0.515625 0.6859296482412061 0.515625 0.7060301507537688 0.51875 0.7085427135678392 0.51875 0.7160804020100503 0.5234375 0.7160804020100503 0.525 0.7110552763819096 0.528125 0.7110552763819096 0.528125 0.7010050251256281 0.534375 0.6934673366834171 0.534375 0.678391959798995 0.5375 0.6758793969849246 0.5375 0.6683417085427136 0.534375 0.6658291457286433 0.534375 0.6557788944723618 0.51875 0.6557788944723618 0.51875 0.6582914572864321 0.5140625 0.6683417085427136 0.5109375 0.6683417085427136
1 0.3875 0.08040201005025126 0.38125 0.09045226130653267 0.38125 0.09547738693467336 0.3765625 0.10301507537688442 0.3734375 0.10301507537688442 0.3734375 0.11055276381909548 0.3703125 0.11306532663316583 0.3703125 0.1457286432160804 0.3671875 0.14824120603015076 0.3671875 0.17336683417085427 0.3703125 0.17587939698492464 0.3703125 0.19095477386934673 0.3734375 0.1934673366834171 0.3734375 0.20100502512562815 0.378125 0.20351758793969849 0.378125 0.20854271356783918 0.38125 0.21105527638190955 0.38125 0.2185929648241206 0.3875 0.22613065326633167 0.3875 0.23115577889447236 0.390625 0.23115577889447236 0.4015625 0.24874371859296482 0.4015625 0.2537688442211055 0.4078125 0.2537688442211055 0.415625 0.26884422110552764 0.41875 0.26884422110552764 0.4203125 0.27638190954773867 0.425 0.27638190954773867 0.4265625 0.2814070351758794 0.4328125 0.2814070351758794 0.434375 0.2864321608040201 0.4609375 0.2864321608040201 0.4671875 0.27638190954773867 0.4671875 0.2663316582914573 0.4703125 0.2638190954773869 0.4703125 0.24874371859296482 0.475 0.24623115577889448 0.475 0.23869346733668342 0.478125 0.23618090452261306 0.478125 0.22613065326633167 0.48125 0.2236180904522613 0.48125 0.1984924623115578 0.484375 0.19597989949748743 0.484375 0.1658291457286432 0.48125 0.16331658291457288 0.48125 0.135678391959799 0.478125 0.13316582914572864 0.478125 0.12060301507537688 0.475 0.11809045226130653 0.475 0.10804020100502512 0.4703125 0.10552763819095477 0.4703125 0.09798994974874371 0.4671875 0.09547738693467336 0.4671875 0.09045226130653267 0.4609375 0.08040201005025126 0.4578125 0.08040201005025126 0.45625 0.07537688442211055 0.45 0.0728643216080402 0.45 0.0678391959798995 0.3953125 0.0678391959798995 0.3953125 0.07035175879396985 0.390625 0.08040201005025126 0.3875 0.08040201005025126
1 0.85625 0.585427135678392 0.853125 0.5879396984924623 0.853125 0.6155778894472361 0.85625 0.6180904522613065 0.85625 0.6306532663316583 0.859375 0.6331658291457286 0.859375 0.6381909547738693 0.865625 0.6381909547738693 0.8671875 0.6432160804020101 0.8828125 0.6432160804020101 0.8859375 0.6381909547738693 0.8859375 0.628140703517588 0.890625 0.6256281407035176 0.890625 0.6105527638190955 0.8859375 0.6080402010050251 0.8859375 0.5954773869346733 0.8828125 0.592964824120603 0.8828125 0.5829145728643216 0.8765625 0.5728643216080402 0.859375 0.5728643216080402 0.859375 0.5753768844221105 0.85625 0.5778894472361809 0.85625 0.585427135678392
1 0.7890625 0.6984924623115578 0.79375 0.7010050251256281 0.79375 0.7110552763819096 0.8 0.7211055276381909 0.80625 0.7211055276381909 0.8078125 0.7236180904522613 0.8078125 0.7286432160804021 0.8203125 0.7286432160804021 0.8203125 0.7236180904522613 0.8265625 0.7160804020100503 0.8265625 0.7085427135678392 0.8296875 0.7060301507537688 0.8296875 0.6909547738693468 0.8265625 0.6884422110552764 0.8265625 0.678391959798995 0.821875 0.678391959798995 0.8203125 0.6733668341708543 0.8109375 0.6733668341708543 0.809375 0.6683417085427136 0.79375 0.6683417085427136 0.79375 0.6708542713567839 0.7890625 0.6733668341708543 0.7890625 0.6984924623115578
1 0.6171875 0.7010050251256281 0.6171875 0.7336683417085427 0.6140625 0.7361809045226131 0.6125 0.7462311557788944 0.609375 0.7462311557788944 0.609375 0.7562814070351759 0.60625 0.7587939698492462 0.60625 0.7964824120603015 0.609375 0.8015075376884422 0.6125 0.8015075376884422 0.6140625 0.8065326633165829 0.6265625 0.8065326633165829 0.628125 0.7964824120603015 0.6328125 0.7964824120603015 0.6328125 0.7914572864321608 0.6375 0.7839195979899497 0.640625 0.7839195979899497 0.64375 0.7788944723618091 0.64375 0.7688442211055276 0.646875 0.7663316582914573 0.646875 0.7462311557788944 0.65 0.7437185929648241 0.65 0.7010050251256281 0.646875 0.6984924623115578 0.646875 0.6859296482412061 0.628125 0.6859296482412061 0.628125 0.6884422110552764 0.6234375 0.6909547738693468 0.6171875 0.7010050251256281
1 0.746875 0.8090452261306532 0.7453125 0.8140703517587939 0.740625 0.8140703517587939 0.7390625 0.821608040201005 0.7359375 0.821608040201005 0.7328125 0.8266331658291457 0.7328125 0.8467336683417085 0.7359375 0.8517587939698492 0.7421875 0.8517587939698492 0.74375 0.8567839195979899 0.753125 0.8567839195979899 0.7546875 0.864321608040201 0.7640625 0.864321608040201 0.7640625 0.8592964824120602 0.7671875 0.8567839195979899 0.7671875 0.8492462311557789 0.7734375 0.8417085427135679 0.7734375 0.8316582914572864 0.778125 0.8291457286432161 0.784375 0.8190954773869347 0.784375 0.8090452261306532 0.78125 0.8040201005025126 0.76875 0.8040201005025126 0.76875 0.8065326633165829 0.7671875 0.8090452261306532 0.746875 0.8090452261306532
1 0.4296875 0.6155778894472361 0.41875 0.6331658291457286 0.415625 0.6331658291457286 0.415625 0.6381909547738693 0.4125 0.6407035175879398 0.4125 0.6532663316582915 0.415625 0.6557788944723618 0.415625 0.6608040201005025 0.421875 0.6608040201005025 0.4234375 0.6658291457286433 0.4328125 0.6658291457286433 0.434375 0.6608040201005025 0.4421875 0.6608040201005025 0.4421875 0.6457286432160804 0.446875 0.6432160804020101 0.446875 0.6331658291457286 0.4421875 0.6306532663316583 0.4421875 0.6180904522613065 0.4390625 0.6155778894472361 0.4390625 0.6055276381909548 0.434375 0.6055276381909548 0.434375 0.6080402010050251 0.4296875 0.6105527638190955 0.4296875 0.6155778894472361
1 0.7640625 0.6180904522613065 0.7609375 0.6180904522613065 0.7609375 0.6256281407035176 0.765625 0.628140703517588 0.765625 0.6432160804020101 0.7828125 0.6708542713567839 0.7921875 0.6708542713567839 0.803125 0.6482412060301508 0.80625 0.6482412060301508 0.809375 0.6432160804020101 0.809375 0.6331658291457286 0.803125 0.6331658291457286 0.8015625 0.628140703517588 0.79375 0.628140703517588 0.7921875 0.6231155778894473 0.7859375 0.6231155778894473 0.778125 0.6055276381909548 0.76875 0.6055276381909548 0.76875 0.6080402010050251 0.765625 0.6105527638190955 0.7640625 0.6180904522613065
1 0.3171875 0 0.3171875 0.002512562814070352 0.3140625 0.007537688442211055 0.3140625 0.01507537688442211 0.3109375 0.017587939698492462 0.3109375 0.04271356783919598 0.3078125 0.04522613065326633 0.3078125 0.06532663316582915 0.3109375 0.0678391959798995 0.3109375 0.08793969849246232 0.3140625 0.09045226130653267 0.3140625 0.10050251256281408 0.325 0.11306532663316583 0.325 0.12311557788944724 0.33125 0.13316582914572864 0.3359375 0.135678391959799 0.3359375 0.1407035175879397 0.3453125 0.15577889447236182 0.3546875 0.15577889447236182 0.35625 0.16331658291457288 0.3625 0.16331658291457288 0.3625 0.15829145728643215 0.365625 0.15577889447236182 0.365625 0.14321608040201006 0.36875 0.1407035175879397 0.36875 0.11306532663316583 0.371875 0.11055276381909548 0.371875 0.09798994974874371 0.3765625 0.09547738693467336 0.3765625 0.04020100502512563 0.3796875 0.03768844221105527 0.38125 0.02763819095477387 0.3859375 0.02763819095477387 0.3875 0.020100502512562814 0.390625 0.020100502512562814 0.39375 0.01507537688442211 0.39375 0.007537688442211055 0.390625 0.005025125628140704 0.390625 0 0.3171875 0
1 0.6171875 0.7010050251256281 0.6171875 0.7386934673366834 0.6265625 0.7386934673366834 0.628125 0.7437185929648241 0.6359375 0.7437185929648241 0.6375 0.7512562814070352 0.640625 0.7512562814070352 0.6421875 0.7562814070351759 0.646875 0.7512562814070352 0.646875 0.7412060301507538 0.65 0.7386934673366834 0.65 0.6959798994974874 0.646875 0.6934673366834171 0.646875 0.6859296482412061 0.628125 0.6859296482412061 0.628125 0.6884422110552764 0.6234375 0.6909547738693468 0.6171875 0.7010050251256281
1 0.6125 0.7537688442211056 0.609375 0.7537688442211056 0.60625 0.7587939698492462 0.60625 0.8015075376884422 0.609375 0.8065326633165829 0.615625 0.8065326633165829 0.6171875 0.8115577889447236 0.6203125 0.8065326633165829 0.6265625 0.8065326633165829 0.6328125 0.7964824120603015 0.634375 0.7889447236180904 0.640625 0.7889447236180904 0.640625 0.7763819095477387 0.64375 0.7738693467336684 0.64375 0.7537688442211056 0.6375 0.7537688442211056 0.6359375 0.7462311557788944 0.63125 0.7462311557788944 0.6296875 0.7412060301507538 0.6171875 0.7412060301507538 0.6171875 0.7437185929648241 0.6140625 0.7462311557788944 0.6125 0.7537688442211056
1 0.8984375 0.5201005025125628 0.8984375 0.5301507537688442 0.9109375 0.5301507537688442 0.9140625 0.5251256281407035 0.9140625 0.5050251256281407 0.9109375 0.5025125628140703 0.9109375 0.49748743718592964 0.9078125 0.49246231155778897 0.8921875 0.49246231155778897 0.8921875 0.4949748743718593 0.8921875 0.5125628140703518 0.8984375 0.5201005025125628
1 0.0734375 0.8140703517587939 0.0578125 0.8140703517587939 0.0578125 0.8241206030150754 0.053125 0.8266331658291457 0.053125 0.8517587939698492 0.05625 0.8517587939698492 0.0609375 0.8592964824120602 0.0609375 0.864321608040201 0.0703125 0.864321608040201 0.071875 0.8567839195979899 0.0765625 0.8567839195979899 0.0796875 0.8517587939698492 0.0796875 0.821608040201005 0.078125 0.821608040201005 0.0734375 0.8190954773869347 0.0734375 0.8140703517587939
1 0.765625 0.4396984924623116 0.76875 0.44221105527638194 0.76875 0.44974874371859297 0.771875 0.45226130653266333 0.771875 0.457286432160804 0.778125 0.457286432160804 0.7796875 0.4623115577889447 0.784375 0.4623115577889447 0.7859375 0.46733668341708545 0.8015625 0.46733668341708545 0.803125 0.4623115577889447 0.80625 0.4623115577889447 0.80625 0.44221105527638194 0.8015625 0.4396984924623116 0.8015625 0.4296482412060301 0.7984375 0.4271356783919598 0.7984375 0.41959798994974873 0.7953125 0.41708542713567837 0.7953125 0.40703517587939697 0.7921875 0.4020100502512563 0.771875 0.4020100502512563 0.771875 0.4045226130653266 0.765625 0.41457286432160806 0.765625 0.4396984924623116
1 0.6796875 0.45979899497487436 0.6765625 0.4648241206030151 0.6765625 0.4723618090452261 0.6734375 0.4748743718592965 0.6734375 0.4798994974874372 0.66875 0.48743718592964824 0.6625 0.48743718592964824 0.659375 0.49246231155778897 0.6625 0.49748743718592964 0.6625 0.5301507537688442 0.659375 0.5326633165829145 0.659375 0.5577889447236181 0.6640625 0.5577889447236181 0.665625 0.5628140703517588 0.6921875 0.5628140703517588 0.70625 0.5402010050251256 0.70625 0.48743718592964824 0.703125 0.4849246231155779 0.703125 0.4648241206030151 0.696875 0.457286432160804 0.696875 0.45226130653266333 0.684375 0.45226130653266333 0.684375 0.4547738693467337 0.6828125 0.45979899497487436 0.6796875 0.45979899497487436
1 0.7046875 0.36180904522613067 0.703125 0.3693467336683417 0.6984375 0.3693467336683417 0.696875 0.3743718592964824 0.69375 0.3743718592964824 0.690625 0.3793969849246231 0.690625 0.3944723618090452 0.6875 0.3969849246231156 0.6875 0.41708542713567837 0.690625 0.41959798994974873 0.690625 0.4271356783919598 0.69375 0.4296482412060301 0.69375 0.4396984924623116 0.696875 0.4396984924623116 0.7046875 0.45226130653266333 0.7046875 0.457286432160804 0.7078125 0.4623115577889447 0.7109375 0.4623115577889447 0.715625 0.4723618090452261 0.7203125 0.4723618090452261 0.721875 0.4798994974874372 0.728125 0.4798994974874372 0.7296875 0.4849246231155779 0.7484375 0.4849246231155779 0.75 0.4798994974874372 0.753125 0.4798994974874372 0.753125 0.46984924623115576 0.75625 0.46733668341708545 0.75625 0.42462311557788945 0.753125 0.4221105527638191 0.753125 0.3969849246231156 0.75 0.3969849246231156 0.7453125 0.38944723618090454 0.7453125 0.3793969849246231 0.7421875 0.3768844221105528 0.7421875 0.3693467336683417 0.7390625 0.36683417085427134 0.7390625 0.36180904522613067 0.7328125 0.36180904522613067 0.73125 0.35678391959798994 0.7125 0.35678391959798994 0.7125 0.3592964824120603 0.7109375 0.36180904522613067 0.7046875 0.36180904522613067
1 0.2359375 0.542713567839196 0.2359375 0.5527638190954773 0.2328125 0.5552763819095478 0.2328125 0.5753768844221105 0.2359375 0.5778894472361809 0.2359375 0.585427135678392 0.240625 0.5879396984924623 0.240625 0.592964824120603 0.24375 0.5979899497487438 0.259375 0.5979899497487438 0.2609375 0.592964824120603 0.2640625 0.592964824120603 0.265625 0.585427135678392 0.2703125 0.585427135678392 0.271875 0.5804020100502513 0.278125 0.5804020100502513 0.28125 0.5753768844221105 0.28125 0.5653266331658291 0.284375 0.5603015075376885 0.28125 0.5577889447236181 0.28125 0.550251256281407 0.278125 0.5477386934673367 0.278125 0.542713567839196 0.271875 0.542713567839196 0.2703125 0.5376884422110553 0.2578125 0.5376884422110553 0.25625 0.5326633165829145 0.24375 0.5326633165829145 0.24375 0.535175879396985 0.2390625 0.542713567839196 0.2359375 0.542713567839196
1 0.6375 0 0.6375 0.002512562814070352 0.634375 0.007537688442211055 0.634375 0.01507537688442211 0.628125 0.022613065326633167 0.628125 0.04271356783919598 0.63125 0.04522613065326633 0.63125 0.05025125628140704 0.6359375 0.05025125628140704 0.6375 0.05527638190954774 0.64375 0.05527638190954774 0.6453125 0.05025125628140704 0.6546875 0.05025125628140704 0.65625 0.04271356783919598 0.6609375 0.04271356783919598 0.6609375 0.035175879396984924 0.6640625 0.032663316582914576 0.6640625 0.01256281407035176 0.6609375 0.010050251256281407 0.6609375 0 0.6375 0
1 0.878125 0.6758793969849246 0.88125 0.678391959798995 0.88125 0.6984924623115578 0.896875 0.6984924623115578 0.896875 0.678391959798995 0.89375 0.6758793969849246 0.89375 0.6683417085427136 0.890625 0.6633165829145728 0.88125 0.6633165829145728 0.88125 0.6658291457286433 0.878125 0.6683417085427136 0.878125 0.6758793969849246
1 0.803125 0.5603015075376885 0.803125 0.5628140703517588 0.80625 0.5628140703517588 0.8078125 0.5703517587939698 0.8171875 0.5829145728643216 0.8171875 0.6206030150753769 0.8140625 0.6231155778894473 0.8140625 0.6306532663316583 0.8109375 0.6331658291457286 0.8109375 0.6608040201005025 0.8140625 0.6658291457286433 0.8265625 0.6658291457286433 0.83125 0.6532663316582915 0.8375 0.6532663316582915 0.8375 0.5879396984924623 0.834375 0.585427135678392 0.834375 0.5778894472361809 0.83125 0.5778894472361809 0.8265625 0.5703517587939698 0.8265625 0.5653266331658291 0.8203125 0.5552763819095478 0.8109375 0.5552763819095478 0.8109375 0.5577889447236181 0.809375 0.5603015075376885 0.803125 0.5603015075376885
1 0.74375 0.7839195979899497 0.75 0.7914572864321608 0.75 0.7964824120603015 0.753125 0.7964824120603015 0.7546875 0.7889447236180904 0.759375 0.7889447236180904 0.759375 0.7814070351758794 0.7640625 0.7788944723618091 0.7640625 0.7462311557788944 0.7578125 0.7462311557788944 0.75625 0.7412060301507538 0.75 0.7412060301507538 0.75 0.7437185929648241 0.74375 0.7462311557788944 0.74375 0.7839195979899497
1 0.2828125 0.7562814070351759 0.2859375 0.7613065326633166 0.2953125 0.7613065326633166 0.296875 0.7663316582914573 0.3 0.7613065326633166 0.30625 0.7613065326633166 0.309375 0.7562814070351759 0.309375 0.7311557788944724 0.30625 0.7286432160804021 0.30625 0.7236180904522613 0.2859375 0.7236180904522613 0.2859375 0.7261306532663316 0.2828125 0.7311557788944724 0.2828125 0.7562814070351759