6 0.4359375 0.5525812619502868 0.4359375 0.5602294455066922 0.440625 0.5621414913957935 0.440625 0.5697896749521989 0.4515625 0.5697896749521989 0.453125 0.5755258126195029 0.4671875 0.5755258126195029 0.46875 0.5812619502868069 0.4796875 0.5812619502868069 0.48125 0.5850860420650096 0.4875 0.5850860420650096 0.4890625 0.5908221797323135 0.503125 0.5908221797323135 0.5046875 0.5946462715105163 0.5109375 0.5946462715105163 0.5125 0.5908221797323135 0.515625 0.5908221797323135 0.515625 0.5774378585086042 0.5109375 0.5755258126195029 0.5109375 0.5717017208413002 0.5046875 0.5717017208413002 0.503125 0.5678776290630975 0.496875 0.5678776290630975 0.4953125 0.5621414913957935 0.4890625 0.5621414913957935 0.4875 0.5583173996175909 0.48125 0.5583173996175909 0.4796875 0.5525812619502868 0.4609375 0.5525812619502868 0.459375 0.5468451242829828 0.440625 0.5468451242829828 0.440625 0.5487571701720841 0.4390625 0.5525812619502868 0.4359375 0.5525812619502868
6 0.8875 0 0.8875 0.0019120458891013384 0.8859375 0.0057361376673040155 0.8796875 0.0057361376673040155 0.8796875 0.01338432122370937 0.884375 0.015296367112810707 0.884375 0.028680688336520075 0.8875 0.030592734225621414 0.8875 0.04397705544933078 0.8921875 0.045889101338432124 0.8921875 0.05353728489483748 0.9 0.05927342256214149 0.9 0.06883365200764818 0.9046875 0.07074569789674952 0.9046875 0.07839388145315487 0.9125 0.0841300191204589 0.9125 0.09177820267686425 0.915625 0.09369024856596558 0.915625 0.09751434034416825 0.9203125 0.0994263862332696 0.9203125 0.10325047801147227 0.921875 0.10325047801147227 0.9234375 0.09751434034416825 0.9265625 0.09751434034416825 0.9265625 0.08030592734225621 0.921875 0.07839388145315487 0.921875 0.06500956022944551 0.91875 0.06309751434034416 0.91875 0.055449330783938815 0.915625 0.055449330783938815 0.9140625 0.0497131931166348 0.9109375 0.04780114722753346 0.9109375 0.040152963671128104 0.90625 0.03824091778202677 0.90625 0.0248565965583174 0.903125 0.022944550669216062 0.903125 0.015296367112810707 0.8984375 0.01338432122370937 0.8984375 0.0057361376673040155 0.8921875 0.0057361376673040155 0.890625 0 0.8875 0
6 0.984375 0.13957934990439771 0.984375 0.14722753346080306 0.9796875 0.15296367112810708 0.9765625 0.15296367112810708 0.9765625 0.16252390057361377 0.96875 0.1682600382409178 0.96875 0.17590822179732313 0.9640625 0.17782026768642448 0.9640625 0.18546845124282982 0.9609375 0.18738049713193117 0.9609375 0.19120458891013384 0.95625 0.1931166347992352 0.95625 0.19694072657743786 0.9515625 0.20267686424474188 0.9484375 0.20267686424474188 0.946875 0.2084130019120459 0.94375 0.2084130019120459 0.94375 0.21606118546845124 0.940625 0.2179732313575526 0.940625 0.22562141491395793 0.9359375 0.22753346080305928 0.9359375 0.23135755258126195 0.93125 0.23709369024856597 0.928125 0.23709369024856597 0.9265625 0.24282982791587 0.9234375 0.24282982791587 0.9234375 0.25047801147227533 0.9203125 0.25239005736137665 0.9203125 0.26003824091778205 0.915625 0.26195028680688337 0.915625 0.26577437858508607 0.9125 0.2676864244741874 0.9125 0.27533460803059273 0.9046875 0.28107074569789675 0.9046875 0.29063097514340347 0.9 0.2925430210325048 0.9 0.3479923518164436 0.9046875 0.34990439770554493 0.9046875 0.35372848948374763 0.9109375 0.35372848948374763 0.9109375 0.34990439770554493 0.915625 0.3441682600382409 0.91875 0.3441682600382409 0.91875 0.33078393881453155 0.921875 0.32887189292543023 0.921875 0.32122370936902483 0.9265625 0.3193116634799235 0.928125 0.3135755258126195 0.93125 0.3135755258126195 0.93125 0.30592734225621415 0.934375 0.30401529636711283 0.934375 0.29636711281070743 0.9390625 0.2944550669216061 0.9390625 0.28680688336520077 0.9421875 0.28489483747609945 0.94375 0.27915869980879543 0.9515625 0.27533460803059273 0.9515625 0.27151051625239003 0.9546875 0.2695984703632887 0.9546875 0.26195028680688337 0.959375 0.26003824091778205 0.959375 0.25621414913957935 0.9640625 0.25047801147227533 0.9671875 0.25047801147227533 0.9671875 0.24282982791587 0.9703125 0.24091778202676864 0.9703125 0.2332695984703633 0.975 0.23135755258126195 0.9765625 0.22562141491395793 0.9796875 0.22562141491395793 0.9796875 0.2179732313575526 0.9828125 0.21606118546845124 0.9828125 0.21223709369024857 0.9875 0.21032504780114722 0.9921875 0.20076481835564053 0.9953125 0.20076481835564053 0.9984375 0.19694072657743786 0.9984375 0.12810707456978968 0.9921875 0.12810707456978968 0.9921875 0.13001912045889102 0.9875 0.13957934990439771 0.984375 0.13957934990439771
6 0.4609375 0.8413001912045889 0.45625 0.8432122370936902 0.4546875 0.8489483747609943 0.4484375 0.8489483747609943 0.446875 0.8527724665391969 0.440625 0.8527724665391969 0.4390625 0.858508604206501 0.428125 0.858508604206501 0.4265625 0.8623326959847036 0.4125 0.8623326959847036 0.4109375 0.8680688336520076 0.4046875 0.8680688336520076 0.403125 0.8738049713193117 0.4 0.8738049713193117 0.4 0.8814531548757171 0.403125 0.8814531548757171 0.4078125 0.887189292543021 0.4078125 0.8910133843212237 0.4140625 0.8910133843212237 0.415625 0.8948374760994264 0.4390625 0.8948374760994264 0.440625 0.8910133843212237 0.4515625 0.8910133843212237 0.453125 0.8852772466539197 0.4625 0.8852772466539197 0.4640625 0.8814531548757171 0.4703125 0.8814531548757171 0.471875 0.875717017208413 0.475 0.875717017208413 0.475 0.8680688336520076 0.4796875 0.8661567877629063 0.4796875 0.8336520076481836 0.46875 0.8336520076481836 0.46875 0.8355640535372849 0.4609375 0.8374760994263862 0.4609375 0.8413001912045889
6 0.3953125 0 0.3953125 0.0019120458891013384 0.3953125 0.009560229445506692 0.3921875 0.011472275334608031 0.3921875 0.18164435946462715 0.3953125 0.1835564053537285 0.3953125 0.19120458891013384 0.3984375 0.19120458891013384 0.4 0.18546845124282982 0.403125 0.18546845124282982 0.403125 0.1586998087954111 0.40625 0.15678776290630975 0.40625 0 0.3953125 0
6 0.6734375 0.040152963671128104 0.6734375 0.05353728489483748 0.678125 0.055449330783938815 0.678125 0.06309751434034416 0.6828125 0.06500956022944551 0.6828125 0.07839388145315487 0.6859375 0.08030592734225621 0.6859375 0.08795411089866156 0.690625 0.08986615678776291 0.690625 0.10325047801147227 0.69375 0.10516252390057361 0.69375 0.11663479923518165 0.6984375 0.11854684512428298 0.6984375 0.13766730401529637 0.703125 0.13957934990439771 0.703125 0.15678776290630975 0.70625 0.1586998087954111 0.70625 0.17208413001912046 0.7109375 0.1739961759082218 0.7109375 0.19120458891013384 0.7140625 0.1931166347992352 0.7140625 0.20076481835564053 0.7203125 0.20076481835564053 0.721875 0.19694072657743786 0.725 0.19694072657743786 0.7265625 0.19120458891013384 0.7296875 0.19120458891013384 0.7296875 0.1739961759082218 0.725 0.17208413001912046 0.725 0.15296367112810708 0.7203125 0.15105162523900573 0.7203125 0.1338432122370937 0.7171875 0.13193116634799235 0.7171875 0.1147227533460803 0.7125 0.11281070745697896 0.7125 0.0994263862332696 0.709375 0.09751434034416825 0.709375 0.0841300191204589 0.7046875 0.08221797323135756 0.7046875 0.07074569789674952 0.7015625 0.06883365200764818 0.7015625 0.055449330783938815 0.696875 0.05353728489483748 0.696875 0.045889101338432124 0.6921875 0.04397705544933078 0.6921875 0.036328871892925434 0.6890625 0.03441682600382409 0.6890625 0.021032504780114723 0.684375 0.019120458891013385 0.684375 0.011472275334608031 0.68125 0.009560229445506692 0.68125 0.0057361376673040155 0.6703125 0.0057361376673040155 0.6703125 0.0076481835564053535 0.6703125 0.03824091778202677 0.6734375 0.040152963671128104
0 0.2953125 0.6864244741873805 0.29375 0.6902485659655831 0.290625 0.6902485659655831 0.290625 0.6940726577437859 0.2859375 0.6998087954110899 0.2828125 0.6998087954110899 0.2828125 0.7074569789674953 0.2796875 0.7093690248565966 0.2796875 0.7189292543021033 0.275 0.7208413001912046 0.2734375 0.7304015296367112 0.26875 0.7284894837476099 0.26875 0.7246653919694073 0.2625 0.7246653919694073 0.2609375 0.7208413001912046 0.2546875 0.7208413001912046 0.253125 0.7151051625239006 0.2390625 0.7151051625239006 0.2375 0.7208413001912046 0.23125 0.7208413001912046 0.2296875 0.7246653919694073 0.2265625 0.7246653919694073 0.2265625 0.7476099426386233 0.225 0.7495219885277247 0.1984375 0.7495219885277247 0.196875 0.745697896749522 0.178125 0.745697896749522 0.1765625 0.7495219885277247 0.1703125 0.7495219885277247 0.1703125 0.7533460803059273 0.1625 0.7590822179732314 0.1609375 0.7648183556405354 0.1578125 0.7648183556405354 0.1578125 0.7877629063097514 0.1625 0.7896749521988528 0.1625 0.8068833652007649 0.165625 0.8087954110898662 0.165625 0.8221797323135756 0.1625 0.8240917782026769 0.1625 0.8317399617590823 0.1578125 0.8336520076481836 0.1578125 0.8604206500956023 0.1625 0.8623326959847036 0.1625 0.875717017208413 0.165625 0.8776290630975143 0.165625 0.8910133843212237 0.16875 0.8910133843212237 0.1734375 0.8967495219885278 0.1734375 0.9063097514340345 0.178125 0.9082217973231358 0.178125 0.9158699808795411 0.184375 0.9158699808795411 0.1859375 0.9196940726577438 0.190625 0.9216061185468452 0.190625 0.9254302103250478 0.196875 0.9254302103250478 0.1984375 0.9292543021032504 0.2015625 0.9292543021032504 0.203125 0.9349904397705545 0.20625 0.9369024856596558 0.20625 0.9407265774378585 0.2125 0.9407265774378585 0.2125 0.9369024856596558 0.2171875 0.9349904397705545 0.2171875 0.9311663479923518 0.221875 0.9254302103250478 0.2453125 0.9254302103250478 0.25 0.9311663479923518 0.25 0.9445506692160612 0.2546875 0.9464627151051626 0.2546875 0.9541108986615678 0.2578125 0.9541108986615678 0.259375 0.9598470363288719 0.2625 0.9617590822179732 0.2625 0.9694072657743786 0.2671875 0.97131931166348 0.2671875 0.9751434034416826 0.278125 0.9751434034416826 0.2796875 0.9789674952198852 0.2828125 0.9751434034416826 0.3171875 0.9751434034416826 0.31875 0.9789674952198852 0.3375 0.9789674952198852 0.3390625 0.9751434034416826 0.3453125 0.9751434034416826 0.346875 0.9694072657743786 0.35 0.9694072657743786 0.35 0.9617590822179732 0.3546875 0.9598470363288719 0.3546875 0.9369024856596558 0.3578125 0.9349904397705545 0.359375 0.9292543021032504 0.365625 0.9292543021032504 0.3671875 0.9254302103250478 0.3703125 0.9254302103250478 0.3703125 0.9216061185468452 0.3734375 0.9196940726577438 0.3734375 0.9024856596558317 0.378125 0.9005736137667304 0.3796875 0.8948374760994264 0.3828125 0.8948374760994264 0.3828125 0.8833652007648184 0.3859375 0.8814531548757171 0.3859375 0.8623326959847036 0.3828125 0.8604206500956023 0.3828125 0.8432122370936902 0.3796875 0.8432122370936902 0.378125 0.8374760994263862 0.3734375 0.8355640535372849 0.3734375 0.8279158699808795 0.3703125 0.8240917782026769 0.365625 0.8221797323135756 0.365625 0.8030592734225621 0.3703125 0.8011472275334608 0.3703125 0.768642447418738 0.365625 0.7667304015296367 0.365625 0.734225621414914 0.3625 0.7323135755258127 0.3625 0.7246653919694073 0.3578125 0.722753346080306 0.3578125 0.7151051625239006 0.3546875 0.7131931166347992 0.3546875 0.7093690248565966 0.346875 0.7055449330783938 0.3453125 0.6998087954110899 0.3375 0.6940726577437859 0.3375 0.6902485659655831 0.334375 0.6864244741873805 0.328125 0.6864244741873805 0.3265625 0.6806883365200764 0.303125 0.6806883365200764 0.303125 0.6826003824091779 0.3015625 0.6864244741873805 0.2953125 0.6864244741873805
0 0 0.8604206500956023 0.0078125 0.8604206500956023 0.0125 0.8508604206500956 0.015625 0.8508604206500956 0.015625 0.8432122370936902 0.01875 0.8413001912045889 0.0203125 0.8355640535372849 0.0234375 0.8355640535372849 0.0234375 0.8279158699808795 0.028125 0.8260038240917782 0.028125 0.8145315487571702 0.03125 0.8126195028680688 0.03125 0.780114722753346 0.0359375 0.7782026768642447 0.0359375 0.768642447418738 0.03125 0.7667304015296367 0.03125 0.734225621414914 0.028125 0.7323135755258127 0.028125 0.7151051625239006 0.0234375 0.7131931166347992 0.0234375 0.6615678776290631 0.028125 0.6596558317399618 0.028125 0.6309751434034416 0.03125 0.6290630975143403 0.03125 0.621414913957935 0.0390625 0.615678776290631 0.0390625 0.6061185468451242 0.04375 0.6042065009560229 0.04375 0.5965583173996176 0.046875 0.5946462715105163 0.046875 0.5525812619502868 0.04375 0.5506692160611855 0.04375 0.5334608030592735 0.0390625 0.5315487571701721 0.0390625 0.5239005736137667 0.0359375 0.5219885277246654 0.0359375 0.5181644359464627 0.03125 0.5162523900573613 0.03125 0.502868068833652 0.028125 0.5009560229445507 0.028125 0.4894837476099426 0.0234375 0.4875717017208413 0.0234375 0.4780114722753346 0.01875 0.47609942638623326 0.01875 0.4684512428298279 0.015625 0.4646271510516252 0.009375 0.4646271510516252 0.0078125 0.4588910133843212 0 0.45506692160611856 0 0.4569789674952199 0 0.8604206500956023
2 0.7546875 0.1586998087954111 0.753125 0.16443594646271512 0.75 0.16443594646271512 0.746875 0.1682600382409178 0.7453125 0.1739961759082218 0.7421875 0.1739961759082218 0.7390625 0.17782026768642448 0.7375 0.1835564053537285 0.734375 0.1835564053537285 0.73125 0.18738049713193117 0.7296875 0.1931166347992352 0.7265625 0.1931166347992352 0.725 0.1988527724665392 0.721875 0.1988527724665392 0.71875 0.20267686424474188 0.7171875 0.2084130019120459 0.7140625 0.2084130019120459 0.7140625 0.21606118546845124 0.7109375 0.2198852772466539 0.7140625 0.22179732313575526 0.7140625 0.23135755258126195 0.7171875 0.23135755258126195 0.721875 0.23709369024856597 0.721875 0.24091778202676864 0.725 0.24091778202676864 0.7265625 0.2447418738049713 0.73125 0.24665391969407266 0.73125 0.25430210325047803 0.734375 0.25621414913957935 0.734375 0.26577437858508607 0.7390625 0.2676864244741874 0.7390625 0.27533460803059273 0.7421875 0.27724665391969405 0.7421875 0.28489483747609945 0.7484375 0.28489483747609945 0.75 0.27915869980879543 0.7578125 0.27533460803059273 0.7578125 0.27151051625239003 0.7609375 0.2695984703632887 0.7609375 0.26195028680688337 0.765625 0.26003824091778205 0.765625 0.24282982791587 0.76875 0.24091778202676864 0.76875 0.17782026768642448 0.765625 0.17590822179732313 0.765625 0.15296367112810708 0.759375 0.15296367112810708 0.759375 0.15487571701720843 0.7578125 0.1586998087954111 0.7546875 0.1586998087954111
2 0.8078125 0.9120458891013384 0.8078125 0.9196940726577438 0.8109375 0.9216061185468452 0.8109375 0.9407265774378585 0.815625 0.9426386233269598 0.815625 0.9502868068833652 0.8109375 0.9521988527724665 0.8109375 0.9636711281070746 0.8078125 0.9655831739961759 0.8078125 0.9980879541108987 0.8375 0.9980879541108987 0.8390625 0.994263862332696 0.8421875 0.994263862332696 0.8421875 0.9808795411089866 0.8453125 0.9789674952198852 0.8453125 0.9369024856596558 0.8421875 0.9349904397705545 0.8421875 0.9273422562141491 0.8375 0.9254302103250478 0.8375 0.9177820267686424 0.834375 0.9158699808795411 0.834375 0.9120458891013384 0.83125 0.9120458891013384 0.8265625 0.9063097514340345 0.8265625 0.9024856596558317 0.821875 0.9005736137667304 0.821875 0.8967495219885278 0.815625 0.8967495219885278 0.8140625 0.9024856596558317 0.8109375 0.9024856596558317 0.8109375 0.904397705544933 0.8109375 0.9101338432122371 0.8078125 0.9120458891013384
2 0.8921875 0.9082217973231358 0.890625 0.9120458891013384 0.871875 0.9120458891013384 0.871875 0.9158699808795411 0.8671875 0.9177820267686424 0.8625 0.9273422562141491 0.859375 0.9273422562141491 0.85625 0.9311663479923518 0.8546875 0.9369024856596558 0.8515625 0.9369024856596558 0.8515625 0.9598470363288719 0.846875 0.9617590822179732 0.846875 0.9847036328871893 0.85 0.9847036328871893 0.8515625 0.988527724665392 0.8703125 0.988527724665392 0.871875 0.994263862332696 0.9546875 0.994263862332696 0.9546875 0.9904397705544933 0.959375 0.988527724665392 0.9609375 0.9847036328871893 0.975 0.9847036328871893 0.975 0.9770554493307839 0.9796875 0.9751434034416826 0.9796875 0.9655831739961759 0.9828125 0.9636711281070746 0.9828125 0.9521988527724665 0.9796875 0.9502868068833652 0.9796875 0.9369024856596558 0.975 0.9349904397705545 0.975 0.9273422562141491 0.9703125 0.9254302103250478 0.9703125 0.9177820267686424 0.9625 0.9082217973231358 0.940625 0.9082217973231358 0.9390625 0.9024856596558317 0.9 0.9024856596558317 0.9 0.904397705544933 0.8984375 0.9082217973231358 0.8921875 0.9082217973231358
2 0.375 0.768642447418738 0.375 0.7782026768642447 0.371875 0.780114722753346 0.371875 0.8260038240917782 0.375 0.8279158699808795 0.375 0.8317399617590823 0.3828125 0.8355640535372849 0.384375 0.8413001912045889 0.3875 0.8432122370936902 0.3875 0.8565965583173997 0.4109375 0.8565965583173997 0.4125 0.8508604206500956 0.421875 0.8508604206500956 0.4234375 0.847036328871893 0.4265625 0.847036328871893 0.428125 0.8413001912045889 0.43125 0.8413001912045889 0.43125 0.8374760994263862 0.4359375 0.8317399617590823 0.4390625 0.8317399617590823 0.4390625 0.8279158699808795 0.44375 0.8221797323135756 0.446875 0.8221797323135756 0.4484375 0.8164435946462715 0.4546875 0.8164435946462715 0.4546875 0.8030592734225621 0.4515625 0.7992351816443595 0.4484375 0.7992351816443595 0.446875 0.7934990439770554 0.44375 0.7934990439770554 0.4421875 0.7896749521988528 0.434375 0.7877629063097514 0.434375 0.7839388145315488 0.43125 0.7820267686424475 0.43125 0.7743785850860421 0.4265625 0.7724665391969407 0.4265625 0.768642447418738 0.4078125 0.768642447418738 0.40625 0.7648183556405354 0.3921875 0.7648183556405354 0.3921875 0.7667304015296367 0.390625 0.768642447418738 0.375 0.768642447418738
2 0.078125 0.5124282982791587 0.0765625 0.5181644359464627 0.06875 0.5181644359464627 0.0671875 0.5239005736137667 0.0609375 0.5239005736137667 0.05625 0.5334608030592735 0.0484375 0.5372848948374761 0.0484375 0.5602294455066922 0.053125 0.5621414913957935 0.053125 0.5850860420650096 0.05625 0.5850860420650096 0.0578125 0.5908221797323135 0.0609375 0.5927342256214149 0.0609375 0.6003824091778203 0.0671875 0.6003824091778203 0.06875 0.6042065009560229 0.071875 0.6042065009560229 0.0734375 0.609942638623327 0.078125 0.6118546845124283 0.078125 0.615678776290631 0.0875 0.615678776290631 0.0890625 0.609942638623327 0.0953125 0.609942638623327 0.096875 0.6042065009560229 0.1046875 0.6042065009560229 0.10625 0.6003824091778203 0.1125 0.6003824091778203 0.1140625 0.5946462715105163 0.1203125 0.5946462715105163 0.1234375 0.5908221797323135 0.1234375 0.5831739961759083 0.128125 0.5812619502868069 0.1296875 0.5755258126195029 0.1328125 0.5755258126195029 0.1328125 0.5717017208413002 0.1375 0.5659655831739961 0.140625 0.5659655831739961 0.140625 0.5621414913957935 0.1453125 0.5564053537284895 0.1484375 0.5564053537284895 0.15 0.5506692160611855 0.153125 0.5506692160611855 0.153125 0.5468451242829828 0.15625 0.5449330783938815 0.15625 0.5334608030592735 0.15 0.5334608030592735 0.1484375 0.5277246653919694 0.1375 0.5277246653919694 0.1359375 0.5239005736137667 0.125 0.5239005736137667 0.1234375 0.5181644359464627 0.1203125 0.5162523900573613 0.1203125 0.5124282982791587 0.1140625 0.5124282982791587 0.1125 0.5086042065009561 0.0890625 0.5086042065009561 0.0890625 0.5105162523900574 0.0875 0.5124282982791587 0.078125 0.5124282982791587
2 0.9890625 0.7055449330783938 0.9875 0.7093690248565966 0.984375 0.7093690248565966 0.984375 0.7131931166347992 0.98125 0.7151051625239006 0.9796875 0.7208413001912046 0.971875 0.7208413001912046 0.971875 0.7284894837476099 0.9671875 0.734225621414914 0.9640625 0.734225621414914 0.9640625 0.7380497131931166 0.9609375 0.739961759082218 0.959375 0.745697896749522 0.953125 0.745697896749522 0.9515625 0.7495219885277247 0.9484375 0.7495219885277247 0.946875 0.7552581261950286 0.94375 0.7552581261950286 0.94375 0.762906309751434 0.940625 0.7648183556405354 0.940625 0.7724665391969407 0.9359375 0.7743785850860421 0.9359375 0.7782026768642447 0.940625 0.780114722753346 0.940625 0.8011472275334608 0.94375 0.8030592734225621 0.94375 0.8164435946462715 0.9484375 0.8183556405353728 0.9484375 0.8317399617590823 0.953125 0.8336520076481836 0.953125 0.8413001912045889 0.95625 0.8432122370936902 0.95625 0.8565965583173997 0.9609375 0.858508604206501 0.9609375 0.8661567877629063 0.9640625 0.8680688336520076 0.9640625 0.875717017208413 0.96875 0.8776290630975143 0.96875 0.8910133843212237 0.971875 0.892925430210325 0.971875 0.9101338432122371 0.9765625 0.9120458891013384 0.9765625 0.9196940726577438 0.98125 0.9216061185468452 0.98125 0.9292543021032504 0.984375 0.9311663479923518 0.984375 0.9407265774378585 0.9890625 0.9426386233269598 0.9890625 0.9502868068833652 0.9921875 0.9521988527724665 0.9921875 0.9636711281070746 0.9984375 0.9636711281070746 0.9984375 0.8527724665391969 0.9953125 0.8508604206500956 0.9953125 0.8432122370936902 0.9984375 0.8413001912045889 0.9984375 0.6998087954110899 0.996875 0.6998087954110899 0.996875 0.7017208413001912 0.9953125 0.7055449330783938 0.9890625 0.7055449330783938
2 0.384375 0.887189292543021 0.384375 0.8948374760994264 0.3796875 0.8967495219885278 0.3796875 0.9101338432122371 0.375 0.9120458891013384 0.375 0.9254302103250478 0.3671875 0.9273422562141491 0.3640625 0.9311663479923518 0.3640625 0.9349904397705545 0.359375 0.9369024856596558 0.359375 0.9407265774378585 0.35625 0.9426386233269598 0.35625 0.9502868068833652 0.359375 0.9521988527724665 0.359375 0.9598470363288719 0.3625 0.9598470363288719 0.3640625 0.9636711281070746 0.3703125 0.9636711281070746 0.371875 0.9694072657743786 0.378125 0.9694072657743786 0.3796875 0.9751434034416826 0.390625 0.9751434034416826 0.3921875 0.9789674952198852 0.41875 0.9789674952198852 0.4203125 0.9751434034416826 0.4390625 0.9751434034416826 0.4390625 0.97131931166348 0.4421875 0.9694072657743786 0.4421875 0.9560229445506692 0.4390625 0.9541108986615678 0.4390625 0.9464627151051626 0.434375 0.9445506692160612 0.434375 0.9369024856596558 0.43125 0.9349904397705545 0.43125 0.9311663479923518 0.428125 0.9311663479923518 0.4265625 0.9273422562141491 0.421875 0.9254302103250478 0.421875 0.9082217973231358 0.41875 0.9063097514340345 0.41875 0.9024856596558317 0.415625 0.9024856596558317 0.4109375 0.892925430210325 0.40625 0.8910133843212237 0.40625 0.887189292543021 0.403125 0.8833652007648184 0.3953125 0.8833652007648184 0.39375 0.8776290630975143 0.3875 0.8776290630975143 0.3875 0.8795411089866156 0.3875 0.8852772466539197 0.384375 0.887189292543021
2 0.0453125 0.7839388145315488 0.0453125 0.7877629063097514 0.0375 0.7934990439770554 0.0375 0.8011472275334608 0.0328125 0.8030592734225621 0.0328125 0.8260038240917782 0.0296875 0.8279158699808795 0.0296875 0.8604206500956023 0.0328125 0.8623326959847036 0.0328125 0.8718929254302104 0.0359375 0.8718929254302104 0.040625 0.8776290630975143 0.040625 0.8814531548757171 0.046875 0.8814531548757171 0.0484375 0.8852772466539197 0.053125 0.887189292543021 0.053125 0.8910133843212237 0.0640625 0.8910133843212237 0.065625 0.8814531548757171 0.0953125 0.8814531548757171 0.096875 0.8852772466539197 0.1078125 0.8852772466539197 0.1078125 0.8374760994263862 0.1046875 0.8355640535372849 0.1046875 0.8240917782026769 0.1 0.8221797323135756 0.1 0.8030592734225621 0.0953125 0.8011472275334608 0.0953125 0.7839388145315488 0.0875 0.7782026768642447 0.0875 0.7743785850860421 0.08125 0.7743785850860421 0.0796875 0.768642447418738 0.0578125 0.768642447418738 0.05625 0.7743785850860421 0.0484375 0.7743785850860421 0.0484375 0.7762906309751434 0.0484375 0.7820267686424475 0.0453125 0.7839388145315488
2 0 0.30401529636711283 0.0078125 0.30019120458891013 0.0078125 0.29636711281070743 0.0046875 0.29636711281070743 0.003125 0.2925430210325048 0.0109375 0.29063097514340347 0.0109375 0.27724665391969405 0.015625 0.27533460803059273 0.015625 0.27151051625239003 0.0203125 0.26577437858508607 0.0234375 0.26577437858508607 0.025 0.26003824091778205 0.03125 0.26003824091778205 0.03125 0.25621414913957935 0.0359375 0.25430210325047803 0.040625 0.2447418738049713 0.04375 0.2447418738049713 0.046875 0.24091778202676864 0.0484375 0.23518164435946462 0.05625 0.23135755258126195 0.0578125 0.22562141491395793 0.0640625 0.22562141491395793 0.065625 0.2198852772466539 0.0875 0.2198852772466539 0.0890625 0.22562141491395793 0.1 0.22562141491395793 0.1015625 0.23135755258126195 0.1125 0.23135755258126195 0.1140625 0.23518164435946462 0.1328125 0.23518164435946462 0.1328125 0.21223709369024857 0.1375 0.20650095602294455 0.140625 0.20650095602294455 0.1421875 0.21032504780114722 0.1484375 0.21032504780114722 0.15 0.20650095602294455 0.15625 0.20650095602294455 0.1578125 0.21032504780114722 0.1609375 0.21032504780114722 0.1625 0.20650095602294455 0.2015625 0.20650095602294455 0.203125 0.20076481835564053 0.2203125 0.20076481835564053 0.2328125 0.18546845124282982 0.2328125 0.1586998087954111 0.2296875 0.15678776290630975 0.2296875 0.15296367112810708 0.225 0.15105162523900573 0.225 0.14340344168260039 0.221875 0.14340344168260039 0.2171875 0.13766730401529637 0.2171875 0.12810707456978968 0.2109375 0.12810707456978968 0.209375 0.124282982791587 0.20625 0.124282982791587 0.2046875 0.11854684512428298 0.2015625 0.11663479923518165 0.2015625 0.1089866156787763 0.1984375 0.1089866156787763 0.196875 0.10516252390057361 0.1921875 0.10325047801147227 0.1921875 0.09369024856596558 0.184375 0.08795411089866156 0.184375 0.08030592734225621 0.18125 0.07839388145315487 0.18125 0.0745697896749522 0.178125 0.0745697896749522 0.1765625 0.07074569789674952 0.171875 0.06883365200764818 0.16875 0.05927342256214149 0.1640625 0.05736137667304015 0.1640625 0.0497131931166348 0.15625 0.04397705544933078 0.15625 0.040152963671128104 0.153125 0.036328871892925434 0.1484375 0.03441682600382409 0.1484375 0.030592734225621414 0.14375 0.028680688336520075 0.14375 0.0248565965583174 0.140625 0.022944550669216062 0.140625 0.015296367112810707 0.134375 0.015296367112810707 0.1328125 0.011472275334608031 0 0.011472275334608031 0 0.01338432122370937 0 0.06883365200764818 0.003125 0.06883365200764818 0.0046875 0.07265774378585087 0 0.0745697896749522 0 0.20076481835564053 0.0046875 0.20267686424474188 0.0046875 0.24091778202676864 0 0.24282982791587 0 0.30401529636711283
2 0.0859375 0.745697896749522 0.084375 0.7495219885277247 0.0734375 0.7495219885277247 0.0734375 0.762906309751434 0.0765625 0.762906309751434 0.078125 0.7667304015296367 0.084375 0.7667304015296367 0.0859375 0.7724665391969407 0.0890625 0.7743785850860421 0.0890625 0.7782026768642447 0.09375 0.780114722753346 0.09375 0.7877629063097514 0.096875 0.7896749521988528 0.096875 0.8068833652007649 0.1015625 0.8087954110898662 0.1015625 0.8221797323135756 0.10625 0.8240917782026769 0.10625 0.8413001912045889 0.109375 0.8432122370936902 0.109375 0.8852772466539197 0.10625 0.887189292543021 0.10625 0.9005736137667304 0.109375 0.9024856596558317 0.109375 0.9063097514340345 0.1125 0.9063097514340345 0.1171875 0.9120458891013384 0.1171875 0.9158699808795411 0.1234375 0.9158699808795411 0.125 0.9196940726577438 0.1296875 0.9216061185468452 0.1296875 0.9254302103250478 0.1359375 0.9254302103250478 0.1375 0.9292543021032504 0.14375 0.9292543021032504 0.1453125 0.9349904397705545 0.1484375 0.9349904397705545 0.15 0.9292543021032504 0.153125 0.9292543021032504 0.1546875 0.9254302103250478 0.1609375 0.9254302103250478 0.1609375 0.9216061185468452 0.1640625 0.9196940726577438 0.1640625 0.887189292543021 0.1609375 0.8852772466539197 0.1609375 0.8738049713193117 0.15625 0.8718929254302104 0.15625 0.8279158699808795 0.1609375 0.8260038240917782 0.1609375 0.8030592734225621 0.15625 0.8011472275334608 0.15625 0.7896749521988528 0.153125 0.7877629063097514 0.153125 0.7552581261950286 0.1484375 0.7533460803059273 0.1484375 0.7495219885277247 0.1375 0.7495219885277247 0.1359375 0.745697896749522 0.121875 0.745697896749522 0.1203125 0.739961759082218 0.1015625 0.739961759082218 0.1015625 0.7418738049713193 0.1 0.745697896749522 0.0859375 0.745697896749522
2 0.040625 0.6405353728489483 0.040625 0.6443594646271511 0.0375 0.6462715105162524 0.0359375 0.6520076481835564 0.0328125 0.6520076481835564 0.0328125 0.6787762906309751 0.0296875 0.6806883365200764 0.0296875 0.6845124282982792 0.0328125 0.6864244741873805 0.0328125 0.7074569789674953 0.0375 0.7093690248565966 0.0375 0.7189292543021033 0.0453125 0.7246653919694073 0.0453125 0.7323135755258127 0.059375 0.7323135755258127 0.0609375 0.7380497131931166 0.1 0.7380497131931166 0.1015625 0.7323135755258127 0.1125 0.7323135755258127 0.1140625 0.7284894837476099 0.1203125 0.7284894837476099 0.121875 0.722753346080306 0.128125 0.722753346080306 0.1296875 0.7189292543021033 0.1359375 0.7189292543021033 0.1359375 0.7151051625239006 0.140625 0.7131931166347992 0.1421875 0.7074569789674953 0.1484375 0.7074569789674953 0.15 0.7036328871892925 0.153125 0.7036328871892925 0.153125 0.6959847036328872 0.15 0.6959847036328872 0.1484375 0.6902485659655831 0.1453125 0.6902485659655831 0.140625 0.6845124282982792 0.140625 0.6806883365200764 0.1359375 0.6787762906309751 0.1359375 0.6749521988527725 0.1328125 0.6711281070745698 0.128125 0.6692160611854685 0.128125 0.6653919694072657 0.121875 0.6653919694072657 0.1203125 0.6615678776290631 0.115625 0.6596558317399618 0.115625 0.655831739961759 0.1125 0.6539196940726577 0.1125 0.6462715105162524 0.1078125 0.6443594646271511 0.1078125 0.6405353728489483 0.1015625 0.6405353728489483 0.1 0.6367112810707457 0.09375 0.6367112810707457 0.0921875 0.6309751434034416 0.0453125 0.6309751434034416 0.0453125 0.6328871892925431 0.0453125 0.638623326959847 0.040625 0.6405353728489483
2 0 0.994263862332696 0.003125 0.994263862332696 0.0046875 0.9980879541108987 0.071875 0.9980879541108987 0.0734375 0.994263862332696 0.0765625 0.994263862332696 0.0765625 0.9904397705544933 0.071875 0.988527724665392 0.071875 0.9808795411089866 0.0671875 0.9789674952198852 0.0671875 0.97131931166348 0.0640625 0.9694072657743786 0.0640625 0.9617590822179732 0.059375 0.9598470363288719 0.059375 0.9464627151051626 0.0515625 0.9407265774378585 0.0515625 0.9311663479923518 0.0484375 0.9311663479923518 0.046875 0.9273422562141491 0.040625 0.9273422562141491 0.0390625 0.9216061185468452 0.03125 0.9158699808795411 0.03125 0.9120458891013384 0.028125 0.9082217973231358 0.0203125 0.9082217973231358 0.01875 0.9024856596558317 0.0125 0.9024856596558317 0.0125 0.904397705544933 0.0125 0.9101338432122371 0.009375 0.9120458891013384 0.009375 0.9349904397705545 0.0046875 0.9369024856596558 0.0046875 0.9502868068833652 0 0.9521988527724665 0 0.994263862332696
2 0.971875 0.2332695984703633 0.96875 0.23709369024856597 0.96875 0.26577437858508607 0.971875 0.2676864244741874 0.971875 0.29063097514340347 0.9765625 0.2925430210325048 0.9765625 0.30401529636711283 0.9796875 0.30401529636711283 0.98125 0.30975143403441685 0.984375 0.31166347992351817 0.984375 0.3193116634799235 0.9890625 0.32122370936902483 0.9890625 0.33460803059273425 0.9921875 0.3365200764818356 0.9921875 0.3441682600382409 0.9984375 0.3441682600382409 0.9984375 0.25239005736137665 0.9953125 0.25047801147227533 0.9953125 0.24282982791587 0.9921875 0.24282982791587 0.990625 0.23709369024856597 0.9875 0.23518164435946462 0.9875 0.22753346080305928 0.9765625 0.22753346080305928 0.9765625 0.2294455066921606 0.975 0.2332695984703633 0.971875 0.2332695984703633
2 0.971875 0.361376673040153 0.96875 0.3652007648183556 0.9671875 0.37093690248565964 0.9640625 0.37093690248565964 0.9609375 0.37476099426386233 0.9609375 0.3824091778202677 0.95625 0.384321223709369 0.953125 0.3938814531548757 0.9484375 0.39579349904397704 0.9484375 0.42829827915869984 0.959375 0.42829827915869984 0.9625 0.4187380497131931 0.9671875 0.4168260038240918 0.9671875 0.4091778202676864 0.971875 0.40344168260038243 0.975 0.40344168260038243 0.9765625 0.3977055449330784 0.9796875 0.3977055449330784 0.9828125 0.3938814531548757 0.984375 0.3881453154875717 0.9875 0.3881453154875717 0.9890625 0.3824091778202677 0.9984375 0.3824091778202677 0.9984375 0.35564053537284895 0.9765625 0.35564053537284895 0.9765625 0.3575525812619503 0.975 0.361376673040153 0.971875 0.361376673040153
2 0.5171875 0.6022944550669216 0.5171875 0.6730401529636711 0.5125 0.6749521988527725 0.5125 0.7074569789674953 0.5640625 0.7074569789674953 0.565625 0.7131931166347992 0.5921875 0.7131931166347992 0.59375 0.7074569789674953 0.6 0.7074569789674953 0.6015625 0.7036328871892925 0.6046875 0.7036328871892925 0.6046875 0.6711281070745698 0.6 0.6692160611854685 0.6 0.655831739961759 0.6046875 0.6539196940726577 0.6046875 0.621414913957935 0.6015625 0.621414913957935 0.6 0.6175908221797323 0.5953125 0.615678776290631 0.5953125 0.6061185468451242 0.5734375 0.6061185468451242 0.571875 0.6022944550669216 0.553125 0.6022944550669216 0.5515625 0.5965583173996176 0.540625 0.5965583173996176 0.5390625 0.5927342256214149 0.5203125 0.5927342256214149 0.5203125 0.5946462715105163 0.5203125 0.6003824091778203 0.5171875 0.6022944550669216
2 0.45625 0.030592734225621414 0.45625 0.04397705544933078 0.453125 0.045889101338432124 0.453125 0.06883365200764818 0.4484375 0.07074569789674952 0.4484375 0.07265774378585087 0.453125 0.0745697896749522 0.453125 0.10707456978967496 0.45625 0.1089866156787763 0.45625 0.11663479923518165 0.453125 0.11854684512428298 0.453125 0.13193116634799235 0.4484375 0.1338432122370937 0.4484375 0.13766730401529637 0.475 0.13766730401529637 0.4765625 0.13193116634799235 0.4875 0.13193116634799235 0.4890625 0.12619502868068833 0.503125 0.12619502868068833 0.5046875 0.12237093690248566 0.515625 0.12237093690248566 0.515625 0.11854684512428298 0.51875 0.11663479923518165 0.51875 0.1089866156787763 0.515625 0.10707456978967496 0.515625 0.0994263862332696 0.5125 0.0994263862332696 0.5078125 0.08986615678776291 0.503125 0.08795411089866156 0.503125 0.0841300191204589 0.5 0.0841300191204589 0.4953125 0.07839388145315487 0.4953125 0.0745697896749522 0.4828125 0.06883365200764818 0.4828125 0.05927342256214149 0.4796875 0.05736137667304015 0.4796875 0.0497131931166348 0.475 0.04780114722753346 0.475 0.036328871892925434 0.4703125 0.03441682600382409 0.4703125 0.030592734225621414 0.4640625 0.030592734225621414 0.4625 0.0248565965583174 0.4609375 0.0248565965583174 0.4609375 0.02676864244741874 0.459375 0.030592734225621414 0.45625 0.030592734225621414
2 0.859375 0.7896749521988528 0.8578125 0.7934990439770554 0.8546875 0.7896749521988528 0.8515625 0.7896749521988528 0.85 0.7934990439770554 0.84375 0.7934990439770554 0.84375 0.8011472275334608 0.8390625 0.8030592734225621 0.8390625 0.8068833652007649 0.8359375 0.8087954110898662 0.8359375 0.8317399617590823 0.8390625 0.8336520076481836 0.8390625 0.847036328871893 0.84375 0.8489483747609943 0.84375 0.8604206500956023 0.846875 0.8623326959847036 0.846875 0.8814531548757171 0.8515625 0.8833652007648184 0.8515625 0.9196940726577438 0.8625 0.9196940726577438 0.8671875 0.9101338432122371 0.8859375 0.9101338432122371 0.8875 0.9063097514340345 0.8984375 0.9063097514340345 0.8984375 0.9024856596558317 0.903125 0.9005736137667304 0.903125 0.8967495219885278 0.9078125 0.8910133843212237 0.9109375 0.8910133843212237 0.9109375 0.8374760994263862 0.90625 0.8355640535372849 0.90625 0.8145315487571702 0.903125 0.8126195028680688 0.903125 0.8030592734225621 0.8984375 0.8011472275334608 0.8984375 0.7934990439770554 0.8953125 0.7934990439770554 0.890625 0.7877629063097514 0.890625 0.7839388145315488 0.875 0.7839388145315488 0.875 0.7858508604206501 0.8734375 0.7896749521988528 0.859375 0.7896749521988528
2 0.5296875 0.015296367112810707 0.5296875 0.022944550669216062 0.525 0.0248565965583174 0.525 0.03441682600382409 0.5296875 0.036328871892925434 0.5296875 0.04780114722753346 0.525 0.0497131931166348 0.525 0.07265774378585087 0.5203125 0.0745697896749522 0.5203125 0.11281070745697896 0.5234375 0.11281070745697896 0.525 0.11663479923518165 0.5765625 0.11663479923518165 0.58125 0.10707456978967496 0.584375 0.10707456978967496 0.5875 0.10325047801147227 0.5890625 0.09751434034416825 0.5921875 0.09751434034416825 0.5921875 0.08986615678776291 0.5953125 0.08795411089866156 0.5953125 0.08030592734225621 0.6 0.07839388145315487 0.6015625 0.06883365200764818 0.6046875 0.06883365200764818 0.6046875 0.045889101338432124 0.6 0.04397705544933078 0.6 0.011472275334608031 0.5890625 0.011472275334608031 0.5875 0.0057361376673040155 0.5328125 0.0057361376673040155 0.5328125 0.0076481835564053535 0.5328125 0.01338432122370937 0.5296875 0.015296367112810707
2 0.9 0.20267686424474188 0.8984375 0.2084130019120459 0.8953125 0.2084130019120459 0.8921875 0.21223709369024857 0.890625 0.2179732313575526 0.8875 0.2179732313575526 0.884375 0.22179732313575526 0.884375 0.23135755258126195 0.8796875 0.2332695984703633 0.8796875 0.26003824091778205 0.875 0.26195028680688337 0.875 0.2944550669216061 0.871875 0.29636711281070743 0.871875 0.32504780114722753 0.875 0.32695984703632885 0.875 0.33460803059273425 0.871875 0.3365200764818356 0.871875 0.3690248565965583 0.8796875 0.37476099426386233 0.8796875 0.37858508604206503 0.8859375 0.37858508604206503 0.8875 0.3824091778202677 0.890625 0.3824091778202677 0.890625 0.37476099426386233 0.8953125 0.3690248565965583 0.903125 0.3690248565965583 0.903125 0.35564053537284895 0.8984375 0.35372848948374763 0.8984375 0.29636711281070743 0.903125 0.2944550669216061 0.903125 0.28107074569789675 0.90625 0.27915869980879543 0.90625 0.22179732313575526 0.9109375 0.2198852772466539 0.9109375 0.2084130019120459 0.9140625 0.20650095602294455 0.9140625 0.1931166347992352 0.9078125 0.1931166347992352 0.9078125 0.1950286806883365 0.903125 0.20267686424474188 0.9 0.20267686424474188
2 0.7421875 0.4837476099426386 0.7421875 0.4875717017208413 0.7375 0.4933078393881453 0.734375 0.4933078393881453 0.734375 0.497131931166348 0.7296875 0.502868068833652 0.7265625 0.502868068833652 0.725 0.5086042065009561 0.721875 0.5086042065009561 0.71875 0.5124282982791587 0.71875 0.5219885277246654 0.7140625 0.5239005736137667 0.709375 0.5334608030592735 0.70625 0.5334608030592735 0.703125 0.5372848948374761 0.7015625 0.5430210325047801 0.69375 0.5468451242829828 0.690625 0.5564053537284895 0.6859375 0.5583173996175909 0.6828125 0.5621414913957935 0.6828125 0.5659655831739961 0.678125 0.5678776290630975 0.678125 0.5697896749521989 0.6828125 0.5717017208413002 0.6828125 0.5812619502868069 0.6859375 0.5850860420650096 0.6921875 0.5850860420650096 0.69375 0.5908221797323135 0.7046875 0.5908221797323135 0.70625 0.5850860420650096 0.7171875 0.5850860420650096 0.71875 0.5812619502868069 0.725 0.5812619502868069 0.725 0.5774378585086042 0.7296875 0.5755258126195029 0.7296875 0.5717017208413002 0.734375 0.5659655831739961 0.7375 0.5659655831739961 0.7375 0.5583173996175909 0.740625 0.5564053537284895 0.7421875 0.5506692160611855 0.7453125 0.5506692160611855 0.7453125 0.5430210325047801 0.7484375 0.5411089866156787 0.7484375 0.5372848948374761 0.7453125 0.5353728489483748 0.7453125 0.5277246653919694 0.7484375 0.5258126195028681 0.7484375 0.49904397705544934 0.753125 0.497131931166348 0.753125 0.4837476099426386 0.75 0.4837476099426386 0.7484375 0.4780114722753346 0.746875 0.4780114722753346 0.746875 0.47992351816443596 0.7453125 0.4837476099426386 0.7421875 0.4837476099426386
2 0 0.3479923518164436 0.0046875 0.34990439770554493 0.0046875 0.37858508604206503 0.009375 0.38049713193116635 0.009375 0.3938814531548757 0.0125 0.39579349904397704 0.0125 0.4321223709369025 0.0171875 0.4340344168260038 0.0171875 0.4416826003824092 0.0359375 0.4416826003824092 0.0375 0.4378585086042065 0.0515625 0.4378585086042065 0.053125 0.4321223709369025 0.0578125 0.4340344168260038 0.0578125 0.4569789674952199 0.053125 0.4588910133843212 0.053125 0.4722753346080306 0.0484375 0.47418738049713194 0.0484375 0.5009560229445507 0.053125 0.502868068833652 0.053125 0.5162523900573613 0.071875 0.5162523900573613 0.0734375 0.5105162523900574 0.0796875 0.5105162523900574 0.08125 0.5066921606118547 0.1203125 0.5066921606118547 0.125 0.5124282982791587 0.125 0.5162523900573613 0.1328125 0.5162523900573613 0.134375 0.5219885277246654 0.14375 0.5219885277246654 0.1453125 0.5258126195028681 0.153125 0.5258126195028681 0.1578125 0.5353728489483748 0.1625 0.5372848948374761 0.1625 0.5449330783938815 0.1578125 0.5468451242829828 0.1546875 0.5564053537284895 0.15 0.5583173996175909 0.1484375 0.5621414913957935 0.1453125 0.5621414913957935 0.1453125 0.5659655831739961 0.140625 0.5717017208413002 0.1375 0.5717017208413002 0.1375 0.5755258126195029 0.134375 0.5774378585086042 0.134375 0.5850860420650096 0.1296875 0.5869980879541109 0.128125 0.5927342256214149 0.125 0.5927342256214149 0.121875 0.5965583173996176 0.1203125 0.6022944550669216 0.1140625 0.6022944550669216 0.10625 0.6118546845124283 0.10625 0.6252390057361377 0.109375 0.627151051625239 0.109375 0.6347992351816444 0.1125 0.6347992351816444 0.1171875 0.6405353728489483 0.1171875 0.6443594646271511 0.1484375 0.6443594646271511 0.15 0.638623326959847 0.1890625 0.638623326959847 0.190625 0.6347992351816444 0.2171875 0.6347992351816444 0.21875 0.6367112810707457 0.21875 0.6596558317399618 0.2453125 0.6596558317399618 0.246875 0.6539196940726577 0.2609375 0.6539196940726577 0.2625 0.6500956022944551 0.2859375 0.6500956022944551 0.290625 0.655831739961759 0.290625 0.6596558317399618 0.30625 0.6596558317399618 0.3078125 0.6539196940726577 0.321875 0.6539196940726577 0.3234375 0.6500956022944551 0.3421875 0.6500956022944551 0.34375 0.6443594646271511 0.3625 0.6443594646271511 0.3640625 0.638623326959847 0.378125 0.638623326959847 0.3796875 0.6347992351816444 0.3828125 0.6347992351816444 0.384375 0.6290630975143403 0.390625 0.6290630975143403 0.3953125 0.6195028680688337 0.403125 0.615678776290631 0.40625 0.6061185468451242 0.4109375 0.6042065009560229 0.415625 0.5946462715105163 0.41875 0.5946462715105163 0.421875 0.5908221797323135 0.421875 0.5831739961759083 0.4265625 0.5812619502868069 0.428125 0.5755258126195029 0.43125 0.5755258126195029 0.43125 0.5678776290630975 0.434375 0.5659655831739961 0.4359375 0.5602294455066922 0.4390625 0.5602294455066922 0.4390625 0.5525812619502868 0.4421875 0.5506692160611855 0.4421875 0.5468451242829828 0.446875 0.5449330783938815 0.446875 0.5372848948374761 0.4515625 0.5353728489483748 0.4515625 0.5181644359464627 0.4546875 0.5162523900573613 0.4546875 0.5124282982791587 0.4515625 0.5105162523900574 0.4515625 0.502868068833652 0.4484375 0.502868068833652 0.446875 0.49904397705544934 0.4421875 0.497131931166348 0.4421875 0.4894837476099426 0.4390625 0.4875717017208413 0.4390625 0.4780114722753346 0.4359375 0.4780114722753346 0.43125 0.4722753346080306 0.43125 0.4646271510516252 0.4265625 0.4627151051625239 0.4265625 0.45506692160611856 0.421875 0.45315487571701724 0.421875 0.4435946462715105 0.41875 0.4416826003824092 0.41875 0.4340344168260038 0.4140625 0.4321223709369025 0.4140625 0.4187380497131931 0.4109375 0.4168260038240918 0.4109375 0.4091778202676864 0.40625 0.4072657743785851 0.40625 0.390057361376673 0.403125 0.3881453154875717 0.403125 0.361376673040153 0.3984375 0.35946462715105165 0.3984375 0.34608030592734224 0.39375 0.3441682600382409 0.39375 0.3154875717017208 0.390625 0.3135755258126195 0.390625 0.28680688336520077 0.3875 0.28680688336520077 0.3828125 0.27724665391969405 0.378125 0.27533460803059273 0.378125 0.2676864244741874 0.375 0.2676864244741874 0.3734375 0.26195028680688337 0.3703125 0.26003824091778205 0.3703125 0.25239005736137665 0.359375 0.25239005736137665 0.3578125 0.24665391969407266 0.3515625 0.24665391969407266 0.35 0.24282982791587 0.3453125 0.24091778202676864 0.3453125 0.23709369024856597 0.3421875 0.2332695984703633 0.3359375 0.2332695984703633 0.334375 0.22753346080305928 0.3296875 0.22562141491395793 0.3296875 0.22179732313575526 0.31875 0.22179732313575526 0.3171875 0.2179732313575526 0.2953125 0.2179732313575526 0.29375 0.22179732313575526 0.290625 0.22179732313575526 0.2890625 0.2179732313575526 0.2828125 0.2179732313575526 0.28125 0.21223709369024857 0.2671875 0.21223709369024857 0.265625 0.2084130019120459 0.23125 0.2084130019120459 0.23125 0.21032504780114722 0.2296875 0.21223709369024857 0.19375 0.21223709369024857 0.1921875 0.2179732313575526 0.178125 0.2179732313575526 0.1703125 0.22753346080305928 0.1703125 0.23518164435946462 0.165625 0.23709369024856597 0.165625 0.24091778202676864 0.1703125 0.24282982791587 0.1703125 0.25430210325047803 0.1734375 0.25621414913957935 0.1734375 0.2695984703632887 0.178125 0.27151051625239003 0.178125 0.28489483747609945 0.1828125 0.28680688336520077 0.1828125 0.2944550669216061 0.1859375 0.29636711281070743 0.184375 0.30210325047801145 0.1546875 0.30210325047801145 0.153125 0.29636711281070743 0.1484375 0.2944550669216061 0.1484375 0.28680688336520077 0.1421875 0.28680688336520077 0.140625 0.28107074569789675 0.1375 0.28107074569789675 0.1328125 0.27533460803059273 0.1328125 0.27151051625239003 0.125 0.2676864244741874 0.1234375 0.26195028680688337 0.1203125 0.26003824091778205 0.1203125 0.25621414913957935 0.1171875 0.25621414913957935 0.115625 0.25239005736137665 0.109375 0.25239005736137665 0.1078125 0.24665391969407266 0.1015625 0.24665391969407266 0.1 0.24282982791587 0.0890625 0.24282982791587 0.0875 0.23709369024856597 0.06875 0.23709369024856597 0.0671875 0.24282982791587 0.0609375 0.24282982791587 0.0578125 0.24665391969407266 0.05625 0.25239005736137665 0.053125 0.25239005736137665 0.0515625 0.25621414913957935 0.0453125 0.25621414913957935 0.0453125 0.26003824091778205 0.040625 0.26195028680688337 0.040625 0.26577437858508607 0.0359375 0.27151051625239003 0.0328125 0.27151051625239003 0.0328125 0.27533460803059273 0.028125 0.28107074569789675 0.025 0.28107074569789675 0.025 0.30975143403441685 0.0234375 0.31166347992351817 0.0171875 0.31166347992351817 0.015625 0.3154875717017208 0.0046875 0.3154875717017208 0.003125 0.32122370936902483 0 0.32122370936902483 0 0.3479923518164436
2 0.165625 0.9349904397705545 0.1625 0.9369024856596558 0.1625 0.9502868068833652 0.165625 0.9541108986615678 0.171875 0.9541108986615678 0.1734375 0.9598470363288719 0.1765625 0.9598470363288719 0.178125 0.9636711281070746 0.184375 0.9636711281070746 0.1859375 0.9694072657743786 0.190625 0.97131931166348 0.190625 0.9751434034416826 0.196875 0.9751434034416826 0.1984375 0.9789674952198852 0.203125 0.9808795411089866 0.203125 0.9847036328871893 0.2125 0.9847036328871893 0.2140625 0.988527724665392 0.21875 0.9904397705544933 0.21875 0.994263862332696 0.225 0.994263862332696 0.2265625 0.9980879541108987 0.2484375 0.9980879541108987 0.25 0.994263862332696 0.253125 0.994263862332696 0.253125 0.9808795411089866 0.2578125 0.9789674952198852 0.2578125 0.9617590822179732 0.253125 0.9598470363288719 0.253125 0.9521988527724665 0.2484375 0.9502868068833652 0.2484375 0.9369024856596558 0.240625 0.9273422562141491 0.221875 0.9273422562141491 0.2171875 0.9369024856596558 0.2140625 0.9369024856596558 0.2125 0.9426386233269598 0.20625 0.9426386233269598 0.2046875 0.9369024856596558 0.1984375 0.9369024856596558 0.196875 0.9311663479923518 0.19375 0.9311663479923518 0.1890625 0.9254302103250478 0.1890625 0.9216061185468452 0.1734375 0.9216061185468452 0.1734375 0.9254302103250478 0.1703125 0.9273422562141491 0.1703125 0.9292543021032504 0.165625 0.9311663479923518 0.165625 0.9349904397705545
2 0.959375 0.4627151051625239 0.9640625 0.4684512428298279 0.9640625 0.4722753346080306 0.9671875 0.4722753346080306 0.971875 0.4780114722753346 0.971875 0.4818355640535373 0.9765625 0.4837476099426386 0.9765625 0.491395793499044 0.9796875 0.491395793499044 0.984375 0.5009560229445507 0.9890625 0.502868068833652 0.9890625 0.5066921606118547 0.9921875 0.5105162523900574 0.9984375 0.5105162523900574 0.9984375 0.45506692160611856 0.971875 0.45506692160611856 0.9703125 0.44933078393881454 0.95625 0.44933078393881454 0.95625 0.45124282982791586 0.95625 0.4627151051625239 0.959375 0.4627151051625239
1 0.43125 0.5927342256214149 0.4234375 0.5965583173996176 0.4234375 0.6003824091778203 0.41875 0.6061185468451242 0.415625 0.6061185468451242 0.4125 0.615678776290631 0.4046875 0.621414913957935 0.403125 0.627151051625239 0.3953125 0.627151051625239 0.390625 0.6367112810707457 0.3875 0.6367112810707457 0.384375 0.6405353728489483 0.3828125 0.6462715105162524 0.375 0.6462715105162524 0.3734375 0.6520076481835564 0.346875 0.6520076481835564 0.3453125 0.655831739961759 0.33125 0.655831739961759 0.33125 0.6596558317399618 0.328125 0.6615678776290631 0.328125 0.6730401529636711 0.33125 0.6749521988527725 0.33125 0.6787762906309751 0.3359375 0.6806883365200764 0.3359375 0.6845124282982792 0.3390625 0.6883365200764818 0.34375 0.6902485659655831 0.34375 0.6978967495219885 0.346875 0.6998087954110899 0.346875 0.7036328871892925 0.35 0.7036328871892925 0.3515625 0.7074569789674953 0.3578125 0.7074569789674953 0.359375 0.7131931166347992 0.3640625 0.7151051625239006 0.3640625 0.722753346080306 0.3671875 0.7246653919694073 0.3671875 0.7323135755258127 0.371875 0.734225621414914 0.371875 0.7667304015296367 0.390625 0.7667304015296367 0.3921875 0.762906309751434 0.3984375 0.762906309751434 0.4 0.7667304015296367 0.421875 0.7667304015296367 0.4234375 0.7724665391969407 0.428125 0.7743785850860421 0.428125 0.7782026768642447 0.43125 0.7782026768642447 0.4359375 0.7839388145315488 0.4359375 0.7877629063097514 0.4421875 0.7877629063097514 0.44375 0.7915869980879541 0.4484375 0.7934990439770554 0.4484375 0.7973231357552581 0.4515625 0.7973231357552581 0.45625 0.8030592734225621 0.45625 0.8164435946462715 0.4484375 0.8183556405353728 0.4484375 0.8221797323135756 0.440625 0.8279158699808795 0.4390625 0.8336520076481836 0.4359375 0.8336520076481836 0.4359375 0.8413001912045889 0.4515625 0.8413001912045889 0.4515625 0.8374760994263862 0.45625 0.8317399617590823 0.459375 0.8317399617590823 0.459375 0.8279158699808795 0.4625 0.8260038240917782 0.4625 0.8183556405353728 0.4671875 0.8164435946462715 0.4671875 0.8087954110898662 0.4703125 0.8068833652007649 0.4703125 0.8030592734225621 0.475 0.8011472275334608 0.475 0.7896749521988528 0.4796875 0.7877629063097514 0.4796875 0.7648183556405354 0.4828125 0.762906309751434 0.4828125 0.745697896749522 0.4875 0.7437858508604207 0.4875 0.7246653919694073 0.490625 0.722753346080306 0.490625 0.7151051625239006 0.4953125 0.7131931166347992 0.4953125 0.6806883365200764 0.490625 0.6787762906309751 0.490625 0.6711281070745698 0.4875 0.6692160611854685 0.4875 0.6615678776290631 0.490625 0.6596558317399618 0.490625 0.655831739961759 0.4875 0.6539196940726577 0.4875 0.6022944550669216 0.4828125 0.6003824091778203 0.4828125 0.5965583173996176 0.4796875 0.5927342256214149 0.471875 0.5927342256214149 0.4703125 0.5869980879541109 0.45625 0.5869980879541109 0.4546875 0.5831739961759083 0.440625 0.5831739961759083 0.440625 0.5850860420650096 0.4328125 0.5869980879541109 0.43125 0.5927342256214149
1 0.7703125 0.3652007648183556 0.7703125 0.3690248565965583 0.765625 0.37476099426386233 0.7625 0.37476099426386233 0.7625 0.3881453154875717 0.759375 0.390057361376673 0.759375 0.4168260038240918 0.7546875 0.4187380497131931 0.7546875 0.4416826003824092 0.75 0.4435946462715105 0.75 0.4722753346080306 0.7546875 0.47418738049713194 0.7546875 0.5009560229445507 0.75 0.502868068833652 0.75 0.5258126195028681 0.746875 0.5277246653919694 0.746875 0.5315487571701721 0.75 0.5334608030592735 0.75 0.5449330783938815 0.746875 0.5468451242829828 0.7453125 0.5525812619502868 0.7421875 0.5525812619502868 0.7421875 0.5602294455066922 0.7390625 0.5621414913957935 0.7390625 0.5659655831739961 0.734375 0.5678776290630975 0.734375 0.5755258126195029 0.73125 0.5774378585086042 0.7296875 0.5831739961759083 0.721875 0.5831739961759083 0.7203125 0.5869980879541109 0.7140625 0.5869980879541109 0.7125 0.5927342256214149 0.6828125 0.5927342256214149 0.68125 0.5869980879541109 0.6625 0.5869980879541109 0.6625 0.5908221797323135 0.6546875 0.5965583173996176 0.653125 0.6022944550669216 0.6453125 0.6061185468451242 0.6453125 0.6347992351816444 0.65 0.6367112810707457 0.65 0.6443594646271511 0.653125 0.6443594646271511 0.6546875 0.6500956022944551 0.6578125 0.6520076481835564 0.6578125 0.6596558317399618 0.6609375 0.6596558317399618 0.665625 0.6653919694072657 0.665625 0.6730401529636711 0.66875 0.6730401529636711 0.6703125 0.6787762906309751 0.6734375 0.6806883365200764 0.6734375 0.6883365200764818 0.6765625 0.6883365200764818 0.678125 0.6940726577437859 0.6828125 0.6959847036328872 0.6828125 0.7036328871892925 0.6859375 0.7074569789674953 0.690625 0.7093690248565966 0.690625 0.7189292543021033 0.69375 0.722753346080306 0.696875 0.722753346080306 0.6984375 0.7284894837476099 0.7015625 0.7284894837476099 0.70625 0.734225621414914 0.70625 0.7380497131931166 0.7109375 0.739961759082218 0.7109375 0.7437858508604207 0.7171875 0.7437858508604207 0.71875 0.7476099426386233 0.725 0.7476099426386233 0.7265625 0.7533460803059273 0.7296875 0.7533460803059273 0.734375 0.7590822179732314 0.734375 0.762906309751434 0.7375 0.762906309751434 0.7390625 0.7667304015296367 0.7453125 0.7667304015296367 0.746875 0.7724665391969407 0.753125 0.7724665391969407 0.7546875 0.7782026768642447 0.7609375 0.7782026768642447 0.7625 0.7820267686424475 0.78125 0.7820267686424475 0.7828125 0.7877629063097514 0.80625 0.7877629063097514 0.8078125 0.7820267686424475 0.8140625 0.7820267686424475 0.815625 0.7782026768642447 0.8375 0.7782026768642447 0.8390625 0.7724665391969407 0.878125 0.7724665391969407 0.8796875 0.7667304015296367 0.8984375 0.7667304015296367 0.9 0.762906309751434 0.9140625 0.762906309751434 0.915625 0.7571701720841301 0.9265625 0.7571701720841301 0.928125 0.7533460803059273 0.93125 0.7533460803059273 0.9328125 0.7476099426386233 0.9390625 0.7476099426386233 0.940625 0.7437858508604207 0.946875 0.7437858508604207 0.946875 0.739961759082218 0.9515625 0.7380497131931166 0.953125 0.7323135755258127 0.959375 0.7323135755258127 0.9640625 0.722753346080306 0.9671875 0.722753346080306 0.9703125 0.7189292543021033 0.971875 0.7131931166347992 0.975 0.7131931166347992 0.9765625 0.7074569789674953 0.9796875 0.7074569789674953 0.9828125 0.7036328871892925 0.984375 0.6978967495219885 0.9875 0.6978967495219885 0.990625 0.6940726577437859 0.9921875 0.6883365200764818 0.9953125 0.6883365200764818 0.9953125 0.6749521988527725 0.9984375 0.6730401529636711 0.9984375 0.5334608030592735 0.9953125 0.5315487571701721 0.9953125 0.5239005736137667 0.990625 0.5219885277246654 0.9875 0.5124282982791587 0.9828125 0.5105162523900574 0.9828125 0.502868068833652 0.9796875 0.49904397705544934 0.9765625 0.49904397705544934 0.975 0.4933078393881453 0.971875 0.4933078393881453 0.9671875 0.4875717017208413 0.9671875 0.4837476099426386 0.9625 0.4818355640535373 0.9625 0.4780114722753346 0.959375 0.47418738049713194 0.9484375 0.47418738049713194 0.946875 0.4684512428298279 0.9359375 0.4684512428298279 0.93125 0.4627151051625239 0.93125 0.4588910133843212 0.9234375 0.4588910133843212 0.921875 0.45506692160611856 0.9140625 0.45315487571701724 0.9109375 0.4435946462715105 0.90625 0.4416826003824092 0.90625 0.4340344168260038 0.903125 0.4321223709369025 0.903125 0.4187380497131931 0.8984375 0.4168260038240918 0.8984375 0.4091778202676864 0.89375 0.4072657743785851 0.89375 0.39961759082217974 0.890625 0.39579349904397704 0.884375 0.39579349904397704 0.8828125 0.390057361376673 0.878125 0.3881453154875717 0.878125 0.384321223709369 0.875 0.384321223709369 0.8703125 0.37858508604206503 0.8703125 0.37476099426386233 0.8671875 0.37476099426386233 0.865625 0.37093690248565964 0.859375 0.37093690248565964 0.8578125 0.3652007648183556 0.8515625 0.3652007648183556 0.85 0.361376673040153 0.8359375 0.361376673040153 0.834375 0.35564053537284895 0.803125 0.35564053537284895 0.8015625 0.34990439770554493 0.7828125 0.34990439770554493 0.7828125 0.35181644359464626 0.778125 0.361376673040153 0.7703125 0.3652007648183556
1 0.5484375 0.7304015296367112 0.5453125 0.734225621414914 0.5453125 0.7380497131931166 0.540625 0.739961759082218 0.540625 0.7437858508604207 0.5359375 0.7495219885277247 0.5328125 0.7495219885277247 0.5328125 0.7533460803059273 0.528125 0.7590822179732314 0.525 0.7590822179732314 0.5234375 0.7648183556405354 0.5203125 0.7648183556405354 0.5203125 0.7724665391969407 0.5171875 0.7743785850860421 0.5171875 0.7820267686424475 0.5125 0.7839388145315488 0.5125 0.7877629063097514 0.5078125 0.7934990439770554 0.5046875 0.7934990439770554 0.5046875 0.8011472275334608 0.5 0.8030592734225621 0.5 0.8126195028680688 0.4953125 0.8183556405353728 0.4921875 0.8183556405353728 0.4921875 0.8260038240917782 0.4890625 0.8279158699808795 0.4890625 0.8413001912045889 0.484375 0.8432122370936902 0.484375 0.9101338432122371 0.4890625 0.9120458891013384 0.4890625 0.9407265774378585 0.4921875 0.9426386233269598 0.4921875 0.9541108986615678 0.496875 0.9560229445506692 0.496875 0.9694072657743786 0.5 0.97131931166348 0.5 0.9789674952198852 0.5046875 0.9808795411089866 0.5046875 0.988527724665392 0.509375 0.9904397705544933 0.509375 0.994263862332696 0.5125 0.9980879541108987 0.6078125 0.9980879541108987 0.609375 0.994263862332696 0.615625 0.994263862332696 0.6171875 0.9980879541108987 0.6921875 0.9980879541108987 0.69375 0.994263862332696 0.696875 0.994263862332696 0.6984375 0.9980879541108987 0.765625 0.9980879541108987 0.7671875 0.994263862332696 0.80625 0.994263862332696 0.80625 0.97131931166348 0.809375 0.9694072657743786 0.809375 0.9617590822179732 0.8140625 0.9598470363288719 0.8140625 0.9369024856596558 0.809375 0.9349904397705545 0.809375 0.9177820267686424 0.80625 0.9158699808795411 0.80625 0.9120458891013384 0.809375 0.9101338432122371 0.809375 0.9024856596558317 0.8140625 0.9005736137667304 0.815625 0.8948374760994264 0.81875 0.8967495219885278 0.81875 0.9005736137667304 0.8265625 0.9005736137667304 0.828125 0.9063097514340345 0.83125 0.9101338432122371 0.834375 0.9101338432122371 0.8359375 0.9158699808795411 0.8390625 0.9196940726577438 0.8421875 0.9196940726577438 0.84375 0.9254302103250478 0.8453125 0.9254302103250478 0.8453125 0.8776290630975143 0.8421875 0.875717017208413 0.8421875 0.858508604206501 0.8375 0.8565965583173997 0.8375 0.8489483747609943 0.834375 0.847036328871893 0.834375 0.8374760994263862 0.83125 0.8374760994263862 0.8265625 0.8317399617590823 0.8265625 0.8240917782026769 0.8234375 0.8240917782026769 0.821875 0.8183556405353728 0.81875 0.8183556405353728 0.8140625 0.8126195028680688 0.8140625 0.8087954110898662 0.809375 0.8068833652007649 0.809375 0.8030592734225621 0.803125 0.8030592734225621 0.8015625 0.7992351816443595 0.7875 0.7992351816443595 0.7859375 0.7934990439770554 0.7703125 0.7934990439770554 0.76875 0.7896749521988528 0.7546875 0.7896749521988528 0.753125 0.7839388145315488 0.7421875 0.7839388145315488 0.740625 0.780114722753346 0.734375 0.780114722753346 0.7328125 0.7743785850860421 0.7265625 0.7743785850860421 0.725 0.768642447418738 0.71875 0.768642447418738 0.7171875 0.7648183556405354 0.70625 0.7648183556405354 0.7046875 0.7590822179732314 0.69375 0.7590822179732314 0.6921875 0.7552581261950286 0.6828125 0.7552581261950286 0.68125 0.7495219885277247 0.665625 0.7495219885277247 0.6640625 0.745697896749522 0.6546875 0.745697896749522 0.653125 0.739961759082218 0.6375 0.739961759082218 0.6359375 0.734225621414914 0.6140625 0.734225621414914 0.6125 0.7304015296367112 0.596875 0.7304015296367112 0.5953125 0.7246653919694073 0.5578125 0.7246653919694073 0.5578125 0.7265774378585086 0.55625 0.7304015296367112 0.5484375 0.7304015296367112
1 0.5 0.12810707456978968 0.4984375 0.1338432122370937 0.4890625 0.1338432122370937 0.4875 0.13957934990439771 0.471875 0.13957934990439771 0.4703125 0.14340344168260039 0.4484375 0.14340344168260039 0.446875 0.1491395793499044 0.4359375 0.1491395793499044 0.434375 0.15296367112810708 0.428125 0.15296367112810708 0.4265625 0.1586998087954111 0.4203125 0.1586998087954111 0.4203125 0.16634799235181644 0.415625 0.1682600382409178 0.415625 0.17208413001912046 0.4109375 0.17782026768642448 0.4078125 0.17782026768642448 0.4078125 0.18546845124282982 0.4046875 0.18738049713193117 0.4046875 0.19694072657743786 0.4 0.1988527724665392 0.4 0.21032504780114722 0.3953125 0.21223709369024857 0.3953125 0.23135755258126195 0.3921875 0.2332695984703633 0.3921875 0.2447418738049713 0.3953125 0.24665391969407266 0.3953125 0.27533460803059273 0.4 0.27724665391969405 0.4 0.32504780114722753 0.4046875 0.32695984703632885 0.4046875 0.35372848948374763 0.4078125 0.35564053537284895 0.4078125 0.372848948374761 0.4125 0.37476099426386233 0.4125 0.3881453154875717 0.415625 0.390057361376673 0.415625 0.4072657743785851 0.4203125 0.4091778202676864 0.4203125 0.4225621414913958 0.4234375 0.42447418738049714 0.4234375 0.4321223709369025 0.428125 0.4340344168260038 0.428125 0.4416826003824092 0.4328125 0.4435946462715105 0.4328125 0.45315487571701724 0.4359375 0.45506692160611856 0.4359375 0.4627151051625239 0.4390625 0.4627151051625239 0.44375 0.4684512428298279 0.44375 0.4722753346080306 0.4484375 0.47418738049713194 0.4484375 0.4818355640535373 0.453125 0.4837476099426386 0.453125 0.4875717017208413 0.45625 0.4894837476099426 0.45625 0.497131931166348 0.459375 0.497131931166348 0.4640625 0.502868068833652 0.4640625 0.5105162523900574 0.46875 0.5124282982791587 0.471875 0.5219885277246654 0.4796875 0.5258126195028681 0.484375 0.5353728489483748 0.4890625 0.5372848948374761 0.4890625 0.5449330783938815 0.4921875 0.5468451242829828 0.4921875 0.5506692160611855 0.4984375 0.5506692160611855 0.5 0.5564053537284895 0.503125 0.5564053537284895 0.5046875 0.5602294455066922 0.509375 0.5621414913957935 0.509375 0.5659655831739961 0.515625 0.5659655831739961 0.5203125 0.5717017208413002 0.5203125 0.5755258126195029 0.528125 0.5755258126195029 0.5296875 0.5812619502868069 0.5359375 0.5812619502868069 0.540625 0.5869980879541109 0.540625 0.5908221797323135 0.55625 0.5908221797323135 0.5578125 0.5946462715105163 0.6 0.5946462715105163 0.6015625 0.5908221797323135 0.6125 0.5908221797323135 0.6140625 0.5850860420650096 0.6328125 0.5850860420650096 0.634375 0.5812619502868069 0.64375 0.5812619502868069 0.6453125 0.5755258126195029 0.653125 0.5755258126195029 0.6546875 0.5697896749521989 0.6609375 0.5697896749521989 0.6625 0.5659655831739961 0.66875 0.5659655831739961 0.66875 0.5621414913957935 0.6734375 0.5564053537284895 0.68125 0.5564053537284895 0.6828125 0.5506692160611855 0.6890625 0.5506692160611855 0.6890625 0.5468451242829828 0.69375 0.5411089866156787 0.696875 0.5411089866156787 0.6984375 0.5353728489483748 0.7015625 0.5353728489483748 0.7046875 0.5315487571701721 0.70625 0.5258126195028681 0.709375 0.5258126195028681 0.7125 0.5219885277246654 0.7140625 0.5162523900573613 0.7171875 0.5162523900573613 0.7171875 0.5086042065009561 0.7203125 0.5066921606118547 0.7203125 0.502868068833652 0.725 0.5009560229445507 0.7265625 0.497131931166348 0.7296875 0.497131931166348 0.7296875 0.4933078393881453 0.734375 0.4875717017208413 0.7375 0.4875717017208413 0.7375 0.4837476099426386 0.740625 0.4818355640535373 0.740625 0.47418738049713194 0.7453125 0.4722753346080306 0.7453125 0.4435946462715105 0.7484375 0.4416826003824092 0.7484375 0.42447418738049714 0.753125 0.4225621414913958 0.753125 0.38049713193116635 0.7578125 0.37858508604206503 0.7578125 0.361376673040153 0.753125 0.35946462715105165 0.753125 0.3365200764818356 0.7484375 0.33460803059273425 0.7484375 0.3154875717017208 0.7453125 0.3135755258126195 0.7453125 0.30210325047801145 0.740625 0.30019120458891013 0.740625 0.2925430210325048 0.7375 0.29063097514340347 0.7375 0.27724665391969405 0.7328125 0.27533460803059273 0.7328125 0.2676864244741874 0.7296875 0.26577437858508607 0.7296875 0.25621414913957935 0.725 0.25430210325047803 0.725 0.24665391969407266 0.721875 0.24665391969407266 0.7171875 0.24091778202676864 0.7171875 0.23709369024856597 0.7140625 0.23709369024856597 0.709375 0.23135755258126195 0.709375 0.22753346080305928 0.7046875 0.22562141491395793 0.7046875 0.22179732313575526 0.7015625 0.2179732313575526 0.696875 0.21606118546845124 0.696875 0.21223709369024857 0.69375 0.21223709369024857 0.6890625 0.20650095602294455 0.6890625 0.1988527724665392 0.6859375 0.1988527724665392 0.684375 0.1931166347992352 0.68125 0.19120458891013384 0.68125 0.1835564053537285 0.678125 0.1835564053537285 0.6765625 0.17782026768642448 0.6734375 0.17782026768642448 0.66875 0.17208413001912046 0.66875 0.1682600382409178 0.665625 0.1682600382409178 0.6609375 0.16252390057361377 0.6609375 0.1586998087954111 0.65625 0.15678776290630975 0.65625 0.15296367112810708 0.653125 0.1491395793499044 0.6453125 0.1491395793499044 0.640625 0.13957934990439771 0.6296875 0.13957934990439771 0.628125 0.1338432122370937 0.6171875 0.1338432122370937 0.615625 0.12810707456978968 0.5859375 0.12810707456978968 0.584375 0.124282982791587 0.5453125 0.124282982791587 0.5453125 0.12619502868068833 0.54375 0.12810707456978968 0.5 0.12810707456978968