3 0.4387755102040816 0.3125 0.43537414965986393 0.3140625 0.4387755102040816 0.321875 0.43197278911564624 0.3328125 0.42517006802721086 0.328125 0.41836734693877553 0.328125 0.41156462585034015 0.33125 0.41496598639455784 0.3359375 0.41496598639455784 0.35 0.42517006802721086 0.359375 0.42517006802721086 0.36875 0.4421768707482993 0.3828125 0.4421768707482993 0.409375 0.43537414965986393 0.41875 0.42517006802721086 0.4234375 0.42517006802721086 0.4265625 0.40816326530612246 0.4390625 0.40816326530612246 0.44375 0.4013605442176871 0.45 0.391156462585034 0.4546875 0.391156462585034 0.459375 0.3741496598639456 0.46875 0.3741496598639456 0.471875 0.35714285714285715 0.4796875 0.3469387755102041 0.4890625 0.35034013605442177 0.5140625 0.3333333333333333 0.5328125 0.3299319727891156 0.553125 0.32653061224489793 0.5546875 0.32653061224489793 0.571875 0.3231292517006803 0.5734375 0.3231292517006803 0.6546875 0.3197278911564626 0.65625 0.3197278911564626 0.6703125 0.3231292517006803 0.671875 0.3231292517006803 0.684375 0.3401360544217687 0.6984375 0.3469387755102041 0.709375 0.35374149659863946 0.7125 0.35714285714285715 0.721875 0.3673469387755102 0.7296875 0.3673469387755102 0.7328125 0.3741496598639456 0.7359375 0.3741496598639456 0.7390625 0.40476190476190477 0.7578125 0.40816326530612246 0.76875 0.42517006802721086 0.784375 0.41836734693877553 0.803125 0.3979591836734694 0.815625 0.3945578231292517 0.8296875 0.391156462585034 0.83125 0.391156462585034 0.8578125 0.3979591836734694 0.865625 0.3979591836734694 0.8703125 0.41836734693877553 0.88125 0.4217687074829932 0.88125 0.43537414965986393 0.875 0.445578231292517 0.8734375 0.45918367346938777 0.865625 0.4557823129251701 0.834375 0.47278911564625853 0.815625 0.47278911564625853 0.7921875 0.4931972789115646 0.778125 0.5 0.7671875 0.4965986394557823 0.7625 0.4965986394557823 0.74375 0.4931972789115646 0.7421875 0.4931972789115646 0.7328125 0.4897959183673469 0.73125 0.4897959183673469 0.6875 0.5068027210884354 0.6765625 0.5068027210884354 0.671875 0.5170068027210885 0.6625 0.5170068027210885 0.6546875 0.5238095238095238 0.646875 0.5238095238095238 0.6328125 0.5340136054421769 0.621875 0.5340136054421769 0.609375 0.5408163265306123 0.6 0.5408163265306123 0.5890625 0.5510204081632653 0.578125 0.5578231292517006 0.5625 0.5714285714285714 0.553125 0.5714285714285714 0.5484375 0.5748299319727891 0.546875 0.5748299319727891 0.5296875 0.564625850340136 0.51875 0.564625850340136 0.4984375 0.54421768707483 0.475 0.54421768707483 0.46875 0.5510204081632653 0.4609375 0.5510204081632653 0.453125 0.54421768707483 0.4515625 0.5408163265306123 0.4453125 0.5306122448979592 0.4375 0.5238095238095238 0.4359375 0.5238095238095238 0.4296875 0.5170068027210885 0.425 0.5170068027210885 0.4140625 0.5238095238095238 0.4078125 0.5238095238095238 0.3984375 0.5306122448979592 0.3890625 0.5306122448979592 0.3828125 0.5238095238095238 0.3796875 0.5238095238095238 0.3671875 0.5136054421768708 0.3515625 0.5034013605442177 0.3484375 0.5068027210884354 0.3453125 0.5034013605442177 0.340625 0.4931972789115646 0.340625 0.4897959183673469 0.3390625 0.4931972789115646 0.334375 0.47619047619047616 0.3296875 0.46938775510204084 0.321875 0.4557823129251701 0.3171875 0.4557823129251701 0.3140625 0.4523809523809524 0.3140625 0.4489795918367347 0.3125 0.4387755102040816 0.3125
3 0.20068027210884354 0.1203125 0.17346938775510204 0.1203125 0.16666666666666666 0.1171875 0.1564625850340136 0.1171875 0.14285714285714285 0.125 0.1360544217687075 0.1328125 0.1360544217687075 0.1421875 0.12585034013605442 0.1453125 0.11904761904761904 0.1453125 0.12244897959183673 0.1515625 0.1326530612244898 0.15625 0.1360544217687075 0.1625 0.14625850340136054 0.16875 0.14625850340136054 0.171875 0.12244897959183673 0.18125 0.11904761904761904 0.184375 0.12244897959183673 0.1921875 0.1360544217687075 0.2015625 0.13945578231292516 0.209375 0.15306122448979592 0.2171875 0.17006802721088435 0.2390625 0.18027210884353742 0.24375 0.1836734693877551 0.2484375 0.19047619047619047 0.2515625 0.20748299319727892 0.2515625 0.21428571428571427 0.2546875 0.22108843537414966 0.2609375 0.22108843537414966 0.26875 0.23809523809523808 0.284375 0.23809523809523808 0.2921875 0.24149659863945577 0.29375 0.23809523809523808 0.296875 0.24829931972789115 0.2984375 0.2585034013605442 0.303125 0.2653061224489796 0.303125 0.2755102040816326 0.3078125 0.30952380952380953 0.30625 0.3231292517006803 0.309375 0.36394557823129253 0.3109375 0.3741496598639456 0.3140625 0.38095238095238093 0.3140625 0.4013605442176871 0.321875 0.40816326530612246 0.328125 0.40816326530612246 0.3375 0.41156462585034015 0.3390625 0.41496598639455784 0.3515625 0.42517006802721086 0.3625 0.42517006802721086 0.3703125 0.4421768707482993 0.3828125 0.4421768707482993 0.4109375 0.4387755102040816 0.4125 0.4387755102040816 0.4171875 0.43197278911564624 0.421875 0.42517006802721086 0.4234375 0.42517006802721086 0.4265625 0.41836734693877553 0.4296875 0.40816326530612246 0.440625 0.40816326530612246 0.44375 0.391156462585034 0.4546875 0.391156462585034 0.459375 0.38095238095238093 0.4671875 0.3741496598639456 0.46875 0.3707482993197279 0.475 0.3469387755102041 0.484375 0.3469387755102041 0.5046875 0.35034013605442177 0.50625 0.35034013605442177 0.5125 0.3401360544217687 0.521875 0.3401360544217687 0.528125 0.3333333333333333 0.53125 0.3299319727891156 0.5484375 0.32653061224489793 0.55 0.32653061224489793 0.565625 0.3231292517006803 0.5671875 0.3231292517006803 0.6546875 0.3197278911564626 0.65625 0.3197278911564626 0.671875 0.3231292517006803 0.6734375 0.3231292517006803 0.6859375 0.3401360544217687 0.6984375 0.3469387755102041 0.709375 0.35374149659863946 0.7125 0.35714285714285715 0.7234375 0.3741496598639456 0.7359375 0.3741496598639456 0.7390625 0.40476190476190477 0.7578125 0.41156462585034015 0.771875 0.41836734693877553 0.775 0.41836734693877553 0.778125 0.42517006802721086 0.7828125 0.41836734693877553 0.803125 0.3979591836734694 0.8171875 0.3979591836734694 0.821875 0.3945578231292517 0.8234375 0.3945578231292517 0.8421875 0.391156462585034 0.84375 0.391156462585034 0.8578125 0.3979591836734694 0.8625 0.3979591836734694 0.8703125 0.41496598639455784 0.8796875 0.4217687074829932 0.88125 0.4557823129251701 0.86875 0.45918367346938777 0.8640625 0.4557823129251701 0.834375 0.45918367346938777 0.8328125 0.45918367346938777 0.828125 0.46938775510204084 0.821875 0.47278911564625853 0.7921875 0.48639455782312924 0.784375 0.4965986394557823 0.7734375 0.4965986394557823 0.746875 0.4931972789115646 0.7453125 0.4931972789115646 0.734375 0.4897959183673469 0.7328125 0.4897959183673469 0.715625 0.48639455782312924 0.7140625 0.4897959183673469 0.6859375 0.5034013605442177 0.678125 0.5170068027210885 0.6625 0.5170068027210885 0.6515625 0.5238095238095238 0.6453125 0.5238095238095238 0.6328125 0.5306122448979592 0.6265625 0.5340136054421769 0.609375 0.5408163265306123 0.6 0.5408163265306123 0.5890625 0.5510204081632653 0.578125 0.5510204081632653 0.571875 0.5578231292517006 0.5671875 0.5578231292517006 0.5625 0.5714285714285714 0.553125 0.5714285714285714 0.5484375 0.5748299319727891 0.546875 0.5748299319727891 0.5296875 0.564625850340136 0.5203125 0.564625850340136 0.5 0.54421768707483 0.4765625 0.54421768707483 0.4671875 0.5510204081632653 0.4609375 0.5510204081632653 0.4546875 0.54421768707483 0.4515625 0.5340136054421769 0.440625 0.5238095238095238 0.4359375 0.5238095238095238 0.43125 0.5170068027210885 0.4265625 0.5170068027210885 0.4140625 0.5238095238095238 0.40625 0.5272108843537415 0.390625 0.5306122448979592 0.3890625 0.5306122448979592 0.3828125 0.5238095238095238 0.3796875 0.5272108843537415 0.3546875 0.5306122448979592 0.353125 0.5306122448979592 0.3453125 0.5408163265306123 0.334375 0.5408163265306123 0.3234375 0.5578231292517006 0.3109375 0.5578231292517006 0.3046875 0.564625850340136 0.3 0.5680272108843537 0.2875 0.5578231292517006 0.2796875 0.5680272108843537 0.2765625 0.5680272108843537 0.2734375 0.5612244897959183 0.275 0.5544217687074829 0.2734375 0.5476190476190477 0.28125 0.5408163265306123 0.2703125 0.5340136054421769 0.26875 0.5374149659863946 0.271875 0.5340136054421769 0.2734375 0.5340136054421769 0.278125 0.5374149659863946 0.2796875 0.5272108843537415 0.29375 0.5238095238095238 0.2921875 0.5204081632653061 0.2734375 0.5102040816326531 0.2765625 0.5068027210884354 0.303125 0.5034013605442177 0.3046875 0.5 0.303125 0.4931972789115646 0.284375 0.48299319727891155 0.2828125 0.47278911564625853 0.275 0.46938775510204084 0.275 0.46598639455782315 0.2765625 0.46598639455782315 0.290625 0.48299319727891155 0.3125 0.48299319727891155 0.3265625 0.47959183673469385 0.328125 0.47278911564625853 0.325 0.47278911564625853 0.321875 0.45918367346938777 0.3171875 0.4557823129251701 0.3140625 0.4557823129251701 0.3 0.4523809523809524 0.296875 0.445578231292517 0.296875 0.4387755102040816 0.29375 0.4387755102040816 0.2828125 0.43197278911564624 0.275 0.43197278911564624 0.26875 0.42517006802721086 0.259375 0.40816326530612246 0.2484375 0.40476190476190477 0.2265625 0.3877551020408163 0.209375 0.3877551020408163 0.203125 0.3741496598639456 0.19375 0.36394557823129253 0.1734375 0.35714285714285715 0.16875 0.35034013605442177 0.1390625 0.3401360544217687 0.1328125 0.3333333333333333 0.1328125 0.3299319727891156 0.1390625 0.3401360544217687 0.15 0.3401360544217687 0.18125 0.35034013605442177 0.1859375 0.35374149659863946 0.1953125 0.36394557823129253 0.2015625 0.3707482993197279 0.203125 0.3707482993197279 0.2109375 0.36054421768707484 0.2140625 0.35714285714285715 0.2234375 0.3673469387755102 0.2296875 0.3707482993197279 0.240625 0.37755102040816324 0.2421875 0.3843537414965986 0.2484375 0.391156462585034 0.25 0.391156462585034 0.25625 0.40816326530612246 0.26875 0.40816326530612246 0.2921875 0.4013605442176871 0.29375 0.3945578231292517 0.2890625 0.391156462585034 0.290625 0.3843537414965986 0.2875 0.38095238095238093 0.28125 0.3741496598639456 0.278125 0.3741496598639456 0.275 0.3673469387755102 0.2703125 0.3673469387755102 0.2671875 0.3469387755102041 0.253125 0.3401360544217687 0.2546875 0.3401360544217687 0.2578125 0.35714285714285715 0.2734375 0.35714285714285715 0.278125 0.3673469387755102 0.2859375 0.3707482993197279 0.29375 0.35374149659863946 0.2984375 0.3197278911564626 0.3 0.30612244897959184 0.303125 0.272108843537415 0.3015625 0.2687074829931973 0.2984375 0.25510204081632654 0.29375 0.24829931972789115 0.284375 0.23809523809523808 0.2796875 0.23129251700680273 0.2671875 0.22108843537414966 0.2578125 0.23809523809523808 0.2484375 0.24489795918367346 0.2484375 0.24149659863945577 0.2453125 0.24149659863945577 0.2375 0.24489795918367346 0.2359375 0.24489795918367346 0.2265625 0.24829931972789115 0.2234375 0.24489795918367346 0.2203125 0.25170068027210885 0.2171875 0.25170068027210885 0.2140625 0.24489795918367346 0.2109375 0.23809523809523808 0.2109375 0.23469387755102042 0.20625 0.22789115646258504 0.2046875 0.23129251700680273 0.19375 0.24489795918367346 0.1875 0.25170068027210885 0.18125 0.25170068027210885 0.175 0.23469387755102042 0.1609375 0.23129251700680273 0.1625 0.22789115646258504 0.1609375 0.22448979591836735 0.15 0.22789115646258504 0.1484375 0.22789115646258504 0.14375 0.23809523809523808 0.1390625 0.25170068027210885 0.140625 0.2653061224489796 0.1453125 0.2687074829931973 0.14375 0.2687074829931973 0.134375 0.2653061224489796 0.1328125 0.25510204081632654 0.1328125 0.25170068027210885 0.1296875 0.23469387755102042 0.125 0.22108843537414966 0.125 0.21768707482993196 0.1234375 0.21428571428571427 0.1234375 0.20748299319727892 0.1234375 0.20068027210884354 0.1203125
3 0.5918367346938775 0.11875 0.5884353741496599 0.1203125 0.5476190476190477 0.121875 0.5374149659863946 0.125 0.5306122448979592 0.125 0.5204081632653061 0.1296875 0.5204081632653061 0.1359375 0.5238095238095238 0.1375 0.5850340136054422 0.1390625 0.5918367346938775 0.1375 0.5952380952380952 0.134375 0.6020408163265306 0.1328125 0.6054421768707483 0.134375 0.608843537414966 0.13125 0.6292517006802721 0.128125 0.6428571428571429 0.13125 0.6496598639455783 0.1375 0.6564625850340136 0.1390625 0.6564625850340136 0.134375 0.6428571428571429 0.128125 0.6428571428571429 0.125 0.6190476190476191 0.121875 0.6156462585034014 0.121875 0.608843537414966 0.11875 0.5918367346938775 0.11875
3 0.18027210884353742 0.06875 0.19387755102040816 0.08125 0.17687074829931973 0.0859375 0.17006802721088435 0.0859375 0.16326530612244897 0.0921875 0.16326530612244897 0.096875 0.17346938775510204 0.10625 0.1870748299319728 0.1109375 0.1870748299319728 0.1125 0.19727891156462585 0.1140625 0.20068027210884354 0.1171875 0.19727891156462585 0.11875 0.17346938775510204 0.11875 0.17006802721088435 0.1171875 0.15306122448979592 0.1171875 0.13945578231292516 0.125 0.1360544217687075 0.140625 0.1292517006802721 0.14375 0.11904761904761904 0.14375 0.11904761904761904 0.15 0.12585034013605442 0.153125 0.14285714285714285 0.16875 0.14285714285714285 0.171875 0.11904761904761904 0.18125 0.11904761904761904 0.1890625 0.1360544217687075 0.203125 0.1360544217687075 0.2078125 0.15306122448979592 0.21875 0.17006802721088435 0.240625 0.17687074829931973 0.2421875 0.1870748299319728 0.2515625 0.19387755102040816 0.253125 0.2108843537414966 0.253125 0.21768707482993196 0.25625 0.22448979591836735 0.271875 0.23809523809523808 0.2828125 0.23809523809523808 0.290625 0.24149659863945577 0.29375 0.23809523809523808 0.296875 0.282312925170068 0.309375 0.2891156462585034 0.30625 0.30612244897959184 0.30625 0.3231292517006803 0.309375 0.36054421768707484 0.3109375 0.3877551020408163 0.3171875 0.4013605442176871 0.3234375 0.40816326530612246 0.3296875 0.40816326530612246 0.3390625 0.42517006802721086 0.3640625 0.42517006802721086 0.371875 0.4421768707482993 0.3828125 0.4421768707482993 0.4078125 0.4387755102040816 0.409375 0.4387755102040816 0.4140625 0.42517006802721086 0.421875 0.42517006802721086 0.425 0.40816326530612246 0.4390625 0.40816326530612246 0.44375 0.391156462585034 0.4546875 0.391156462585034 0.459375 0.38095238095238093 0.4671875 0.3741496598639456 0.46875 0.3741496598639456 0.471875 0.36394557823129253 0.4765625 0.36054421768707484 0.4765625 0.35714285714285715 0.48125 0.3469387755102041 0.484375 0.3469387755102041 0.5046875 0.35034013605442177 0.50625 0.35034013605442177 0.5125 0.3435374149659864 0.5171875 0.3401360544217687 0.528125 0.3299319727891156 0.5390625 0.32653061224489793 0.565625 0.3231292517006803 0.5671875 0.3231292517006803 0.6546875 0.3197278911564626 0.65625 0.3197278911564626 0.6703125 0.3231292517006803 0.671875 0.3231292517006803 0.684375 0.3401360544217687 0.6984375 0.3469387755102041 0.709375 0.35374149659863946 0.7125 0.35714285714285715 0.721875 0.3673469387755102 0.7296875 0.3673469387755102 0.7328125 0.391156462585034 0.7484375 0.3945578231292517 0.753125 0.40476190476190477 0.7578125 0.41156462585034015 0.771875 0.41836734693877553 0.775 0.41836734693877553 0.778125 0.42517006802721086 0.7828125 0.42517006802721086 0.790625 0.4217687074829932 0.7921875 0.41836734693877553 0.803125 0.3979591836734694 0.8171875 0.3945578231292517 0.8421875 0.391156462585034 0.84375 0.391156462585034 0.8578125 0.3979591836734694 0.8625 0.3979591836734694 0.8703125 0.41496598639455784 0.8796875 0.4217687074829932 0.88125 0.43537414965986393 0.875 0.445578231292517 0.8734375 0.45918367346938777 0.865625 0.4557823129251701 0.8359375 0.45918367346938777 0.834375 0.45918367346938777 0.8296875 0.46938775510204084 0.821875 0.47278911564625853 0.7921875 0.48639455782312924 0.784375 0.4965986394557823 0.7734375 0.4965986394557823 0.746875 0.4931972789115646 0.7453125 0.4931972789115646 0.734375 0.4897959183673469 0.7328125 0.4897959183673469 0.7109375 0.48639455782312924 0.709375 0.4897959183673469 0.7078125 0.4897959183673469 0.6859375 0.5068027210884354 0.6765625 0.5068027210884354 0.671875 0.5170068027210885 0.6625 0.5170068027210885 0.653125 0.5238095238095238 0.646875 0.5238095238095238 0.6328125 0.5340136054421769 0.6203125 0.5340136054421769 0.6109375 0.5408163265306123 0.6 0.5408163265306123 0.5890625 0.5510204081632653 0.5796875 0.5510204081632653 0.5734375 0.5578231292517006 0.56875 0.5578231292517006 0.5625 0.5714285714285714 0.553125 0.5714285714285714 0.5484375 0.5748299319727891 0.546875 0.5748299319727891 0.528125 0.564625850340136 0.5203125 0.564625850340136 0.5 0.5476190476190477 0.48125 0.5476190476190477 0.465625 0.5544217687074829 0.4578125 0.5408163265306123 0.4484375 0.5408163265306123 0.4453125 0.5238095238095238 0.4359375 0.5204081632653061 0.4234375 0.5170068027210885 0.421875 0.5204081632653061 0.4203125 0.5272108843537415 0.3921875 0.5306122448979592 0.390625 0.5272108843537415 0.3671875 0.5306122448979592 0.365625 0.5340136054421769 0.3484375 0.5408163265306123 0.3421875 0.5408163265306123 0.334375 0.5578231292517006 0.3140625 0.5612244897959183 0.3046875 0.5918367346938775 0.2859375 0.608843537414966 0.2796875 0.6190476190476191 0.271875 0.6258503401360545 0.2703125 0.6326530612244898 0.2640625 0.6394557823129252 0.2640625 0.6530612244897959 0.271875 0.6836734693877551 0.2765625 0.6972789115646258 0.2734375 0.7278911564625851 0.271875 0.7448979591836735 0.2625 0.7448979591836735 0.259375 0.7619047619047619 0.2484375 0.7619047619047619 0.24375 0.7687074829931972 0.2375 0.7789115646258503 0.2328125 0.7789115646258503 0.2296875 0.7959183673469388 0.2234375 0.7959183673469388 0.21875 0.8027210884353742 0.215625 0.8061224489795918 0.1953125 0.8027210884353742 0.19375 0.8027210884353742 0.1875 0.8095238095238095 0.1859375 0.8129251700680272 0.1828125 0.8129251700680272 0.1640625 0.7993197278911565 0.1578125 0.8095238095238095 0.1546875 0.8129251700680272 0.1515625 0.8129251700680272 0.14375 0.7653061224489796 0.1296875 0.7482993197278912 0.1296875 0.7380952380952381 0.1328125 0.6904761904761905 0.1328125 0.6598639455782312 0.140625 0.6428571428571429 0.1296875 0.6428571428571429 0.1265625 0.6190476190476191 0.1234375 0.6054421768707483 0.11875 0.5918367346938775 0.11875 0.5850340136054422 0.121875 0.54421768707483 0.121875 0.5408163265306123 0.1234375 0.5272108843537415 0.1234375 0.5068027210884354 0.1125 0.4965986394557823 0.1109375 0.46938775510204084 0.1109375 0.45918367346938777 0.1140625 0.4523809523809524 0.1140625 0.4387755102040816 0.10625 0.43537414965986393 0.1015625 0.42517006802721086 0.0984375 0.4217687074829932 0.09375 0.40816326530612246 0.0921875 0.3979591836734694 0.0859375 0.36054421768707484 0.084375 0.35714285714285715 0.0859375 0.32653061224489793 0.0875 0.3197278911564626 0.090625 0.3129251700680272 0.090625 0.2891156462585034 0.08125 0.2687074829931973 0.078125 0.2585034013605442 0.0734375 0.21768707482993196 0.0671875 0.21428571428571427 0.0671875 0.1836734693877551 0.0671875 0.18027210884353742 0.06875
3 0.40816326530612246 0.265625 0.41156462585034015 0.29375 0.4013605442176871 0.2953125 0.3877551020408163 0.2921875 0.3707482993197279 0.2765625 0.3673469387755102 0.26875 0.35034013605442177 0.25625 0.3469387755102041 0.2578125 0.3469387755102041 0.2640625 0.35714285714285715 0.2734375 0.35714285714285715 0.278125 0.3707482993197279 0.2875 0.3707482993197279 0.2921875 0.3741496598639456 0.29375 0.36394557823129253 0.2984375 0.35374149659863946 0.2984375 0.35034013605442177 0.3 0.3435374149659864 0.2984375 0.30952380952380953 0.303125 0.2789115646258503 0.303125 0.25510204081632654 0.2953125 0.24829931972789115 0.2859375 0.23469387755102042 0.278125 0.23129251700680273 0.26875 0.22108843537414966 0.259375 0.22108843537414966 0.265625 0.23129251700680273 0.278125 0.23809523809523808 0.28125 0.23809523809523808 0.2875 0.24489795918367346 0.2921875 0.23809523809523808 0.296875 0.24829931972789115 0.2984375 0.2585034013605442 0.303125 0.2653061224489796 0.303125 0.2755102040816326 0.3078125 0.3163265306122449 0.30625 0.336734693877551 0.309375 0.3401360544217687 0.3078125 0.35714285714285715 0.3109375 0.3741496598639456 0.3109375 0.4013605442176871 0.3203125 0.40816326530612246 0.328125 0.41496598639455784 0.3515625 0.42517006802721086 0.3625 0.42517006802721086 0.371875 0.4421768707482993 0.3828125 0.4421768707482993 0.409375 0.4387755102040816 0.4109375 0.4387755102040816 0.415625 0.42517006802721086 0.4234375 0.42517006802721086 0.4265625 0.40816326530612246 0.4390625 0.40816326530612246 0.44375 0.391156462585034 0.4546875 0.391156462585034 0.459375 0.38095238095238093 0.4671875 0.3741496598639456 0.46875 0.3741496598639456 0.471875 0.35714285714285715 0.48125 0.3469387755102041 0.484375 0.3469387755102041 0.50625 0.35034013605442177 0.5078125 0.35034013605442177 0.5125 0.3401360544217687 0.521875 0.3401360544217687 0.528125 0.3333333333333333 0.53125 0.3299319727891156 0.55 0.32653061224489793 0.5515625 0.32653061224489793 0.5671875 0.3231292517006803 0.56875 0.3231292517006803 0.6546875 0.3197278911564626 0.65625 0.3197278911564626 0.671875 0.3231292517006803 0.6734375 0.3231292517006803 0.6859375 0.3401360544217687 0.6984375 0.3469387755102041 0.709375 0.35374149659863946 0.7125 0.35714285714285715 0.7234375 0.3741496598639456 0.7359375 0.3741496598639456 0.740625 0.3843537414965986 0.74375 0.3945578231292517 0.753125 0.40476190476190477 0.7578125 0.40816326530612246 0.76875 0.42517006802721086 0.7828125 0.41836734693877553 0.803125 0.3979591836734694 0.815625 0.3945578231292517 0.8296875 0.391156462585034 0.83125 0.391156462585034 0.8578125 0.3945578231292517 0.859375 0.3979591836734694 0.871875 0.41836734693877553 0.88125 0.43537414965986393 0.875 0.4489795918367347 0.8734375 0.4557823129251701 0.8703125 0.4557823129251701 0.8671875 0.46258503401360546 0.8625 0.45918367346938777 0.859375 0.45918367346938777 0.8484375 0.4557823129251701 0.846875 0.4557823129251701 0.834375 0.46598639455782315 0.8265625 0.47278911564625853 0.815625 0.47278911564625853 0.7921875 0.47959183673469385 0.7875 0.48299319727891155 0.7875 0.4931972789115646 0.778125 0.4965986394557823 0.7671875 0.5 0.765625 0.4965986394557823 0.7640625 0.4965986394557823 0.7421875 0.4897959183673469 0.73125 0.4897959183673469 0.6875 0.5068027210884354 0.6765625 0.5068027210884354 0.671875 0.5170068027210885 0.6625 0.5170068027210885 0.6546875 0.5238095238095238 0.646875 0.5238095238095238 0.6328125 0.5340136054421769 0.621875 0.5340136054421769 0.609375 0.5408163265306123 0.6 0.5408163265306123 0.5890625 0.5510204081632653 0.5796875 0.5510204081632653 0.5734375 0.5578231292517006 0.56875 0.5578231292517006 0.5625 0.5748299319727891 0.55 0.5748299319727891 0.528125 0.564625850340136 0.51875 0.564625850340136 0.4984375 0.5476190476190477 0.48125 0.5476190476190477 0.475 0.54421768707483 0.4734375 0.5544217687074829 0.45625 0.5238095238095238 0.434375 0.5238095238095238 0.4296875 0.5170068027210885 0.425 0.5170068027210885 0.41875 0.5238095238095238 0.4109375 0.5238095238095238 0.4 0.5306122448979592 0.390625 0.5306122448979592 0.3828125 0.5238095238095238 0.378125 0.5272108843537415 0.3734375 0.5272108843537415 0.359375 0.5408163265306123 0.3390625 0.5408163265306123 0.33125 0.5544217687074829 0.3171875 0.5578231292517006 0.30625 0.5748299319727891 0.29375 0.5918367346938775 0.2875 0.5952380952380952 0.28125 0.6224489795918368 0.2703125 0.6326530612244898 0.2609375 0.6428571428571429 0.25625 0.6428571428571429 0.253125 0.6496598639455783 0.2515625 0.6598639455782312 0.2390625 0.6292517006802721 0.2609375 0.6122448979591837 0.2671875 0.5952380952380952 0.2765625 0.5884353741496599 0.275 0.5918367346938775 0.253125 0.5850340136054422 0.253125 0.5782312925170068 0.2578125 0.5748299319727891 0.2671875 0.5578231292517006 0.2734375 0.5340136054421769 0.2671875 0.5306122448979592 0.26875 0.5170068027210885 0.26875 0.5102040816326531 0.2734375 0.5068027210884354 0.28125 0.4897959183673469 0.284375 0.47278911564625853 0.2796875 0.47278911564625853 0.2765625 0.46598639455782315 0.2765625 0.47278911564625853 0.3 0.48299319727891155 0.3125 0.48299319727891155 0.3265625 0.47959183673469385 0.328125 0.47278911564625853 0.325 0.47278911564625853 0.321875 0.4557823129251701 0.3140625 0.445578231292517 0.3015625 0.43197278911564624 0.29375 0.43197278911564624 0.2859375 0.4217687074829932 0.271875 0.4217687074829932 0.2609375 0.40476190476190477 0.246875 0.40476190476190477 0.2328125 0.3945578231292517 0.225 0.3877551020408163 0.215625 0.3877551020408163 0.2078125 0.3741496598639456 0.1984375 0.3741496598639456 0.209375 0.3843537414965986 0.2125 0.3843537414965986 0.2171875 0.3877551020408163 0.21875 0.3843537414965986 0.2421875 0.3945578231292517 0.25625 0.40816326530612246 0.265625
3 0.4421768707482993 0.4140625 0.4387755102040816 0.41875 0.41836734693877553 0.43125 0.4013605442176871 0.45 0.391156462585034 0.45625 0.391156462585034 0.459375 0.38095238095238093 0.4671875 0.3741496598639456 0.46875 0.3707482993197279 0.475 0.35714285714285715 0.4796875 0.35034013605442177 0.484375 0.35034013605442177 0.5140625 0.3401360544217687 0.5234375 0.3401360544217687 0.5296875 0.3333333333333333 0.5375 0.3299319727891156 0.5609375 0.32653061224489793 0.5625 0.32653061224489793 0.584375 0.3231292517006803 0.5859375 0.3231292517006803 0.659375 0.3197278911564626 0.6609375 0.3197278911564626 0.6671875 0.3231292517006803 0.66875 0.3231292517006803 0.684375 0.35714285714285715 0.715625 0.35714285714285715 0.721875 0.3741496598639456 0.7359375 0.3741496598639456 0.7390625 0.40476190476190477 0.7578125 0.41156462585034015 0.771875 0.42517006802721086 0.78125 0.4217687074829932 0.8015625 0.3979591836734694 0.8171875 0.3979591836734694 0.8265625 0.3945578231292517 0.828125 0.391156462585034 0.85625 0.3979591836734694 0.8625 0.3979591836734694 0.86875 0.41836734693877553 0.8796875 0.4217687074829932 0.8796875 0.43197278911564624 0.875 0.445578231292517 0.8734375 0.4523809523809524 0.8703125 0.45918367346938777 0.8625 0.4557823129251701 0.83125 0.46938775510204084 0.8203125 0.47278911564625853 0.7921875 0.48639455782312924 0.784375 0.4965986394557823 0.7734375 0.4965986394557823 0.746875 0.4931972789115646 0.7453125 0.4931972789115646 0.734375 0.4897959183673469 0.7328125 0.4897959183673469 0.7171875 0.48639455782312924 0.715625 0.48639455782312924 0.6953125 0.4897959183673469 0.69375 0.4897959183673469 0.6859375 0.5068027210884354 0.675 0.5170068027210885 0.6609375 0.5238095238095238 0.63125 0.5306122448979592 0.6234375 0.5340136054421769 0.6078125 0.5408163265306123 0.5984375 0.5408163265306123 0.5875 0.5510204081632653 0.5765625 0.5510204081632653 0.5703125 0.5578231292517006 0.565625 0.5578231292517006 0.5609375 0.564625850340136 0.5578125 0.564625850340136 0.5546875 0.5714285714285714 0.55 0.5714285714285714 0.5265625 0.564625850340136 0.521875 0.564625850340136 0.503125 0.5612244897959183 0.5015625 0.5612244897959183 0.4953125 0.5510204081632653 0.4875 0.54421768707483 0.478125 0.54421768707483 0.4703125 0.5408163265306123 0.46875 0.5476190476190477 0.459375 0.5476190476190477 0.453125 0.5408163265306123 0.4515625 0.5408163265306123 0.4453125 0.5340136054421769 0.44375 0.5238095238095238 0.4359375 0.5238095238095238 0.43125 0.5136054421768708 0.425 0.5136054421768708 0.415625 0.5102040816326531 0.4125 0.5 0.4109375 0.5068027210884354 0.4078125 0.5034013605442177 0.40625 0.5034013605442177 0.4015625 0.4931972789115646 0.4 0.4931972789115646 0.403125 0.48639455782312924 0.4078125 0.4897959183673469 0.4125 0.48639455782312924 0.4140625 0.47619047619047616 0.409375 0.47619047619047616 0.4015625 0.47959183673469385 0.3984375 0.47278911564625853 0.39375 0.47619047619047616 0.390625 0.47278911564625853 0.3890625 0.46258503401360546 0.3890625 0.45918367346938777 0.390625 0.4557823129251701 0.3890625 0.445578231292517 0.3890625 0.445578231292517 0.390625 0.4421768707482993 0.3921875 0.4421768707482993 0.4140625
3 0.5374149659863946 0.29375 0.5408163265306123 0.2890625 0.5408163265306123 0.2765625 0.5374149659863946 0.275 0.5374149659863946 0.28125 0.5340136054421769 0.2828125 0.5374149659863946 0.2953125 0.5238095238095238 0.3 0.5238095238095238 0.3125 0.5204081632653061 0.3140625 0.5034013605442177 0.3109375 0.4931972789115646 0.3125 0.4897959183673469 0.3109375 0.4897959183673469 0.30625 0.48639455782312924 0.3078125 0.48639455782312924 0.3171875 0.4931972789115646 0.31875 0.4931972789115646 0.3265625 0.48639455782312924 0.3296875 0.47959183673469385 0.3296875 0.47278911564625853 0.3265625 0.46938775510204084 0.3203125 0.45918367346938777 0.3171875 0.4557823129251701 0.3125 0.42857142857142855 0.3015625 0.42857142857142855 0.3 0.41836734693877553 0.296875 0.391156462585034 0.296875 0.3877551020408163 0.2953125 0.37755102040816324 0.2828125 0.3707482993197279 0.2796875 0.3707482993197279 0.2734375 0.35034013605442177 0.2578125 0.35034013605442177 0.265625 0.35714285714285715 0.271875 0.35714285714285715 0.2765625 0.3707482993197279 0.2859375 0.3741496598639456 0.2953125 0.35034013605442177 0.3 0.32653061224489793 0.3 0.30952380952380953 0.303125 0.2789115646258503 0.303125 0.25510204081632654 0.2953125 0.24489795918367346 0.2828125 0.23469387755102042 0.278125 0.23469387755102042 0.2734375 0.22108843537414966 0.2609375 0.22108843537414966 0.2671875 0.23129251700680273 0.2796875 0.23809523809523808 0.2828125 0.23809523809523808 0.2875 0.24489795918367346 0.29375 0.23809523809523808 0.296875 0.24829931972789115 0.2984375 0.2585034013605442 0.303125 0.2653061224489796 0.303125 0.2755102040816326 0.3078125 0.3163265306122449 0.30625 0.3197278911564626 0.3078125 0.3469387755102041 0.3078125 0.36394557823129253 0.3109375 0.37755102040816324 0.3109375 0.40476190476190477 0.321875 0.40816326530612246 0.325 0.40816326530612246 0.334375 0.41156462585034015 0.3359375 0.41156462585034015 0.3453125 0.41836734693877553 0.3515625 0.41836734693877553 0.35625 0.42517006802721086 0.3609375 0.42517006802721086 0.3703125 0.4421768707482993 0.3828125 0.4387755102040816 0.4140625 0.42517006802721086 0.421875 0.42517006802721086 0.425 0.40816326530612246 0.4390625 0.40816326530612246 0.44375 0.391156462585034 0.4546875 0.391156462585034 0.459375 0.3843537414965986 0.4609375 0.3843537414965986 0.4640625 0.3741496598639456 0.46875 0.3707482993197279 0.4734375 0.35714285714285715 0.478125 0.3469387755102041 0.484375 0.3469387755102041 0.50625 0.35034013605442177 0.5078125 0.35034013605442177 0.5125 0.3435374149659864 0.515625 0.3401360544217687 0.5265625 0.3299319727891156 0.5375 0.32653061224489793 0.5625 0.3231292517006803 0.5640625 0.3231292517006803 0.6546875 0.3197278911564626 0.65625 0.3197278911564626 0.671875 0.3231292517006803 0.6734375 0.3231292517006803 0.6859375 0.3401360544217687 0.6984375 0.3469387755102041 0.709375 0.35374149659863946 0.7125 0.35714285714285715 0.7234375 0.3741496598639456 0.7359375 0.3741496598639456 0.740625 0.38095238095238093 0.7421875 0.3945578231292517 0.753125 0.40476190476190477 0.7578125 0.40816326530612246 0.76875 0.4217687074829932 0.7796875 0.4217687074829932 0.784375 0.42517006802721086 0.7859375 0.41836734693877553 0.8015625 0.40816326530612246 0.8109375 0.3979591836734694 0.8140625 0.3945578231292517 0.81875 0.3945578231292517 0.828125 0.391156462585034 0.8296875 0.391156462585034 0.859375 0.3979591836734694 0.8671875 0.3979591836734694 0.871875 0.4217687074829932 0.88125 0.4421768707482993 0.8734375 0.4489795918367347 0.8734375 0.46258503401360546 0.8640625 0.45918367346938777 0.8484375 0.4557823129251701 0.846875 0.4557823129251701 0.834375 0.47278911564625853 0.8171875 0.47278911564625853 0.7921875 0.47959183673469385 0.7875 0.48299319727891155 0.7875 0.5 0.76875 0.5 0.7625 0.4965986394557823 0.7609375 0.4965986394557823 0.7421875 0.4897959183673469 0.73125 0.4897959183673469 0.6875 0.5068027210884354 0.6765625 0.5068027210884354 0.671875 0.5170068027210885 0.6625 0.5204081632653061 0.6484375 0.5238095238095238 0.646875 0.5238095238095238 0.634375 0.5340136054421769 0.6234375 0.5340136054421769 0.6109375 0.5408163265306123 0.6 0.5408163265306123 0.5890625 0.5510204081632653 0.5796875 0.5510204081632653 0.575 0.5578231292517006 0.56875 0.5578231292517006 0.5625 0.5748299319727891 0.5515625 0.5748299319727891 0.5265625 0.564625850340136 0.51875 0.564625850340136 0.496875 0.5476190476190477 0.4796875 0.5476190476190477 0.4671875 0.5578231292517006 0.4578125 0.5408163265306123 0.446875 0.5408163265306123 0.44375 0.5340136054421769 0.4390625 0.5238095238095238 0.434375 0.5238095238095238 0.4296875 0.5170068027210885 0.4234375 0.5204081632653061 0.4125 0.5238095238095238 0.4109375 0.5238095238095238 0.4 0.5306122448979592 0.3921875 0.5306122448979592 0.3828125 0.5238095238095238 0.378125 0.5238095238095238 0.3609375 0.5408163265306123 0.3375 0.54421768707483 0.3203125 0.5544217687074829 0.3140625 0.5544217687074829 0.3078125 0.5510204081632653 0.30625 0.5510204081632653 0.3015625 0.5374149659863946 0.29375
0 0.1360544217687075 0.1390625 0.11224489795918367 0.146875 0.14285714285714285 0.1671875 0.14285714285714285 0.171875 0.11904761904761904 0.1796875 0.11904761904761904 0.190625 0.1292517006802721 0.1984375 0.1292517006802721 0.2015625 0.1360544217687075 0.2046875 0.1360544217687075 0.209375 0.15306122448979592 0.221875 0.15306122448979592 0.225 0.1598639455782313 0.228125 0.17006802721088435 0.240625 0.19047619047619047 0.253125 0.23469387755102042 0.253125 0.24489795918367346 0.2484375 0.24489795918367346 0.2453125 0.23809523809523808 0.240625 0.23809523809523808 0.2359375 0.24489795918367346 0.23125 0.24489795918367346 0.2140625 0.23129251700680273 0.209375 0.22789115646258504 0.2015625 0.23469387755102042 0.1921875 0.25170068027210885 0.1828125 0.25170068027210885 0.171875 0.22789115646258504 0.15625 0.22789115646258504 0.146875 0.24489795918367346 0.140625 0.2687074829931973 0.1390625 0.272108843537415 0.1328125 0.2585034013605442 0.13125 0.24149659863945577 0.125 0.23129251700680273 0.125 0.20408163265306123 0.1203125 0.19727891156462585 0.1171875 0.1564625850340136 0.115625 0.14625850340136054 0.11875 0.14625850340136054 0.1203125 0.1360544217687075 0.128125 0.1360544217687075 0.1390625
6 0.3401360544217687 0.1625 0.3435374149659864 0.1640625 0.3435374149659864 0.16875 0.35714285714285715 0.184375 0.35714285714285715 0.1890625 0.3741496598639456 0.203125 0.3741496598639456 0.209375 0.391156462585034 0.2265625 0.391156462585034 0.2359375 0.3979591836734694 0.2421875 0.3979591836734694 0.2484375 0.40816326530612246 0.2625 0.40816326530612246 0.2765625 0.41496598639455784 0.2859375 0.41496598639455784 0.2921875 0.4217687074829932 0.296875 0.42857142857142855 0.2984375 0.43197278911564624 0.2953125 0.4217687074829932 0.2796875 0.4217687074829932 0.2671875 0.41496598639455784 0.2609375 0.41156462585034015 0.25 0.40476190476190477 0.2453125 0.40476190476190477 0.2328125 0.3979591836734694 0.225 0.3979591836734694 0.2203125 0.391156462585034 0.215625 0.3877551020408163 0.20625 0.37755102040816324 0.1984375 0.37755102040816324 0.1953125 0.35374149659863946 0.1703125 0.35374149659863946 0.1578125 0.35034013605442177 0.15625 0.35034013605442177 0.1484375 0.3469387755102041 0.146875 0.3435374149659864 0.1359375 0.3401360544217687 0.1328125 0.3333333333333333 0.1328125 0.3333333333333333 0.134375 0.3401360544217687 0.1453125 0.3401360544217687 0.1625
2 0.5544217687074829 0.1203125 0.5272108843537415 0.125 0.5170068027210885 0.1328125 0.5204081632653061 0.1375 0.5884353741496599 0.1390625 0.5952380952380952 0.134375 0.6122448979591837 0.13125 0.6190476190476191 0.128125 0.6360544217687075 0.128125 0.6496598639455783 0.134375 0.6394557823129252 0.125 0.6224489795918368 0.1234375 0.5986394557823129 0.1171875 0.5952380952380952 0.11875 0.5884353741496599 0.1203125 0.5544217687074829 0.1203125
2 0.7414965986394558 0.1328125 0.6904761904761905 0.1328125 0.6598639455782312 0.1421875 0.6496598639455783 0.1546875 0.6530612244897959 0.15625 0.6564625850340136 0.175 0.6496598639455783 0.18125 0.6496598639455783 0.209375 0.6632653061224489 0.228125 0.6802721088435374 0.2390625 0.6904761904761905 0.240625 0.7006802721088435 0.246875 0.7074829931972789 0.2484375 0.7108843537414966 0.246875 0.7142857142857143 0.2484375 0.7244897959183674 0.2484375 0.7346938775510204 0.253125 0.7482993197278912 0.253125 0.7551020408163265 0.2515625 0.7619047619047619 0.2421875 0.7789115646258503 0.2328125 0.7789115646258503 0.2296875 0.7925170068027211 0.225 0.7959183673469388 0.21875 0.8027210884353742 0.215625 0.8095238095238095 0.2 0.7993197278911565 0.1875 0.8129251700680272 0.1828125 0.8129251700680272 0.1640625 0.7993197278911565 0.159375 0.7993197278911565 0.15625 0.8129251700680272 0.1515625 0.8129251700680272 0.14375 0.7653061224489796 0.1296875 0.7619047619047619 0.1296875 0.7517006802721088 0.1296875 0.7414965986394558 0.1328125
2 0.7278911564625851 0.1328125 0.6870748299319728 0.1328125 0.6564625850340136 0.14375 0.6496598639455783 0.1546875 0.6564625850340136 0.1640625 0.6564625850340136 0.1703125 0.6632653061224489 0.175 0.6938775510204082 0.178125 0.7074829931972789 0.1828125 0.7278911564625851 0.1859375 0.7414965986394558 0.1859375 0.7482993197278912 0.1890625 0.7687074829931972 0.190625 0.7721088435374149 0.1890625 0.7959183673469388 0.1890625 0.8027210884353742 0.1859375 0.8095238095238095 0.1859375 0.8129251700680272 0.1828125 0.8129251700680272 0.1640625 0.8027210884353742 0.1609375 0.7993197278911565 0.1578125 0.8129251700680272 0.153125 0.8129251700680272 0.1421875 0.8095238095238095 0.140625 0.7993197278911565 0.140625 0.7959183673469388 0.1375 0.7687074829931972 0.1296875 0.7653061224489796 0.1296875 0.7482993197278912 0.1296875 0.7278911564625851 0.1328125
2 0.47619047619047616 0.19375 0.46938775510204084 0.1984375 0.46938775510204084 0.2046875 0.4897959183673469 0.2078125 0.5102040816326531 0.21875 0.5102040816326531 0.2359375 0.5136054421768708 0.2390625 0.5068027210884354 0.2484375 0.5102040816326531 0.25 0.5102040816326531 0.25625 0.5170068027210885 0.259375 0.5238095238095238 0.25625 0.5340136054421769 0.24375 0.5680272108843537 0.2234375 0.5714285714285714 0.2171875 0.5612244897959183 0.2125 0.5476190476190477 0.2109375 0.5408163265306123 0.2078125 0.5408163265306123 0.2046875 0.5238095238095238 0.1984375 0.5204081632653061 0.1921875 0.5136054421768708 0.1875 0.5068027210884354 0.1859375 0.5068027210884354 0.1828125 0.5034013605442177 0.1828125 0.47619047619047616 0.1890625 0.47619047619047616 0.19375
2 0.17687074829931973 0.06875 0.1870748299319728 0.0765625 0.20408163265306123 0.084375 0.21428571428571427 0.0859375 0.22108843537414966 0.090625 0.24149659863945577 0.0921875 0.2687074829931973 0.1 0.2755102040816326 0.1 0.2857142857142857 0.103125 0.29931972789115646 0.103125 0.30612244897959184 0.10625 0.30952380952380953 0.090625 0.30272108843537415 0.0859375 0.282312925170068 0.078125 0.272108843537415 0.078125 0.2687074829931973 0.075 0.25510204081632654 0.0734375 0.24829931972789115 0.0703125 0.23469387755102042 0.0703125 0.20748299319727892 0.065625 0.20408163265306123 0.065625 0.18027210884353742 0.065625 0.17687074829931973 0.06875
2 0.6496598639455783 0.1828125 0.6496598639455783 0.209375 0.6530612244897959 0.2109375 0.6530612244897959 0.215625 0.6632653061224489 0.2234375 0.6632653061224489 0.228125 0.6836734693877551 0.2390625 0.6972789115646258 0.2421875 0.6972789115646258 0.24375 0.717687074829932 0.2484375 0.7278911564625851 0.2484375 0.7346938775510204 0.2515625 0.7448979591836735 0.2515625 0.7585034013605442 0.2484375 0.7653061224489796 0.2390625 0.7789115646258503 0.2328125 0.7789115646258503 0.2296875 0.7925170068027211 0.225 0.8027210884353742 0.2171875 0.8095238095238095 0.20625 0.8095238095238095 0.2 0.8027210884353742 0.1921875 0.782312925170068 0.190625 0.7789115646258503 0.1921875 0.7551020408163265 0.1921875 0.7414965986394558 0.1875 0.7244897959183674 0.1875 0.7006802721088435 0.1828125 0.6938775510204082 0.1796875 0.6802721088435374 0.1796875 0.6632653061224489 0.1765625 0.6598639455782312 0.1765625 0.6530612244897959 0.178125 0.6496598639455783 0.1828125
2 0.25510204081632654 0.1859375 0.23809523809523808 0.1921875 0.23129251700680273 0.2015625 0.23129251700680273 0.20625 0.25170068027210885 0.2125 0.25510204081632654 0.2203125 0.2755102040816326 0.2203125 0.2891156462585034 0.2171875 0.30272108843537415 0.2171875 0.30272108843537415 0.190625 0.29591836734693877 0.1796875 0.2925170068027211 0.1796875 0.2619047619047619 0.1796875 0.25510204081632654 0.1859375
2 0.6598639455782312 0.246875 0.6462585034013606 0.2546875 0.6462585034013606 0.2578125 0.6394557823129252 0.2625 0.6394557823129252 0.2671875 0.6496598639455783 0.271875 0.6700680272108843 0.2734375 0.6802721088435374 0.2765625 0.6904761904761905 0.2765625 0.7278911564625851 0.271875 0.7448979591836735 0.2625 0.7551020408163265 0.25 0.7619047619047619 0.2484375 0.7619047619047619 0.246875 0.7448979591836735 0.2515625 0.7346938775510204 0.2515625 0.7074829931972789 0.246875 0.6938775510204082 0.240625 0.6836734693877551 0.240625 0.6768707482993197 0.2375 0.673469387755102 0.2375 0.6666666666666666 0.2390625 0.6598639455782312 0.246875
2 0.3231292517006803 0.0890625 0.3231292517006803 0.0921875 0.336734693877551 0.0921875 0.3435374149659864 0.0953125 0.36054421768707484 0.096875 0.3673469387755102 0.1 0.38095238095238093 0.1015625 0.391156462585034 0.1078125 0.40476190476190477 0.1125 0.40816326530612246 0.1171875 0.43197278911564624 0.1171875 0.445578231292517 0.1140625 0.445578231292517 0.109375 0.4387755102040816 0.103125 0.42857142857142855 0.1 0.4217687074829932 0.0921875 0.41156462585034015 0.090625 0.40476190476190477 0.0859375 0.3741496598639456 0.084375 0.3707482993197279 0.0828125 0.3673469387755102 0.084375 0.3435374149659864 0.084375 0.3231292517006803 0.0890625
2 0.2585034013605442 0.1421875 0.23809523809523808 0.1421875 0.23129251700680273 0.146875 0.23129251700680273 0.1546875 0.23809523809523808 0.1609375 0.25170068027210885 0.1671875 0.25510204081632654 0.1734375 0.2653061224489796 0.1765625 0.2857142857142857 0.1765625 0.30272108843537415 0.1703125 0.30952380952380953 0.1609375 0.3197278911564626 0.1546875 0.3197278911564626 0.15 0.32653061224489793 0.146875 0.32653061224489793 0.1359375 0.3231292517006803 0.1328125 0.30612244897959184 0.128125 0.30272108843537415 0.128125 0.2925170068027211 0.128125 0.282312925170068 0.1328125 0.2687074829931973 0.1328125 0.2755102040816326 0.1359375 0.2653061224489796 0.14375 0.2585034013605442 0.1421875
2 0.17006802721088435 0.1171875 0.16666666666666666 0.115625 0.14965986394557823 0.1171875 0.1360544217687075 0.1265625 0.1360544217687075 0.1390625 0.1292517006802721 0.1421875 0.12244897959183673 0.1421875 0.11224489795918367 0.1484375 0.12244897959183673 0.1546875 0.1292517006802721 0.15625 0.14625850340136054 0.1703125 0.15306122448979592 0.171875 0.1564625850340136 0.1703125 0.16666666666666666 0.1703125 0.1836734693877551 0.1625 0.19727891156462585 0.1609375 0.20068027210884354 0.1625 0.2108843537414966 0.1625 0.23809523809523808 0.1765625 0.24829931972789115 0.178125 0.25170068027210885 0.1765625 0.25170068027210885 0.171875 0.24489795918367346 0.16875 0.25170068027210885 0.1640625 0.23809523809523808 0.159375 0.23809523809523808 0.15625 0.23129251700680273 0.153125 0.23129251700680273 0.1453125 0.23809523809523808 0.14375 0.24149659863945577 0.146875 0.24829931972789115 0.1484375 0.25170068027210885 0.146875 0.2585034013605442 0.1484375 0.2687074829931973 0.146875 0.272108843537415 0.1328125 0.2585034013605442 0.13125 0.24489795918367346 0.125 0.23129251700680273 0.125 0.20748299319727892 0.1203125 0.20408163265306123 0.1203125 0.19047619047619047 0.1171875 0.17006802721088435 0.1171875
2 0.3129251700680272 0.16875 0.30612244897959184 0.1734375 0.30612244897959184 0.2140625 0.3299319727891156 0.24375 0.336734693877551 0.240625 0.3401360544217687 0.234375 0.3469387755102041 0.23125 0.3469387755102041 0.228125 0.35714285714285715 0.2203125 0.35374149659863946 0.2171875 0.35374149659863946 0.1984375 0.35034013605442177 0.196875 0.3469387755102041 0.18125 0.3401360544217687 0.175 0.3333333333333333 0.159375 0.3299319727891156 0.159375 0.3129251700680272 0.165625 0.3129251700680272 0.16875
2 0.1292517006802721 0.1984375 0.1292517006802721 0.2015625 0.1360544217687075 0.2046875 0.1360544217687075 0.209375 0.15306122448979592 0.221875 0.15306122448979592 0.225 0.1598639455782313 0.228125 0.17006802721088435 0.240625 0.19047619047619047 0.253125 0.20068027210884354 0.253125 0.20408163265306123 0.2546875 0.20748299319727892 0.253125 0.23129251700680273 0.253125 0.24489795918367346 0.2484375 0.24489795918367346 0.2453125 0.23809523809523808 0.240625 0.23809523809523808 0.2359375 0.24149659863945577 0.234375 0.24149659863945577 0.21875 0.24489795918367346 0.215625 0.22789115646258504 0.20625 0.22789115646258504 0.2015625 0.23469387755102042 0.1921875 0.24489795918367346 0.1859375 0.24489795918367346 0.1796875 0.23809523809523808 0.1796875 0.23129251700680273 0.1765625 0.2108843537414966 0.1640625 0.19047619047619047 0.1625 0.16666666666666666 0.171875 0.1326530612244898 0.175 0.11904761904761904 0.1796875 0.11904761904761904 0.18125 0.11904761904761904 0.190625 0.1292517006802721 0.1984375
2 0.24489795918367346 0.2421875 0.24829931972789115 0.2453125 0.2585034013605442 0.2484375 0.2653061224489796 0.2484375 0.2891156462585034 0.25625 0.3401360544217687 0.25625 0.36054421768707484 0.2484375 0.3707482993197279 0.2421875 0.3707482993197279 0.2375 0.36394557823129253 0.23125 0.35374149659863946 0.228125 0.3401360544217687 0.2390625 0.3401360544217687 0.2421875 0.3333333333333333 0.2453125 0.3129251700680272 0.23125 0.30612244897959184 0.21875 0.2687074829931973 0.2234375 0.25510204081632654 0.2234375 0.25510204081632654 0.225 0.24489795918367346 0.234375 0.24489795918367346 0.2421875
2 0.17687074829931973 0.084375 0.16326530612244897 0.0875 0.1598639455782313 0.090625 0.16326530612244897 0.1 0.19387755102040816 0.115625 0.21428571428571427 0.1171875 0.22108843537414966 0.1203125 0.24489795918367346 0.1234375 0.2857142857142857 0.1234375 0.2891156462585034 0.125 0.30952380952380953 0.125 0.3231292517006803 0.128125 0.3299319727891156 0.1265625 0.3299319727891156 0.1171875 0.3231292517006803 0.1125 0.2789115646258503 0.1015625 0.2585034013605442 0.0984375 0.24489795918367346 0.09375 0.22448979591836735 0.0921875 0.20748299319727892 0.0859375 0.20408163265306123 0.0859375 0.20068027210884354 0.084375 0.17687074829931973 0.084375
2 0.1870748299319728 0.075 0.20068027210884354 0.0796875 0.20068027210884354 0.08125 0.17006802721088435 0.0859375 0.1598639455782313 0.0921875 0.1598639455782313 0.0953125 0.17006802721088435 0.1015625 0.17006802721088435 0.1046875 0.1870748299319728 0.1109375 0.1870748299319728 0.1125 0.20068027210884354 0.115625 0.21768707482993196 0.1171875 0.24829931972789115 0.1234375 0.2857142857142857 0.1234375 0.2891156462585034 0.125 0.3129251700680272 0.1265625 0.3231292517006803 0.1296875 0.3333333333333333 0.128125 0.35034013605442177 0.13125 0.36054421768707484 0.13125 0.3673469387755102 0.128125 0.3877551020408163 0.125 0.4013605442176871 0.1203125 0.4013605442176871 0.1125 0.3843537414965986 0.103125 0.3673469387755102 0.1015625 0.3401360544217687 0.09375 0.32653061224489793 0.09375 0.3129251700680272 0.090625 0.2755102040816326 0.078125 0.24829931972789115 0.0734375 0.24149659863945577 0.0703125 0.22108843537414966 0.0703125 0.20068027210884354 0.0671875 0.1870748299319728 0.0671875 0.1870748299319728 0.06875 0.1836734693877551 0.0703125 0.1870748299319728 0.075
2 0.6190476190476191 0.1484375 0.6122448979591837 0.1484375 0.5952380952380952 0.140625 0.5612244897959183 0.1421875 0.5578231292517006 0.140625 0.5272108843537415 0.140625 0.5204081632653061 0.14375 0.5204081632653061 0.146875 0.5272108843537415 0.15625 0.5272108843537415 0.165625 0.5102040816326531 0.171875 0.5102040816326531 0.1828125 0.5272108843537415 0.1921875 0.5272108843537415 0.196875 0.54421768707483 0.203125 0.5544217687074829 0.209375 0.5680272108843537 0.2109375 0.5748299319727891 0.2140625 0.6020408163265306 0.2140625 0.608843537414966 0.2125 0.6122448979591837 0.209375 0.6224489795918368 0.209375 0.6360544217687075 0.2015625 0.6428571428571429 0.2 0.6428571428571429 0.19375 0.6462585034013606 0.1921875 0.6428571428571429 0.1703125 0.6360544217687075 0.165625 0.6360544217687075 0.1625 0.6428571428571429 0.1578125 0.6292517006802721 0.153125 0.6258503401360545 0.15625 0.6190476190476191 0.1515625 0.6190476190476191 0.1484375
2 0.4489795918367347 0.3015625 0.4557823129251701 0.3046875 0.46598639455782315 0.3 0.46938775510204084 0.296875 0.46938775510204084 0.2890625 0.45918367346938777 0.2796875 0.45918367346938777 0.275 0.445578231292517 0.26875 0.43537414965986393 0.2671875 0.43537414965986393 0.26875 0.43537414965986393 0.2859375 0.4489795918367347 0.3015625
2 0.4523809523809524 0.2109375 0.4387755102040816 0.2109375 0.42517006802721086 0.2140625 0.40816326530612246 0.2234375 0.40816326530612246 0.240625 0.41496598639455784 0.2515625 0.43537414965986393 0.2640625 0.4557823129251701 0.271875 0.4897959183673469 0.2734375 0.5034013605442177 0.26875 0.5068027210884354 0.2640625 0.5068027210884354 0.2453125 0.5136054421768708 0.240625 0.5136054421768708 0.2265625 0.5034013605442177 0.215625 0.4897959183673469 0.209375 0.48639455782312924 0.209375 0.46938775510204084 0.20625 0.4523809523809524 0.2109375
2 0.4421768707482993 0.1171875 0.42517006802721086 0.121875 0.3945578231292517 0.1234375 0.3877551020408163 0.128125 0.37755102040816324 0.128125 0.36394557823129253 0.134375 0.36054421768707484 0.14375 0.42517006802721086 0.16875 0.43537414965986393 0.16875 0.45918367346938777 0.1734375 0.46258503401360546 0.171875 0.47278911564625853 0.171875 0.47619047619047616 0.1734375 0.5034013605442177 0.1734375 0.5170068027210885 0.16875 0.5204081632653061 0.165625 0.5170068027210885 0.15 0.4965986394557823 0.1359375 0.47278911564625853 0.1265625 0.47278911564625853 0.125 0.45918367346938777 0.121875 0.4557823129251701 0.121875 0.4523809523809524 0.1171875 0.4421768707482993 0.1171875
2 0.45918367346938777 0.1109375 0.4523809523809524 0.115625 0.4523809523809524 0.1203125 0.45918367346938777 0.1234375 0.46938775510204084 0.1234375 0.47959183673469385 0.1296875 0.4897959183673469 0.13125 0.5 0.1359375 0.5 0.1375 0.5068027210884354 0.1375 0.5238095238095238 0.1265625 0.5238095238095238 0.1203125 0.5068027210884354 0.1109375 0.5 0.109375 0.4965986394557823 0.109375 0.46598639455782315 0.109375 0.45918367346938777 0.1109375
2 0.5986394557823129 0.2390625 0.6054421768707483 0.2390625 0.6224489795918368 0.225 0.6224489795918368 0.2203125 0.6258503401360545 0.21875 0.6224489795918368 0.2125 0.6190476190476191 0.2125 0.5918367346938775 0.21875 0.5782312925170068 0.21875 0.5714285714285714 0.225 0.5612244897959183 0.228125 0.5476190476190477 0.2359375 0.54421768707483 0.24375 0.5476190476190477 0.24375 0.5850340136054422 0.24375 0.5986394557823129 0.2390625