3 0.0046875 0.35930047694753575 0.0078125 0.3624801271860095 0.028125 0.3672496025437202 0.0390625 0.37360890302066774 0.046875 0.37360890302066774 0.0796875 0.3942766295707472 0.0984375 0.397456279809221 0.10625 0.40222575516693165 0.1140625 0.40222575516693165 0.13125 0.3942766295707472 0.14375 0.39268680445151033 0.1796875 0.3942766295707472 0.203125 0.40222575516693165 0.2109375 0.40858505564387915 0.2359375 0.41017488076311603 0.2640625 0.40063593004769477 0.271875 0.4069952305246423 0.2921875 0.4117647058823529 0.3 0.4165341812400636 0.309375 0.4165341812400636 0.3140625 0.41971383147853736 0.3234375 0.42130365659777425 0.3484375 0.41971383147853736 0.3609375 0.4133545310015898 0.3734375 0.4292527821939587 0.390625 0.4356120826709062 0.403125 0.4292527821939587 0.4109375 0.42130365659777425 0.421875 0.4069952305246423 0.421875 0.40222575516693165 0.4171875 0.3958664546899841 0.3984375 0.3942766295707472 0.3921875 0.39109697933227344 0.4 0.383147853736089 0.4 0.3799682034976153 0.396875 0.3688394276629571 0.3890625 0.3656597774244833 0.378125 0.3656597774244833 0.3703125 0.3624801271860095 0.3265625 0.36089030206677264 0.315625 0.3640699523052464 0.3109375 0.37042925278219396 0.296875 0.37042925278219396 0.29375 0.3656597774244833 0.290625 0.3656597774244833 0.2828125 0.37201907790143085 0.2328125 0.36089030206677264 0.1515625 0.3624801271860095 0.15 0.36089030206677264 0.13125 0.36089030206677264 0.1140625 0.356120826709062 0.1 0.35771065182829886 0.071875 0.3497615262321145 0.0671875 0.3465818759936407 0.0609375 0.3465818759936407 0.0484375 0.34022257551669316 0.0328125 0.3370429252782194 0.0265625 0.3322734499205087 0.021875 0.3322734499205087 0.0125 0.32432432432432434 0.003125 0.32432432432432434 0.003125 0.32591414944356123 0.003125 0.35135135135135137 0.0046875 0.35930047694753575
3 0.1140625 0 0.1140625 0.001589825119236884 0.1140625 0.006359300476947536 0.1359375 0.025437201907790145 0.1640625 0.058823529411764705 0.165625 0.06359300476947535 0.184375 0.07790143084260731 0.1890625 0.08585055643879173 0.1984375 0.09220985691573927 0.2140625 0.10810810810810811 0.2140625 0.11128775834658187 0.2203125 0.11605723370429252 0.2203125 0.1192368839427663 0.2546875 0.151033386327504 0.259375 0.16216216216216217 0.2921875 0.19236883942766295 0.2984375 0.20349761526232116 0.30625 0.21144674085850557 0.30625 0.21462639109697934 0.3125 0.22098569157392686 0.3234375 0.24165341812400637 0.3265625 0.26073131955484896 0.3328125 0.27980922098569155 0.334375 0.2972972972972973 0.340625 0.31160572337042924 0.340625 0.3163751987281399 0.34375 0.3179650238473768 0.3625 0.34340222575516693 0.375 0.3465818759936407 0.378125 0.3497615262321145 0.396875 0.35135135135135137 0.3984375 0.36089030206677264 0.390625 0.3656597774244833 0.3703125 0.3656597774244833 0.3625 0.3624801271860095 0.3609375 0.3640699523052464 0.3234375 0.3656597774244833 0.3203125 0.3640699523052464 0.3171875 0.3656597774244833 0.3125 0.3624801271860095 0.30625 0.3640699523052464 0.3046875 0.36089030206677264 0.2984375 0.36089030206677264 0.2953125 0.3656597774244833 0.2875 0.3672496025437202 0.28125 0.37201907790143085 0.225 0.36089030206677264 0.1875 0.3656597774244833 0.184375 0.3640699523052464 0.1421875 0.3640699523052464 0.1234375 0.35930047694753575 0.109375 0.36089030206677264 0.09375 0.35930047694753575 0.0796875 0.35294117647058826 0.075 0.35294117647058826 0.06875 0.3481717011128776 0.0546875 0.3465818759936407 0.046875 0.34181240063593005 0.040625 0.34181240063593005 0.0375 0.3386327503974563 0.03125 0.3386327503974563 0.0140625 0.32909379968203495 0.0078125 0.32909379968203495 0.00625 0.32432432432432434 0.0046875 0.32432432432432434 0.0046875 0.356120826709062 0.009375 0.3624801271860095 0.034375 0.3672496025437202 0.0359375 0.37042925278219396 0.0625 0.3799682034976153 0.0640625 0.383147853736089 0.084375 0.3942766295707472 0.09375 0.3942766295707472 0.1078125 0.40063593004769477 0.115625 0.40063593004769477 0.1265625 0.3942766295707472 0.1375 0.39109697933227344 0.15625 0.39109697933227344 0.1578125 0.39268680445151033 0.190625 0.3942766295707472 0.2140625 0.40858505564387915 0.2375 0.40858505564387915 0.253125 0.40222575516693165 0.2875 0.40858505564387915 0.296875 0.4133545310015898 0.303125 0.41812400635930047 0.303125 0.4276629570747218 0.29375 0.43402225755166934 0.2890625 0.44038155802861684 0.284375 0.4419713831478537 0.28125 0.4467408585055644 0.278125 0.4467408585055644 0.26875 0.4546899841017488 0.25625 0.4562798092209857 0.2515625 0.4610492845786963 0.234375 0.4626391096979332 0.2265625 0.46899841017488075 0.2140625 0.47217806041335453 0.215625 0.4753577106518283 0.225 0.4769475357710652 0.2296875 0.48171701112877585 0.2390625 0.48171701112877585 0.24375 0.4769475357710652 0.2578125 0.4737678855325914 0.2671875 0.46740858505564387 0.28125 0.465818759936407 0.29375 0.4562798092209857 0.2984375 0.4483306836248013 0.3046875 0.4451510333863275 0.309375 0.43402225755166934 0.321875 0.42289348171701113 0.3484375 0.41812400635930047 0.3625 0.42289348171701113 0.3671875 0.4292527821939587 0.3734375 0.43084260731319557 0.378125 0.4356120826709062 0.3765625 0.4451510333863275 0.3703125 0.4483306836248013 0.3671875 0.45310015898251194 0.3546875 0.4546899841017488 0.3484375 0.4578696343402226 0.346875 0.4610492845786963 0.340625 0.4610492845786963 0.321875 0.46899841017488075 0.3125 0.46899841017488075 0.3109375 0.47217806041335453 0.30625 0.4737678855325914 0.2890625 0.4753577106518283 0.284375 0.4848966613672496 0.271875 0.49761526232114467 0.24375 0.5182829888712241 0.2265625 0.5262321144674086 0.2078125 0.5278219395866455 0.184375 0.5405405405405406 0.178125 0.5405405405405406 0.1734375 0.5437201907790143 0.1703125 0.5468998410174881 0.171875 0.5500794912559619 0.1875 0.5596184419713831 0.1921875 0.5643879173290938 0.1921875 0.5675675675675675 0.196875 0.5675675675675675 0.2 0.5707472178060413 0.2 0.5771065182829889 0.196875 0.5802861685214626 0.1921875 0.5802861685214626 0.1890625 0.5866454689984102 0.18125 0.5850556438791733 0.178125 0.5866454689984102 0.178125 0.5961844197138315 0.1703125 0.5993640699523053 0.146875 0.6200317965023847 0.13125 0.6263910969793323 0.125 0.6263910969793323 0.11875 0.629570747217806 0.1171875 0.6327503974562798 0.1234375 0.6375198728139905 0.1375 0.6359300476947536 0.1421875 0.6327503974562798 0.146875 0.6327503974562798 0.15625 0.6248012718600954 0.1765625 0.6184419713831478 0.184375 0.6184419713831478 0.1875 0.6279809220985691 0.1875 0.643879173290938 0.1765625 0.6645468998410174 0.1734375 0.6724960254372019 0.175 0.6740858505564388 0.196875 0.6518282988871225 0.1984375 0.6406995230524642 0.2046875 0.6327503974562798 0.20625 0.6263910969793323 0.2140625 0.6184419713831478 0.2171875 0.6184419713831478 0.228125 0.6057233704292527 0.2328125 0.604133545310016 0.234375 0.5977742448330684 0.2421875 0.589825119236884 0.253125 0.5914149443561209 0.2578125 0.5977742448330684 0.2578125 0.6057233704292527 0.2515625 0.6120826709062003 0.2484375 0.6120826709062003 0.25625 0.6136724960254372 0.2609375 0.6248012718600954 0.2625 0.6375198728139905 0.26875 0.6311605723370429 0.26875 0.6263910969793323 0.2796875 0.6168521462639109 0.284375 0.6200317965023847 0.2828125 0.6327503974562798 0.284375 0.6391096979332274 0.278125 0.6486486486486487 0.278125 0.6534181240063593 0.2734375 0.6565977742448331 0.2625 0.6550079491255962 0.259375 0.6565977742448331 0.2578125 0.6613672496025437 0.2484375 0.6677265500794912 0.24375 0.6756756756756757 0.2515625 0.6756756756756757 0.2609375 0.6836248012718601 0.2578125 0.7090620031796503 0.265625 0.7042925278219396 0.278125 0.7042925278219396 0.2828125 0.7011128775834659 0.2875 0.7042925278219396 0.2921875 0.699523052464229 0.2953125 0.699523052464229 0.2859375 0.6979332273449921 0.284375 0.6963434022257552 0.2859375 0.6947535771065183 0.29375 0.6915739268680445 0.2984375 0.6947535771065183 0.2984375 0.7138314785373608 0.2890625 0.7376788553259142 0.290625 0.739268680445151 0.29375 0.7376788553259142 0.296875 0.7329093799682035 0.3046875 0.7329093799682035 0.3125 0.7408585055643879 0.3140625 0.7567567567567568 0.3203125 0.7678855325914149 0.321875 0.7885532591414944 0.3203125 0.7901430842607313 0.3203125 0.8187599364069952 0.3171875 0.8282988871224165 0.3203125 0.834658187599364 0.31875 0.8457869634340223 0.3203125 0.8473767885532592 0.3234375 0.8457869634340223 0.3234375 0.8426073131955485 0.3203125 0.8410174880763116 0.321875 0.834658187599364 0.3296875 0.8330683624801272 0.33125 0.8378378378378378 0.3265625 0.8426073131955485 0.3265625 0.8457869634340223 0.3359375 0.8473767885532592 0.3390625 0.8521462639109698 0.346875 0.8521462639109698 0.3578125 0.8600953895071543 0.359375 0.863275039745628 0.353125 0.8696343402225755 0.353125 0.8775834658187599 0.35625 0.8839427662957074 0.353125 0.8871224165341812 0.3546875 0.9014308426073132 0.359375 0.9014308426073132 0.365625 0.8966613672496025 0.3890625 0.8982511923688394 0.403125 0.9109697933227345 0.4078125 0.9109697933227345 0.4125 0.9157392686804452 0.415625 0.9491255961844197 0.41875 0.9602543720190779 0.421875 0.9634340222575517 0.421875 0.9682034976152624 0.4265625 0.9713831478537361 0.428125 0.9809220985691574 0.43125 0.9777424483306836 0.440625 0.985691573926868 0.4421875 0.9920508744038156 0.453125 0.9904610492845787 0.4609375 0.9920508744038156 0.459375 0.9554848966613673 0.4609375 0.9523052464228935 0.4546875 0.9427662957074722 0.4609375 0.9395866454689984 0.4640625 0.931637519872814 0.4765625 0.9379968203497615 0.475 0.8934817170111288 0.4703125 0.8918918918918919 0.4703125 0.8871224165341812 0.465625 0.8839427662957074 0.4625 0.8775834658187599 0.45625 0.8569157392686805 0.45625 0.848966613672496 0.453125 0.8457869634340223 0.45625 0.8251192368839427 0.4546875 0.8155802861685215 0.4578125 0.8108108108108109 0.4546875 0.8076311605723371 0.453125 0.7996820349761526 0.459375 0.7853736089030207 0.4609375 0.7710651828298887 0.4671875 0.7678855325914149 0.4671875 0.7647058823529411 0.4765625 0.7551669316375199 0.4875 0.7551669316375199 0.4953125 0.7615262321144675 0.5015625 0.7615262321144675 0.50625 0.766295707472178 0.515625 0.7694753577106518 0.525 0.7790143084260731 0.5453125 0.7933227344992051 0.546875 0.809220985691574 0.5453125 0.8171701112877583 0.546875 0.8187599364069952 0.5578125 0.8187599364069952 0.565625 0.821939586645469 0.56875 0.8267090620031796 0.571875 0.8267090620031796 0.5828125 0.834658187599364 0.584375 0.8394276629570747 0.5890625 0.8426073131955485 0.5890625 0.8457869634340223 0.5984375 0.8553259141494436 0.615625 0.8569157392686805 0.6203125 0.863275039745628 0.625 0.8648648648648649 0.6265625 0.8696343402225755 0.6328125 0.8712241653418124 0.6390625 0.8775834658187599 0.640625 0.8775834658187599 0.640625 0.8712241653418124 0.6453125 0.8585055643879174 0.6484375 0.8553259141494436 0.6671875 0.8585055643879174 0.671875 0.863275039745628 0.6734375 0.8807631160572337 0.6703125 0.8918918918918919 0.6671875 0.8934817170111288 0.665625 0.9030206677265501 0.675 0.9077901430842608 0.6859375 0.9062003179650239 0.703125 0.9125596184419714 0.709375 0.9109697933227345 0.715625 0.9125596184419714 0.7203125 0.9252782193958664 0.7203125 0.9395866454689984 0.7265625 0.9348171701112877 0.7375 0.931637519872814 0.740625 0.9268680445151033 0.75625 0.9268680445151033 0.759375 0.9348171701112877 0.7703125 0.9427662957074722 0.7734375 0.9475357710651828 0.7828125 0.9507154213036566 0.7875 0.9554848966613673 0.7953125 0.9507154213036566 0.8125 0.9475357710651828 0.8265625 0.9523052464228935 0.825 0.9554848966613673 0.8203125 0.9570747217806042 0.8109375 0.9570747217806042 0.8140625 0.9602543720190779 0.821875 0.9570747217806042 0.828125 0.9634340222575517 0.83125 0.9618441971383148 0.8375 0.9634340222575517 0.8375 0.9554848966613673 0.8421875 0.9523052464228935 0.8359375 0.9475357710651828 0.8359375 0.9332273449920508 0.84375 0.9252782193958664 0.8421875 0.9220985691573926 0.84375 0.9205087440381559 0.853125 0.9205087440381559 0.8625 0.9300476947535771 0.8703125 0.9300476947535771 0.8734375 0.9332273449920508 0.8765625 0.931637519872814 0.884375 0.9395866454689984 0.8921875 0.9411764705882353 0.8953125 0.9491255961844197 0.8921875 0.9538950715421304 0.878125 0.9523052464228935 0.8671875 0.9554848966613673 0.8625 0.9523052464228935 0.8625 0.9570747217806042 0.859375 0.958664546899841 0.859375 0.9618441971383148 0.8625 0.9634340222575517 0.8703125 0.9602543720190779 0.8734375 0.9634340222575517 0.890625 0.9634340222575517 0.89375 0.9602543720190779 0.8984375 0.9602543720190779 0.9015625 0.9570747217806042 0.915625 0.9523052464228935 0.925 0.9523052464228935 0.9296875 0.9554848966613673 0.9390625 0.9570747217806042 0.9421875 0.9554848966613673 0.946875 0.9459459459459459 0.95 0.9348171701112877 0.9578125 0.9268680445151033 0.9640625 0.9268680445151033 0.96875 0.918918918918919 0.9703125 0.9077901430842608 0.9765625 0.8918918918918919 0.9734375 0.8728139904610492 0.9765625 0.8664546899841018 0.9828125 0.8616852146263911 0.99375 0.863275039745628 0.9953125 0.8585055643879174 0.984375 0.8553259141494436 0.971875 0.8569157392686805 0.9609375 0.8505564387917329 0.9546875 0.848966613672496 0.953125 0.8505564387917329 0.946875 0.8457869634340223 0.9421875 0.8457869634340223 0.9390625 0.8394276629570747 0.9359375 0.8378378378378378 0.934375 0.8314785373608903 0.928125 0.8282988871224165 0.928125 0.8139904610492846 0.9203125 0.8124006359300477 0.9125 0.7901430842607313 0.909375 0.7901430842607313 0.8984375 0.7758346581875993 0.890625 0.7710651828298887 0.8921875 0.7631160572337043 0.8875 0.7631160572337043 0.884375 0.7599364069952306 0.884375 0.7551669316375199 0.8796875 0.7488076311605724 0.88125 0.7424483306836248 0.878125 0.739268680445151 0.88125 0.7360890302066773 0.89375 0.7329093799682035 0.9 0.7265500794912559 0.9046875 0.724960254372019 0.909375 0.7186009538950715 0.9125 0.7186009538950715 0.915625 0.7138314785373608 0.9234375 0.7106518282988871 0.934375 0.7106518282988871 0.9484375 0.7042925278219396 0.946875 0.699523052464229 0.934375 0.6947535771065183 0.9296875 0.6788553259141494 0.928125 0.6502384737678856 0.91875 0.643879173290938 0.915625 0.6454689984101749 0.915625 0.6740858505564388 0.9140625 0.6788553259141494 0.9015625 0.6899841017488076 0.88125 0.6899841017488076 0.8578125 0.6836248012718601 0.846875 0.6836248012718601 0.8234375 0.6740858505564388 0.821875 0.6693163751987281 0.81875 0.6693163751987281 0.8140625 0.6645468998410174 0.8078125 0.6550079491255962 0.8078125 0.6406995230524642 0.8015625 0.6248012718600954 0.8 0.5834658187599364 0.79375 0.5771065182829889 0.79375 0.5723370429252782 0.7859375 0.5548489666136724 0.775 0.5468998410174881 0.7625 0.5325914149443561 0.746875 0.5262321144674086 0.73125 0.5119236883942766 0.709375 0.49920508744038156 0.7015625 0.48966613672496023 0.6984375 0.48966613672496023 0.690625 0.4769475357710652 0.6796875 0.46740858505564387 0.678125 0.4610492845786963 0.6734375 0.4578696343402226 0.6734375 0.4546899841017488 0.665625 0.4467408585055644 0.6609375 0.41971383147853736 0.665625 0.4149443561208267 0.6671875 0.4165341812400636 0.66875 0.4149443561208267 0.675 0.40222575516693165 0.69375 0.40381558028616854 0.7015625 0.40858505564387915 0.703125 0.4165341812400636 0.709375 0.41971383147853736 0.71875 0.41971383147853736 0.73125 0.4165341812400636 0.7328125 0.4149443561208267 0.73125 0.4117647058823529 0.734375 0.40858505564387915 0.7421875 0.40540540540540543 0.7515625 0.40222575516693165 0.771875 0.40381558028616854 0.771875 0.40063593004769477 0.765625 0.3990461049284579 0.7625 0.40063593004769477 0.7578125 0.397456279809221 0.728125 0.3990461049284579 0.7203125 0.397456279809221 0.6890625 0.3815580286168522 0.6609375 0.3815580286168522 0.6546875 0.3767885532591415 0.659375 0.3624801271860095 0.6625 0.35930047694753575 0.66875 0.35930047694753575 0.675 0.35294117647058826 0.684375 0.3481717011128776 0.684375 0.3338632750397456 0.6875 0.32909379968203495 0.6875 0.32432432432432434 0.69375 0.3163751987281399 0.70625 0.30842607313195547 0.70625 0.3036565977742448 0.7015625 0.2988871224165342 0.7015625 0.29093799682034976 0.7046875 0.287758346581876 0.7171875 0.2845786963434022 0.725 0.27821939586645467 0.725 0.27344992050874406 0.7203125 0.2686804451510334 0.7125 0.2686804451510334 0.709375 0.2655007949125596 0.7171875 0.2559618441971383 0.715625 0.2384737678855326 0.7140625 0.24324324324324326 0.7125 0.2384737678855326 0.7015625 0.2273449920508744 0.6640625 0.22257551669316375 0.6625 0.20985691573926868 0.6703125 0.2066772655007949 0.66875 0.20349761526232116 0.64375 0.19236883942766295 0.61875 0.1891891891891892 0.6015625 0.19236883942766295 0.5890625 0.20031796502384738 0.5828125 0.19395866454689983 0.5796875 0.17647058823529413 0.58125 0.17170111287758347 0.578125 0.1685214626391097 0.578125 0.15262321144674085 0.5890625 0.12241653418124006 0.59375 0.1192368839427663 0.5984375 0.10969793322734499 0.609375 0.10015898251192369 0.6109375 0.09538950715421304 0.615625 0.09220985691573927 0.615625 0.0890302066772655 0.628125 0.08267090620031796 0.6375 0.08267090620031796 0.6484375 0.058823529411764705 0.6515625 0.057233704292527825 0.6515625 0.05246422893481717 0.6625 0.04451510333863275 0.6765625 0.03815580286168521 0.690625 0.025437201907790145 0.7 0.006359300476947536 0.6953125 0 0.6890625 0.003179650238473768 0.6859375 0 0.6828125 0.0047694753577106515 0.665625 0.0047694753577106515 0.653125 0.003179650238473768 0.6515625 0 0.615625 0 0.6140625 0.003179650238473768 0.609375 0.003179650238473768 0.60625 0 0.5828125 0 0.5796875 0.011128775834658187 0.5765625 0.012718600953895072 0.575 0.009538950715421303 0.5734375 0.017488076311605722 0.5640625 0.019077901430842606 0.5625 0.011128775834658187 0.559375 0.009538950715421303 0.5546875 0 0.5265625 0 0.525 0.02066772655007949 0.5171875 0.030206677265500796 0.5046875 0.022257551669316374 0.496875 0.022257551669316374 0.4921875 0.025437201907790145 0.4859375 0.025437201907790145 0.48125 0.030206677265500796 0.475 0.03179650238473768 0.4625 0.022257551669316374 0.4578125 0.01589825119236884 0.45 0.014308426073131956 0.4453125 0.01589825119236884 0.440625 0.00794912559618442 0.4359375 0.00794912559618442 0.43125 0.0047694753577106515 0.4203125 0.006359300476947536 0.4203125 0.011128775834658187 0.4171875 0.014308426073131956 0.4140625 0.0047694753577106515 0.4046875 0.003179650238473768 0.4015625 0 0.396875 0.0047694753577106515 0.3875 0.0047694753577106515 0.3859375 0.011128775834658187 0.3875 0.012718600953895072 0.3828125 0.01589825119236884 0.375 0.012718600953895072 0.3765625 0.009538950715421303 0.38125 0.00794912559618442 0.3796875 0.006359300476947536 0.371875 0.0047694753577106515 0.3203125 0.0047694753577106515 0.3203125 0.012718600953895072 0.3265625 0.022257551669316374 0.3265625 0.03179650238473768 0.321875 0.0397456279809221 0.3234375 0.05246422893481717 0.3203125 0.05564387917329094 0.31875 0.05246422893481717 0.30625 0.05087440381558029 0.3015625 0.04769475357710652 0.2984375 0.05087440381558029 0.303125 0.06836248012718601 0.3171875 0.08426073131955485 0.321875 0.11446740858505565 0.3171875 0.11764705882352941 0.303125 0.11287758346581876 0.296875 0.11287758346581876 0.29375 0.11605723370429252 0.284375 0.11605723370429252 0.2703125 0.11287758346581876 0.2640625 0.10810810810810811 0.2484375 0.10651828298887123 0.24375 0.10174880763116058 0.253125 0.09220985691573927 0.259375 0.07631160572337042 0.25625 0.05405405405405406 0.2578125 0.046104928457869634 0.2515625 0.02066772655007949 0.246875 0.012718600953895072 0.234375 0 0.2140625 0 0.2125 0.0047694753577106515 0.20625 0.006359300476947536 0.1859375 0 0.1828125 0.001589825119236884 0.1765625 0 0.175 0.003179650238473768 0.16875 0.0047694753577106515 0.1421875 0.0047694753577106515 0.1359375 0 0.1140625 0
3 0.9515625 0.9141494435612083 0.9484375 0.9205087440381559 0.9328125 0.9205087440381559 0.9296875 0.9173290937996821 0.9203125 0.918918918918919 0.9125 0.9141494435612083 0.91875 0.9125596184419714 0.921875 0.8998410174880763 0.921875 0.8855325914149443 0.9390625 0.875993640699523 0.9375 0.8696343402225755 0.94375 0.863275039745628 0.9609375 0.863275039745628 0.9734375 0.8680445151033387 0.978125 0.8616852146263911 0.9890625 0.8600953895071543 0.9890625 0.8585055643879174 0.96875 0.8569157392686805 0.9625 0.8521462639109698 0.95625 0.8505564387917329 0.9515625 0.8521462639109698 0.9484375 0.848966613672496 0.9421875 0.848966613672496 0.925 0.834658187599364 0.9265625 0.8314785373608903 0.921875 0.8267090620031796 0.9203125 0.8139904610492846 0.9171875 0.8108108108108109 0.9078125 0.8124006359300477 0.90625 0.8060413354531002 0.9015625 0.8060413354531002 0.8953125 0.8124006359300477 0.8890625 0.8139904610492846 0.8859375 0.8203497615262321 0.871875 0.8314785373608903 0.865625 0.8426073131955485 0.853125 0.8441971383147854 0.8484375 0.8473767885532592 0.8375 0.8426073131955485 0.821875 0.8410174880763116 0.815625 0.8426073131955485 0.7953125 0.8267090620031796 0.79375 0.8203497615262321 0.7859375 0.8124006359300477 0.7859375 0.8060413354531002 0.7828125 0.8044515103338633 0.7796875 0.794912559618442 0.7796875 0.7853736089030207 0.7703125 0.7758346581875993 0.771875 0.7726550079491256 0.76875 0.7678855325914149 0.76875 0.7583465818759937 0.775 0.7472178060413355 0.78125 0.7456279809220986 0.7875 0.7472178060413355 0.796875 0.7440381558028617 0.8078125 0.7456279809220986 0.815625 0.7440381558028617 0.8359375 0.7329093799682035 0.85 0.7329093799682035 0.8578125 0.7376788553259142 0.859375 0.7408585055643879 0.8625 0.7408585055643879 0.8734375 0.7488076311605724 0.8734375 0.7551669316375199 0.8765625 0.7583465818759937 0.878125 0.7360890302066773 0.884375 0.7344992050874404 0.89375 0.7265500794912559 0.9046875 0.724960254372019 0.90625 0.7201907790143084 0.9125 0.7170111287758346 0.915625 0.7106518282988871 0.921875 0.7106518282988871 0.9203125 0.699523052464229 0.93125 0.6931637519872814 0.928125 0.6820349761526232 0.928125 0.6534181240063593 0.921875 0.6470588235294118 0.915625 0.6486486486486487 0.9171875 0.6693163751987281 0.915625 0.6788553259141494 0.90625 0.6915739268680445 0.8875 0.6915739268680445 0.8671875 0.685214626391097 0.8453125 0.6836248012718601 0.840625 0.6804451510333863 0.834375 0.6804451510333863 0.8265625 0.6772655007949125 0.809375 0.6597774244833068 0.80625 0.6375198728139905 0.8015625 0.6248012718600954 0.8 0.5882352941176471 0.7984375 0.5834658187599364 0.7953125 0.5818759936406995 0.79375 0.5723370429252782 0.7859375 0.5548489666136724 0.78125 0.5532591414944356 0.778125 0.548489666136725 0.7671875 0.5405405405405406 0.7625 0.5325914149443561 0.746875 0.5262321144674086 0.725 0.5071542130365659 0.70625 0.49761526232114467 0.696875 0.48807631160572335 0.690625 0.4769475357710652 0.6796875 0.46740858505564387 0.6796875 0.4642289348171701 0.6640625 0.4451510333863275 0.6640625 0.43720190779014306 0.659375 0.424483306836248 0.659375 0.41017488076311603 0.6640625 0.40222575516693165 0.6796875 0.3990461049284579 0.7015625 0.40222575516693165 0.7078125 0.40540540540540543 0.709375 0.40222575516693165 0.715625 0.40063593004769477 0.703125 0.39268680445151033 0.7 0.3958664546899841 0.6984375 0.39109697933227344 0.6875 0.383147853736089 0.65625 0.3815580286168522 0.6515625 0.3783783783783784 0.6515625 0.3672496025437202 0.6546875 0.3640699523052464 0.6546875 0.35930047694753575 0.665625 0.35135135135135137 0.66875 0.35294117647058826 0.6796875 0.3481717011128776 0.68125 0.3370429252782194 0.6796875 0.3338632750397456 0.684375 0.32432432432432434 0.6828125 0.3195548489666137 0.6984375 0.3068362480127186 0.696875 0.29093799682034976 0.7 0.2845786963434022 0.7046875 0.28298887122416533 0.703125 0.27503974562798095 0.7015625 0.27980922098569155 0.6984375 0.27980922098569155 0.6953125 0.27503974562798095 0.6859375 0.27821939586645467 0.6765625 0.2718600953895072 0.671875 0.27344992050874406 0.665625 0.2655007949125596 0.6671875 0.26232114467408585 0.665625 0.2591414944356121 0.6609375 0.2591414944356121 0.6609375 0.26073131955484896 0.659375 0.26232114467408585 0.6609375 0.26391096979332274 0.6609375 0.27980922098569155 0.65625 0.2845786963434022 0.646875 0.27980922098569155 0.6484375 0.27503974562798095 0.6515625 0.2718600953895072 0.646875 0.2702702702702703 0.6421875 0.27821939586645467 0.634375 0.28298887122416533 0.6296875 0.2893481717011129 0.6234375 0.2893481717011129 0.6171875 0.29252782193958665 0.6125 0.2988871224165342 0.609375 0.2957074721780604 0.6046875 0.2972972972972973 0.603125 0.3004769475357711 0.5984375 0.3004769475357711 0.596875 0.314785373608903 0.5859375 0.32909379968203495 0.5765625 0.32591414944356123 0.56875 0.32909379968203495 0.565625 0.32432432432432434 0.5609375 0.3275039745627981 0.5484375 0.32591414944356123 0.5421875 0.32909379968203495 0.51875 0.32591414944356123 0.5109375 0.3179650238473768 0.5046875 0.3163751987281399 0.503125 0.31160572337042924 0.5 0.31001589825119236 0.490625 0.31160572337042924 0.484375 0.3179650238473768 0.475 0.3370429252782194 0.4625 0.35453100158982515 0.4625 0.36089030206677264 0.4546875 0.37042925278219396 0.45 0.37201907790143085 0.4421875 0.3672496025437202 0.4375 0.37201907790143085 0.4375 0.3767885532591415 0.44375 0.38791732909379967 0.4359375 0.3958664546899841 0.4203125 0.397456279809221 0.4125 0.3958664546899841 0.403125 0.38950715421303655 0.3921875 0.38791732909379967 0.3796875 0.38791732909379967 0.3765625 0.39268680445151033 0.3703125 0.3863275039745628 0.3640625 0.38791732909379967 0.3625 0.3958664546899841 0.365625 0.39268680445151033 0.3734375 0.3942766295707472 0.36875 0.40381558028616854 0.3640625 0.40381558028616854 0.3625 0.40063593004769477 0.3609375 0.40858505564387915 0.3625 0.41017488076311603 0.3671875 0.40540540540540543 0.375 0.4117647058823529 0.3796875 0.4117647058823529 0.3828125 0.40063593004769477 0.3796875 0.3942766295707472 0.38125 0.39268680445151033 0.3875 0.39268680445151033 0.3984375 0.3990461049284579 0.3984375 0.4069952305246423 0.39375 0.41017488076311603 0.40625 0.4117647058823529 0.4109375 0.4149443561208267 0.4046875 0.41971383147853736 0.4046875 0.424483306836248 0.4015625 0.4276629570747218 0.3953125 0.43243243243243246 0.384375 0.4356120826709062 0.3859375 0.43879173290937995 0.38125 0.4451510333863275 0.3671875 0.4546899841017488 0.359375 0.4546899841017488 0.353125 0.4594594594594595 0.3453125 0.4610492845786963 0.3296875 0.46899841017488075 0.3140625 0.46899841017488075 0.3046875 0.4753577106518283 0.296875 0.4753577106518283 0.2890625 0.48330683624801274 0.2859375 0.48330683624801274 0.2609375 0.5103338632750397 0.23125 0.5246422893481717 0.2140625 0.5262321144674086 0.1890625 0.5389507154213037 0.178125 0.5421303656597775 0.1734375 0.5468998410174881 0.178125 0.5532591414944356 0.18125 0.5532591414944356 0.2 0.5675675675675675 0.2078125 0.5675675675675675 0.2109375 0.5723370429252782 0.2 0.5834658187599364 0.1921875 0.5834658187599364 0.1921875 0.5866454689984102 0.1875 0.5914149443561209 0.184375 0.5914149443561209 0.1796875 0.5977742448330684 0.1765625 0.5977742448330684 0.1671875 0.6057233704292527 0.1640625 0.6057233704292527 0.1484375 0.6200317965023847 0.134375 0.6263910969793323 0.121875 0.6279809220985691 0.1203125 0.6343402225755167 0.1390625 0.6343402225755167 0.1515625 0.6248012718600954 0.1625 0.6216216216216216 0.1640625 0.6184419713831478 0.16875 0.6184419713831478 0.178125 0.6104928457869634 0.190625 0.6089030206677265 0.1921875 0.6057233704292527 0.2046875 0.6073131955484896 0.20625 0.6057233704292527 0.2078125 0.6089030206677265 0.2015625 0.615262321144674 0.2 0.6248012718600954 0.1921875 0.629570747217806 0.1890625 0.6470588235294118 0.1828125 0.6581875993640699 0.1828125 0.6629570747217806 0.178125 0.6645468998410174 0.1828125 0.6645468998410174 0.196875 0.6470588235294118 0.1984375 0.6359300476947536 0.2046875 0.6248012718600954 0.2296875 0.6025437201907791 0.2359375 0.589825119236884 0.25 0.5834658187599364 0.25625 0.5866454689984102 0.2609375 0.6009538950715422 0.2578125 0.6136724960254372 0.2609375 0.6200317965023847 0.2609375 0.6263910969793323 0.2640625 0.629570747217806 0.2765625 0.615262321144674 0.275 0.5882352941176471 0.2765625 0.5818759936406995 0.284375 0.5802861685214626 0.2859375 0.5850556438791733 0.2890625 0.5802861685214626 0.2921875 0.5818759936406995 0.296875 0.5945945945945946 0.296875 0.6025437201907791 0.290625 0.6089030206677265 0.2859375 0.6073131955484896 0.284375 0.6120826709062003 0.2984375 0.6136724960254372 0.2984375 0.6263910969793323 0.2921875 0.6343402225755167 0.2921875 0.6391096979332274 0.2859375 0.6422893481717011 0.275 0.6597774244833068 0.26875 0.6629570747217806 0.25625 0.6645468998410174 0.2546875 0.670906200317965 0.25625 0.6756756756756757 0.2625 0.6788553259141494 0.2625 0.6899841017488076 0.2578125 0.7042925278219396 0.2609375 0.7058823529411765 0.2765625 0.7027027027027027 0.2875 0.6915739268680445 0.296875 0.6899841017488076 0.3015625 0.6947535771065183 0.3015625 0.7090620031796503 0.2953125 0.7265500794912559 0.3109375 0.7360890302066773 0.31875 0.7456279809220986 0.325 0.7376788553259142 0.325 0.7344992050874404 0.3296875 0.7313195548489666 0.33125 0.7217806041335453 0.3296875 0.7170111287758346 0.3328125 0.7090620031796503 0.334375 0.7074721780604134 0.340625 0.7154213036565977 0.3390625 0.7265500794912559 0.340625 0.7313195548489666 0.34375 0.7313195548489666 0.3453125 0.7281399046104928 0.35 0.7329093799682035 0.3484375 0.7456279809220986 0.35 0.7472178060413355 0.34375 0.7678855325914149 0.3375 0.7742448330683624 0.3296875 0.7742448330683624 0.3234375 0.7774244833068362 0.321875 0.7996820349761526 0.325 0.8060413354531002 0.3234375 0.8139904610492846 0.328125 0.8060413354531002 0.334375 0.809220985691574 0.3390625 0.8155802861685215 0.3390625 0.8282988871224165 0.3421875 0.8378378378378378 0.3375 0.8457869634340223 0.35 0.8521462639109698 0.3609375 0.863275039745628 0.3578125 0.8680445151033387 0.359375 0.8839427662957074 0.3546875 0.8871224165341812 0.3625 0.8934817170111288 0.375 0.8918918918918919 0.3875 0.8966613672496025 0.4125 0.9141494435612083 0.4171875 0.9284578696343402 0.4203125 0.9523052464228935 0.4265625 0.958664546899841 0.4265625 0.9666136724960255 0.4328125 0.9745627980922098 0.4328125 0.9777424483306836 0.4453125 0.9872813990461049 0.4515625 0.985691573926868 0.4578125 0.9888712241653418 0.459375 0.9793322734499205 0.45625 0.9745627980922098 0.4578125 0.958664546899841 0.45625 0.9570747217806042 0.4578125 0.9507154213036566 0.4546875 0.9427662957074722 0.459375 0.9395866454689984 0.4640625 0.931637519872814 0.475 0.9364069952305246 0.4765625 0.9348171701112877 0.4734375 0.904610492845787 0.46875 0.8982511923688394 0.465625 0.8823529411764706 0.4546875 0.8585055643879174 0.4546875 0.848966613672496 0.4515625 0.8457869634340223 0.4546875 0.8139904610492846 0.453125 0.8044515103338633 0.45 0.7996820349761526 0.4546875 0.7901430842607313 0.453125 0.7774244833068362 0.4546875 0.7710651828298887 0.4671875 0.7647058823529411 0.46875 0.7583465818759937 0.478125 0.7519872813990461 0.4921875 0.7551669316375199 0.496875 0.7599364069952306 0.509375 0.7647058823529411 0.528125 0.78060413354531 0.54375 0.7901430842607313 0.546875 0.7933227344992051 0.5484375 0.8028616852146264 0.546875 0.8171701112877583 0.5484375 0.8187599364069952 0.565625 0.8203497615262321 0.5703125 0.8267090620031796 0.578125 0.8298887122416534 0.584375 0.8362480127186009 0.590625 0.8473767885532592 0.6 0.8521462639109698 0.609375 0.8505564387917329 0.6125 0.8553259141494436 0.6203125 0.8585055643879174 0.6296875 0.8696343402225755 0.6375 0.8712241653418124 0.640625 0.8696343402225755 0.64375 0.8585055643879174 0.65 0.8537360890302067 0.66875 0.8569157392686805 0.675 0.8648648648648649 0.675 0.8791732909379968 0.6734375 0.8918918918918919 0.6671875 0.9014308426073132 0.675 0.9062003179650239 0.6875 0.9062003179650239 0.7015625 0.9109697933227345 0.7078125 0.9093799682034976 0.715625 0.9125596184419714 0.721875 0.9220985691573926 0.7234375 0.9348171701112877 0.7390625 0.9268680445151033 0.7484375 0.9252782193958664 0.75625 0.9268680445151033 0.765625 0.9364069952305246 0.7671875 0.9411764705882353 0.771875 0.9427662957074722 0.775 0.9475357710651828 0.7859375 0.9507154213036566 0.7890625 0.9538950715421304 0.8 0.9475357710651828 0.8 0.9443561208267091 0.7953125 0.9427662957074722 0.796875 0.9395866454689984 0.79375 0.9348171701112877 0.79375 0.9284578696343402 0.796875 0.9252782193958664 0.8078125 0.9236883942766295 0.809375 0.9205087440381559 0.8140625 0.9220985691573926 0.8453125 0.9173290937996821 0.853125 0.9205087440381559 0.8625 0.9284578696343402 0.878125 0.9300476947535771 0.8796875 0.9332273449920508 0.9 0.9427662957074722 0.9 0.9491255961844197 0.8953125 0.9554848966613673 0.8765625 0.9570747217806042 0.8796875 0.9618441971383148 0.89375 0.9602543720190779 0.91875 0.9507154213036566 0.928125 0.9523052464228935 0.93125 0.9554848966613673 0.940625 0.9554848966613673 0.9515625 0.931637519872814 0.95625 0.9268680445151033 0.9625 0.9252782193958664 0.9671875 0.918918918918919 0.9734375 0.8982511923688394 0.9734375 0.8871224165341812 0.9703125 0.890302066772655 0.96875 0.8982511923688394 0.959375 0.9077901430842608 0.9609375 0.9109697933227345 0.9515625 0.9141494435612083
3 0.53359375 0.16057233704292528 0.0625 0.31319554848966613
6 0.575 0.10810810810810811 0.5734375 0.11287758346581876 0.56875 0.11605723370429252 0.5671875 0.12082670906200318 0.5625 0.12400635930047695 0.5609375 0.1287758346581876 0.546875 0.14467408585055644 0.546875 0.1494435612082671 0.5390625 0.16057233704292528 0.5359375 0.17965023847376788 0.5390625 0.18282988871224165 0.54375 0.178060413354531 0.546875 0.17011128775834658 0.553125 0.16375198728139906 0.553125 0.16057233704292528 0.559375 0.15580286168521462 0.559375 0.15262321144674085 0.5859375 0.1271860095389507 0.5890625 0.11605723370429252 0.5953125 0.10969793322734499 0.6078125 0.08267090620031796 0.6046875 0.07472178060413355 0.5984375 0.07313195548489666 0.5984375 0.07472178060413355 0.58125 0.10333863275039745 0.575 0.10810810810810811
6 0.296875 0.1987281399046105 0.321875 0.2368839427662957 0.325 0.2368839427662957 0.328125 0.2289348171701113 0.328125 0.21939586645468998 0.31875 0.1987281399046105 0.296875 0.178060413354531 0.296875 0.17488076311605724 0.2890625 0.1669316375198728 0.2703125 0.151033386327504 0.2515625 0.1478537360890302 0.2515625 0.1494435612082671 0.2625 0.1669316375198728 0.296875 0.1987281399046105
6 0.33125 0.23370429252782193 0.33125 0.2384737678855326 0.3359375 0.246422893481717 0.3484375 0.2591414944356121 0.3484375 0.26232114467408585 0.353125 0.26391096979332274 0.38125 0.29252782193958665 0.39375 0.3004769475357711 0.4 0.3004769475357711 0.4015625 0.29252782193958665 0.3984375 0.2845786963434022 0.3921875 0.28139904610492844 0.340625 0.2289348171701113 0.3390625 0.23052464228934816 0.334375 0.23052464228934816 0.33125 0.23370429252782193
6 0.403125 0.27344992050874406 0.4 0.28298887122416533 0.403125 0.29411764705882354 0.4015625 0.32909379968203495 0.403125 0.3354531001589825 0.4 0.35453100158982515 0.4046875 0.3672496025437202 0.4046875 0.37360890302066774 0.4140625 0.3799682034976153 0.4296875 0.3783783783783784 0.4296875 0.3751987281399046 0.415625 0.35771065182829886 0.4171875 0.3036565977742448 0.415625 0.302066772655008 0.415625 0.27503974562798095 0.421875 0.2384737678855326 0.421875 0.20508744038155802 0.4203125 0.1971383147853736 0.4140625 0.19554848966613672 0.4109375 0.20031796502384738 0.4078125 0.2178060413354531 0.4046875 0.22098569157392686 0.3984375 0.20349761526232116 0.3921875 0.20190779014308427 0.390625 0.20349761526232116 0.3921875 0.20508744038155802 0.403125 0.2591414944356121 0.403125 0.27344992050874406
6 0.5296875 0 0.5296875 0.001589825119236884 0.528125 0.01589825119236884 0.53125 0.022257551669316374 0.5296875 0.04292527821939587 0.53125 0.0492845786963434 0.5296875 0.06359300476947535 0.525 0.08108108108108109 0.525 0.09220985691573927 0.51875 0.10810810810810811 0.515625 0.14308426073131955 0.50625 0.16375198728139906 0.5046875 0.2289348171701113 0.5078125 0.2575516693163752 0.5140625 0.27503974562798095 0.5171875 0.29411764705882354 0.5296875 0.3163751987281399 0.5453125 0.3163751987281399 0.55 0.31160572337042924 0.559375 0.2766295707472178 0.5578125 0.27344992050874406 0.5421875 0.27344992050874406 0.5375 0.2686804451510334 0.5390625 0.246422893481717 0.5375 0.24483306836248012 0.5375 0.1875993640699523 0.534375 0.18124006359300476 0.534375 0.17488076311605724 0.5375 0.1669316375198728 0.5375 0.15262321144674085 0.5453125 0.1383147853736089 0.5453125 0.13036565977742448 0.5515625 0.11605723370429252 0.553125 0.10015898251192369 0.55625 0.09538950715421304 0.5609375 0.05405405405405406 0.559375 0.04451510333863275 0.5609375 0.04292527821939587 0.5609375 0.022257551669316374 0.559375 0.009538950715421303 0.5546875 0 0.5296875 0
6 0.44140625 0.10890302066772654 0.034375 0.05087440381558029
6 0.0046875 0.32273449920508746 0.003125 0.32432432432432434 0.003125 0.35771065182829886 0.00625 0.3624801271860095 0.021875 0.3656597774244833 0.0390625 0.37360890302066774 0.0484375 0.3751987281399046 0.0625 0.383147853736089 0.0640625 0.3863275039745628 0.0703125 0.38791732909379967 0.078125 0.3942766295707472 0.084375 0.3942766295707472 0.0875 0.397456279809221 0.0953125 0.397456279809221 0.10625 0.40222575516693165 0.1171875 0.40222575516693165 0.1328125 0.3942766295707472 0.1796875 0.3942766295707472 0.2046875 0.40222575516693165 0.2109375 0.40858505564387915 0.240625 0.40858505564387915 0.246875 0.40540540540540543 0.2671875 0.40540540540540543 0.2859375 0.40858505564387915 0.3046875 0.4165341812400636 0.31875 0.41971383147853736 0.35625 0.41812400635930047 0.390625 0.4356120826709062 0.409375 0.42289348171701113 0.415625 0.4165341812400636 0.4171875 0.4117647058823529 0.421875 0.40858505564387915 0.4234375 0.40381558028616854 0.4171875 0.3958664546899841 0.4 0.39109697933227344 0.4015625 0.38791732909379967 0.4140625 0.38791732909379967 0.4140625 0.3863275039745628 0.4125 0.3815580286168522 0.4015625 0.3799682034976153 0.3984375 0.3767885532591415 0.396875 0.3672496025437202 0.3546875 0.36089030206677264 0.325 0.3624801271860095 0.3203125 0.37201907790143085 0.3 0.3751987281399046 0.29375 0.37201907790143085 0.2796875 0.37201907790143085 0.26875 0.3672496025437202 0.2578125 0.3672496025437202 0.2515625 0.3640699523052464 0.2328125 0.36089030206677264 0.165625 0.36089030206677264 0.1640625 0.3624801271860095 0.1625 0.36089030206677264 0.1328125 0.36089030206677264 0.1171875 0.356120826709062 0.0953125 0.356120826709062 0.0890625 0.35294117647058826 0.0828125 0.35294117647058826 0.0671875 0.3465818759936407 0.0609375 0.3465818759936407 0.0453125 0.3386327503974563 0.0359375 0.3370429252782194 0.0171875 0.3275039745627981 0.015625 0.3275039745627981 0.0140625 0.32432432432432434 0.0046875 0.32273449920508746
6 0.2390625 0.13513513513513514 0.2421875 0.14149443561208266 0.2484375 0.14626391096979333 0.2828125 0.14467408585055644 0.303125 0.15580286168521462 0.3109375 0.15580286168521462 0.31875 0.151033386327504 0.334375 0.15421303656597773 0.3375 0.151033386327504 0.3375 0.13990461049284578 0.3328125 0.12241653418124006 0.3265625 0.12241653418124006 0.31875 0.11605723370429252 0.3140625 0.11605723370429252 0.309375 0.11287758346581876 0.296875 0.11287758346581876 0.2875 0.11605723370429252 0.2703125 0.11287758346581876 0.259375 0.10492845786963434 0.2546875 0.10492845786963434 0.2515625 0.10810810810810811 0.234375 0.10651828298887123 0.234375 0.10810810810810811 0.2328125 0.11446740858505565 0.2390625 0.13513513513513514
6 0.3265625 0.26391096979332274 0.33125 0.27344992050874406 0.334375 0.2972972972972973 0.340625 0.31160572337042924 0.340625 0.3163751987281399 0.3640625 0.3449920508744038 0.36875 0.3449920508744038 0.3796875 0.35135135135135137 0.3953125 0.35135135135135137 0.3984375 0.3481717011128776 0.396875 0.3338632750397456 0.3859375 0.32909379968203495 0.36875 0.31319554848966613 0.3609375 0.2972972972972973 0.353125 0.287758346581876 0.353125 0.28139904610492844 0.35 0.27821939586645467 0.346875 0.2670906200317965 0.346875 0.26073131955484896 0.3328125 0.24165341812400637 0.328125 0.2384737678855326 0.3265625 0.24006359300476948 0.325 0.2527821939586645 0.3265625 0.26391096979332274
6 0.49375 0.18441971383147854 0.49375 0.20508744038155802 0.490625 0.21462639109697934 0.490625 0.24165341812400637 0.4765625 0.27821939586645467 0.475 0.302066772655008 0.4765625 0.3163751987281399 0.48125 0.314785373608903 0.484375 0.3036565977742448 0.4890625 0.3004769475357711 0.4953125 0.27980922098569155 0.4953125 0.2670906200317965 0.503125 0.25119236883942764 0.5015625 0.19236883942766295 0.503125 0.1907790143084261 0.503125 0.16375198728139906 0.5 0.1478537360890302 0.4953125 0.1383147853736089 0.4953125 0.13990461049284578 0.490625 0.16216216216216217 0.49375 0.18441971383147854
6 0.465625 0.24483306836248012 0.4625 0.2527821939586645 0.4625 0.27980922098569155 0.4671875 0.2845786963434022 0.4734375 0.27980922098569155 0.475 0.2543720190779014 0.4921875 0.22575516693163752 0.490625 0.21462639109697934 0.490625 0.21621621621621623 0.4796875 0.22575516693163752 0.465625 0.24483306836248012
6 0.6109375 0.15262321144674085 0.5984375 0.16057233704292528 0.59375 0.1685214626391097 0.5953125 0.17170111287758347 0.603125 0.17170111287758347 0.6359375 0.1478537360890302 0.634375 0.14467408585055644 0.6296875 0.14308426073131955 0.628125 0.14308426073131955 0.615625 0.15262321144674085 0.6109375 0.15262321144674085
6 0.5640625 0.22575516693163752 0.55 0.24006359300476948 0.54375 0.2527821939586645 0.54375 0.2670906200317965 0.5484375 0.2686804451510334 0.553125 0.2655007949125596 0.5546875 0.2559618441971383 0.559375 0.2480127186009539 0.5765625 0.23211446740858505 0.6 0.2178060413354531 0.6015625 0.21303656597774245 0.6 0.21303656597774245 0.5890625 0.21303656597774245 0.5640625 0.22575516693163752
6 0.3140625 0.16534181240063592 0.315625 0.17329093799682035 0.3140625 0.18124006359300476 0.3203125 0.1875993640699523 0.3203125 0.19236883942766295 0.325 0.1987281399046105 0.3265625 0.21621621621621623 0.3296875 0.22098569157392686 0.3296875 0.2289348171701113 0.325 0.23370429252782193 0.325 0.2527821939586645 0.334375 0.2893481717011129 0.334375 0.3004769475357711 0.3390625 0.3068362480127186 0.340625 0.314785373608903 0.3546875 0.3322734499205087 0.3546875 0.3354531001589825 0.3640625 0.3449920508744038 0.36875 0.3449920508744038 0.3765625 0.3497615262321145 0.39375 0.3497615262321145 0.396875 0.3465818759936407 0.396875 0.3370429252782194 0.375 0.3195548489666137 0.35625 0.29252782193958665 0.346875 0.2655007949125596 0.3484375 0.2543720190779014 0.34375 0.25119236883942764 0.334375 0.2368839427662957 0.3390625 0.23211446740858505 0.340625 0.23370429252782193 0.3421875 0.23052464228934816 0.3390625 0.20985691573926868 0.3390625 0.17488076311605724 0.334375 0.15262321144674085 0.3328125 0.15262321144674085 0.3171875 0.15421303656597773 0.3140625 0.16534181240063592
2 0.1125 0 0.1125 0.001589825119236884 0.115625 0.014308426073131956 0.11875 0.014308426073131956 0.121875 0.02066772655007949 0.128125 0.02384737678855326 0.1296875 0.028616852146263912 0.1328125 0.028616852146263912 0.1359375 0.033386327503974564 0.140625 0.034976152623211444 0.1703125 0.06995230524642289 0.175 0.07154213036565978 0.1859375 0.08267090620031796 0.1859375 0.08585055643879173 0.1890625 0.08585055643879173 0.19375 0.09220985691573927 0.196875 0.09220985691573927 0.2125 0.10651828298887123 0.2203125 0.1192368839427663 0.225 0.12082670906200318 0.23125 0.1271860095389507 0.2328125 0.12559618441971382 0.23125 0.11764705882352941 0.225 0.10492845786963434 0.2171875 0.0985691573926868 0.215625 0.09379968203497616 0.2203125 0.09220985691573927 0.2296875 0.10015898251192369 0.2359375 0.10174880763116058 0.2421875 0.10174880763116058 0.2484375 0.0985691573926868 0.259375 0.07631160572337042 0.259375 0.046104928457869634 0.2546875 0.034976152623211444 0.253125 0.02384737678855326 0.2453125 0.00794912559618442 0.2375 0 0.1703125 0 0.16875 0.003179650238473768 0.1515625 0.003179650238473768 0.1484375 0 0.1125 0
2 0.3125 0 0.3125 0.001589825119236884 0.3234375 0.019077901430842606 0.3265625 0.028616852146263912 0.3328125 0.030206677265500796 0.3359375 0.034976152623211444 0.35 0.034976152623211444 0.3578125 0.028616852146263912 0.375 0.02384737678855326 0.384375 0.012718600953895072 0.3875 0.0047694753577106515 0.3859375 0 0.3125 0
2 0.340625 0.10810810810810811 0.3390625 0.13195548489666137 0.340625 0.13354531001589826 0.340625 0.16057233704292528 0.3453125 0.1669316375198728 0.34375 0.17488076311605724 0.3453125 0.17965023847376788 0.3515625 0.18600953895071543 0.35625 0.18600953895071543 0.3625 0.1907790143084261 0.3828125 0.1971383147853736 0.3859375 0.20031796502384738 0.403125 0.20031796502384738 0.4046875 0.1971383147853736 0.4234375 0.1907790143084261 0.4296875 0.18441971383147854 0.4328125 0.17011128775834658 0.43125 0.1478537360890302 0.4203125 0.12400635930047695 0.4078125 0.10969793322734499 0.396875 0.10174880763116058 0.38125 0.09538950715421304 0.3671875 0.09379968203497616 0.365625 0.09379968203497616 0.3546875 0.09379968203497616 0.340625 0.10810810810810811
2 0.4640625 0.10174880763116058 0.4609375 0.10174880763116058 0.44375 0.11764705882352941 0.4328125 0.13036565977742448 0.434375 0.1383147853736089 0.45 0.14308426073131955 0.4703125 0.15421303656597773 0.475 0.15421303656597773 0.4765625 0.151033386327504 0.4796875 0.151033386327504 0.478125 0.14467408585055644 0.48125 0.13672496025437203 0.4875 0.13195548489666137 0.4875 0.10810810810810811 0.4890625 0.10651828298887123 0.48125 0.09379968203497616 0.4796875 0.09379968203497616 0.46875 0.09538950715421304 0.4640625 0.10174880763116058
2 0.6046875 0.26073131955484896 0.6 0.287758346581876 0.603125 0.29093799682034976 0.6109375 0.29093799682034976 0.61875 0.2861685214626391 0.6265625 0.2845786963434022 0.6453125 0.2655007949125596 0.65 0.2575516693163752 0.65 0.25119236883942764 0.6453125 0.24006359300476948 0.634375 0.23211446740858505 0.6328125 0.23211446740858505 0.6171875 0.24483306836248012 0.6046875 0.26073131955484896
2 0.371875 0.0397456279809221 0.3625 0.05087440381558029 0.3625 0.05405405405405406 0.3546875 0.06041335453100159 0.3484375 0.07472178060413355 0.346875 0.08585055643879173 0.3421875 0.09220985691573927 0.34375 0.0985691573926868 0.346875 0.0985691573926868 0.3484375 0.09538950715421304 0.3546875 0.09220985691573927 0.3609375 0.09220985691573927 0.3671875 0.0890302066772655 0.36875 0.08426073131955485 0.38125 0.06995230524642289 0.3875 0.057233704292527825 0.3875 0.0492845786963434 0.3828125 0.03815580286168521 0.38125 0.03815580286168521 0.378125 0.03656597774244833 0.371875 0.0397456279809221
2 0.3 0.07154213036565978 0.30625 0.07472178060413355 0.3171875 0.09220985691573927 0.3203125 0.09379968203497616 0.321875 0.09220985691573927 0.3234375 0.08585055643879173 0.3234375 0.058823529411764705 0.31875 0.05246422893481717 0.309375 0.046104928457869634 0.2984375 0.0397456279809221 0.2921875 0.0397456279809221 0.2921875 0.04133545310015898 0.2921875 0.0492845786963434 0.3 0.07154213036565978
2 0.296875 0.058823529411764705 0.2984375 0.06836248012718601 0.3109375 0.08108108108108109 0.3203125 0.10015898251192369 0.325 0.08426073131955485 0.321875 0.05564387917329094 0.296875 0.0397456279809221 0.2921875 0.0397456279809221 0.2921875 0.04133545310015898 0.2921875 0.0492845786963434 0.296875 0.058823529411764705
2 0.584375 0 0.584375 0.001589825119236884 0.5828125 0.0047694753577106515 0.5828125 0.034976152623211444 0.584375 0.0492845786963434 0.5875 0.057233704292527825 0.596875 0.07154213036565978 0.6078125 0.08267090620031796 0.61875 0.08585055643879173 0.63125 0.07790143084260731 0.6375 0.07790143084260731 0.6390625 0.07472178060413355 0.6453125 0.07154213036565978 0.6453125 0.06677265500794913 0.6515625 0.057233704292527825 0.653125 0.0492845786963434 0.6734375 0.04133545310015898 0.69375 0.022257551669316374 0.7 0.012718600953895072 0.7015625 0 0.584375 0
2 0.6671875 0.13036565977742448 0.665625 0.14308426073131955 0.6609375 0.151033386327504 0.703125 0.15262321144674085 0.7078125 0.151033386327504 0.715625 0.14308426073131955 0.7171875 0.13672496025437203 0.715625 0.13036565977742448 0.7078125 0.12241653418124006 0.696875 0.11764705882352941 0.6953125 0.11764705882352941 0.675 0.1192368839427663 0.6671875 0.13036565977742448
2 0.4078125 0 0.4078125 0.001589825119236884 0.40625 0.006359300476947536 0.4125 0.011128775834658187 0.4125 0.022257551669316374 0.403125 0.04133545310015898 0.403125 0.05246422893481717 0.40625 0.06200317965023847 0.4203125 0.07154213036565978 0.434375 0.07313195548489666 0.4375 0.06995230524642289 0.4390625 0.058823529411764705 0.4421875 0.05405405405405406 0.453125 0.04292527821939587 0.4640625 0.034976152623211444 0.4671875 0.034976152623211444 0.4703125 0.03179650238473768 0.4703125 0.02702702702702703 0.4609375 0.01589825119236884 0.4375 0.003179650238473768 0.43125 0.003179650238473768 0.428125 0 0.4078125 0
2 0.4703125 0.03656597774244833 0.4625 0.03815580286168521 0.4609375 0.04133545310015898 0.4453125 0.05087440381558029 0.440625 0.058823529411764705 0.4390625 0.07631160572337042 0.453125 0.08585055643879173 0.4625 0.08585055643879173 0.4796875 0.07313195548489666 0.4953125 0.06677265500794913 0.4984375 0.06200317965023847 0.5078125 0.05564387917329094 0.5140625 0.04292527821939587 0.515625 0.03179650238473768 0.5078125 0.022257551669316374 0.50625 0.022257551669316374 0.4890625 0.022257551669316374 0.4703125 0.03656597774244833
2 0.6390625 0.08744038155802862 0.6375 0.09220985691573927 0.63125 0.0985691573926868 0.625 0.11128775834658187 0.625 0.1271860095389507 0.6265625 0.13513513513513514 0.63125 0.14308426073131955 0.6390625 0.1478537360890302 0.6546875 0.151033386327504 0.6546875 0.14626391096979333 0.659375 0.14149443561208266 0.6609375 0.13036565977742448 0.665625 0.1287758346581876 0.66875 0.12241653418124006 0.671875 0.12082670906200318 0.6734375 0.11287758346581876 0.6703125 0.10810810810810811 0.653125 0.10969793322734499 0.6484375 0.10651828298887123 0.6484375 0.10174880763116058 0.6515625 0.09697933227344992 0.6515625 0.08744038155802862 0.65 0.08744038155802862 0.6453125 0.08426073131955485 0.6390625 0.08744038155802862
2 0.6046875 0.1907790143084261 0.5953125 0.1971383147853736 0.59375 0.21144674085850557 0.6 0.21462639109697934 0.6109375 0.21462639109697934 0.628125 0.2082670906200318 0.6734375 0.2082670906200318 0.6734375 0.20190779014308427 0.6671875 0.20190779014308427 0.65625 0.19554848966613672 0.6546875 0.19554848966613672 0.6296875 0.1891891891891892 0.6046875 0.1907790143084261
2 0.6265625 0.13513513513513514 0.63125 0.14308426073131955 0.646875 0.151033386327504 0.7015625 0.15262321144674085 0.7078125 0.151033386327504 0.715625 0.14308426073131955 0.715625 0.13036565977742448 0.7078125 0.12241653418124006 0.7 0.1192368839427663 0.684375 0.11764705882352941 0.6765625 0.1192368839427663 0.671875 0.11128775834658187 0.6671875 0.10810810810810811 0.6515625 0.10969793322734499 0.6484375 0.10810810810810811 0.646875 0.10174880763116058 0.65 0.09538950715421304 0.65 0.0890302066772655 0.6390625 0.08744038155802862 0.6390625 0.0890302066772655 0.625 0.11287758346581876 0.6265625 0.13513513513513514