6 0.5375 0.4588235294117647 0.540625 0.46588235294117647 0.5421875 0.4776470588235294 0.546875 0.49176470588235294 0.546875 0.4988235294117647 0.55 0.5058823529411764 0.55 0.5129411764705882 0.5546875 0.5270588235294118 0.5609375 0.5670588235294117 0.5734375 0.6164705882352941 0.5734375 0.6258823529411764 0.578125 0.6329411764705882 0.5859375 0.6282352941176471 0.5859375 0.6141176470588235 0.5796875 0.5952941176470589 0.5765625 0.5694117647058824 0.571875 0.5576470588235294 0.571875 0.5505882352941176 0.565625 0.5294117647058824 0.5640625 0.5152941176470588 0.5578125 0.4964705882352941 0.5578125 0.4894117647058824 0.5546875 0.4823529411764706 0.5515625 0.46352941176470586 0.5484375 0.4588235294117647 0.5484375 0.45176470588235296 0.540625 0.4447058823529412 0.5390625 0.4470588235294118 0.5375 0.4470588235294118 0.5375 0.4588235294117647
6 0.553125 0.4164705882352941 0.553125 0.42823529411764705 0.55 0.4329411764705882 0.55 0.4470588235294118 0.553125 0.4470588235294118 0.5609375 0.4376470588235294 0.5640625 0.4188235294117647 0.5734375 0.3952941176470588 0.59375 0.36705882352941177 0.609375 0.35294117647058826 0.64375 0.3411764705882353 0.65 0.33647058823529413 0.6546875 0.33647058823529413 0.6546875 0.3341176470588235 0.6515625 0.32941176470588235 0.640625 0.32941176470588235 0.6125 0.3388235294117647 0.5859375 0.3552941176470588 0.5734375 0.37176470588235294 0.5734375 0.37411764705882355 0.5609375 0.3952941176470588 0.553125 0.4164705882352941
6 0.7625 0.24941176470588236 0.7734375 0.24 0.7734375 0.23058823529411765 0.759375 0.23529411764705882 0.7546875 0.2447058823529412 0.75625 0.24705882352941178 0.75625 0.24941176470588236 0.7625 0.24941176470588236
6 0.6484375 0.5623529411764706 0.64375 0.5694117647058824 0.625 0.5835294117647059 0.615625 0.5976470588235294 0.6109375 0.6141176470588235 0.6125 0.6188235294117647 0.6265625 0.6070588235294118 0.6375 0.5905882352941176 0.6484375 0.5811764705882353 0.6515625 0.5811764705882353 0.6546875 0.5764705882352941 0.6625 0.571764705882353 0.6765625 0.5694117647058824 0.696875 0.5552941176470588 0.71875 0.5505882352941176 0.715625 0.5388235294117647 0.7140625 0.5388235294117647 0.696875 0.5388235294117647 0.6484375 0.5623529411764706
6 0.61875 0.3388235294117647 0.6140625 0.3388235294117647 0.584375 0.35764705882352943 0.571875 0.3764705882352941 0.5671875 0.38823529411764707 0.5609375 0.3952941176470588 0.559375 0.4023529411764706 0.5546875 0.40941176470588236 0.553125 0.4235294117647059 0.55 0.43058823529411766 0.55 0.45176470588235296 0.5546875 0.4541176470588235 0.559375 0.4470588235294118 0.5640625 0.46352941176470586 0.5671875 0.4682352941176471 0.5671875 0.4752941176470588 0.571875 0.48470588235294115 0.5765625 0.49176470588235294 0.584375 0.4964705882352941 0.58125 0.48705882352941177 0.58125 0.4776470588235294 0.578125 0.47294117647058825 0.578125 0.46588235294117647 0.56875 0.4376470588235294 0.5640625 0.43058823529411766 0.5640625 0.4211764705882353 0.5671875 0.40941176470588236 0.5734375 0.3952941176470588 0.5890625 0.37176470588235294 0.60625 0.3552941176470588 0.61875 0.34823529411764703 0.6265625 0.34823529411764703 0.6375 0.3411764705882353 0.64375 0.3411764705882353 0.6484375 0.33647058823529413 0.653125 0.33647058823529413 0.6546875 0.3341176470588235 0.6515625 0.32941176470588235 0.646875 0.3270588235294118 0.6453125 0.32941176470588235 0.6359375 0.32941176470588235 0.61875 0.3388235294117647
6 0.565625 0.49411764705882355 0.571875 0.5035294117647059 0.575 0.5129411764705882 0.578125 0.5129411764705882 0.584375 0.5223529411764706 0.5859375 0.5317647058823529 0.5921875 0.5388235294117647 0.5984375 0.5623529411764706 0.6 0.6094117647058823 0.603125 0.6141176470588235 0.60625 0.6141176470588235 0.609375 0.6094117647058823 0.609375 0.5788235294117647 0.60625 0.5670588235294117 0.60625 0.5552941176470588 0.5890625 0.508235294117647 0.56875 0.4823529411764706 0.559375 0.4752941176470588 0.5546875 0.4752941176470588 0.5546875 0.4776470588235294 0.5609375 0.49176470588235294 0.565625 0.49411764705882355
6 0.6796875 0.33647058823529413 0.6796875 0.3411764705882353 0.6734375 0.3552941176470588 0.671875 0.36705882352941177 0.66875 0.37411764705882355 0.665625 0.39294117647058824 0.6609375 0.4023529411764706 0.6578125 0.4235294117647059 0.65 0.4423529411764706 0.646875 0.4588235294117647 0.640625 0.4776470588235294 0.6375 0.48 0.634375 0.4894117647058824 0.634375 0.4964705882352941 0.628125 0.5152941176470588 0.6125 0.5529411764705883 0.609375 0.5694117647058824 0.6125 0.5882352941176471 0.615625 0.5858823529411765 0.6234375 0.5670588235294117 0.6234375 0.5623529411764706 0.6296875 0.5529411764705883 0.6328125 0.5388235294117647 0.6453125 0.5105882352941177 0.6484375 0.4964705882352941 0.6515625 0.49411764705882355 0.6515625 0.4894117647058824 0.65625 0.4776470588235294 0.65625 0.4682352941176471 0.659375 0.4541176470588235 0.6703125 0.4235294117647059 0.6734375 0.4047058823529412 0.6765625 0.4 0.6765625 0.3905882352941176 0.6796875 0.3835294117647059 0.6796875 0.3764705882352941 0.6859375 0.36 0.6859375 0.35294117647058826 0.690625 0.34352941176470586 0.690625 0.3341176470588235 0.6890625 0.3341176470588235 0.6828125 0.33176470588235296 0.6796875 0.33647058823529413
6 0.4796875 0.28705882352941176 0.4796875 0.2917647058823529 0.484375 0.30117647058823527 0.5078125 0.3341176470588235 0.5328125 0.3764705882352941 0.5359375 0.3764705882352941 0.5421875 0.36941176470588233 0.5421875 0.36470588235294116 0.5296875 0.3411764705882353 0.528125 0.3341176470588235 0.5171875 0.32 0.50625 0.2988235294117647 0.4875 0.28 0.4859375 0.28 0.48125 0.2823529411764706 0.4796875 0.28705882352941176
6 0.484375 0.3035294117647059 0.5328125 0.3764705882352941 0.5390625 0.37411764705882355 0.5421875 0.36941176470588233 0.5421875 0.36470588235294116 0.5390625 0.3552941176470588 0.5296875 0.3411764705882353 0.5296875 0.33647058823529413 0.51875 0.32235294117647056 0.515625 0.3129411764705882 0.503125 0.29411764705882354 0.49375 0.28705882352941176 0.4890625 0.28 0.48125 0.2823529411764706 0.48125 0.2847058823529412 0.4796875 0.2917647058823529 0.484375 0.3035294117647059
5 0 0.9929411764705882 0.0140625 0.9929411764705882 0.015625 0.9952941176470588 0.0203125 0.9929411764705882 0.0296875 0.9929411764705882 0.03125 0.9952941176470588 0.034375 0.9929411764705882 0.0609375 0.9929411764705882 0.0625 0.9952941176470588 0.0875 0.9952941176470588 0.0890625 0.9929411764705882 0.1078125 0.9929411764705882 0.109375 0.9952941176470588 0.13125 0.9952941176470588 0.1328125 0.9929411764705882 0.140625 0.9929411764705882 0.1421875 0.9952941176470588 0.178125 0.9952941176470588 0.1796875 0.9976470588235294 0.184375 0.9952941176470588 0.2296875 0.9929411764705882 0.23125 0.9952941176470588 0.3421875 0.9952941176470588 0.34375 0.9976470588235294 0.359375 0.9976470588235294 0.3609375 0.9952941176470588 0.434375 0.9952941176470588 0.4359375 0.9976470588235294 0.4375 0.9952941176470588 0.4546875 0.9952941176470588 0.45625 0.9976470588235294 0.4578125 0.9952941176470588 0.4796875 0.9952941176470588 0.48125 0.9929411764705882 0.4796875 0.9858823529411764 0.48125 0.9788235294117648 0.4765625 0.9694117647058823 0.46875 0.9623529411764706 0.46875 0.9576470588235294 0.4765625 0.9458823529411765 0.4765625 0.9317647058823529 0.4796875 0.9152941176470588 0.478125 0.9129411764705883 0.478125 0.9035294117647059 0.465625 0.8823529411764706 0.459375 0.8776470588235294 0.4515625 0.8658823529411764 0.434375 0.8658823529411764 0.4328125 0.8588235294117647 0.44375 0.8494117647058823 0.459375 0.8494117647058823 0.4640625 0.8423529411764706 0.4671875 0.8423529411764706 0.46875 0.8305882352941176 0.4734375 0.8258823529411765 0.475 0.8188235294117647 0.4734375 0.8141176470588235 0.475 0.8070588235294117 0.4734375 0.7976470588235294 0.4765625 0.7929411764705883 0.4734375 0.788235294117647 0.4703125 0.7905882352941176 0.4671875 0.7835294117647059 0.459375 0.7905882352941176 0.4609375 0.7929411764705883 0.459375 0.7952941176470588 0.453125 0.788235294117647 0.4515625 0.7952941176470588 0.453125 0.8 0.4515625 0.8023529411764706 0.4578125 0.8070588235294117 0.45625 0.8094117647058824 0.44375 0.8094117647058824 0.4390625 0.8 0.440625 0.7905882352941176 0.4390625 0.788235294117647 0.4359375 0.788235294117647 0.43125 0.7811764705882352 0.4296875 0.7835294117647059 0.4234375 0.7835294117647059 0.421875 0.7811764705882352 0.4015625 0.7905882352941176 0.390625 0.8047058823529412 0.3796875 0.8047058823529412 0.3765625 0.8070588235294117 0.36875 0.8211764705882353 0.3671875 0.8470588235294118 0.36875 0.8541176470588235 0.3734375 0.8611764705882353 0.375 0.88 0.378125 0.8847058823529412 0.3796875 0.8941176470588236 0.378125 0.8964705882352941 0.3796875 0.8988235294117647 0.3796875 0.908235294117647 0.3828125 0.9176470588235294 0.390625 0.9294117647058824 0.403125 0.9388235294117647 0.4109375 0.9552941176470588 0.4171875 0.9623529411764706 0.41875 0.9670588235294117 0.415625 0.971764705882353 0.40625 0.9670588235294117 0.3890625 0.9388235294117647 0.3859375 0.9388235294117647 0.375 0.9294117647058824 0.36875 0.92 0.3625 0.9223529411764706 0.359375 0.9317647058823529 0.3546875 0.9364705882352942 0.340625 0.9388235294117647 0.3390625 0.9364705882352942 0.340625 0.9294117647058824 0.35 0.9247058823529412 0.353125 0.9176470588235294 0.3546875 0.8988235294117647 0.359375 0.8847058823529412 0.359375 0.8729411764705882 0.35625 0.8611764705882353 0.35625 0.8211764705882353 0.3609375 0.8047058823529412 0.3734375 0.7858823529411765 0.378125 0.7858823529411765 0.3765625 0.7835294117647059 0.378125 0.7811764705882352 0.384375 0.7811764705882352 0.3859375 0.7788235294117647 0.384375 0.7694117647058824 0.3859375 0.7670588235294118 0.3953125 0.7717647058823529 0.403125 0.7717647058823529 0.4140625 0.7647058823529411 0.4171875 0.7576470588235295 0.4140625 0.7552941176470588 0.4140625 0.7435294117647059 0.4234375 0.7388235294117647 0.4234375 0.7341176470588235 0.4171875 0.7223529411764706 0.415625 0.7129411764705882 0.4109375 0.7105882352941176 0.4078125 0.7152941176470589 0.4015625 0.7105882352941176 0.4 0.7058823529411765 0.4015625 0.7035294117647058 0.4046875 0.7058823529411765 0.4046875 0.7035294117647058 0.4 0.7011764705882353 0.3921875 0.7011764705882353 0.384375 0.6964705882352941 0.3734375 0.6964705882352941 0.3625 0.691764705882353 0.3609375 0.6823529411764706 0.3640625 0.6776470588235294 0.3734375 0.68 0.378125 0.6752941176470588 0.390625 0.6752941176470588 0.3953125 0.68 0.41875 0.68 0.4265625 0.6752941176470588 0.440625 0.6729411764705883 0.4421875 0.6752941176470588 0.4515625 0.6752941176470588 0.45625 0.68 0.4640625 0.6752941176470588 0.46875 0.6776470588235294 0.4703125 0.6823529411764706 0.4734375 0.68 0.4796875 0.6870588235294117 0.4859375 0.6894117647058824 0.4875 0.6870588235294117 0.49375 0.691764705882353 0.50625 0.6894117647058824 0.5078125 0.6870588235294117 0.503125 0.6847058823529412 0.484375 0.6870588235294117 0.48125 0.6823529411764706 0.48125 0.6776470588235294 0.4828125 0.6752941176470588 0.49375 0.6752941176470588 0.496875 0.6729411764705883 0.5109375 0.6776470588235294 0.5171875 0.6752941176470588 0.51875 0.6776470588235294 0.525 0.6658823529411765 0.5328125 0.6635294117647059 0.5453125 0.6447058823529411 0.546875 0.6376470588235295 0.5515625 0.6329411764705882 0.553125 0.6164705882352941 0.5578125 0.611764705882353 0.5578125 0.5882352941176471 0.553125 0.5811764705882353 0.5546875 0.5788235294117647 0.553125 0.5741176470588235 0.5390625 0.571764705882353 0.53125 0.5623529411764706 0.521875 0.5670588235294117 0.5140625 0.5623529411764706 0.5 0.5623529411764706 0.4875 0.5529411764705883 0.475 0.5694117647058824 0.471875 0.5694117647058824 0.4671875 0.56 0.4390625 0.56 0.428125 0.5647058823529412 0.421875 0.571764705882353 0.390625 0.5694117647058824 0.3890625 0.5764705882352941 0.384375 0.5835294117647059 0.36875 0.5835294117647059 0.3578125 0.5764705882352941 0.33125 0.5788235294117647 0.3234375 0.5741176470588235 0.3109375 0.5576470588235294 0.296875 0.5576470588235294 0.29375 0.5529411764705883 0.2921875 0.5341176470588235 0.2953125 0.5247058823529411 0.2953125 0.5035294117647059 0.2921875 0.5011764705882353 0.2828125 0.5105882352941177 0.278125 0.508235294117647 0.259375 0.5176470588235295 0.240625 0.5176470588235295 0.234375 0.5223529411764706 0.2234375 0.5176470588235295 0.2109375 0.5058823529411764 0.2 0.5058823529411764 0.1828125 0.5176470588235295 0.1765625 0.5270588235294118 0.1671875 0.5270588235294118 0.1578125 0.52 0.146875 0.5058823529411764 0.1328125 0.4964705882352941 0.13125 0.4964705882352941 0.1171875 0.4964705882352941 0.0984375 0.5035294117647059 0.0953125 0.508235294117647 0.0953125 0.5176470588235295 0.084375 0.5458823529411765 0.0828125 0.5552941176470588 0.0796875 0.56 0.0671875 0.56 0.0578125 0.5694117647058824 0.0484375 0.571764705882353 0.040625 0.5835294117647059 0.0328125 0.5905882352941176 0.0296875 0.5882352941176471 0.0171875 0.5882352941176471 0 0.5976470588235294 0 0.9929411764705882
2 0.8796875 0.07294117647058823 0.8796875 0.07764705882352942 0.8671875 0.09411764705882353 0.859375 0.11294117647058824 0.8484375 0.11058823529411765 0.84375 0.1388235294117647 0.834375 0.14588235294117646 0.828125 0.16470588235294117 0.821875 0.17411764705882352 0.784375 0.2023529411764706 0.775 0.2164705882352941 0.7734375 0.23294117647058823 0.775 0.2376470588235294 0.7921875 0.24 0.79375 0.24235294117647058 0.80625 0.24235294117647058 0.8359375 0.26588235294117646 0.8515625 0.26588235294117646 0.8640625 0.25176470588235295 0.8859375 0.21176470588235294 0.9078125 0.15529411764705883 0.909375 0.12941176470588237 0.9109375 0.12705882352941175 0.909375 0.1223529411764706 0.909375 0.08235294117647059 0.9078125 0.07529411764705882 0.9046875 0.07764705882352942 0.89375 0.06588235294117648 0.8921875 0.06823529411764706 0.8890625 0.07294117647058823 0.8796875 0.07294117647058823
2 0.240625 0.16941176470588235 0.23125 0.17411764705882352 0.228125 0.17882352941176471 0.2296875 0.1811764705882353 0.2296875 0.19058823529411764 0.21875 0.1976470588235294 0.2140625 0.20470588235294118 0.215625 0.2164705882352941 0.20625 0.22588235294117648 0.203125 0.23529411764705882 0.2046875 0.2447058823529412 0.2078125 0.24941176470588236 0.2078125 0.25882352941176473 0.2046875 0.26588235294117646 0.209375 0.2776470588235294 0.2 0.2917647058823529 0.2 0.2988235294117647 0.2078125 0.31058823529411766 0.2046875 0.32 0.2046875 0.32941176470588235 0.2125 0.33647058823529413 0.221875 0.3388235294117647 0.225 0.3458823529411765 0.221875 0.3552941176470588 0.225 0.36 0.2390625 0.3623529411764706 0.2421875 0.36705882352941177 0.2421875 0.37411764705882355 0.253125 0.3788235294117647 0.259375 0.38823529411764707 0.2734375 0.39294117647058824 0.2953125 0.3905882352941176 0.3015625 0.39294117647058824 0.3390625 0.36470588235294116 0.3703125 0.32 0.378125 0.2917647058823529 0.3765625 0.28941176470588237 0.3765625 0.28 0.371875 0.27058823529411763 0.3703125 0.2611764705882353 0.3890625 0.25176470588235295 0.390625 0.2447058823529412 0.3890625 0.24 0.3796875 0.23294117647058823 0.3546875 0.23058823529411765 0.346875 0.2235294117647059 0.325 0.18823529411764706 0.3140625 0.17647058823529413 0.2875 0.17411764705882352 0.278125 0.16941176470588235 0.26875 0.16941176470588235 0.2609375 0.16470588235294117 0.259375 0.16470588235294117 0.246875 0.1623529411764706 0.240625 0.16941176470588235
2 0.6484375 0.33647058823529413 0.63125 0.3388235294117647 0.628125 0.3458823529411765 0.6234375 0.3458823529411765 0.6203125 0.35058823529411764 0.6109375 0.35294117647058826 0.5875 0.37411764705882355 0.5703125 0.4023529411764706 0.56875 0.4164705882352941 0.575 0.4258823529411765 0.5796875 0.43058823529411766 0.5921875 0.43529411764705883 0.5984375 0.4423529411764706 0.615625 0.4423529411764706 0.6328125 0.4258823529411765 0.6359375 0.41411764705882353 0.6484375 0.38823529411764707 0.65625 0.3788235294117647 0.6609375 0.35294117647058826 0.659375 0.3388235294117647 0.65625 0.3341176470588235 0.64375 0.3270588235294118 0.6453125 0.32941176470588235 0.65 0.33176470588235296 0.6484375 0.33647058823529413
2 0.7953125 0.2635294117647059 0.78125 0.2635294117647059 0.7796875 0.26588235294117646 0.778125 0.2635294117647059 0.7703125 0.2635294117647059 0.7578125 0.2823529411764706 0.7578125 0.28941176470588237 0.7546875 0.29411764705882354 0.753125 0.3035294117647059 0.753125 0.31529411764705884 0.75 0.3247058823529412 0.75 0.37176470588235294 0.7578125 0.38588235294117645 0.7625 0.4117647058823529 0.7671875 0.41411764705882353 0.771875 0.4329411764705882 0.775 0.4376470588235294 0.78125 0.4329411764705882 0.7875 0.4447058823529412 0.7953125 0.44941176470588234 0.803125 0.44 0.8109375 0.4470588235294118 0.8140625 0.4470588235294118 0.821875 0.44 0.83125 0.44 0.834375 0.43529411764705883 0.834375 0.43058823529411766 0.8421875 0.40941176470588236 0.8515625 0.4 0.853125 0.38823529411764707 0.8578125 0.3788235294117647 0.8578125 0.35764705882352943 0.8609375 0.34823529411764703 0.8609375 0.32941176470588235 0.8625 0.3270588235294118 0.8609375 0.2823529411764706 0.859375 0.2776470588235294 0.853125 0.27294117647058824 0.8375 0.2752941176470588 0.81875 0.26823529411764707 0.8171875 0.26823529411764707 0.796875 0.26588235294117646 0.7953125 0.2635294117647059
2 0.728125 0.52 0.715625 0.5364705882352941 0.715625 0.5411764705882353 0.721875 0.5505882352941176 0.746875 0.5576470588235294 0.7515625 0.5623529411764706 0.778125 0.6188235294117647 0.78125 0.6305882352941177 0.784375 0.6329411764705882 0.784375 0.6164705882352941 0.78125 0.6047058823529412 0.7796875 0.5811764705882353 0.765625 0.5576470588235294 0.7609375 0.5552941176470588 0.753125 0.5435294117647059 0.74375 0.5364705882352941 0.7390625 0.5270588235294118 0.7375 0.5270588235294118 0.7328125 0.52 0.728125 0.52
2 0.359375 0.3411764705882353 0.325 0.3811764705882353 0.3078125 0.39294117647058824 0.2953125 0.4117647058823529 0.29375 0.4235294117647059 0.2984375 0.43058823529411766 0.296875 0.4541176470588235 0.303125 0.4611764705882353 0.3046875 0.4776470588235294 0.3125 0.48 0.31875 0.4964705882352941 0.328125 0.4964705882352941 0.3328125 0.5035294117647059 0.3421875 0.5035294117647059 0.34375 0.5129411764705882 0.346875 0.5176470588235295 0.359375 0.5129411764705882 0.3625 0.5176470588235295 0.365625 0.5176470588235295 0.3734375 0.5058823529411764 0.3828125 0.5035294117647059 0.390625 0.49176470588235294 0.4046875 0.4776470588235294 0.415625 0.4470588235294118 0.41875 0.4470588235294118 0.4234375 0.4541176470588235 0.428125 0.4541176470588235 0.4328125 0.43529411764705883 0.4328125 0.4235294117647059 0.4359375 0.4188235294117647 0.4421875 0.4211764705882353 0.4453125 0.4164705882352941 0.446875 0.3952941176470588 0.4515625 0.3835294117647059 0.4515625 0.37411764705882355 0.4484375 0.3623529411764706 0.4484375 0.34352941176470586 0.44375 0.32 0.4296875 0.30117647058823527 0.41875 0.2964705882352941 0.4109375 0.2847058823529412 0.4078125 0.27294117647058824 0.396875 0.27294117647058824 0.3875 0.2776470588235294 0.38125 0.2776470588235294 0.38125 0.28 0.378125 0.3058823529411765 0.359375 0.3411764705882353
2 0.4734375 0.08 0.4703125 0.07058823529411765 0.459375 0.07058823529411765 0.45625 0.07294117647058823 0.45 0.0611764705882353 0.4453125 0.0611764705882353 0.440625 0.06588235294117648 0.4265625 0.06588235294117648 0.425 0.06823529411764706 0.415625 0.06588235294117648 0.40625 0.07529411764705882 0.4 0.07294117647058823 0.39375 0.08235294117647059 0.390625 0.09411764705882353 0.3859375 0.1011764705882353 0.3796875 0.1011764705882353 0.378125 0.10352941176470588 0.378125 0.12705882352941175 0.375 0.13647058823529412 0.375 0.17176470588235293 0.378125 0.1811764705882353 0.3921875 0.2 0.39375 0.21411764705882352 0.4 0.23294117647058823 0.40625 0.2376470588235294 0.4125 0.24941176470588236 0.4109375 0.2776470588235294 0.4125 0.2847058823529412 0.41875 0.29411764705882354 0.43125 0.2988235294117647 0.4359375 0.30823529411764705 0.44375 0.31529411764705884 0.4578125 0.32 0.4640625 0.31058823529411766 0.4765625 0.30823529411764705 0.4796875 0.3035294117647059 0.4765625 0.28705882352941176 0.4859375 0.27294117647058824 0.484375 0.25176470588235295 0.4984375 0.23058823529411765 0.4984375 0.21411764705882352 0.4921875 0.20705882352941177 0.4921875 0.2023529411764706 0.496875 0.19058823529411764 0.4984375 0.16941176470588235 0.5015625 0.1623529411764706 0.5015625 0.15529411764705883 0.4953125 0.14588235294117646 0.4984375 0.12705882352941175 0.4984375 0.10588235294117647 0.496875 0.10352941176470588 0.4875 0.10352941176470588 0.4828125 0.09647058823529411 0.48125 0.08470588235294117 0.4796875 0.08470588235294117 0.4765625 0.08470588235294117 0.4734375 0.08
2 0.525 0.39294117647058824 0.490625 0.46352941176470586 0.4734375 0.48705882352941177 0.4703125 0.4964705882352941 0.4703125 0.508235294117647 0.475 0.5129411764705882 0.4796875 0.5129411764705882 0.48125 0.5176470588235295 0.478125 0.5270588235294118 0.478125 0.5341176470588235 0.4734375 0.5458823529411765 0.4734375 0.56 0.4765625 0.5552941176470588 0.484375 0.5294117647058824 0.4859375 0.5176470588235295 0.503125 0.48470588235294115 0.5140625 0.47294117647058825 0.5203125 0.45176470588235296 0.53125 0.43529411764705883 0.5359375 0.4235294117647059 0.5390625 0.40705882352941175 0.5546875 0.3835294117647059 0.559375 0.36941176470588233 0.565625 0.36470588235294116 0.571875 0.35058823529411764 0.5765625 0.3458823529411765 0.575 0.3411764705882353 0.5734375 0.3411764705882353 0.55 0.36 0.525 0.39294117647058824
2 0.6578125 0.4776470588235294 0.684375 0.5011764705882353 0.6953125 0.52 0.6953125 0.5294117647058824 0.7015625 0.5317647058823529 0.709375 0.5105882352941177 0.709375 0.4964705882352941 0.6625 0.46588235294117647 0.6609375 0.46588235294117647 0.6578125 0.4682352941176471 0.6578125 0.4776470588235294
2 0.625 0.25882352941176473 0.625 0.27058823529411763 0.628125 0.28 0.6296875 0.3035294117647059 0.63125 0.30823529411764705 0.6375 0.31058823529411766 0.64375 0.31058823529411766 0.640625 0.2964705882352941 0.6421875 0.25882352941176473 0.6484375 0.2447058823529412 0.646875 0.2235294117647059 0.6515625 0.2164705882352941 0.6515625 0.1952941176470588 0.6546875 0.18823529411764706 0.6515625 0.18352941176470589 0.6453125 0.1811764705882353 0.621875 0.18352941176470589 0.61875 0.1811764705882353 0.61875 0.18352941176470589 0.6203125 0.23058823529411765 0.625 0.25882352941176473
2 0.7421875 0.25882352941176473 0.7328125 0.2823529411764706 0.73125 0.3058823529411765 0.7234375 0.3129411764705882 0.70625 0.3388235294117647 0.7 0.3552941176470588 0.7 0.3623529411764706 0.715625 0.3623529411764706 0.7171875 0.36 0.71875 0.36941176470588233 0.7234375 0.36941176470588233 0.7359375 0.36 0.7375 0.3552941176470588 0.740625 0.3552941176470588 0.7484375 0.3411764705882353 0.75 0.3035294117647059 0.75625 0.28 0.7609375 0.27058823529411763 0.759375 0.2564705882352941 0.75625 0.25176470588235295 0.7546875 0.25176470588235295 0.7484375 0.24941176470588236 0.7421875 0.25882352941176473
2 0.703125 0.14588235294117646 0.7 0.14352941176470588 0.6953125 0.14588235294117646 0.69375 0.15294117647058825 0.675 0.15529411764705883 0.6765625 0.16470588235294117 0.675 0.16705882352941176 0.6671875 0.16941176470588235 0.6578125 0.17882352941176471 0.659375 0.19058823529411764 0.653125 0.1976470588235294 0.653125 0.2164705882352941 0.6484375 0.2235294117647059 0.6515625 0.24235294117647058 0.6453125 0.2564705882352941 0.64375 0.2847058823529412 0.6484375 0.29411764705882354 0.6515625 0.29411764705882354 0.6625 0.3035294117647059 0.6671875 0.3035294117647059 0.6703125 0.30823529411764705 0.66875 0.3176470588235294 0.6703125 0.32235294117647056 0.6828125 0.32941176470588235 0.6890625 0.33176470588235296 0.7109375 0.33176470588235296 0.7234375 0.3247058823529412 0.7265625 0.32941176470588235 0.7390625 0.32941176470588235 0.740625 0.33176470588235296 0.7421875 0.32941176470588235 0.740625 0.32 0.7421875 0.3176470588235294 0.74375 0.32 0.746875 0.3035294117647059 0.746875 0.28705882352941176 0.74375 0.28 0.7453125 0.26588235294117646 0.74375 0.25882352941176473 0.7484375 0.25176470588235295 0.753125 0.25176470588235295 0.753125 0.24235294117647058 0.75625 0.23529411764705882 0.75625 0.2 0.7515625 0.18352941176470589 0.7484375 0.1811764705882353 0.74375 0.16941176470588235 0.728125 0.14823529411764705 0.7203125 0.14352941176470588 0.71875 0.14352941176470588 0.715625 0.14588235294117646 0.703125 0.14588235294117646
3 0.6609375 0.6964705882352941 0.6515625 0.6870588235294117 0.6375 0.6823529411764706 0.6265625 0.6658823529411765 0.6203125 0.6635294117647059 0.6109375 0.6447058823529411 0.60625 0.6282352941176471 0.60625 0.6211764705882353 0.6140625 0.611764705882353 0.6140625 0.6023529411764705 0.6109375 0.5976470588235294 0.6234375 0.5552941176470588 0.628125 0.548235294117647 0.6296875 0.5341176470588235 0.625 0.5341176470588235 0.6203125 0.5435294117647059 0.61875 0.5505882352941176 0.6203125 0.5552941176470588 0.615625 0.56 0.615625 0.5694117647058824 0.6109375 0.5741176470588235 0.6078125 0.571764705882353 0.60625 0.5388235294117647 0.6046875 0.5341176470588235 0.6015625 0.5341176470588235 0.59375 0.5223529411764706 0.584375 0.4988235294117647 0.5796875 0.49411764705882355 0.578125 0.4752941176470588 0.5734375 0.47294117647058825 0.571875 0.45176470588235296 0.565625 0.4423529411764706 0.5671875 0.44 0.5609375 0.43529411764705883 0.559375 0.40941176470588236 0.55625 0.40941176470588236 0.55625 0.4117647058823529 0.553125 0.4188235294117647 0.553125 0.4329411764705882 0.546875 0.4470588235294118 0.5375 0.4447058823529412 0.5359375 0.4470588235294118 0.528125 0.4423529411764706 0.521875 0.45647058823529413 0.521875 0.46352941176470586 0.5375 0.4682352941176471 0.5453125 0.48470588235294115 0.5453125 0.49176470588235294 0.55 0.5129411764705882 0.553125 0.5176470588235295 0.5578125 0.548235294117647 0.5625 0.5647058823529412 0.5625 0.5741176470588235 0.56875 0.5976470588235294 0.56875 0.6094117647058823 0.571875 0.6188235294117647 0.571875 0.6258823529411764 0.5671875 0.6305882352941177 0.5546875 0.6329411764705882 0.5484375 0.6470588235294118 0.5328125 0.6705882352941176 0.5296875 0.6705882352941176 0.525 0.6776470588235294 0.5203125 0.6870588235294117 0.5203125 0.6941176470588235 0.5171875 0.7011764705882353 0.50625 0.7152941176470589 0.5 0.7152941176470589 0.4953125 0.72 0.4859375 0.72 0.4734375 0.7270588235294118 0.45625 0.7435294117647059 0.446875 0.7458823529411764 0.4421875 0.7505882352941177 0.4265625 0.7576470588235295 0.40625 0.7764705882352941 0.3953125 0.7788235294117647 0.39375 0.7764705882352941 0.390625 0.7835294117647059 0.3796875 0.7905882352941176 0.3765625 0.7952941176470588 0.3734375 0.7952941176470588 0.3625 0.8070588235294117 0.359375 0.8211764705882353 0.359375 0.8541176470588235 0.3625 0.8705882352941177 0.3625 0.8870588235294118 0.3578125 0.8988235294117647 0.3578125 0.9105882352941177 0.3546875 0.9270588235294117 0.35 0.9317647058823529 0.35625 0.9294117647058824 0.359375 0.9247058823529412 0.3609375 0.9152941176470588 0.3671875 0.9035294117647059 0.371875 0.9152941176470588 0.38125 0.9294117647058824 0.390625 0.9341176470588235 0.3828125 0.9247058823529412 0.3734375 0.9035294117647059 0.371875 0.8729411764705882 0.3671875 0.8564705882352941 0.3640625 0.851764705882353 0.3640625 0.8258823529411765 0.3703125 0.8094117647058824 0.3796875 0.8 0.3921875 0.7976470588235294 0.403125 0.7858823529411765 0.4171875 0.7811764705882352 0.4203125 0.7764705882352941 0.4265625 0.7741176470588236 0.4296875 0.7694117647058824 0.4328125 0.7694117647058824 0.440625 0.7623529411764706 0.453125 0.7552941176470588 0.4578125 0.7552941176470588 0.4703125 0.7458823529411764 0.475 0.7388235294117647 0.4890625 0.7388235294117647 0.4921875 0.7411764705882353 0.4984375 0.7505882352941177 0.496875 0.7576470588235295 0.5015625 0.7623529411764706 0.496875 0.7694117647058824 0.496875 0.7741176470588236 0.49375 0.7764705882352941 0.49375 0.7929411764705883 0.490625 0.7976470588235294 0.4875 0.7976470588235294 0.490625 0.8 0.4890625 0.8023529411764706 0.484375 0.8047058823529412 0.484375 0.8141176470588235 0.478125 0.8258823529411765 0.478125 0.8329411764705882 0.4703125 0.8447058823529412 0.4625 0.851764705882353 0.4625 0.8541176470588235 0.465625 0.8541176470588235 0.471875 0.8447058823529412 0.478125 0.8423529411764706 0.4796875 0.8447058823529412 0.4875 0.8447058823529412 0.49375 0.8564705882352941 0.4921875 0.8588235294117647 0.4921875 0.8729411764705882 0.484375 0.8847058823529412 0.4765625 0.8847058823529412 0.4640625 0.8776470588235294 0.471875 0.8823529411764706 0.48125 0.8988235294117647 0.4828125 0.92 0.48125 0.9223529411764706 0.48125 0.9435294117647058 0.478125 0.9576470588235294 0.484375 0.9670588235294117 0.490625 0.9694117647058823 0.49375 0.9764705882352941 0.5140625 0.9741176470588235 0.51875 0.9764705882352941 0.5265625 0.9623529411764706 0.5359375 0.9623529411764706 0.5375 0.9670588235294117 0.540625 0.9670588235294117 0.54375 0.971764705882353 0.546875 0.9811764705882353 0.55625 0.9952941176470588 0.5625 0.9952941176470588 0.5671875 0.9835294117647059 0.5765625 0.9835294117647059 0.584375 0.9929411764705882 0.59375 0.9952941176470588 0.60625 0.9764705882352941 0.609375 0.9741176470588235 0.6203125 0.9741176470588235 0.6328125 0.9835294117647059 0.6390625 0.9811764705882353 0.640625 0.9764705882352941 0.659375 0.9764705882352941 0.6671875 0.9835294117647059 0.6765625 0.9858823529411764 0.6859375 0.9952941176470588 0.6984375 0.9952941176470588 0.6984375 0.9858823529411764 0.7015625 0.9764705882352941 0.7015625 0.9552941176470588 0.709375 0.9388235294117647 0.721875 0.9317647058823529 0.734375 0.9317647058823529 0.7453125 0.908235294117647 0.7484375 0.9058823529411765 0.7546875 0.908235294117647 0.759375 0.9035294117647059 0.753125 0.8941176470588236 0.7546875 0.8847058823529412 0.753125 0.8823529411764706 0.7359375 0.8752941176470588 0.728125 0.8635294117647059 0.7203125 0.8564705882352941 0.71875 0.8447058823529412 0.709375 0.8282352941176471 0.690625 0.8094117647058824 0.6890625 0.8047058823529412 0.6796875 0.8023529411764706 0.675 0.7976470588235294 0.671875 0.8 0.665625 0.7976470588235294 0.6609375 0.7905882352941176 0.6609375 0.7835294117647059 0.6578125 0.7835294117647059 0.6546875 0.7788235294117647 0.65625 0.7694117647058824 0.659375 0.7647058823529411 0.659375 0.7576470588235295 0.65625 0.7505882352941177 0.6453125 0.7388235294117647 0.6390625 0.7223529411764706 0.6390625 0.7129411764705882 0.6421875 0.7058823529411765 0.6515625 0.7058823529411765 0.6546875 0.7105882352941176 0.6546875 0.7082352941176471 0.659375 0.7035294117647058 0.6609375 0.6964705882352941
3 0.5859375 0.6258823529411764 0.5796875 0.6329411764705882 0.5671875 0.6305882352941177 0.565625 0.6329411764705882 0.5546875 0.6329411764705882 0.5484375 0.6470588235294118 0.5375 0.6611764705882353 0.534375 0.6705882352941176 0.521875 0.6847058823529412 0.5203125 0.6964705882352941 0.5171875 0.7035294117647058 0.5078125 0.7152941176470589 0.4984375 0.72 0.4828125 0.7223529411764706 0.478125 0.7270588235294118 0.4703125 0.7294117647058823 0.4640625 0.7388235294117647 0.4578125 0.7435294117647059 0.428125 0.7576470588235295 0.40625 0.7764705882352941 0.396875 0.7788235294117647 0.390625 0.7858823529411765 0.3875 0.7858823529411765 0.3671875 0.8023529411764706 0.3625 0.8094117647058824 0.359375 0.8235294117647058 0.359375 0.8423529411764706 0.3609375 0.8447058823529412 0.3640625 0.8847058823529412 0.3578125 0.9011764705882352 0.35625 0.9270588235294117 0.3640625 0.9035294117647059 0.36875 0.9011764705882352 0.3734375 0.9176470588235294 0.378125 0.9247058823529412 0.384375 0.9317647058823529 0.3890625 0.9317647058823529 0.38125 0.9223529411764706 0.3765625 0.908235294117647 0.3734375 0.9058823529411765 0.3734375 0.8847058823529412 0.36875 0.8635294117647059 0.3640625 0.851764705882353 0.3640625 0.8235294117647058 0.371875 0.8047058823529412 0.378125 0.8 0.390625 0.7976470588235294 0.4015625 0.7858823529411765 0.415625 0.7811764705882352 0.428125 0.7694117647058824 0.4421875 0.7623529411764706 0.4453125 0.7576470588235295 0.45625 0.7552941176470588 0.46875 0.7458823529411764 0.4734375 0.7388235294117647 0.4875 0.7364705882352941 0.4921875 0.7388235294117647 0.5 0.7505882352941177 0.5 0.7576470588235295 0.5046875 0.7647058823529411 0.4984375 0.7764705882352941 0.4953125 0.7764705882352941 0.49375 0.8 0.4875 0.8094117647058824 0.4875 0.8141176470588235 0.48125 0.8235294117647058 0.4765625 0.8376470588235294 0.478125 0.8423529411764706 0.4890625 0.8423529411764706 0.49375 0.851764705882353 0.49375 0.8635294117647059 0.490625 0.8776470588235294 0.4828125 0.8870588235294118 0.4765625 0.8894117647058823 0.48125 0.8964705882352941 0.4828125 0.9035294117647059 0.48125 0.9435294117647058 0.478125 0.9552941176470588 0.48125 0.9623529411764706 0.4859375 0.9670588235294117 0.490625 0.9670588235294117 0.4953125 0.9764705882352941 0.5140625 0.9741176470588235 0.51875 0.9764705882352941 0.5203125 0.9694117647058823 0.525 0.9623529411764706 0.5390625 0.9623529411764706 0.546875 0.9811764705882353 0.55625 0.9952941176470588 0.5625 0.9952941176470588 0.5640625 0.9882352941176471 0.5703125 0.9811764705882353 0.571875 0.9835294117647059 0.578125 0.9835294117647059 0.584375 0.9929411764705882 0.590625 0.9929411764705882 0.5921875 0.9952941176470588 0.6078125 0.9741176470588235 0.6171875 0.971764705882353 0.63125 0.9811764705882353 0.6375 0.9811764705882353 0.64375 0.9741176470588235 0.6546875 0.9741176470588235 0.66875 0.9835294117647059 0.678125 0.9858823529411764 0.6875 0.9952941176470588 0.696875 0.9952941176470588 0.7015625 0.9694117647058823 0.7015625 0.9529411764705882 0.7046875 0.9435294117647058 0.7078125 0.9388235294117647 0.7203125 0.9317647058823529 0.73125 0.9317647058823529 0.734375 0.9270588235294117 0.7375 0.9270588235294117 0.7421875 0.9176470588235294 0.74375 0.908235294117647 0.7484375 0.9058823529411765 0.7546875 0.908235294117647 0.7578125 0.9058823529411765 0.7578125 0.8988235294117647 0.753125 0.8941176470588236 0.753125 0.8847058823529412 0.7515625 0.8823529411764706 0.7328125 0.8729411764705882 0.7296875 0.8658823529411764 0.7203125 0.8588235294117647 0.7171875 0.8423529411764706 0.703125 0.8211764705882353 0.6859375 0.8070588235294117 0.665625 0.8047058823529412 0.659375 0.7976470588235294 0.6578125 0.7858823529411765 0.6546875 0.7811764705882352 0.646875 0.7811764705882352 0.6453125 0.7788235294117647 0.646875 0.7741176470588236 0.6515625 0.7764705882352941 0.6546875 0.7741176470588236 0.6578125 0.76 0.65625 0.7529411764705882 0.64375 0.7364705882352941 0.6390625 0.7247058823529412 0.6375 0.7105882352941176 0.64375 0.7011764705882353 0.65625 0.7058823529411765 0.6609375 0.6964705882352941 0.6546875 0.6894117647058824 0.6375 0.6823529411764706 0.6265625 0.6658823529411765 0.6203125 0.6635294117647059 0.609375 0.6423529411764706 0.609375 0.6376470588235295 0.603125 0.6258823529411764 0.603125 0.6211764705882353 0.59375 0.6094117647058823 0.5921875 0.6094117647058823 0.5859375 0.6141176470588235 0.5859375 0.6258823529411764