5 0.6828125 0.6921296296296297 0.678125 0.6921296296296297 0.6765625 0.7013888888888888 0.69375 0.7291666666666666 0.6953125 0.7384259259259259 0.703125 0.7546296296296297 0.709375 0.7800925925925926 0.715625 0.7939814814814815 0.715625 0.7986111111111112 0.7265625 0.8310185185185185 0.75 0.8888888888888888 0.775 0.9328703703703703 0.7828125 0.9375 0.7859375 0.9259259259259259 0.7671875 0.8935185185185185 0.7515625 0.8564814814814815 0.7484375 0.8541666666666666 0.7390625 0.8240740740740741 0.734375 0.8171296296296297 0.73125 0.8032407407407407 0.7203125 0.7777777777777778 0.7171875 0.7592592592592593 0.70625 0.7245370370370371 0.70625 0.6967592592592593 0.709375 0.6898148148148148 0.703125 0.6875 0.7 0.6898148148148148 0.7 0.6921296296296297 0.696875 0.7083333333333334 0.6828125 0.6921296296296297
5 0.2328125 0.7361111111111112 0.2296875 0.7407407407407407 0.2171875 0.7337962962962963 0.2171875 0.7407407407407407 0.234375 0.7662037037037037 0.246875 0.7916666666666666 0.2484375 0.7986111111111112 0.2546875 0.8078703703703703 0.25625 0.8148148148148148 0.265625 0.8310185185185185 0.2828125 0.8564814814814815 0.2890625 0.8611111111111112 0.296875 0.8726851851851852 0.3109375 0.8842592592592593 0.3125 0.8888888888888888 0.3234375 0.8981481481481481 0.3265625 0.8981481481481481 0.3359375 0.9097222222222222 0.3515625 0.9212962962962963 0.359375 0.9305555555555556 0.3703125 0.9351851851851852 0.371875 0.9328703703703703 0.371875 0.9212962962962963 0.36875 0.9166666666666666 0.3609375 0.9120370370370371 0.3515625 0.9004629629629629 0.3375 0.8912037037037037 0.30625 0.8611111111111112 0.2921875 0.8449074074074074 0.265625 0.8055555555555556 0.2484375 0.7662037037037037 0.2421875 0.7476851851851852 0.240625 0.7291666666666666 0.2375 0.7245370370370371 0.2359375 0.7245370370370371 0.2328125 0.7268518518518519 0.2328125 0.7361111111111112
5 0.434375 0.28935185185185186 0.4453125 0.3055555555555556 0.453125 0.3263888888888889 0.4578125 0.3287037037037037 0.4578125 0.31712962962962965 0.453125 0.3055555555555556 0.4515625 0.29398148148148145 0.446875 0.28703703703703703 0.446875 0.27314814814814814 0.4453125 0.2708333333333333 0.44375 0.2708333333333333 0.4359375 0.2777777777777778 0.434375 0.28935185185185186
2 0.76875 0.05787037037037037 0.7625 0.08101851851851852 0.75625 0.12962962962962962 0.746875 0.16435185185185186 0.746875 0.17824074074074073 0.74375 0.18981481481481483 0.74375 0.20601851851851852 0.740625 0.2175925925925926 0.740625 0.22685185185185186 0.7375 0.2337962962962963 0.7375 0.24768518518518517 0.7328125 0.27546296296296297 0.7328125 0.28703703703703703 0.7359375 0.28935185185185186 0.7375 0.28703703703703703 0.740625 0.2916666666666667 0.740625 0.3148148148148148 0.74375 0.3263888888888889 0.7484375 0.33101851851851855 0.746875 0.3333333333333333 0.746875 0.3425925925925926 0.7515625 0.3541666666666667 0.75625 0.3541666666666667 0.7625 0.34953703703703703 0.765625 0.35648148148148145 0.765625 0.36574074074074076 0.771875 0.37962962962962965 0.7765625 0.38425925925925924 0.784375 0.38425925925925924 0.790625 0.375 0.79375 0.37962962962962965 0.79375 0.38425925925925924 0.8046875 0.39814814814814814 0.8109375 0.39814814814814814 0.8171875 0.3888888888888889 0.825 0.40046296296296297 0.8296875 0.40046296296296297 0.8390625 0.38657407407407407 0.8453125 0.3819444444444444 0.846875 0.38425925925925924 0.8546875 0.38425925925925924 0.8625 0.3726851851851852 0.86875 0.3726851851851852 0.8703125 0.375 0.8703125 0.38425925925925924 0.8734375 0.3888888888888889 0.884375 0.38425925925925924 0.896875 0.38425925925925924 0.9046875 0.39351851851851855 0.9046875 0.39814814814814814 0.9078125 0.4027777777777778 0.921875 0.4050925925925926 0.9265625 0.3912037037037037 0.9421875 0.39351851851851855 0.9453125 0.3912037037037037 0.9484375 0.3726851851851852 0.965625 0.37037037037037035 0.9671875 0.3611111111111111 0.965625 0.3587962962962963 0.965625 0.34953703703703703 0.971875 0.3472222222222222 0.975 0.33564814814814814 0.9828125 0.3287037037037037 0.9828125 0.3263888888888889 0.9703125 0.28703703703703703 0.9703125 0.2824074074074074 0.9734375 0.2777777777777778 0.9734375 0.26851851851851855 0.9703125 0.25925925925925924 0.9703125 0.25 0.959375 0.22685185185185186 0.959375 0.2222222222222222 0.965625 0.2152777777777778 0.965625 0.19675925925925927 0.9609375 0.17824074074074073 0.9578125 0.1736111111111111 0.9671875 0.1597222222222222 0.9671875 0.14814814814814814 0.959375 0.12731481481481483 0.9546875 0.12037037037037036 0.9609375 0.1111111111111111 0.9625 0.10416666666666667 0.9546875 0.08796296296296297 0.9421875 0.08333333333333333 0.9390625 0.0787037037037037 0.9375 0.06944444444444445 0.9046875 0.06018518518518518 0.903125 0.05555555555555555 0.9046875 0.05092592592592592 0.903125 0.04861111111111111 0.8765625 0.04398148148148148 0.871875 0.032407407407407406 0.83125 0.032407407407407406 0.821875 0.037037037037037035 0.8109375 0.037037037037037035 0.809375 0.034722222222222224 0.7890625 0.032407407407407406 0.7828125 0.037037037037037035 0.7765625 0.020833333333333332 0.771875 0.023148148148148147 0.771875 0.02546296296296296 0.7703125 0.027777777777777776 0.76875 0.05787037037037037
2 0.56875 0.3541666666666667 0.56875 0.36342592592592593 0.565625 0.37037037037037035 0.5625 0.37037037037037035 0.553125 0.3611111111111111 0.54375 0.3587962962962963 0.540625 0.3611111111111111 0.5375 0.37037037037037035 0.5375 0.37962962962962965 0.5359375 0.3819444444444444 0.53125 0.3819444444444444 0.5265625 0.375 0.509375 0.375 0.503125 0.38425925925925924 0.5046875 0.39351851851851855 0.5015625 0.39814814814814814 0.4921875 0.4027777777777778 0.49375 0.41898148148148145 0.4859375 0.4236111111111111 0.4875 0.44212962962962965 0.49375 0.44907407407407407 0.4828125 0.46064814814814814 0.484375 0.4791666666666667 0.490625 0.49074074074074076 0.48125 0.49537037037037035 0.484375 0.5185185185185185 0.4890625 0.5254629629629629 0.4859375 0.5300925925925926 0.4796875 0.5324074074074074 0.4796875 0.5462962962962963 0.4875 0.5694444444444444 0.490625 0.5717592592592593 0.484375 0.5787037037037037 0.484375 0.5879629629629629 0.4875 0.5972222222222222 0.4984375 0.6134259259259259 0.49375 0.625 0.49375 0.6296296296296297 0.5 0.6412037037037037 0.5109375 0.6527777777777778 0.5078125 0.6620370370370371 0.5125 0.6689814814814815 0.521875 0.6736111111111112 0.5296875 0.6898148148148148 0.54375 0.6990740740740741 0.55 0.7083333333333334 0.5546875 0.7106481481481481 0.5796875 0.7106481481481481 0.58125 0.7129629629629629 0.596875 0.7129629629629629 0.61875 0.7037037037037037 0.628125 0.7037037037037037 0.6375 0.6944444444444444 0.6515625 0.6898148148148148 0.6609375 0.6828703703703703 0.665625 0.6828703703703703 0.6796875 0.6689814814814815 0.6859375 0.6782407407407407 0.6875 0.6851851851851852 0.690625 0.6875 0.6921875 0.6851851851851852 0.70625 0.6828703703703703 0.7109375 0.6898148148148148 0.715625 0.6898148148148148 0.728125 0.7037037037037037 0.74375 0.7129629629629629 0.75 0.7222222222222222 0.7640625 0.7314814814814815 0.7671875 0.7361111111111112 0.8234375 0.7638888888888888 0.8359375 0.7685185185185185 0.85 0.7685185185185185 0.8515625 0.7662037037037037 0.8703125 0.7662037037037037 0.8734375 0.7569444444444444 0.8953125 0.75 0.9 0.7384259259259259 0.9046875 0.7384259259259259 0.915625 0.7291666666666666 0.9125 0.7222222222222222 0.915625 0.7175925925925926 0.9203125 0.7175925925925926 0.9234375 0.7129629629629629 0.9296875 0.7106481481481481 0.934375 0.7037037037037037 0.9328125 0.6967592592592593 0.928125 0.6921296296296297 0.9296875 0.6898148148148148 0.94375 0.6828703703703703 0.9484375 0.6759259259259259 0.9484375 0.6689814814814815 0.940625 0.6574074074074074 0.95625 0.6435185185185185 0.9578125 0.6342592592592593 0.9515625 0.6273148148148148 0.959375 0.6180555555555556 0.9609375 0.6111111111111112 0.95625 0.6018518518518519 0.9671875 0.5902777777777778 0.965625 0.5833333333333334 0.95625 0.5787037037037037 0.959375 0.5648148148148148 0.953125 0.5555555555555556 0.9640625 0.5347222222222222 0.9609375 0.5300925925925926 0.9609375 0.5254629629629629 0.9640625 0.5208333333333334 0.9671875 0.5046296296296297 0.959375 0.49537037037037035 0.9625 0.4837962962962963 0.959375 0.4791666666666667 0.946875 0.47453703703703703 0.95 0.46064814814814814 0.95 0.4513888888888889 0.94375 0.44675925925925924 0.93125 0.44907407407407407 0.921875 0.4351851851851852 0.921875 0.4212962962962963 0.9171875 0.4166666666666667 0.9078125 0.4166666666666667 0.896875 0.4212962962962963 0.8953125 0.41898148148148145 0.8984375 0.4166666666666667 0.9 0.40046296296296297 0.896875 0.3912037037037037 0.8921875 0.3888888888888889 0.875 0.39351851851851855 0.86875 0.4027777777777778 0.8640625 0.40046296296296297 0.8640625 0.3958333333333333 0.8671875 0.3912037037037037 0.865625 0.3819444444444444 0.8625 0.3819444444444444 0.859375 0.3888888888888889 0.853125 0.39351851851851855 0.84375 0.3912037037037037 0.828125 0.41203703703703703 0.821875 0.42592592592592593 0.81875 0.4236111111111111 0.815625 0.4027777777777778 0.7984375 0.4074074074074074 0.79375 0.41435185185185186 0.7859375 0.4050925925925926 0.778125 0.4050925925925926 0.7671875 0.41435185185185186 0.7609375 0.4236111111111111 0.7578125 0.43287037037037035 0.753125 0.4375 0.7515625 0.4351851851851852 0.7515625 0.4212962962962963 0.7484375 0.4027777777777778 0.7453125 0.39351851851851855 0.7390625 0.3958333333333333 0.7328125 0.4050925925925926 0.728125 0.41898148148148145 0.7234375 0.4166666666666667 0.7203125 0.4050925925925926 0.7171875 0.4027777777777778 0.709375 0.4097222222222222 0.70625 0.4212962962962963 0.7015625 0.42824074074074076 0.6984375 0.42824074074074076 0.696875 0.42592592592592593 0.6984375 0.41898148148148145 0.696875 0.4166666666666667 0.696875 0.4050925925925926 0.69375 0.40046296296296297 0.6921875 0.3912037037037037 0.6875 0.38657407407407407 0.6828125 0.38657407407407407 0.678125 0.3958333333333333 0.678125 0.40046296296296297 0.675 0.4027777777777778 0.665625 0.4212962962962963 0.6609375 0.4097222222222222 0.6609375 0.4050925925925926 0.6578125 0.40046296296296297 0.6578125 0.39351851851851855 0.6453125 0.37037037037037035 0.63125 0.3726851851851852 0.6265625 0.38425925925925924 0.621875 0.3819444444444444 0.6171875 0.375 0.6078125 0.35648148148148145 0.603125 0.3587962962962963 0.5984375 0.37037037037037035 0.584375 0.3541666666666667 0.5828125 0.3541666666666667 0.571875 0.34953703703703703 0.56875 0.3541666666666667
2 0.5625 0.37037037037037035 0.553125 0.3611111111111111 0.5421875 0.3587962962962963 0.5375 0.3680555555555556 0.5375 0.37962962962962965 0.5359375 0.3819444444444444 0.5328125 0.3819444444444444 0.5265625 0.375 0.5078125 0.375 0.503125 0.3819444444444444 0.5046875 0.39351851851851855 0.49375 0.40046296296296297 0.490625 0.4050925925925926 0.4921875 0.41898148148148145 0.4859375 0.4236111111111111 0.4859375 0.4305555555555556 0.4875 0.4398148148148148 0.49375 0.44907407407407407 0.4828125 0.46064814814814814 0.4828125 0.4722222222222222 0.490625 0.48842592592592593 0.4875 0.4930555555555556 0.48125 0.49537037037037035 0.4828125 0.5115740740740741 0.4890625 0.5254629629629629 0.4796875 0.5347222222222222 0.4796875 0.5416666666666666 0.484375 0.5601851851851852 0.490625 0.5717592592592593 0.484375 0.5787037037037037 0.484375 0.5902777777777778 0.4828125 0.5925925925925926 0.4703125 0.5949074074074074 0.4671875 0.5995370370370371 0.46875 0.6087962962962963 0.4640625 0.6134259259259259 0.446875 0.6157407407407407 0.44375 0.6203703703703703 0.44375 0.625 0.446875 0.6342592592592593 0.44375 0.6388888888888888 0.4328125 0.6412037037037037 0.43125 0.6458333333333334 0.425 0.6504629629629629 0.4234375 0.6574074074074074 0.4296875 0.6712962962962963 0.4265625 0.6759259259259259 0.41875 0.6782407407407407 0.40625 0.6898148148148148 0.4015625 0.6990740740740741 0.4015625 0.7060185185185185 0.4109375 0.7199074074074074 0.3984375 0.7291666666666666 0.3875 0.7476851851851852 0.396875 0.7638888888888888 0.3875 0.7731481481481481 0.3828125 0.7847222222222222 0.384375 0.7893518518518519 0.3921875 0.7939814814814815 0.39375 0.7986111111111112 0.3828125 0.8078703703703703 0.3796875 0.8148148148148148 0.3875 0.8240740740740741 0.378125 0.8379629629629629 0.3765625 0.8449074074074074 0.378125 0.8495370370370371 0.384375 0.8518518518518519 0.3875 0.8564814814814815 0.3859375 0.8680555555555556 0.3875 0.8703703703703703 0.396875 0.8703703703703703 0.4 0.875 0.396875 0.8912037037037037 0.3984375 0.9004629629629629 0.4140625 0.9027777777777778 0.421875 0.8981481481481481 0.4234375 0.9004629629629629 0.4234375 0.9166666666666666 0.421875 0.9212962962962963 0.425 0.9259259259259259 0.4359375 0.9259259259259259 0.446875 0.9189814814814815 0.45 0.9375 0.475 0.9351851851851852 0.4765625 0.9375 0.4765625 0.9467592592592593 0.4828125 0.9490740740740741 0.4953125 0.9467592592592593 0.5015625 0.9421296296296297 0.5046875 0.9467592592592593 0.50625 0.9560185185185185 0.5171875 0.9537037037037037 0.525 0.9467592592592593 0.5296875 0.9467592592592593 0.53125 0.9560185185185185 0.54375 0.9560185185185185 0.559375 0.9444444444444444 0.5640625 0.9560185185185185 0.5671875 0.9560185185185185 0.5796875 0.9421296296296297 0.5859375 0.9467592592592593 0.5953125 0.9375 0.5984375 0.9305555555555556 0.6015625 0.9328703703703703 0.609375 0.9282407407407407 0.6265625 0.9027777777777778 0.6296875 0.8819444444444444 0.6328125 0.8865740740740741 0.6328125 0.8912037037037037 0.634375 0.8912037037037037 0.6359375 0.8842592592592593 0.640625 0.8865740740740741 0.640625 0.8819444444444444 0.64375 0.8773148148148148 0.6484375 0.8518518518518519 0.6515625 0.8495370370370371 0.6515625 0.8379629629629629 0.6546875 0.8333333333333334 0.6546875 0.8240740740740741 0.6609375 0.8078703703703703 0.6609375 0.7962962962962963 0.6640625 0.7916666666666666 0.66875 0.7407407407407407 0.671875 0.7337962962962963 0.6703125 0.7129629629629629 0.6734375 0.7060185185185185 0.68125 0.7083333333333334 0.6921875 0.7245370370370371 0.7 0.75 0.703125 0.7523148148148148 0.703125 0.7569444444444444 0.70625 0.7615740740740741 0.709375 0.7777777777777778 0.7203125 0.8055555555555556 0.7203125 0.8125 0.7234375 0.8171296296296297 0.7234375 0.8217592592592593 0.728125 0.8287037037037037 0.7375 0.8587962962962963 0.740625 0.8611111111111112 0.7484375 0.8842592592592593 0.7578125 0.8981481481481481 0.7734375 0.9305555555555556 0.7828125 0.9351851851851852 0.784375 0.9328703703703703 0.784375 0.9236111111111112 0.7734375 0.9027777777777778 0.76875 0.8981481481481481 0.7515625 0.8587962962962963 0.7484375 0.8564814814814815 0.7453125 0.8425925925925926 0.734375 0.8194444444444444 0.728125 0.7962962962962963 0.7203125 0.7800925925925926 0.7171875 0.7615740740740741 0.7140625 0.75 0.7109375 0.7476851851851852 0.70625 0.7268518518518519 0.7078125 0.6967592592592593 0.7109375 0.6921296296296297 0.715625 0.6921296296296297 0.7234375 0.7013888888888888 0.7421875 0.7129629629629629 0.7484375 0.7222222222222222 0.76875 0.7384259259259259 0.778125 0.7407407407407407 0.796875 0.7523148148148148 0.815625 0.7592592592592593 0.8203125 0.7638888888888888 0.8265625 0.7638888888888888 0.8421875 0.7708333333333334 0.846875 0.7708333333333334 0.853125 0.7662037037037037 0.8703125 0.7662037037037037 0.875 0.7569444444444444 0.8828125 0.7569444444444444 0.896875 0.75 0.9 0.7407407407407407 0.915625 0.7314814814814815 0.915625 0.7222222222222222 0.91875 0.7175925925925926 0.928125 0.7129629629629629 0.934375 0.7037037037037037 0.934375 0.6967592592592593 0.93125 0.6921296296296297 0.94375 0.6828703703703703 0.9484375 0.6759259259259259 0.9484375 0.6689814814814815 0.940625 0.6574074074074074 0.95 0.6481481481481481 0.953125 0.6481481481481481 0.959375 0.6388888888888888 0.953125 0.6273148148148148 0.9609375 0.6134259259259259 0.9578125 0.6018518518518519 0.9671875 0.5879629629629629 0.965625 0.5833333333333334 0.95625 0.5763888888888888 0.959375 0.5648148148148148 0.9546875 0.5578703703703703 0.9546875 0.5532407407407407 0.9609375 0.5439814814814815 0.9640625 0.5347222222222222 0.9609375 0.5254629629629629 0.9671875 0.5115740740740741 0.9671875 0.5046296296296297 0.9609375 0.4976851851851852 0.9640625 0.48148148148148145 0.9484375 0.47453703703703703 0.95 0.4513888888888889 0.94375 0.44675925925925924 0.93125 0.44907407407407407 0.921875 0.4351851851851852 0.9234375 0.4236111111111111 0.921875 0.41898148148148145 0.915625 0.41435185185185186 0.9 0.41898148148148145 0.8984375 0.41203703703703703 0.9015625 0.4074074074074074 0.9015625 0.40046296296296297 0.9 0.39351851851851855 0.8953125 0.3888888888888889 0.884375 0.3888888888888889 0.86875 0.39814814814814814 0.8671875 0.3958333333333333 0.8671875 0.3819444444444444 0.8625 0.37962962962962965 0.8546875 0.3912037037037037 0.846875 0.3912037037037037 0.8453125 0.3888888888888889 0.8390625 0.39351851851851855 0.821875 0.4212962962962963 0.81875 0.41898148148148145 0.81875 0.4050925925925926 0.815625 0.40046296296296297 0.8078125 0.4050925925925926 0.8 0.4050925925925926 0.79375 0.41203703703703703 0.7828125 0.4027777777777778 0.7671875 0.41435185185185186 0.753125 0.4351851851851852 0.7515625 0.43287037037037035 0.7515625 0.4166666666666667 0.7453125 0.39351851851851855 0.7375 0.3958333333333333 0.728125 0.41435185185185186 0.725 0.41435185185185186 0.71875 0.4027777777777778 0.715625 0.4027777777777778 0.7078125 0.41203703703703703 0.703125 0.4236111111111111 0.6984375 0.4166666666666667 0.6984375 0.4097222222222222 0.6921875 0.3912037037037037 0.6875 0.38657407407407407 0.6828125 0.38657407407407407 0.678125 0.39351851851851855 0.675 0.4050925925925926 0.6703125 0.41203703703703703 0.665625 0.41435185185185186 0.6546875 0.38657407407407407 0.6453125 0.37037037037037035 0.63125 0.3726851851851852 0.6265625 0.3819444444444444 0.621875 0.3819444444444444 0.60625 0.35648148148148145 0.5984375 0.3680555555555556 0.58125 0.35185185185185186 0.5703125 0.34953703703703703 0.5703125 0.35185185185185186 0.565625 0.37037037037037035 0.5625 0.37037037037037035
2 0.2796875 0.4236111111111111 0.2671875 0.4212962962962963 0.2578125 0.4375 0.2484375 0.4398148148148148 0.2375 0.46064814814814814 0.2328125 0.46296296296296297 0.2296875 0.47453703703703703 0.2203125 0.48842592592592593 0.21875 0.5092592592592593 0.2125 0.5185185185185185 0.2125 0.5509259259259259 0.2109375 0.5555555555555556 0.2125 0.5578703703703703 0.2125 0.5694444444444444 0.215625 0.5740740740740741 0.215625 0.5810185185185185 0.2203125 0.5972222222222222 0.2234375 0.6273148148148148 0.2296875 0.6412037037037037 0.2296875 0.6481481481481481 0.2328125 0.6550925925925926 0.2328125 0.6875 0.2359375 0.6944444444444444 0.2359375 0.7199074074074074 0.2515625 0.7291666666666666 0.2625 0.75 0.2671875 0.7523148148148148 0.2796875 0.7708333333333334 0.284375 0.7824074074074074 0.2921875 0.7824074074074074 0.30625 0.7916666666666666 0.3109375 0.7916666666666666 0.315625 0.7870370370370371 0.3171875 0.7893518518518519 0.33125 0.7916666666666666 0.3359375 0.7870370370370371 0.3375 0.7800925925925926 0.3546875 0.7754629629629629 0.3578125 0.7685185185185185 0.3546875 0.7592592592592593 0.3625 0.7523148148148148 0.365625 0.7523148148148148 0.3765625 0.7407407407407407 0.3765625 0.7314814814814815 0.3703125 0.7245370370370371 0.3734375 0.7199074074074074 0.3796875 0.7175925925925926 0.3890625 0.7060185185185185 0.390625 0.6944444444444444 0.4015625 0.6782407407407407 0.3921875 0.6643518518518519 0.40625 0.6481481481481481 0.409375 0.6388888888888888 0.409375 0.6319444444444444 0.4046875 0.6226851851851852 0.415625 0.6041666666666666 0.415625 0.5949074074074074 0.4109375 0.5879629629629629 0.4140625 0.5856481481481481 0.421875 0.5671296296296297 0.4203125 0.5578703703703703 0.4109375 0.5509259259259259 0.4171875 0.5393518518518519 0.4203125 0.5277777777777778 0.4203125 0.5092592592592593 0.4078125 0.5023148148148148 0.4140625 0.4837962962962963 0.4140625 0.4675925925925926 0.403125 0.46064814814814814 0.403125 0.4444444444444444 0.396875 0.44212962962962965 0.39375 0.4444444444444444 0.3921875 0.44212962962962965 0.3921875 0.4305555555555556 0.3890625 0.4236111111111111 0.378125 0.4236111111111111 0.3734375 0.41435185185185186 0.3640625 0.41435185185185186 0.3578125 0.4212962962962963 0.353125 0.4212962962962963 0.3484375 0.41203703703703703 0.340625 0.41203703703703703 0.3328125 0.41898148148148145 0.328125 0.4097222222222222 0.315625 0.41203703703703703 0.30625 0.4212962962962963 0.2984375 0.4097222222222222 0.296875 0.4097222222222222 0.2875 0.41203703703703703 0.2796875 0.4236111111111111
2 0.8421875 0.3912037037037037 0.828125 0.41203703703703703 0.8203125 0.4305555555555556 0.8171875 0.42592592592592593 0.8171875 0.41435185185185186 0.8140625 0.4027777777777778 0.8078125 0.4074074074074074 0.803125 0.4050925925925926 0.7984375 0.4074074074074074 0.790625 0.41898148148148145 0.784375 0.4050925925925926 0.7796875 0.4050925925925926 0.7703125 0.41203703703703703 0.7609375 0.4236111111111111 0.7515625 0.44675925925925924 0.7484375 0.4398148148148148 0.75 0.4236111111111111 0.7484375 0.4212962962962963 0.7484375 0.4074074074074074 0.74375 0.3958333333333333 0.7390625 0.39814814814814814 0.7296875 0.41203703703703703 0.7296875 0.4166666666666667 0.7234375 0.42592592592592593 0.7203125 0.4166666666666667 0.7203125 0.4074074074074074 0.715625 0.4050925925925926 0.709375 0.41203703703703703 0.70625 0.42592592592592593 0.6953125 0.44212962962962965 0.690625 0.4583333333333333 0.678125 0.47685185185185186 0.675 0.48842592592592593 0.675 0.4976851851851852 0.66875 0.5138888888888888 0.6703125 0.5856481481481481 0.6734375 0.5995370370370371 0.6734375 0.6157407407407407 0.6796875 0.6388888888888888 0.68125 0.6527777777777778 0.684375 0.6574074074074074 0.684375 0.6689814814814815 0.696875 0.6759259259259259 0.7 0.6805555555555556 0.7046875 0.6805555555555556 0.7109375 0.6898148148148148 0.7171875 0.6921296296296297 0.7234375 0.7013888888888888 0.7421875 0.7129629629629629 0.7515625 0.7245370370370371 0.76875 0.7384259259259259 0.7734375 0.7384259259259259 0.7828125 0.7453703703703703 0.8015625 0.7523148148148148 0.80625 0.7569444444444444 0.821875 0.7638888888888888 0.846875 0.7708333333333334 0.853125 0.7662037037037037 0.8703125 0.7662037037037037 0.8734375 0.7569444444444444 0.8828125 0.7569444444444444 0.896875 0.75 0.9 0.7407407407407407 0.915625 0.7314814814814815 0.9140625 0.7222222222222222 0.9171875 0.7175925925925926 0.93125 0.7106481481481481 0.9359375 0.7037037037037037 0.934375 0.6967592592592593 0.9296875 0.6921296296296297 0.94375 0.6828703703703703 0.95 0.6736111111111112 0.940625 0.6574074074074074 0.94375 0.6527777777777778 0.9578125 0.6435185185185185 0.959375 0.6365740740740741 0.953125 0.6273148148148148 0.9609375 0.6157407407407407 0.9609375 0.6087962962962963 0.95625 0.6018518518518519 0.9671875 0.5902777777777778 0.9671875 0.5856481481481481 0.9640625 0.5810185185185185 0.959375 0.5810185185185185 0.95625 0.5763888888888888 0.959375 0.5648148148148148 0.953125 0.5555555555555556 0.9609375 0.5439814814814815 0.9640625 0.5347222222222222 0.9609375 0.5300925925925926 0.9609375 0.5254629629629629 0.965625 0.5162037037037037 0.9671875 0.5023148148148148 0.959375 0.49537037037037035 0.9625 0.4837962962962963 0.9578125 0.47685185185185186 0.9484375 0.47685185185185186 0.946875 0.47453703703703703 0.95 0.46064814814814814 0.95 0.4513888888888889 0.9453125 0.44675925925925924 0.93125 0.44907407407407407 0.921875 0.4351851851851852 0.921875 0.42592592592592593 0.9234375 0.4236111111111111 0.921875 0.41898148148148145 0.91875 0.41898148148148145 0.915625 0.41435185185185186 0.909375 0.41435185185185186 0.9046875 0.41898148148148145 0.9 0.41898148148148145 0.8984375 0.4097222222222222 0.9 0.40046296296296297 0.8984375 0.39351851851851855 0.89375 0.3888888888888889 0.875 0.39351851851851855 0.8671875 0.4027777777777778 0.8640625 0.39814814814814814 0.865625 0.3958333333333333 0.865625 0.3819444444444444 0.8640625 0.3819444444444444 0.853125 0.39351851851851855 0.8421875 0.3912037037037037
2 0.465625 0.5995370370370371 0.4671875 0.6087962962962963 0.465625 0.6111111111111112 0.45625 0.6111111111111112 0.446875 0.6157407407407407 0.44375 0.6203703703703703 0.44375 0.6273148148148148 0.446875 0.6342592592592593 0.4328125 0.6412037037037037 0.421875 0.6550925925925926 0.4234375 0.6620370370370371 0.4296875 0.6712962962962963 0.409375 0.6851851851851852 0.4015625 0.6967592592592593 0.4 0.7060185185185185 0.40625 0.7106481481481481 0.4109375 0.7199074074074074 0.396875 0.7291666666666666 0.390625 0.7430555555555556 0.3875 0.7453703703703703 0.3875 0.7523148148148148 0.396875 0.7615740740740741 0.3859375 0.7731481481481481 0.38125 0.7847222222222222 0.3921875 0.7939814814814815 0.39375 0.7986111111111112 0.38125 0.8101851851851852 0.3796875 0.8171296296296297 0.3875 0.8240740740740741 0.375 0.8425925925925926 0.375 0.8472222222222222 0.3859375 0.8564814814814815 0.384375 0.8657407407407407 0.3875 0.8703703703703703 0.396875 0.8703703703703703 0.4 0.875 0.396875 0.8865740740740741 0.396875 0.9004629629629629 0.415625 0.9027777777777778 0.421875 0.9004629629629629 0.4234375 0.9027777777777778 0.421875 0.9236111111111112 0.4234375 0.9259259259259259 0.4390625 0.9259259259259259 0.4453125 0.9189814814814815 0.4484375 0.9236111111111112 0.4484375 0.9375 0.4625 0.9398148148148148 0.4734375 0.9351851851851852 0.4765625 0.9490740740740741 0.4921875 0.9490740740740741 0.5 0.9444444444444444 0.5046875 0.9560185185185185 0.515625 0.9560185185185185 0.5234375 0.9490740740740741 0.528125 0.9490740740740741 0.5328125 0.9583333333333334 0.540625 0.9583333333333334 0.5578125 0.9467592592592593 0.5640625 0.9583333333333334 0.5671875 0.9583333333333334 0.5796875 0.9444444444444444 0.5890625 0.9467592592592593 0.5984375 0.9328703703703703 0.609375 0.9305555555555556 0.6171875 0.9189814814814815 0.6234375 0.9143518518518519 0.63125 0.8981481481481481 0.6359375 0.8981481481481481 0.6421875 0.8888888888888888 0.6484375 0.8587962962962963 0.653125 0.8495370370370371 0.6609375 0.8055555555555556 0.6640625 0.7986111111111112 0.6671875 0.7662037037037037 0.66875 0.7638888888888888 0.66875 0.75 0.6703125 0.7476851851851852 0.6703125 0.7337962962962963 0.671875 0.7314814814814815 0.6703125 0.7129629629629629 0.671875 0.7106481481481481 0.671875 0.6875 0.6640625 0.6875 0.6515625 0.6944444444444444 0.646875 0.6944444444444444 0.628125 0.7083333333333334 0.596875 0.7199074074074074 0.5796875 0.7175925925925926 0.578125 0.7152777777777778 0.55625 0.7152777777777778 0.55 0.7129629629629629 0.53125 0.6967592592592593 0.51875 0.6782407407407407 0.5109375 0.6736111111111112 0.5046875 0.6643518518518519 0.5046875 0.6504629629629629 0.496875 0.6435185185185185 0.4890625 0.6273148148148148 0.4921875 0.6111111111111112 0.48125 0.5925925925925926 0.4796875 0.5925925925925926 0.46875 0.5949074074074074 0.465625 0.5995370370370371
2 0 0.9004629629629629 0.0046875 0.9004629629629629 0.0078125 0.9050925925925926 0.00625 0.9166666666666666 0.0078125 0.9189814814814815 0.0171875 0.9236111111111112 0.0109375 0.9398148148148148 0.0109375 0.9467592592592593 0.03125 0.9490740740740741 0.0375 0.9467592592592593 0.0390625 0.9490740740740741 0.0390625 0.9629629629629629 0.0421875 0.9675925925925926 0.046875 0.9699074074074074 0.0484375 0.9675925925925926 0.059375 0.9675925925925926 0.0625 0.9722222222222222 0.0625 0.9768518518518519 0.06875 0.9814814814814815 0.075 0.9768518518518519 0.0796875 0.9768518518518519 0.0890625 0.9675925925925926 0.096875 0.9490740740740741 0.1109375 0.9444444444444444 0.1203125 0.9444444444444444 0.121875 0.9467592592592593 0.121875 0.9583333333333334 0.125 0.9699074074074074 0.13125 0.9745370370370371 0.1453125 0.9675925925925926 0.1515625 0.9583333333333334 0.1609375 0.9722222222222222 0.1671875 0.9745370370370371 0.1765625 0.9629629629629629 0.1828125 0.9490740740740741 0.1875 0.9583333333333334 0.1875 0.9629629629629629 0.19375 0.9699074074074074 0.2046875 0.9560185185185185 0.209375 0.9398148148148148 0.2203125 0.9490740740740741 0.2265625 0.9421296296296297 0.23125 0.9282407407407407 0.2375 0.9305555555555556 0.240625 0.9259259259259259 0.2421875 0.8958333333333334 0.2453125 0.8888888888888888 0.2453125 0.8680555555555556 0.2421875 0.8541666666666666 0.23125 0.8217592592592593 0.228125 0.7986111111111112 0.2203125 0.7800925925925926 0.2203125 0.7731481481481481 0.2171875 0.7662037037037037 0.2140625 0.7476851851851852 0.2109375 0.7453703703703703 0.2109375 0.7384259259259259 0.2078125 0.7337962962962963 0.19375 0.7314814814814815 0.1859375 0.7407407407407407 0.178125 0.7407407407407407 0.165625 0.7268518518518519 0.1625 0.7268518518518519 0.1515625 0.7129629629629629 0.140625 0.7037037037037037 0.1375 0.7037037037037037 0.13125 0.6944444444444444 0.121875 0.6875 0.1140625 0.6875 0.1015625 0.6805555555555556 0.0953125 0.6828703703703703 0.0921875 0.6782407407407407 0.090625 0.6782407407407407 0.0828125 0.6782407407407407 0.078125 0.6875 0.0734375 0.6851851851851852 0.071875 0.6875 0.0625 0.6875 0.0578125 0.6967592592592593 0.05 0.6990740740740741 0.046875 0.7037037037037037 0.046875 0.7129629629629629 0.0328125 0.7291666666666666 0.034375 0.7384259259259259 0.021875 0.75 0.0203125 0.7638888888888888 0.0109375 0.7754629629629629 0.009375 0.7800925925925926 0.0125 0.7893518518518519 0.003125 0.8032407407407407 0.0046875 0.8217592592592593 0 0.8263888888888888 0 0.8449074074074074 0.003125 0.8495370370370371 0 0.8518518518518519 0 0.9004629629629629
2 0 0.9004629629629629 0.00625 0.9004629629629629 0.0078125 0.9027777777777778 0.009375 0.9074074074074074 0.00625 0.9143518518518519 0.0078125 0.9189814814814815 0.0140625 0.9212962962962963 0.0171875 0.9259259259259259 0.0125 0.9351851851851852 0.0109375 0.9467592592592593 0.0296875 0.9490740740740741 0.03125 0.9467592592592593 0.0375 0.9467592592592593 0.0421875 0.9675925925925926 0.0609375 0.9675925925925926 0.0640625 0.9768518518518519 0.0734375 0.9791666666666666 0.0828125 0.9745370370370371 0.0890625 0.9675925925925926 0.096875 0.9490740740740741 0.1109375 0.9444444444444444 0.1203125 0.9444444444444444 0.121875 0.9467592592592593 0.1234375 0.9629629629629629 0.128125 0.9722222222222222 0.1421875 0.9699074074074074 0.1515625 0.9583333333333334 0.1640625 0.9745370370370371 0.1671875 0.9745370370370371 0.1765625 0.9629629629629629 0.18125 0.9490740740740741 0.1875 0.9560185185185185 0.1890625 0.9629629629629629 0.19375 0.9699074074074074 0.203125 0.9583333333333334 0.209375 0.9398148148148148 0.2171875 0.9467592592592593 0.221875 0.9467592592592593 0.228125 0.9375 0.23125 0.9282407407407407 0.2390625 0.9282407407407407 0.240625 0.9259259259259259 0.2421875 0.9189814814814815 0.2421875 0.8935185185185185 0.2453125 0.8888888888888888 0.2453125 0.8703703703703703 0.240625 0.8495370370370371 0.23125 0.8240740740740741 0.228125 0.8009259259259259 0.2203125 0.7800925925925926 0.2125 0.7453703703703703 0.2140625 0.7430555555555556 0.2171875 0.7430555555555556 0.21875 0.7476851851851852 0.2265625 0.7546296296296297 0.234375 0.7662037037037037 0.2359375 0.7754629629629629 0.246875 0.7916666666666666 0.25 0.8032407407407407 0.2546875 0.8078703703703703 0.2609375 0.8217592592592593 0.265625 0.8263888888888888 0.265625 0.8310185185185185 0.2796875 0.8518518518518519 0.3234375 0.8981481481481481 0.3296875 0.9004629629629629 0.334375 0.9074074074074074 0.353125 0.9212962962962963 0.3578125 0.9282407407407407 0.3640625 0.9328703703703703 0.3703125 0.9328703703703703 0.371875 0.9305555555555556 0.371875 0.9212962962962963 0.3703125 0.9189814814814815 0.2984375 0.8541666666666666 0.29375 0.8449074074074074 0.2859375 0.8379629629629629 0.26875 0.8125 0.2671875 0.8055555555555556 0.2609375 0.7962962962962963 0.253125 0.7777777777777778 0.253125 0.7731481481481481 0.2453125 0.7592592592592593 0.2421875 0.7453703703703703 0.24375 0.7337962962962963 0.2421875 0.7314814814814815 0.2453125 0.7268518518518519 0.2484375 0.7268518518518519 0.2546875 0.7314814814814815 0.2578125 0.7407407407407407 0.278125 0.7662037037037037 0.2859375 0.7824074074074074 0.29375 0.7824074074074074 0.3078125 0.7916666666666666 0.3140625 0.7870370370370371 0.334375 0.7893518518518519 0.334375 0.7824074074074074 0.3375 0.7777777777777778 0.353125 0.7754629629629629 0.35625 0.7708333333333334 0.35625 0.7615740740740741 0.3546875 0.7592592592592593 0.3609375 0.7523148148148148 0.3671875 0.75 0.3765625 0.7384259259259259 0.3765625 0.7337962962962963 0.3703125 0.7245370370370371 0.3734375 0.7199074074074074 0.3796875 0.7175925925925926 0.3890625 0.7037037037037037 0.3890625 0.6967592592592593 0.4 0.6782407407407407 0.3921875 0.6643518518518519 0.3953125 0.6574074074074074 0.4015625 0.6550925925925926 0.4046875 0.6504629629629629 0.409375 0.6388888888888888 0.409375 0.6319444444444444 0.4046875 0.625 0.4046875 0.6203703703703703 0.4078125 0.6180555555555556 0.415625 0.6018518518518519 0.415625 0.5949074074074074 0.4109375 0.5879629629629629 0.421875 0.5671296296296297 0.421875 0.5625 0.4171875 0.5555555555555556 0.4109375 0.5509259259259259 0.4203125 0.5254629629629629 0.4203125 0.5092592592592593 0.4125 0.5069444444444444 0.4078125 0.5023148148148148 0.4140625 0.4837962962962963 0.4140625 0.4675925925925926 0.403125 0.46064814814814814 0.403125 0.4444444444444444 0.39375 0.4444444444444444 0.390625 0.4398148148148148 0.390625 0.42592592592592593 0.378125 0.4236111111111111 0.3734375 0.41435185185185186 0.365625 0.41435185185185186 0.35625 0.4236111111111111 0.346875 0.41203703703703703 0.3328125 0.41898148148148145 0.3296875 0.41203703703703703 0.321875 0.4097222222222222 0.3078125 0.4212962962962963 0.3046875 0.4212962962962963 0.3015625 0.4166666666666667 0.3015625 0.41203703703703703 0.29375 0.4097222222222222 0.2859375 0.41435185185185186 0.2796875 0.4236111111111111 0.275 0.41435185185185186 0.2765625 0.4097222222222222 0.271875 0.4027777777777778 0.265625 0.4027777777777778 0.2625 0.39814814814814814 0.2625 0.38425925925925924 0.2578125 0.3726851851851852 0.2453125 0.37962962962962965 0.2421875 0.375 0.2421875 0.3680555555555556 0.2390625 0.3587962962962963 0.234375 0.35185185185185186 0.225 0.34953703703703703 0.21875 0.33564814814814814 0.2125 0.33564814814814814 0.20625 0.3263888888888889 0.196875 0.33101851851851855 0.1890625 0.31712962962962965 0.1875 0.31712962962962965 0.184375 0.3148148148148148 0.1765625 0.3287037037037037 0.1734375 0.3287037037037037 0.16875 0.3194444444444444 0.1609375 0.3287037037037037 0.1578125 0.3287037037037037 0.1546875 0.32407407407407407 0.146875 0.3263888888888889 0.1421875 0.3425925925925926 0.1296875 0.3425925925925926 0.128125 0.3449074074074074 0.1234375 0.36574074074074076 0.1140625 0.36342592592592593 0.1109375 0.3680555555555556 0.10625 0.3888888888888889 0.0953125 0.3888888888888889 0.0921875 0.4097222222222222 0.0859375 0.41435185185185186 0.08125 0.41435185185185186 0.0796875 0.43287037037037035 0.08125 0.4375 0.078125 0.44212962962962965 0.0734375 0.44212962962962965 0.075 0.4583333333333333 0.08125 0.47453703703703703 0.0734375 0.48148148148148145 0.0734375 0.4930555555555556 0.08125 0.5069444444444444 0.0796875 0.5231481481481481 0.084375 0.5370370370370371 0.084375 0.5509259259259259 0.0921875 0.5648148148148148 0.090625 0.5787037037037037 0.0921875 0.5879629629629629 0.1015625 0.6018518518518519 0.1 0.6087962962962963 0.115625 0.6226851851851852 0.1265625 0.6273148148148148 0.1375 0.6481481481481481 0.1484375 0.6574074074074074 0.15 0.6620370370370371 0.1640625 0.6736111111111112 0.16875 0.6805555555555556 0.1890625 0.6944444444444444 0.19375 0.7013888888888888 0.209375 0.7106481481481481 0.21875 0.7268518518518519 0.215625 0.7314814814814815 0.209375 0.7314814814814815 0.196875 0.7268518518518519 0.190625 0.7314814814814815 0.184375 0.7407407407407407 0.178125 0.7407407407407407 0.165625 0.7268518518518519 0.1578125 0.7222222222222222 0.1515625 0.7129629629629629 0.1484375 0.7129629629629629 0.1453125 0.7083333333333334 0.134375 0.7013888888888888 0.1328125 0.6967592592592593 0.125 0.6898148148148148 0.1125 0.6875 0.103125 0.6805555555555556 0.0953125 0.6828703703703703 0.090625 0.6782407407407407 0.084375 0.6782407407407407 0.078125 0.6875 0.0609375 0.6898148148148148 0.0578125 0.6967592592592593 0.046875 0.7037037037037037 0.0484375 0.7129629629629629 0.034375 0.7268518518518519 0.0328125 0.7314814814814815 0.034375 0.7384259259259259 0.03125 0.7430555555555556 0.021875 0.75 0.0203125 0.7638888888888888 0.009375 0.7800925925925926 0.0125 0.7893518518518519 0.0109375 0.7939814814814815 0 0.8078703703703703 0.00625 0.8171296296296297 0 0.8263888888888888 0 0.8472222222222222 0.003125 0.8495370370370371 0 0.8518518518518519 0 0.9004629629629629
2 0.175 0.3287037037037037 0.16875 0.3194444444444444 0.165625 0.3194444444444444 0.1609375 0.3287037037037037 0.153125 0.32175925925925924 0.15 0.32175925925925924 0.1453125 0.3287037037037037 0.140625 0.3425925925925926 0.13125 0.33796296296296297 0.125 0.35185185185185186 0.125 0.3611111111111111 0.1234375 0.36342592592592593 0.1125 0.36342592592592593 0.1078125 0.375 0.1078125 0.38657407407407407 0.1015625 0.3888888888888889 0.096875 0.38657407407407407 0.0921875 0.39814814814814814 0.0921875 0.4074074074074074 0.0890625 0.41203703703703703 0.08125 0.41435185185185186 0.0796875 0.41898148148148145 0.0796875 0.4375 0.0765625 0.44212962962962965 0.0734375 0.44212962962962965 0.0734375 0.45601851851851855 0.0796875 0.47685185185185186 0.071875 0.4837962962962963 0.075 0.5 0.0796875 0.5069444444444444 0.078125 0.5231481481481481 0.0828125 0.5370370370370371 0.084375 0.5532407407407407 0.0921875 0.5694444444444444 0.0890625 0.5740740740740741 0.0890625 0.5810185185185185 0.0921875 0.5902777777777778 0.1 0.6018518518518519 0.0984375 0.6087962962962963 0.1125 0.6226851851851852 0.1265625 0.6296296296296297 0.1328125 0.6435185185185185 0.1703125 0.6828703703703703 0.2109375 0.7129629629629629 0.2140625 0.7175925925925926 0.2171875 0.7175925925925926 0.2234375 0.6782407407407407 0.2296875 0.6689814814814815 0.2296875 0.6643518518518519 0.2203125 0.6388888888888888 0.21875 0.6111111111111112 0.215625 0.5925925925925926 0.2109375 0.5810185185185185 0.2109375 0.5717592592592593 0.2078125 0.5601851851851852 0.209375 0.5347222222222222 0.2078125 0.5324074074074074 0.2078125 0.5231481481481481 0.209375 0.5138888888888888 0.215625 0.5023148148148148 0.2171875 0.48842592592592593 0.228125 0.46296296296296297 0.2484375 0.43287037037037035 0.2578125 0.42824074074074076 0.2625 0.41898148148148145 0.2734375 0.4097222222222222 0.2734375 0.4074074074074074 0.271875 0.4027777777777778 0.265625 0.4027777777777778 0.2640625 0.40046296296296297 0.2640625 0.3888888888888889 0.2578125 0.3726851851851852 0.2453125 0.37962962962962965 0.2390625 0.35648148148148145 0.2328125 0.34953703703703703 0.225 0.34953703703703703 0.2171875 0.3333333333333333 0.2140625 0.33564814814814814 0.2078125 0.3263888888888889 0.1953125 0.3287037037037037 0.1890625 0.3148148148148148 0.1875 0.3148148148148148 0.1828125 0.3148148148148148 0.175 0.3287037037037037
2 0.3203125 0.037037037037037035 0.3171875 0.05324074074074074 0.315625 0.05092592592592592 0.3 0.05092592592592592 0.29375 0.05324074074074074 0.2953125 0.06481481481481481 0.29375 0.06712962962962964 0.2796875 0.06481481481481481 0.2734375 0.06712962962962964 0.2734375 0.08101851851851852 0.271875 0.08333333333333333 0.2609375 0.08564814814814815 0.25625 0.09027777777777778 0.2609375 0.10185185185185185 0.2609375 0.10648148148148148 0.2546875 0.1111111111111111 0.25 0.1111111111111111 0.246875 0.11574074074074074 0.246875 0.125 0.25 0.13657407407407407 0.2390625 0.14583333333333334 0.234375 0.1550925925925926 0.240625 0.17824074074074073 0.2453125 0.18518518518518517 0.240625 0.19444444444444445 0.240625 0.2013888888888889 0.2453125 0.21064814814814814 0.2390625 0.2175925925925926 0.2296875 0.2222222222222222 0.228125 0.2361111111111111 0.234375 0.24537037037037038 0.2296875 0.2523148148148148 0.228125 0.25925925925925924 0.234375 0.26851851851851855 0.23125 0.2777777777777778 0.23125 0.2847222222222222 0.2390625 0.28935185185185186 0.2375 0.2986111111111111 0.246875 0.30787037037037035 0.246875 0.31712962962962965 0.2484375 0.3194444444444444 0.2609375 0.32407407407407407 0.259375 0.3333333333333333 0.2609375 0.33796296296296297 0.271875 0.3425925925925926 0.275 0.35648148148148145 0.278125 0.3587962962962963 0.2890625 0.3587962962962963 0.2953125 0.37037037037037035 0.3109375 0.37037037037037035 0.315625 0.3819444444444444 0.3328125 0.37962962962962965 0.3359375 0.3888888888888889 0.3453125 0.3888888888888889 0.35625 0.3819444444444444 0.36875 0.37962962962962965 0.3796875 0.36574074074074076 0.3890625 0.3587962962962963 0.4 0.3402777777777778 0.415625 0.32175925925925924 0.4234375 0.3055555555555556 0.4234375 0.30092592592592593 0.4265625 0.2986111111111111 0.43125 0.28703703703703703 0.434375 0.28703703703703703 0.4453125 0.30324074074074076 0.45625 0.3263888888888889 0.45625 0.31712962962962965 0.4515625 0.30324074074074076 0.45 0.28935185185185186 0.4546875 0.2708333333333333 0.45625 0.22453703703703703 0.4546875 0.2222222222222222 0.453125 0.19675925925925927 0.4484375 0.18518518518518517 0.44375 0.15046296296296297 0.4375 0.13425925925925927 0.434375 0.09953703703703703 0.4265625 0.08796296296296297 0.4265625 0.08333333333333333 0.421875 0.07175925925925926 0.4125 0.06712962962962964 0.403125 0.05092592592592592 0.3953125 0.04861111111111111 0.390625 0.05555555555555555 0.3734375 0.037037037037037035 0.36875 0.046296296296296294 0.365625 0.046296296296296294 0.35625 0.034722222222222224 0.346875 0.03009259259259259 0.34375 0.032407407407407406 0.3421875 0.03935185185185185 0.3375 0.03935185185185185 0.33125 0.034722222222222224 0.3296875 0.034722222222222224 0.321875 0.034722222222222224 0.3203125 0.037037037037037035
2 0.5703125 0.34953703703703703 0.565625 0.37037037037037035 0.546875 0.35648148148148145 0.5421875 0.35648148148148145 0.5375 0.36342592592592593 0.5375 0.37962962962962965 0.5359375 0.3819444444444444 0.5328125 0.3819444444444444 0.521875 0.3726851851851852 0.5125 0.3726851851851852 0.5046875 0.3773148148148148 0.503125 0.39351851851851855 0.490625 0.4027777777777778 0.4921875 0.41898148148148145 0.484375 0.42592592592592593 0.4875 0.4444444444444444 0.4921875 0.44907407407407407 0.4890625 0.45601851851851855 0.4859375 0.45601851851851855 0.48125 0.46296296296296297 0.4828125 0.47685185185185186 0.4890625 0.48842592592592593 0.48125 0.49537037037037035 0.48125 0.5069444444444444 0.4875 0.5254629629629629 0.484375 0.5300925925925926 0.478125 0.5324074074074074 0.478125 0.5416666666666666 0.4796875 0.5509259259259259 0.4875 0.5694444444444444 0.490625 0.5717592592592593 0.484375 0.5787037037037037 0.484375 0.5879629629629629 0.4984375 0.6134259259259259 0.49375 0.6273148148148148 0.503125 0.6435185185185185 0.5125 0.6504629629629629 0.509375 0.6620370370370371 0.5125 0.6689814814814815 0.521875 0.6736111111111112 0.53125 0.6921296296296297 0.55625 0.7106481481481481 0.5984375 0.7129629629629629 0.6125 0.7060185185185185 0.6328125 0.7013888888888888 0.64375 0.6921296296296297 0.66875 0.6828703703703703 0.6765625 0.6736111111111112 0.678125 0.6597222222222222 0.6703125 0.6226851851851852 0.665625 0.5601851851851852 0.6640625 0.5578703703703703 0.6640625 0.5185185185185185 0.675 0.4699074074074074 0.6859375 0.45601851851851855 0.6859375 0.4513888888888889 0.690625 0.4398148148148148 0.6984375 0.42824074074074076 0.7 0.41898148148148145 0.69375 0.39351851851851855 0.6859375 0.38425925925925924 0.678125 0.39351851851851855 0.675 0.4050925925925926 0.6671875 0.41435185185185186 0.6515625 0.3773148148148148 0.64375 0.3680555555555556 0.63125 0.3726851851851852 0.6265625 0.3819444444444444 0.6234375 0.3819444444444444 0.609375 0.35648148148148145 0.603125 0.35648148148148145 0.5984375 0.3680555555555556 0.5859375 0.3541666666666667 0.584375 0.3541666666666667 0.578125 0.34953703703703703 0.5703125 0.34953703703703703
2 0.50625 0 0.49375 0.011574074074074073 0.484375 0.013888888888888888 0.4765625 0.023148148148148147 0.4671875 0.027777777777777776 0.4671875 0.032407407407407406 0.4734375 0.03935185185185185 0.484375 0.04398148148148148 0.484375 0.05324074074074074 0.4796875 0.06944444444444445 0.478125 0.08564814814814815 0.475 0.09027777777777778 0.475 0.10416666666666667 0.4703125 0.125 0.4703125 0.13425925925925927 0.465625 0.15046296296296297 0.465625 0.1574074074074074 0.4625 0.16203703703703703 0.4625 0.1736111111111111 0.4671875 0.17592592592592593 0.465625 0.19907407407407407 0.4671875 0.2013888888888889 0.4671875 0.2152777777777778 0.475 0.2222222222222222 0.478125 0.25 0.48125 0.25462962962962965 0.4875 0.2523148148148148 0.490625 0.2569444444444444 0.4921875 0.27314814814814814 0.496875 0.2847222222222222 0.4984375 0.28703703703703703 0.5046875 0.28703703703703703 0.5109375 0.2962962962962963 0.5125 0.30324074074074076 0.51875 0.3101851851851852 0.525 0.30787037037037035 0.5296875 0.30092592592592593 0.5359375 0.31712962962962965 0.5453125 0.3263888888888889 0.5515625 0.3263888888888889 0.5578125 0.3148148148148148 0.5625 0.32407407407407407 0.56875 0.3287037037037037 0.578125 0.3287037037037037 0.5859375 0.3148148148148148 0.5890625 0.3148148148148148 0.59375 0.32175925925925924 0.60625 0.3263888888888889 0.61875 0.30787037037037035 0.628125 0.3125 0.6390625 0.3125 0.6453125 0.2962962962962963 0.6640625 0.30092592592592593 0.671875 0.28703703703703703 0.6734375 0.28935185185185186 0.6828125 0.28935185185185186 0.684375 0.28703703703703703 0.684375 0.27314814814814814 0.6890625 0.2708333333333333 0.6953125 0.26157407407407407 0.7015625 0.25925925925925924 0.703125 0.24074074074074073 0.7015625 0.2361111111111111 0.7125 0.22916666666666666 0.7125 0.2152777777777778 0.709375 0.2013888888888889 0.7203125 0.19212962962962962 0.7203125 0.18287037037037038 0.7140625 0.16435185185185186 0.71875 0.16203703703703703 0.7234375 0.1550925925925926 0.7234375 0.14351851851851852 0.7203125 0.13194444444444445 0.7140625 0.12268518518518519 0.7203125 0.11574074074074074 0.7203125 0.10185185185185185 0.7171875 0.09259259259259259 0.709375 0.08333333333333333 0.7140625 0.07175925925925926 0.7140625 0.06481481481481481 0.7046875 0.04861111111111111 0.696875 0.04398148148148148 0.7015625 0.03009259259259259 0.7 0.018518518518518517 0.6921875 0.009259259259259259 0.6875 0.009259259259259259 0.6828125 0 0.68125 0 0.6390625 0 0.6359375 0.004629629629629629 0.609375 0.004629629629629629 0.6078125 0 0.50625 0
2 0.703125 0.4305555555555556 0.7 0.43287037037037035 0.6921875 0.44907407407407407 0.6921875 0.4537037037037037 0.6875 0.4583333333333333 0.675 0.4837962962962963 0.6734375 0.5 0.6703125 0.5046296296296297 0.6703125 0.5138888888888888 0.66875 0.5162037037037037 0.66875 0.5763888888888888 0.6703125 0.5787037037037037 0.6703125 0.5925925925925926 0.671875 0.5949074074074074 0.671875 0.6087962962962963 0.675 0.6296296296296297 0.6796875 0.6388888888888888 0.6796875 0.6458333333333334 0.684375 0.6574074074074074 0.684375 0.6643518518518519 0.6921875 0.6759259259259259 0.703125 0.6782407407407407 0.71875 0.6574074074074074 0.7203125 0.6504629629629629 0.734375 0.625 0.7359375 0.6180555555555556 0.7390625 0.6157407407407407 0.7390625 0.6111111111111112 0.7453125 0.5972222222222222 0.7546875 0.5856481481481481 0.7546875 0.5787037037037037 0.759375 0.5625 0.7703125 0.5486111111111112 0.7734375 0.5370370370370371 0.78125 0.5254629629629629 0.7859375 0.5138888888888888 0.7859375 0.5092592592592593 0.7953125 0.49537037037037035 0.8078125 0.4652777777777778 0.8140625 0.45601851851851855 0.81875 0.4305555555555556 0.81875 0.41435185185185186 0.8140625 0.4027777777777778 0.80625 0.4074074074074074 0.796875 0.4074074074074074 0.79375 0.41435185185185186 0.7859375 0.4050925925925926 0.7796875 0.4050925925925926 0.76875 0.41203703703703703 0.7515625 0.4375 0.75 0.4351851851851852 0.75 0.4097222222222222 0.7453125 0.3912037037037037 0.7375 0.3958333333333333 0.7265625 0.4166666666666667 0.7171875 0.40046296296296297 0.715625 0.4027777777777778 0.709375 0.4097222222222222 0.703125 0.4305555555555556