5 0.240625 0.715962441314554 0.240625 0.7206572769953051 0.2453125 0.7230046948356808 0.2484375 0.7206572769953051 0.25 0.7230046948356808 0.2625 0.7230046948356808 0.26875 0.7183098591549296 0.303125 0.7206572769953051 0.3046875 0.7230046948356808 0.31875 0.7253521126760564 0.3203125 0.7300469483568075 0.3296875 0.7300469483568075 0.340625 0.7347417840375586 0.3546875 0.7347417840375586 0.3609375 0.7370892018779343 0.3625 0.7417840375586855 0.3921875 0.7488262910798122 0.39375 0.7535211267605634 0.41875 0.755868544600939 0.4203125 0.7582159624413145 0.4328125 0.755868544600939 0.421875 0.755868544600939 0.4203125 0.7511737089201878 0.40625 0.7488262910798122 0.396875 0.744131455399061 0.3921875 0.7370892018779343 0.371875 0.7323943661971831 0.3703125 0.7276995305164319 0.3640625 0.7276995305164319 0.35625 0.7230046948356808 0.35 0.7230046948356808 0.3421875 0.7136150234741784 0.3109375 0.7112676056338029 0.309375 0.7089201877934272 0.3 0.7089201877934272 0.2984375 0.704225352112676 0.28125 0.704225352112676 0.2796875 0.7018779342723005 0.2453125 0.704225352112676 0.2453125 0.7065727699530516 0.2375 0.7112676056338029 0.240625 0.715962441314554
5 0.3234375 0 0.3234375 0.002347417840375587 0.3015625 0.02112676056338028 0.2984375 0.028169014084507043 0.2859375 0.035211267605633804 0.275 0.051643192488262914 0.265625 0.056338028169014086 0.2359375 0.10093896713615023 0.2296875 0.1056338028169014 0.2296875 0.11032863849765258 0.2171875 0.1267605633802817 0.2171875 0.13145539906103287 0.20625 0.14788732394366197 0.20625 0.1572769953051643 0.203125 0.1596244131455399 0.2015625 0.18309859154929578 0.19375 0.19483568075117372 0.1921875 0.20187793427230047 0.19375 0.20422535211267606 0.1921875 0.20657276995305165 0.19375 0.20892018779342722 0.2 0.20892018779342722 0.2046875 0.20657276995305165 0.2109375 0.19718309859154928 0.2203125 0.19014084507042253 0.225 0.1807511737089202 0.225 0.176056338028169 0.228125 0.17370892018779344 0.2328125 0.1572769953051643 0.240625 0.14553990610328638 0.240625 0.14084507042253522 0.265625 0.10328638497652583 0.275 0.09624413145539906 0.28125 0.08450704225352113 0.284375 0.08450704225352113 0.2890625 0.07511737089201878 0.2921875 0.07511737089201878 0.296875 0.06572769953051644 0.30625 0.06103286384976526 0.3125 0.051643192488262914 0.31875 0.04929577464788732 0.3203125 0.04460093896713615 0.3328125 0.03755868544600939 0.334375 0.03286384976525822 0.3375 0.03286384976525822 0.34375 0.025821596244131457 0.3484375 0.025821596244131457 0.35 0.02112676056338028 0.365625 0.014084507042253521 0.3671875 0.009389671361502348 0.3765625 0.007042253521126761 0.378125 0 0.3234375 0
1 0.84375 0 0.84375 0.002347417840375587 0.8421875 0.004694835680751174 0.834375 0.004694835680751174 0.8234375 0.011737089201877934 0.821875 0.01643192488262911 0.8125 0.023474178403755867 0.8046875 0.035211267605633804 0.8046875 0.03990610328638498 0.796875 0.051643192488262914 0.7921875 0.06572769953051644 0.7875 0.07042253521126761 0.784375 0.08450704225352113 0.7796875 0.0892018779342723 0.7765625 0.10093896713615023 0.771875 0.1056338028169014 0.76875 0.11971830985915492 0.7625 0.12910798122065728 0.7609375 0.15023474178403756 0.7578125 0.15258215962441316 0.75625 0.17136150234741784 0.753125 0.18309859154929578 0.7546875 0.2300469483568075 0.7578125 0.24882629107981222 0.7609375 0.2511737089201878 0.7640625 0.2652582159624413 0.765625 0.2793427230046948 0.76875 0.28169014084507044 0.7734375 0.3145539906103286 0.7765625 0.31690140845070425 0.7796875 0.3286384976525822 0.78125 0.34507042253521125 0.784375 0.3474178403755869 0.7875 0.36619718309859156 0.79375 0.3755868544600939 0.79375 0.38028169014084506 0.815625 0.4131455399061033 0.8234375 0.41784037558685444 0.8265625 0.42488262910798125 0.8390625 0.431924882629108 0.84375 0.43896713615023475 0.85625 0.44366197183098594 0.8578125 0.44835680751173707 0.8703125 0.4507042253521127 0.878125 0.45539906103286387 0.8859375 0.45539906103286387 0.8875 0.460093896713615 0.9015625 0.460093896713615 0.9203125 0.4671361502347418 0.94375 0.4671361502347418 0.9578125 0.4624413145539906 0.9625 0.460093896713615 0.965625 0.4460093896713615 0.975 0.43896713615023475 0.9765625 0.431924882629108 0.99375 0.42488262910798125 0.9984375 0.41784037558685444 0.9984375 0.392018779342723 0.996875 0.38497652582159625 0.9984375 0.38028169014084506 0.996875 0.3755868544600939 0.9984375 0.3732394366197183 0.9984375 0.3403755868544601 0.9953125 0.33568075117370894 0.9953125 0.3286384976525822 0.9984375 0.3215962441314554 0.9984375 0.31220657276995306 0.996875 0.30985915492957744 0.9953125 0.27699530516431925 0.9984375 0.27230046948356806 0.996875 0.2323943661971831 0.9984375 0.2300469483568075 0.996875 0.22300469483568075 0.9984375 0.22065727699530516 0.9984375 0.20892018779342722 0.9953125 0.19718309859154928 0.9953125 0.18779342723004694 0.9984375 0.17370892018779344 0.99375 0.14553990610328638 0.9875 0.13615023474178403 0.990625 0.13380281690140844 0.9921875 0.12441314553990611 0.9984375 0.11971830985915492 0.9984375 0.10328638497652583 0.9953125 0.09859154929577464 0.99375 0.07981220657276995 0.9984375 0.06572769953051644 0.9984375 0.056338028169014086 0.9953125 0.04225352112676056 0.9953125 0.018779342723004695 0.99375 0.011737089201877934 0.9875 0.004694835680751174 0.953125 0.007042253521126761 0.9484375 0.004694835680751174 0.946875 0 0.928125 0 0.9265625 0.004694835680751174 0.909375 0.007042253521126761 0.9078125 0.004694835680751174 0.9015625 0.004694835680751174 0.9 0 0.84375 0
1 0.60625 0 0.60625 0.002347417840375587 0.6015625 0.014084507042253521 0.6046875 0.01643192488262911 0.60625 0.03990610328638498 0.609375 0.04929577464788732 0.6125 0.051643192488262914 0.6140625 0.07511737089201878 0.6125 0.08450704225352113 0.6140625 0.0892018779342723 0.61875 0.09154929577464789 0.6234375 0.10093896713615023 0.6296875 0.10328638497652583 0.63125 0.107981220657277 0.634375 0.107981220657277 0.6390625 0.11502347417840375 0.640625 0.12441314553990611 0.653125 0.14084507042253522 0.65625 0.15023474178403756 0.6640625 0.1619718309859155 0.6671875 0.1619718309859155 0.671875 0.16901408450704225 0.684375 0.17370892018779344 0.6875 0.1807511737089202 0.7015625 0.18544600938967137 0.703125 0.19014084507042253 0.715625 0.19483568075117372 0.728125 0.19483568075117372 0.73125 0.19014084507042253 0.73125 0.18544600938967137 0.7359375 0.1807511737089202 0.740625 0.1596244131455399 0.74375 0.1572769953051643 0.74375 0.14788732394366197 0.7453125 0.14553990610328638 0.7453125 0.12910798122065728 0.7375 0.12441314553990611 0.725 0.12206572769953052 0.7203125 0.11502347417840375 0.7234375 0.1056338028169014 0.73125 0.09859154929577464 0.740625 0.10093896713615023 0.7421875 0.107981220657277 0.746875 0.11032863849765258 0.75 0.11971830985915492 0.759375 0.11971830985915492 0.7671875 0.107981220657277 0.771875 0.09389671361502347 0.7765625 0.0892018779342723 0.7796875 0.07042253521126761 0.7828125 0.06807511737089202 0.784375 0.05868544600938967 0.80625 0.025821596244131457 0.8109375 0.004694835680751174 0.809375 0 0.7921875 0 0.790625 0.004694835680751174 0.784375 0.004694835680751174 0.7765625 0.009389671361502348 0.775 0.007042253521126761 0.7578125 0.004694835680751174 0.75625 0 0.753125 0 0.7515625 0.004694835680751174 0.7015625 0.007042253521126761 0.7 0.004694835680751174 0.628125 0.004694835680751174 0.6265625 0 0.60625 0
1 0.9875 0.8286384976525821 0.9828125 0.8333333333333334 0.9796875 0.8474178403755869 0.975 0.852112676056338 0.971875 0.863849765258216 0.96875 0.8661971830985915 0.9671875 0.8967136150234741 0.9640625 0.9178403755868545 0.9609375 0.92018779342723 0.9609375 0.9366197183098591 0.959375 0.9389671361502347 0.9609375 0.9577464788732394 0.9640625 0.960093896713615 0.9609375 0.9647887323943662 0.9671875 0.971830985915493 0.96875 0.9788732394366197 0.9671875 0.9929577464788732 0.9765625 0.9976525821596244 0.9875 0.9976525821596244 0.9890625 0.9953051643192489 0.9953125 0.9953051643192489 0.9984375 0.9906103286384976 0.996875 0.9272300469483568 0.9984375 0.9248826291079812 0.9984375 0.8145539906103286 0.996875 0.8145539906103286 0.9890625 0.8215962441314554 0.9875 0.8286384976525821
1 0.8375 0.4671361502347418 0.834375 0.4671361502347418 0.83125 0.48826291079812206 0.8125 0.5164319248826291 0.8078125 0.5352112676056338 0.8078125 0.5422535211267606 0.8046875 0.5446009389671361 0.8046875 0.5821596244131455 0.8078125 0.5845070422535211 0.8078125 0.596244131455399 0.8109375 0.6126760563380281 0.8265625 0.636150234741784 0.8421875 0.6431924882629108 0.8453125 0.6408450704225352 0.8453125 0.6267605633802817 0.8484375 0.6197183098591549 0.8609375 0.6126760563380281 0.865625 0.6056338028169014 0.86875 0.6056338028169014 0.8734375 0.596244131455399 0.8765625 0.596244131455399 0.8796875 0.5915492957746479 0.8921875 0.5892018779342723 0.89375 0.5845070422535211 0.9125 0.5845070422535211 0.915625 0.5892018779342723 0.91875 0.5845070422535211 0.9203125 0.5892018779342723 0.9390625 0.5892018779342723 0.940625 0.5845070422535211 0.9578125 0.5845070422535211 0.959375 0.5892018779342723 0.9640625 0.5892018779342723 0.965625 0.5845070422535211 0.9890625 0.57981220657277 0.9984375 0.5657276995305164 0.9984375 0.5093896713615024 0.9953125 0.5070422535211268 0.9953125 0.5023474178403756 0.9921875 0.5023474178403756 0.9890625 0.49765258215962443 0.9890625 0.49295774647887325 0.984375 0.49295774647887325 0.978125 0.48826291079812206 0.978125 0.47417840375586856 0.975 0.47417840375586856 0.9734375 0.4694835680751174 0.9671875 0.4765258215962441 0.9640625 0.4694835680751174 0.9625 0.47417840375586856 0.921875 0.4788732394366197 0.9203125 0.4765258215962441 0.903125 0.47417840375586856 0.9015625 0.4694835680751174 0.8875 0.4671361502347418 0.8859375 0.4647887323943662 0.8640625 0.4624413145539906 0.8625 0.45774647887323944 0.85625 0.45539906103286387 0.8546875 0.45539906103286387 0.84375 0.45539906103286387 0.8375 0.4671361502347418
1 0.146875 0 0.146875 0.002347417840375587 0.14375 0.007042253521126761 0.14375 0.028169014084507043 0.1484375 0.035211267605633804 0.1484375 0.03990610328638498 0.1578125 0.04460093896713615 0.1625 0.051643192488262914 0.175 0.051643192488262914 0.1796875 0.056338028169014086 0.1796875 0.06103286384976526 0.184375 0.06572769953051644 0.1859375 0.07511737089201878 0.1875 0.11502347417840375 0.1953125 0.12441314553990611 0.2046875 0.12441314553990611 0.2140625 0.11971830985915492 0.2328125 0.09154929577464789 0.2359375 0.09154929577464789 0.2421875 0.07981220657276995 0.2515625 0.07276995305164319 0.2578125 0.06103286384976526 0.2609375 0.06103286384976526 0.2640625 0.0539906103286385 0.2671875 0.0539906103286385 0.271875 0.04460093896713615 0.275 0.04460093896713615 0.2828125 0.03755868544600939 0.2875 0.028169014084507043 0.29375 0.025821596244131457 0.296875 0.018779342723004695 0.30625 0.014084507042253521 0.3109375 0.004694835680751174 0.3140625 0.004694835680751174 0.3140625 0 0.146875 0
1 0.2640625 0.2746478873239437 0.253125 0.2793427230046948 0.2328125 0.28169014084507044 0.23125 0.2863849765258216 0.21875 0.2934272300469484 0.215625 0.3028169014084507 0.2109375 0.3051643192488263 0.20625 0.31690140845070425 0.20625 0.323943661971831 0.203125 0.32629107981220656 0.203125 0.3333333333333333 0.2 0.3427230046948357 0.1953125 0.34507042253521125 0.184375 0.3615023474178404 0.1828125 0.37089201877934275 0.1796875 0.3732394366197183 0.1796875 0.3779342723004695 0.175 0.3873239436619718 0.175 0.392018779342723 0.16875 0.39906103286384975 0.1671875 0.4154929577464789 0.1640625 0.41784037558685444 0.1640625 0.42488262910798125 0.159375 0.4413145539906103 0.15625 0.44366197183098594 0.1515625 0.4671361502347418 0.1484375 0.4694835680751174 0.146875 0.5422535211267606 0.1515625 0.5492957746478874 0.1515625 0.5539906103286385 0.15625 0.5657276995305164 0.1703125 0.5868544600938967 0.171875 0.5938967136150235 0.1828125 0.6056338028169014 0.1859375 0.6150234741784038 0.19375 0.6197183098591549 0.2125 0.6197183098591549 0.234375 0.5938967136150235 0.240625 0.5915492957746479 0.2640625 0.5915492957746479 0.2671875 0.5892018779342723 0.2671875 0.5516431924882629 0.26875 0.5469483568075117 0.2796875 0.5305164319248826 0.2828125 0.5305164319248826 0.284375 0.5258215962441315 0.29375 0.5211267605633803 0.3 0.5258215962441315 0.3 0.5375586854460094 0.3015625 0.539906103286385 0.3 0.5657276995305164 0.296875 0.568075117370892 0.296875 0.5774647887323944 0.2953125 0.57981220657277 0.2953125 0.5892018779342723 0.296875 0.5915492957746479 0.303125 0.596244131455399 0.315625 0.596244131455399 0.3171875 0.6009389671361502 0.31875 0.596244131455399 0.33125 0.596244131455399 0.3359375 0.6032863849765259 0.35 0.6032863849765259 0.35 0.596244131455399 0.353125 0.5938967136150235 0.3546875 0.6009389671361502 0.3546875 0.5868544600938967 0.3578125 0.5727699530516432 0.35625 0.5117370892018779 0.3578125 0.5093896713615024 0.3578125 0.45539906103286387 0.3546875 0.43896713615023475 0.3546875 0.42018779342723006 0.346875 0.4084507042253521 0.3421875 0.4084507042253521 0.3375 0.4014084507042254 0.3375 0.39436619718309857 0.340625 0.38967136150234744 0.3421875 0.38028169014084506 0.3453125 0.3779342723004695 0.35 0.3591549295774648 0.353125 0.3568075117370892 0.35625 0.323943661971831 0.353125 0.31690140845070425 0.34375 0.3145539906103286 0.3296875 0.2934272300469484 0.3171875 0.29107981220657275 0.3140625 0.2863849765258216 0.3109375 0.2863849765258216 0.309375 0.28169014084507044 0.296875 0.2746478873239437 0.2953125 0.2699530516431925 0.2859375 0.2699530516431925 0.2859375 0.27230046948356806 0.284375 0.2746478873239437 0.2640625 0.2746478873239437
1 0 0.7230046948356808 0.0046875 0.7183098591549296 0.0046875 0.7136150234741784 0.0078125 0.7089201877934272 0.0109375 0.7089201877934272 0.0171875 0.6995305164319249 0.0296875 0.6690140845070423 0.040625 0.6596244131455399 0.040625 0.6525821596244131 0.0375 0.6502347417840375 0.0359375 0.6338028169014085 0.0296875 0.6338028169014085 0.028125 0.6314553990610329 0 0.6314553990610329 0 0.6338028169014085 0 0.7230046948356808
1 0.6328125 0.7981220657276995 0.63125 0.8028169014084507 0.6234375 0.8051643192488263 0.615625 0.8215962441314554 0.615625 0.8591549295774648 0.6125 0.8661971830985915 0.6125 0.8755868544600939 0.615625 0.8849765258215962 0.615625 0.9107981220657277 0.6125 0.9295774647887324 0.609375 0.931924882629108 0.6125 0.9366197183098591 0.609375 0.9413145539906104 0.615625 0.9460093896713615 0.6125 0.9483568075117371 0.6171875 0.9694835680751174 0.6203125 0.971830985915493 0.6203125 0.9953051643192489 0.6234375 0.9976525821596244 0.63125 0.9976525821596244 0.6328125 0.9953051643192489 0.6359375 0.9976525821596244 0.6375 0.9953051643192489 0.7015625 0.9953051643192489 0.703125 0.9976525821596244 0.721875 0.9976525821596244 0.7234375 0.9953051643192489 0.725 0.9976525821596244 0.7484375 0.9976525821596244 0.75 0.9953051643192489 0.85 0.9953051643192489 0.8515625 0.9976525821596244 0.928125 0.9976525821596244 0.93125 0.9953051643192489 0.93125 0.9577464788732394 0.928125 0.9553990610328639 0.928125 0.9436619718309859 0.9234375 0.9272300469483568 0.9171875 0.9178403755868545 0.915625 0.903755868544601 0.896875 0.8967136150234741 0.8859375 0.8802816901408451 0.878125 0.8755868544600939 0.8734375 0.863849765258216 0.8703125 0.863849765258216 0.865625 0.8568075117370892 0.85625 0.852112676056338 0.853125 0.8450704225352113 0.84375 0.8403755868544601 0.8390625 0.8309859154929577 0.8203125 0.8262910798122066 0.809375 0.8098591549295775 0.796875 0.8051643192488263 0.7921875 0.7981220657276995 0.778125 0.7910798122065728 0.7703125 0.7910798122065728 0.76875 0.7863849765258216 0.734375 0.784037558685446 0.728125 0.7793427230046949 0.71875 0.7793427230046949 0.7171875 0.7746478873239436 0.653125 0.7723004694835681 0.653125 0.7746478873239436 0.6421875 0.7934272300469484 0.6328125 0.7981220657276995
1 0 0.9929577464788732 0.009375 0.9929577464788732 0.0109375 0.9953051643192489 0.0375 0.9929577464788732 0.0390625 0.9953051643192489 0.1609375 0.9953051643192489 0.1625 0.9976525821596244 0.16875 0.9953051643192489 0.175 0.9953051643192489 0.1765625 0.9976525821596244 0.1796875 0.9953051643192489 0.184375 0.9976525821596244 0.2203125 0.9976525821596244 0.221875 0.9953051643192489 0.2390625 0.9953051643192489 0.240625 0.9976525821596244 0.25625 0.9976525821596244 0.2578125 0.9953051643192489 0.26875 0.9953051643192489 0.275 0.9882629107981221 0.2765625 0.9624413145539906 0.2796875 0.9553990610328639 0.2796875 0.9483568075117371 0.2828125 0.9460093896713615 0.284375 0.9272300469483568 0.2828125 0.9248826291079812 0.2828125 0.903755868544601 0.2796875 0.9014084507042254 0.2765625 0.8873239436619719 0.2765625 0.8568075117370892 0.2703125 0.8474178403755869 0.2671875 0.8333333333333334 0.2625 0.8286384976525821 0.2609375 0.8215962441314554 0.2484375 0.8192488262910798 0.2453125 0.8145539906103286 0.24375 0.8051643192488263 0.240625 0.8028169014084507 0.2390625 0.7816901408450704 0.2359375 0.7676056338028169 0.2328125 0.7652582159624414 0.2328125 0.7605633802816901 0.2265625 0.755868544600939 0.215625 0.7629107981220657 0.2140625 0.7676056338028169 0.2 0.7699530516431925 0.19375 0.7676056338028169 0.1921875 0.7629107981220657 0.1859375 0.7629107981220657 0.1765625 0.7582159624413145 0.1703125 0.7488262910798122 0.1703125 0.7253521126760564 0.1734375 0.7230046948356808 0.1734375 0.715962441314554 0.1765625 0.7112676056338029 0.1765625 0.6924882629107981 0.178125 0.6901408450704225 0.1734375 0.6784037558685446 0.16875 0.676056338028169 0.165625 0.6690140845070423 0.159375 0.6643192488262911 0.1484375 0.6619718309859155 0.146875 0.6572769953051644 0.140625 0.6572769953051644 0.1359375 0.6525821596244131 0.128125 0.6502347417840375 0.1265625 0.6455399061032864 0.09375 0.6455399061032864 0.09375 0.647887323943662 0.0921875 0.6502347417840375 0.084375 0.6502347417840375 0.08125 0.6549295774647887 0.0609375 0.6572769953051644 0.059375 0.6619718309859155 0.053125 0.6619718309859155 0.0390625 0.6690140845070423 0.0234375 0.6924882629107981 0.01875 0.7065727699530516 0.0046875 0.7253521126760564 0.003125 0.7347417840375586 0 0.7370892018779343 0 0.8356807511737089 0.0046875 0.8403755868544601 0.0046875 0.8544600938967136 0 0.8615023474178404 0 0.9295774647887324 0.003125 0.931924882629108 0.003125 0.9460093896713615 0 0.9483568075117371 0 0.9929577464788732
1 0.3578125 0.028169014084507043 0.3515625 0.03051643192488263 0.3453125 0.03990610328638498 0.3421875 0.03990610328638498 0.3359375 0.046948356807511735 0.3359375 0.051643192488262914 0.3328125 0.056338028169014086 0.3265625 0.056338028169014086 0.325 0.06338028169014084 0.3203125 0.06572769953051644 0.325 0.06572769953051644 0.3265625 0.07276995305164319 0.3203125 0.08215962441314555 0.3203125 0.09154929577464789 0.3171875 0.09859154929577464 0.309375 0.09859154929577464 0.3078125 0.09389671361502347 0.2953125 0.09389671361502347 0.29375 0.09154929577464789 0.2875 0.09389671361502347 0.2859375 0.09859154929577464 0.284375 0.09389671361502347 0.28125 0.09389671361502347 0.271875 0.11032863849765258 0.265625 0.11267605633802817 0.2578125 0.12441314553990611 0.25625 0.13380281690140844 0.2484375 0.14084507042253522 0.25 0.15492957746478872 0.2625 0.1572769953051643 0.2671875 0.15492957746478872 0.271875 0.1596244131455399 0.2765625 0.1596244131455399 0.2796875 0.1643192488262911 0.2796875 0.16901408450704225 0.278125 0.17136150234741784 0.271875 0.17136150234741784 0.2671875 0.1807511737089202 0.2578125 0.18544600938967137 0.25625 0.19248826291079812 0.25 0.19953051643192488 0.2453125 0.2136150234741784 0.2421875 0.215962441314554 0.240625 0.22065727699530516 0.240625 0.24413145539906103 0.234375 0.2676056338028169 0.2390625 0.2746478873239437 0.240625 0.27230046948356806 0.246875 0.27230046948356806 0.2515625 0.2746478873239437 0.253125 0.27230046948356806 0.2609375 0.27230046948356806 0.2625 0.2676056338028169 0.284375 0.2676056338028169 0.2890625 0.26291079812206575 0.29375 0.26291079812206575 0.3015625 0.2676056338028169 0.3046875 0.2746478873239437 0.3078125 0.2746478873239437 0.3109375 0.2793427230046948 0.315625 0.2793427230046948 0.3203125 0.2863849765258216 0.340625 0.2863849765258216 0.340625 0.2676056338028169 0.3421875 0.26291079812206575 0.340625 0.25821596244131456 0.3421875 0.2535211267605634 0.340625 0.2511737089201878 0.340625 0.23943661971830985 0.3421875 0.2347417840375587 0.340625 0.2323943661971831 0.340625 0.21830985915492956 0.3421875 0.20892018779342722 0.3453125 0.20657276995305165 0.3421875 0.20422535211267606 0.3421875 0.19953051643192488 0.3390625 0.19483568075117372 0.3421875 0.176056338028169 0.346875 0.16901408450704225 0.346875 0.1619718309859155 0.353125 0.15492957746478872 0.35625 0.14553990610328638 0.35625 0.11737089201877934 0.359375 0.11267605633802817 0.3625 0.11267605633802817 0.3671875 0.10093896713615023 0.3703125 0.10093896713615023 0.3734375 0.09624413145539906 0.3734375 0.0892018779342723 0.3765625 0.08685446009389672 0.378125 0.07746478873239436 0.378125 0.06807511737089202 0.3921875 0.04929577464788732 0.3921875 0.04460093896713615 0.3984375 0.03286384976525822 0.4015625 0.03286384976525822 0.4 0.023474178403755867 0.396875 0.02112676056338028 0.3859375 0.02112676056338028 0.384375 0.018779342723004695 0.3828125 0.018779342723004695 0.3625 0.02112676056338028 0.3578125 0.028169014084507043
1 0.9484375 0.7981220657276995 0.946875 0.8028169014084507 0.940625 0.8075117370892019 0.934375 0.8098591549295775 0.9234375 0.8286384976525821 0.90625 0.8450704225352113 0.8984375 0.8568075117370892 0.9171875 0.8849765258215962 0.921875 0.9061032863849765 0.9265625 0.9131455399061033 0.9296875 0.9272300469483568 0.9296875 0.9366197183098591 0.9328125 0.9389671361502347 0.9359375 0.9694835680751174 0.940625 0.9741784037558685 0.9421875 0.9812206572769953 0.946875 0.9812206572769953 0.95 0.9859154929577465 0.9515625 0.9906103286384976 0.95 0.9929577464788732 0.9453125 0.9929577464788732 0.95 0.9953051643192489 0.9515625 0.9929577464788732 0.959375 0.9929577464788732 0.9578125 0.9906103286384976 0.9578125 0.9741784037558685 0.9546875 0.9671361502347418 0.9546875 0.9553990610328639 0.9578125 0.9483568075117371 0.959375 0.9131455399061033 0.9640625 0.9061032863849765 0.9671875 0.863849765258216 0.9703125 0.8615023474178404 0.9703125 0.8568075117370892 0.975 0.8450704225352113 0.9796875 0.8403755868544601 0.9828125 0.8286384976525821 0.9859375 0.8262910798122066 0.9890625 0.8145539906103286 0.9890625 0.7981220657276995 0.975 0.7910798122065728 0.9734375 0.7910798122065728 0.959375 0.7910798122065728 0.9484375 0.7981220657276995
1 0 0.23943661971830985 0.0140625 0.24413145539906103 0.0234375 0.23943661971830985 0.034375 0.23943661971830985 0.0390625 0.2323943661971831 0.05 0.2323943661971831 0.065625 0.22535211267605634 0.0734375 0.22535211267605634 0.075 0.22065727699530516 0.08125 0.21830985915492956 0.0875 0.22065727699530516 0.0921875 0.22769953051643194 0.103125 0.2323943661971831 0.10625 0.23943661971830985 0.1140625 0.24413145539906103 0.1171875 0.2511737089201878 0.1265625 0.25586854460093894 0.1296875 0.26291079812206575 0.1375 0.2699530516431925 0.1390625 0.27699530516431925 0.14375 0.2793427230046948 0.1453125 0.29107981220657275 0.14375 0.3004694835680751 0.140625 0.3028169014084507 0.14375 0.3051643192488263 0.14375 0.30985915492957744 0.140625 0.31220657276995306 0.1390625 0.33568075117370894 0.1375 0.3380281690140845 0.1375 0.38028169014084506 0.140625 0.38497652582159625 0.14375 0.38497652582159625 0.1453125 0.38967136150234744 0.1578125 0.392018779342723 0.1625 0.38967136150234744 0.1640625 0.38497652582159625 0.1671875 0.38497652582159625 0.1703125 0.3779342723004695 0.1734375 0.3779342723004695 0.184375 0.3474178403755869 0.1890625 0.3427230046948357 0.190625 0.3286384976525822 0.19375 0.323943661971831 0.19375 0.2793427230046948 0.196875 0.27699530516431925 0.19375 0.2746478873239437 0.19375 0.2676056338028169 0.196875 0.26291079812206575 0.19375 0.2605633802816901 0.19375 0.2535211267605634 0.1890625 0.2347417840375587 0.184375 0.2300469483568075 0.18125 0.22065727699530516 0.171875 0.215962441314554 0.1671875 0.20657276995305165 0.15625 0.20422535211267606 0.1515625 0.19718309859154928 0.1296875 0.19248826291079812 0.128125 0.18779342723004694 0.115625 0.18779342723004694 0.1125 0.18309859154929578 0.1125 0.176056338028169 0.1171875 0.16901408450704225 0.1234375 0.16666666666666666 0.1234375 0.1619718309859155 0.1265625 0.1596244131455399 0.1265625 0.15023474178403756 0.1125 0.14553990610328638 0.1109375 0.14788732394366197 0.0859375 0.15258215962441316 0.084375 0.1572769953051643 0.0828125 0.15258215962441316 0.0765625 0.15258215962441316 0.075 0.1572769953051643 0.04375 0.1619718309859155 0.0375 0.1643192488262911 0.0359375 0.16901408450704225 0.021875 0.17136150234741784 0.0125 0.176056338028169 0.009375 0.18309859154929578 0 0.19248826291079812 0 0.23943661971830985
1 0 0.6267605633802817 0.003125 0.6244131455399061 0.0171875 0.6267605633802817 0.01875 0.6244131455399061 0.034375 0.6244131455399061 0.0359375 0.6197183098591549 0.0484375 0.6197183098591549 0.0546875 0.6150234741784038 0.059375 0.6150234741784038 0.0640625 0.6126760563380281 0.06875 0.6056338028169014 0.071875 0.6056338028169014 0.0765625 0.596244131455399 0.0796875 0.596244131455399 0.084375 0.5892018779342723 0.0875 0.5892018779342723 0.103125 0.5657276995305164 0.1078125 0.5516431924882629 0.1109375 0.5492957746478874 0.115625 0.5328638497652582 0.11875 0.5305164319248826 0.121875 0.5140845070422535 0.1265625 0.5070422535211268 0.1296875 0.4953051643192488 0.13125 0.47417840375586856 0.134375 0.47183098591549294 0.1375 0.460093896713615 0.1390625 0.44366197183098594 0.1421875 0.4413145539906103 0.1421875 0.4272300469483568 0.1390625 0.42488262910798125 0.1390625 0.4154929577464789 0.134375 0.39436619718309857 0.134375 0.3826291079812207 0.1359375 0.38028169014084506 0.1359375 0.32629107981220656 0.1390625 0.3145539906103286 0.1390625 0.2863849765258216 0.134375 0.2746478873239437 0.134375 0.2699530516431925 0.125 0.26291079812206575 0.11875 0.2535211267605634 0.115625 0.2535211267605634 0.1109375 0.24413145539906103 0.1 0.23943661971830985 0.0984375 0.2347417840375587 0.0921875 0.2323943661971831 0.0890625 0.22769953051643194 0.084375 0.22769953051643194 0.08125 0.22300469483568075 0.08125 0.22535211267605634 0.0796875 0.22769953051643194 0.0609375 0.2300469483568075 0.05625 0.23943661971830985 0.0390625 0.23943661971830985 0.0328125 0.24413145539906103 0.01875 0.24413145539906103 0.0125 0.24647887323943662 0.0109375 0.2511737089201878 0 0.2535211267605634 0 0.37089201877934275 0.003125 0.3732394366197183 0 0.3755868544600939 0 0.38028169014084506 0.003125 0.3826291079812207 0.003125 0.38967136150234744 0 0.392018779342723 0 0.4788732394366197 0.003125 0.4812206572769953 0.003125 0.48826291079812206 0 0.49061032863849763 0 0.5492957746478874 0.003125 0.5516431924882629 0.003125 0.5610328638497653 0 0.5633802816901409 0 0.6267605633802817
1 0.696875 0.6267605633802817 0.6921875 0.6267605633802817 0.6890625 0.6314553990610329 0.6859375 0.6314553990610329 0.6859375 0.636150234741784 0.6796875 0.6431924882629108 0.675 0.6619718309859155 0.671875 0.6643192488262911 0.6671875 0.7089201877934272 0.6640625 0.7112676056338029 0.6640625 0.7183098591549296 0.6609375 0.7253521126760564 0.659375 0.7370892018779343 0.6546875 0.744131455399061 0.6546875 0.7605633802816901 0.6578125 0.7605633802816901 0.659375 0.7652582159624414 0.7 0.7652582159624414 0.7015625 0.7676056338028169 0.721875 0.7699530516431925 0.7234375 0.7723004694835681 0.7328125 0.7723004694835681 0.734375 0.7769953051643192 0.7515625 0.7769953051643192 0.753125 0.7793427230046949 0.7796875 0.784037558685446 0.78125 0.7887323943661971 0.8015625 0.795774647887324 0.803125 0.8004694835680751 0.8171875 0.8075117370892019 0.8203125 0.8145539906103286 0.8234375 0.8145539906103286 0.8265625 0.8192488262910798 0.83125 0.8192488262910798 0.8328125 0.823943661971831 0.8546875 0.8262910798122066 0.8609375 0.823943661971831 0.8625 0.8192488262910798 0.8703125 0.812206572769953 0.8734375 0.7910798122065728 0.8765625 0.7887323943661971 0.8765625 0.7323943661971831 0.8734375 0.7300469483568075 0.871875 0.7136150234741784 0.865625 0.7065727699530516 0.8625 0.6901408450704225 0.85625 0.6807511737089202 0.84375 0.6737089201877934 0.8375 0.6619718309859155 0.834375 0.6619718309859155 0.821875 0.6431924882629108 0.81875 0.6431924882629108 0.8140625 0.6338028169014085 0.80625 0.6291079812206573 0.8 0.6291079812206573 0.790625 0.6173708920187794 0.78125 0.6150234741784038 0.7796875 0.6103286384976526 0.7734375 0.6103286384976526 0.7671875 0.6056338028169014 0.746875 0.6056338028169014 0.7375 0.6103286384976526 0.71875 0.607981220657277 0.7140625 0.6103286384976526 0.7140625 0.6126760563380281 0.6984375 0.6220657276995305 0.696875 0.6267605633802817
1 0.365625 0.7136150234741784 0.3640625 0.7206572769953051 0.378125 0.7253521126760564 0.3828125 0.7323943661971831 0.3921875 0.7323943661971831 0.396875 0.7417840375586855 0.409375 0.7464788732394366 0.4125 0.7511737089201878 0.4109375 0.755868544600939 0.403125 0.7582159624413145 0.4015625 0.755868544600939 0.3890625 0.755868544600939 0.3875 0.7511737089201878 0.378125 0.7511737089201878 0.3578125 0.744131455399061 0.35625 0.7394366197183099 0.3390625 0.7394366197183099 0.3375 0.744131455399061 0.3328125 0.7464788732394366 0.33125 0.7582159624413145 0.328125 0.7605633802816901 0.325 0.7769953051643192 0.3140625 0.7934272300469484 0.3109375 0.7934272300469484 0.30625 0.8028169014084507 0.296875 0.8075117370892019 0.296875 0.812206572769953 0.303125 0.8169014084507042 0.3046875 0.8286384976525821 0.315625 0.8427230046948356 0.31875 0.863849765258216 0.30625 0.8849765258215962 0.3015625 0.8849765258215962 0.2984375 0.8896713615023474 0.2953125 0.8896713615023474 0.296875 0.9225352112676056 0.3015625 0.9272300469483568 0.3015625 0.9342723004694836 0.2984375 0.9436619718309859 0.29375 0.9436619718309859 0.296875 0.960093896713615 0.2921875 0.971830985915493 0.2921875 0.9765258215962441 0.2890625 0.9788732394366197 0.2890625 0.9882629107981221 0.290625 0.9882629107981221 0.2921875 0.9788732394366197 0.3 0.9765258215962441 0.3078125 0.9835680751173709 0.3078125 0.9906103286384976 0.3046875 0.9929577464788732 0.309375 0.9953051643192489 0.346875 0.9953051643192489 0.3484375 0.9929577464788732 0.3578125 0.9929577464788732 0.359375 0.9953051643192489 0.36875 0.9953051643192489 0.3703125 0.9929577464788732 0.371875 0.9953051643192489 0.3875 0.9953051643192489 0.3921875 0.9929577464788732 0.39375 0.9953051643192489 0.440625 0.9953051643192489 0.446875 0.9929577464788732 0.4484375 0.9953051643192489 0.471875 0.9953051643192489 0.4734375 0.9929577464788732 0.475 0.9953051643192489 0.5609375 0.9953051643192489 0.5625 0.9976525821596244 0.56875 0.9976525821596244 0.5703125 0.9953051643192489 0.5796875 0.9953051643192489 0.5828125 0.9976525821596244 0.5953125 0.9929577464788732 0.5953125 0.9671361502347418 0.5921875 0.9647887323943662 0.5921875 0.931924882629108 0.590625 0.9295774647887324 0.590625 0.9131455399061033 0.5875 0.9014084507042254 0.584375 0.8967136150234741 0.58125 0.8967136150234741 0.5796875 0.892018779342723 0.5671875 0.892018779342723 0.5546875 0.8873239436619719 0.55 0.8849765258215962 0.5484375 0.8802816901408451 0.5390625 0.8755868544600939 0.5359375 0.863849765258216 0.5296875 0.8544600938967136 0.5265625 0.8450704225352113 0.50625 0.8356807511737089 0.5015625 0.8262910798122066 0.5015625 0.8215962441314554 0.496875 0.8169014084507042 0.4953125 0.8075117370892019 0.4734375 0.7769953051643192 0.4734375 0.7723004694835681 0.4671875 0.7629107981220657 0.4453125 0.755868544600939 0.425 0.7253521126760564 0.4171875 0.7206572769953051 0.415625 0.715962441314554 0.4 0.7089201877934272 0.3984375 0.7089201877934272 0.378125 0.7089201877934272 0.365625 0.7136150234741784
1 0 0 0 0.002347417840375587 0 0.03286384976525822 0.0046875 0.03990610328638498 0.0046875 0.0539906103286385 0.00625 0.056338028169014086 0.0046875 0.05868544600938967 0.0046875 0.08450704225352113 0 0.0892018779342723 0 0.1572769953051643 0.0203125 0.1596244131455399 0.0328125 0.15492957746478872 0.034375 0.15023474178403756 0.0421875 0.14553990610328638 0.046875 0.14788732394366197 0.065625 0.14788732394366197 0.0671875 0.14553990610328638 0.0828125 0.1431924882629108 0.084375 0.13849765258215962 0.1046875 0.13380281690140844 0.1078125 0.1267605633802817 0.1109375 0.1267605633802817 0.1140625 0.12206572769953052 0.1140625 0.11737089201877934 0.1203125 0.107981220657277 0.121875 0.10093896713615023 0.121875 0.05868544600938967 0.1203125 0.056338028169014086 0.1203125 0.03286384976525822 0.1140625 0.02112676056338028 0.1140625 0.011737089201877934 0.1109375 0.007042253521126761 0.1015625 0.004694835680751174 0.1 0 0 0
1 0.3734375 0.3028169014084507 0.378125 0.30985915492957744 0.3796875 0.3075117370892019 0.3859375 0.3075117370892019 0.396875 0.31220657276995306 0.39375 0.31690140845070425 0.3953125 0.323943661971831 0.39375 0.33098591549295775 0.3875 0.33568075117370894 0.396875 0.33568075117370894 0.3984375 0.3380281690140845 0.39375 0.3474178403755869 0.3921875 0.34507042253521125 0.3859375 0.34507042253521125 0.3828125 0.3403755868544601 0.38125 0.34507042253521125 0.375 0.3474178403755869 0.3734375 0.3544600938967136 0.375 0.3568075117370892 0.3875 0.3568075117370892 0.3921875 0.3544600938967136 0.3953125 0.3591549295774648 0.396875 0.3568075117370892 0.403125 0.3568075117370892 0.4046875 0.3591549295774648 0.403125 0.36619718309859156 0.4046875 0.37089201877934275 0.4015625 0.3755868544600939 0.39375 0.36384976525821594 0.3890625 0.37089201877934275 0.375 0.3732394366197183 0.3734375 0.38497652582159625 0.3703125 0.3873239436619718 0.371875 0.3967136150234742 0.3671875 0.39906103286384975 0.3640625 0.42018779342723006 0.3640625 0.43661971830985913 0.365625 0.43896713615023475 0.3640625 0.4413145539906103 0.3671875 0.45774647887323944 0.365625 0.47417840375586856 0.3671875 0.4835680751173709 0.3703125 0.4859154929577465 0.3703125 0.4953051643192488 0.3734375 0.5 0.371875 0.5093896713615024 0.3671875 0.5140845070422535 0.3671875 0.5469483568075117 0.3625 0.57981220657277 0.3625 0.607981220657277 0.3671875 0.6384976525821596 0.396875 0.6830985915492958 0.409375 0.6901408450704225 0.4140625 0.6971830985915493 0.4265625 0.7018779342723005 0.428125 0.7065727699530516 0.4390625 0.7065727699530516 0.4390625 0.6995305164319249 0.446875 0.6948356807511737 0.4515625 0.6854460093896714 0.459375 0.6830985915492958 0.4640625 0.6854460093896714 0.465625 0.6948356807511737 0.471875 0.7018779342723005 0.475 0.7183098591549296 0.46875 0.7253521126760564 0.4671875 0.7323943661971831 0.4609375 0.7347417840375586 0.459375 0.7417840375586855 0.4640625 0.7417840375586855 0.4671875 0.7370892018779343 0.46875 0.7417840375586855 0.4734375 0.7417840375586855 0.4765625 0.7464788732394366 0.4828125 0.7488262910798122 0.484375 0.7535211267605634 0.4875 0.7535211267605634 0.490625 0.7582159624413145 0.503125 0.7605633802816901 0.5046875 0.7652582159624414 0.5171875 0.7652582159624414 0.51875 0.7676056338028169 0.5921875 0.7676056338028169 0.5953125 0.7699530516431925 0.6046875 0.7652582159624414 0.609375 0.7582159624413145 0.6265625 0.7535211267605634 0.628125 0.7488262910798122 0.6453125 0.7464788732394366 0.65 0.7417840375586855 0.6546875 0.7206572769953051 0.6578125 0.7183098591549296 0.6625 0.687793427230047 0.665625 0.6854460093896714 0.66875 0.6549295774647887 0.6734375 0.647887323943662 0.678125 0.6291079812206573 0.68125 0.6267605633802817 0.68125 0.6032863849765259 0.678125 0.6009389671361502 0.6734375 0.5821596244131455 0.6703125 0.57981220657277 0.665625 0.5586854460093896 0.6625 0.5563380281690141 0.659375 0.5258215962441315 0.6546875 0.5187793427230047 0.6515625 0.49061032863849763 0.646875 0.4835680751173709 0.646875 0.4788732394366197 0.6421875 0.4694835680751174 0.6390625 0.4671361502347418 0.6390625 0.44366197183098594 0.634375 0.4225352112676056 0.6296875 0.41784037558685444 0.6265625 0.4061032863849765 0.6234375 0.40375586854460094 0.6234375 0.39906103286384975 0.590625 0.34976525821596244 0.58125 0.34507042253521125 0.5703125 0.34507042253521125 0.56875 0.3403755868544601 0.5421875 0.3403755868544601 0.540625 0.34507042253521125 0.5265625 0.34507042253521125 0.525 0.3403755868544601 0.50625 0.3403755868544601 0.496875 0.33568075117370894 0.4640625 0.3380281690140845 0.4625 0.33568075117370894 0.453125 0.33568075117370894 0.45 0.33098591549295775 0.4515625 0.31690140845070425 0.4421875 0.31690140845070425 0.4390625 0.31220657276995306 0.4359375 0.31220657276995306 0.4328125 0.3051643192488263 0.43125 0.30985915492957744 0.425 0.30985915492957744 0.4234375 0.3051643192488263 0.403125 0.2981220657276995 0.4015625 0.2934272300469484 0.371875 0.2934272300469484 0.371875 0.29577464788732394 0.3671875 0.3004694835680751 0.3734375 0.3028169014084507
1 0.484375 0 0.484375 0.002347417840375587 0.4828125 0.004694835680751174 0.4578125 0.004694835680751174 0.45625 0.007042253521126761 0.4453125 0.007042253521126761 0.4390625 0.011737089201877934 0.428125 0.011737089201877934 0.4234375 0.018779342723004695 0.41875 0.018779342723004695 0.4171875 0.025821596244131457 0.4078125 0.03990610328638498 0.4046875 0.03990610328638498 0.3984375 0.046948356807511735 0.3859375 0.06807511737089202 0.3859375 0.07511737089201878 0.3828125 0.07746478873239436 0.3828125 0.08450704225352113 0.378125 0.10093896713615023 0.365625 0.11737089201877934 0.3640625 0.13145539906103287 0.359375 0.13849765258215962 0.359375 0.15023474178403756 0.3515625 0.1619718309859155 0.346875 0.1807511737089202 0.346875 0.19014084507042253 0.34375 0.19248826291079812 0.34375 0.20657276995305165 0.346875 0.20892018779342722 0.34375 0.2112676056338028 0.3421875 0.22065727699530516 0.3421875 0.24413145539906103 0.34375 0.2535211267605634 0.346875 0.25586854460093894 0.35 0.2676056338028169 0.3515625 0.284037558685446 0.3546875 0.2863849765258216 0.365625 0.2863849765258216 0.3703125 0.284037558685446 0.3734375 0.2652582159624413 0.3734375 0.24413145539906103 0.3765625 0.24178403755868544 0.378125 0.22769953051643194 0.384375 0.22535211267605634 0.3921875 0.2323943661971831 0.403125 0.24882629107981222 0.415625 0.25586854460093894 0.425 0.27230046948356806 0.4265625 0.2676056338028169 0.4328125 0.26291079812206575 0.4359375 0.2676056338028169 0.4375 0.27699530516431925 0.4421875 0.28169014084507044 0.4421875 0.2863849765258216 0.4453125 0.29107981220657275 0.4640625 0.29107981220657275 0.465625 0.29577464788732394 0.4703125 0.29577464788732394 0.478125 0.3028169014084507 0.48125 0.30985915492957744 0.48125 0.323943661971831 0.4828125 0.32629107981220656 0.5015625 0.32629107981220656 0.503125 0.33098591549295775 0.5109375 0.33098591549295775 0.5125 0.3333333333333333 0.565625 0.3333333333333333 0.571875 0.33098591549295775 0.5953125 0.3474178403755869 0.5984375 0.3544600938967136 0.6078125 0.3615023474178404 0.609375 0.36619718309859156 0.615625 0.3685446009389671 0.6265625 0.3685446009389671 0.63125 0.3591549295774648 0.6359375 0.36619718309859156 0.6453125 0.36619718309859156 0.646875 0.3615023474178404 0.6625 0.3615023474178404 0.665625 0.3591549295774648 0.6625 0.3568075117370892 0.665625 0.3544600938967136 0.665625 0.32629107981220656 0.678125 0.3075117370892019 0.678125 0.2981220657276995 0.68125 0.29577464788732394 0.68125 0.2887323943661972 0.678125 0.2863849765258216 0.678125 0.2793427230046948 0.675 0.2746478873239437 0.6734375 0.2652582159624413 0.66875 0.2605633802816901 0.665625 0.2323943661971831 0.6625 0.2300469483568075 0.6671875 0.22065727699530516 0.6671875 0.20657276995305165 0.665625 0.19718309859154928 0.6609375 0.19014084507042253 0.6578125 0.16901408450704225 0.6546875 0.16666666666666666 0.6546875 0.1619718309859155 0.65 0.15258215962441316 0.6421875 0.1431924882629108 0.6421875 0.13849765258215962 0.628125 0.11971830985915492 0.6265625 0.11267605633802817 0.6203125 0.11032863849765258 0.61875 0.1056338028169014 0.609375 0.09859154929577464 0.5890625 0.06807511737089202 0.5859375 0.06807511737089202 0.5765625 0.056338028169014086 0.56875 0.0539906103286385 0.55625 0.035211267605633804 0.5484375 0.028169014084507043 0.5453125 0.028169014084507043 0.54375 0.023474178403755867 0.5296875 0.01643192488262911 0.528125 0.011737089201877934 0.5 0.004694835680751174 0.4984375 0 0.484375 0
1 0.7140625 0.22535211267605634 0.7109375 0.22769953051643194 0.7109375 0.23708920187793428 0.715625 0.24413145539906103 0.715625 0.2535211267605634 0.7140625 0.26291079812206575 0.709375 0.2699530516431925 0.709375 0.2746478873239437 0.7015625 0.28169014084507044 0.696875 0.2934272300469484 0.69375 0.2934272300469484 0.6921875 0.3004694835680751 0.6859375 0.30985915492957744 0.678125 0.3145539906103286 0.6734375 0.323943661971831 0.6703125 0.323943661971831 0.6703125 0.3333333333333333 0.66875 0.33568075117370894 0.6703125 0.3380281690140845 0.671875 0.3591549295774648 0.675 0.3615023474178404 0.675 0.38967136150234744 0.6765625 0.392018779342723 0.678125 0.4131455399061033 0.6828125 0.41784037558685444 0.684375 0.42488262910798125 0.6890625 0.4272300469483568 0.703125 0.44835680751173707 0.715625 0.45305164319248825 0.71875 0.4647887323943662 0.7296875 0.4671361502347418 0.740625 0.4835680751173709 0.75 0.48826291079812206 0.7703125 0.49061032863849763 0.771875 0.4953051643192488 0.8015625 0.4953051643192488 0.803125 0.49061032863849763 0.815625 0.48826291079812206 0.821875 0.4788732394366197 0.821875 0.4647887323943662 0.825 0.45305164319248825 0.8296875 0.4507042253521127 0.8296875 0.43896713615023475 0.821875 0.4272300469483568 0.81875 0.4272300469483568 0.7859375 0.3779342723004695 0.7828125 0.3591549295774648 0.7796875 0.3568075117370892 0.775 0.3286384976525822 0.771875 0.32629107981220656 0.7671875 0.3051643192488263 0.7640625 0.3028169014084507 0.7640625 0.2934272300469484 0.759375 0.2793427230046948 0.759375 0.2676056338028169 0.75625 0.2652582159624413 0.7515625 0.24647887323943662 0.7484375 0.24413145539906103 0.7453125 0.22300469483568075 0.7375 0.215962441314554 0.7375 0.20892018779342722 0.7359375 0.2112676056338028 0.71875 0.2112676056338028 0.7140625 0.22535211267605634
1 0.665625 0.4859154929577465 0.6609375 0.48826291079812206 0.659375 0.5070422535211268 0.6609375 0.5093896713615024 0.6609375 0.5211267605633803 0.6640625 0.528169014084507 0.6640625 0.5422535211267606 0.6703125 0.5516431924882629 0.671875 0.5657276995305164 0.678125 0.5727699530516432 0.6796875 0.5915492957746479 0.684375 0.5985915492957746 0.6875 0.6173708920187794 0.696875 0.6197183098591549 0.7078125 0.6126760563380281 0.709375 0.607981220657277 0.7140625 0.607981220657277 0.71875 0.6032863849765259 0.74375 0.6032863849765259 0.7453125 0.6009389671361502 0.7671875 0.6009389671361502 0.771875 0.6056338028169014 0.7796875 0.6056338028169014 0.78125 0.607981220657277 0.7953125 0.607981220657277 0.7984375 0.6056338028169014 0.7984375 0.568075117370892 0.7953125 0.5657276995305164 0.7953125 0.5492957746478874 0.790625 0.5258215962441315 0.7859375 0.5211267605633803 0.7859375 0.5164319248826291 0.7828125 0.5117370892018779 0.778125 0.5117370892018779 0.775 0.5046948356807511 0.7546875 0.49765258215962443 0.753125 0.49295774647887325 0.7328125 0.4859154929577465 0.73125 0.4812206572769953 0.7265625 0.4812206572769953 0.7203125 0.4765258215962441 0.7015625 0.47417840375586856 0.696875 0.4647887323943662 0.690625 0.4694835680751174 0.678125 0.4694835680751174 0.678125 0.47183098591549294 0.671875 0.47417840375586856 0.665625 0.4859154929577465
2 0.71875 0.12206572769953052 0.7359375 0.12441314553990611 0.740625 0.1267605633802817 0.7421875 0.13145539906103287 0.7515625 0.13145539906103287 0.753125 0.12206572769953052 0.74375 0.10328638497652583 0.7390625 0.10093896713615023 0.725 0.10093896713615023 0.71875 0.11032863849765258 0.71875 0.11267605633802817 0.7171875 0.11502347417840375 0.71875 0.12206572769953052
2 0.1625 0.056338028169014086 0.1609375 0.09154929577464789 0.153125 0.11737089201877934 0.15625 0.14788732394366197 0.165625 0.1596244131455399 0.1765625 0.14553990610328638 0.178125 0.13615023474178403 0.18125 0.13380281690140844 0.1859375 0.10093896713615023 0.1828125 0.05868544600938967 0.175 0.051643192488262914 0.1734375 0.051643192488262914 0.16875 0.051643192488262914 0.1625 0.056338028169014086
2 0.371875 0.48826291079812206 0.3703125 0.5187793427230047 0.375 0.5258215962441315 0.375 0.5305164319248826 0.384375 0.5328638497652582 0.3921875 0.5258215962441315 0.3953125 0.5140845070422535 0.396875 0.4812206572769953 0.39375 0.4765258215962441 0.3921875 0.4765258215962441 0.375 0.4788732394366197 0.371875 0.48826291079812206
2 0.1171875 0 0.1171875 0.002347417840375587 0.115625 0.007042253521126761 0.1171875 0.014084507042253521 0.121875 0.018779342723004695 0.1234375 0.028169014084507043 0.125 0.06103286384976526 0.128125 0.06338028169014084 0.128125 0.08685446009389672 0.125 0.09154929577464789 0.128125 0.09389671361502347 0.1296875 0.10328638497652583 0.128125 0.11032863849765258 0.1359375 0.107981220657277 0.1375 0.10328638497652583 0.146875 0.10328638497652583 0.1578125 0.09624413145539906 0.1609375 0.08685446009389672 0.1609375 0.0539906103286385 0.1484375 0.04225352112676056 0.1421875 0.028169014084507043 0.14375 0 0.1171875 0
2 0.8609375 0.6150234741784038 0.8484375 0.6197183098591549 0.846875 0.6291079812206573 0.8515625 0.6384976525821596 0.8609375 0.6431924882629108 0.8625 0.647887323943662 0.878125 0.6549295774647887 0.8796875 0.6596244131455399 0.8875 0.6643192488262911 0.9 0.6666666666666666 0.9015625 0.6713615023474179 0.9046875 0.6713615023474179 0.90625 0.6666666666666666 0.9265625 0.6666666666666666 0.934375 0.6619718309859155 0.940625 0.6619718309859155 0.9453125 0.6549295774647887 0.9546875 0.6502347417840375 0.9546875 0.6455399061032864 0.965625 0.6291079812206573 0.9671875 0.6197183098591549 0.971875 0.6150234741784038 0.9734375 0.6056338028169014 0.9703125 0.5985915492957746 0.9625 0.5938967136150235 0.928125 0.5915492957746479 0.9265625 0.5868544600938967 0.91875 0.5868544600938967 0.9171875 0.5845070422535211 0.8875 0.5868544600938967 0.8875 0.5892018779342723 0.871875 0.5985915492957746 0.8609375 0.6150234741784038
2 0.2703125 0.823943661971831 0.284375 0.8450704225352113 0.284375 0.8497652582159625 0.2890625 0.8591549295774648 0.296875 0.8661971830985915 0.3015625 0.8661971830985915 0.303125 0.8708920187793427 0.3109375 0.8708920187793427 0.3125 0.8661971830985915 0.315625 0.8661971830985915 0.315625 0.8615023474178404 0.3140625 0.8544600938967136 0.3109375 0.852112676056338 0.3109375 0.8450704225352113 0.30625 0.8333333333333334 0.290625 0.8098591549295775 0.2875 0.8098591549295775 0.284375 0.8051643192488263 0.2796875 0.8051643192488263 0.2734375 0.8098591549295775 0.2734375 0.812206572769953 0.26875 0.8169014084507042 0.2703125 0.823943661971831
2 0.7140625 0.21830985915492956 0.7109375 0.22065727699530516 0.709375 0.23708920187793428 0.715625 0.24178403755868544 0.71875 0.23943661971830985 0.73125 0.23943661971830985 0.734375 0.24413145539906103 0.74375 0.24413145539906103 0.7484375 0.23708920187793428 0.7453125 0.21830985915492956 0.7390625 0.215962441314554 0.7359375 0.20892018779342722 0.73125 0.20657276995305165 0.7296875 0.20657276995305165 0.715625 0.2112676056338028 0.7140625 0.21830985915492956
2 0.1203125 0.6267605633802817 0.1234375 0.6431924882629108 0.1265625 0.6431924882629108 0.128125 0.647887323943662 0.1359375 0.6502347417840375 0.140625 0.6549295774647887 0.1515625 0.6549295774647887 0.1515625 0.6525821596244131 0.146875 0.647887323943662 0.146875 0.6431924882629108 0.1421875 0.6314553990610329 0.13125 0.6267605633802817 0.1203125 0.607981220657277 0.115625 0.607981220657277 0.115625 0.6103286384976526 0.1171875 0.6244131455399061 0.1203125 0.6267605633802817
2 0.2765625 0.5352112676056338 0.271875 0.5375586854460094 0.271875 0.5422535211267606 0.26875 0.5469483568075117 0.26875 0.5563380281690141 0.265625 0.5586854460093896 0.265625 0.5727699530516432 0.26875 0.5751173708920188 0.26875 0.5915492957746479 0.2734375 0.6032863849765259 0.284375 0.6056338028169014 0.29375 0.6009389671361502 0.2953125 0.57981220657277 0.2984375 0.5774647887323944 0.3 0.568075117370892 0.3 0.5164319248826291 0.2953125 0.5164319248826291 0.2953125 0.5187793427230047 0.2796875 0.528169014084507 0.2765625 0.5352112676056338
2 0.1828125 0.6549295774647887 0.1859375 0.687793427230047 0.196875 0.6901408450704225 0.2015625 0.6971830985915493 0.215625 0.7018779342723005 0.21875 0.7089201877934272 0.23125 0.7112676056338029 0.2359375 0.6995305164319249 0.225 0.6854460093896714 0.225 0.6807511737089202 0.2125 0.6619718309859155 0.209375 0.6619718309859155 0.2078125 0.6572769953051644 0.2015625 0.6549295774647887 0.2 0.6549295774647887 0.184375 0.6525821596244131 0.1828125 0.6549295774647887
2 0.303125 0.6126760563380281 0.309375 0.6220657276995305 0.3125 0.6502347417840375 0.3171875 0.6549295774647887 0.3203125 0.6666666666666666 0.328125 0.676056338028169 0.3421875 0.676056338028169 0.3484375 0.6737089201877934 0.3625 0.6525821596244131 0.3609375 0.6338028169014085 0.353125 0.6220657276995305 0.340625 0.6150234741784038 0.3359375 0.6150234741784038 0.33125 0.607981220657277 0.3078125 0.6056338028169014 0.30625 0.6032863849765259 0.3046875 0.6032863849765259 0.3015625 0.6056338028169014 0.303125 0.6126760563380281
2 0.9640625 0.6643192488262911 0.95625 0.6690140845070423 0.9546875 0.6737089201877934 0.94375 0.6737089201877934 0.9421875 0.6690140845070423 0.940625 0.6737089201877934 0.9265625 0.676056338028169 0.9203125 0.6807511737089202 0.9171875 0.6948356807511737 0.9109375 0.704225352112676 0.909375 0.7183098591549296 0.90625 0.7206572769953051 0.9046875 0.7582159624413145 0.9015625 0.7723004694835681 0.8984375 0.7746478873239436 0.89375 0.8051643192488263 0.890625 0.8075117370892019 0.8875 0.8215962441314554 0.8859375 0.852112676056338 0.8875 0.8544600938967136 0.896875 0.8544600938967136 0.9046875 0.8474178403755869 0.9125 0.8356807511737089 0.915625 0.8356807511737089 0.9375 0.8028169014084507 0.9421875 0.8004694835680751 0.94375 0.795774647887324 0.946875 0.795774647887324 0.959375 0.7769953051643192 0.959375 0.7723004694835681 0.9640625 0.7676056338028169 0.9640625 0.7629107981220657 0.971875 0.7535211267605634 0.971875 0.7464788732394366 0.975 0.7417840375586855 0.975 0.7370892018779343 0.9796875 0.7323943661971831 0.9828125 0.7206572769953051 0.9859375 0.7183098591549296 0.9859375 0.7112676056338029 0.9890625 0.7018779342723005 0.990625 0.6737089201877934 0.99375 0.6713615023474179 0.9859375 0.6572769953051644 0.975 0.6572769953051644 0.975 0.6596244131455399 0.9703125 0.6666666666666666 0.9640625 0.6643192488262911
2 0.2203125 0.6197183098591549 0.215625 0.6220657276995305 0.215625 0.6267605633802817 0.2109375 0.6314553990610329 0.209375 0.6408450704225352 0.209375 0.647887323943662 0.2140625 0.6525821596244131 0.215625 0.6596244131455399 0.2234375 0.6690140845070423 0.2234375 0.6737089201877934 0.2296875 0.6830985915492958 0.24375 0.6901408450704225 0.2453125 0.6948356807511737 0.253125 0.6948356807511737 0.2546875 0.6971830985915493 0.3140625 0.7018779342723005 0.315625 0.6995305164319249 0.3234375 0.6995305164319249 0.325 0.6807511737089202 0.3140625 0.6643192488262911 0.3140625 0.6572769953051644 0.3109375 0.6549295774647887 0.30625 0.6267605633802817 0.3078125 0.6220657276995305 0.2984375 0.607981220657277 0.2890625 0.6056338028169014 0.2875 0.607981220657277 0.2734375 0.607981220657277 0.26875 0.5985915492957746 0.2546875 0.596244131455399 0.253125 0.5938967136150235 0.23125 0.5985915492957746 0.23125 0.6009389671361502 0.2265625 0.6032863849765259 0.2203125 0.6197183098591549
2 0.1875 0.23943661971830985 0.190625 0.24178403755868544 0.1953125 0.25821596244131456 0.1953125 0.3028169014084507 0.1984375 0.3075117370892019 0.20625 0.3075117370892019 0.221875 0.284037558685446 0.225 0.2699530516431925 0.228125 0.2676056338028169 0.228125 0.25821596244131456 0.225 0.25586854460093894 0.2234375 0.24647887323943662 0.2078125 0.22300469483568075 0.2 0.21830985915492956 0.1875 0.22065727699530516 0.1875 0.22300469483568075 0.1859375 0.2323943661971831 0.1875 0.23943661971830985
2 0.128125 0.13380281690140844 0.125 0.13615023474178403 0.125 0.1431924882629108 0.128125 0.14553990610328638 0.1046875 0.1643192488262911 0.09375 0.1807511737089202 0.09375 0.19014084507042253 0.096875 0.19248826291079812 0.134375 0.19248826291079812 0.146875 0.19718309859154928 0.1484375 0.20187793427230047 0.1703125 0.20657276995305165 0.1734375 0.20422535211267606 0.1734375 0.18779342723004694 0.16875 0.18309859154929578 0.165625 0.17136150234741784 0.1609375 0.1643192488262911 0.153125 0.1572769953051643 0.1546875 0.15023474178403756 0.1515625 0.12910798122065728 0.1453125 0.12206572769953052 0.14375 0.12206572769953052 0.1296875 0.12441314553990611 0.128125 0.13380281690140844
2 0.9828125 0.7300469483568075 0.9765625 0.7370892018779343 0.9734375 0.7488262910798122 0.9734375 0.7605633802816901 0.9765625 0.7676056338028169 0.9984375 0.7910798122065728 0.9984375 0.7206572769953051 0.99375 0.7136150234741784 0.9890625 0.7136150234741784 0.9890625 0.715962441314554 0.9828125 0.7253521126760564 0.9828125 0.7300469483568075
2 0.934375 0.5915492957746479 0.9296875 0.5938967136150235 0.91875 0.6103286384976526 0.9171875 0.6267605633802817 0.9140625 0.6291079812206573 0.9125 0.6619718309859155 0.9203125 0.6666666666666666 0.921875 0.6643192488262911 0.9328125 0.6643192488262911 0.94375 0.6596244131455399 0.9453125 0.6549295774647887 0.9484375 0.6549295774647887 0.9625 0.636150234741784 0.9671875 0.6244131455399061 0.9671875 0.6197183098591549 0.971875 0.6150234741784038 0.9734375 0.607981220657277 0.9703125 0.5985915492957746 0.965625 0.596244131455399 0.9640625 0.596244131455399 0.9515625 0.5915492957746479 0.934375 0.5915492957746479
2 0.565625 0.8169014084507042 0.5609375 0.8192488262910798 0.553125 0.8380281690140845 0.553125 0.8615023474178404 0.5578125 0.8685446009389671 0.5609375 0.8826291079812206 0.578125 0.8896713615023474 0.5875 0.8896713615023474 0.590625 0.8849765258215962 0.590625 0.8802816901408451 0.5984375 0.8708920187793427 0.5984375 0.8568075117370892 0.596875 0.8544600938967136 0.596875 0.8450704225352113 0.5921875 0.8380281690140845 0.5921875 0.8309859154929577 0.5875 0.8215962441314554 0.5859375 0.8215962441314554 0.5828125 0.8169014084507042 0.565625 0.8169014084507042
2 0.2390625 0.7699530516431925 0.240625 0.7723004694835681 0.240625 0.7910798122065728 0.2453125 0.7981220657276995 0.246875 0.812206572769953 0.25 0.8169014084507042 0.25625 0.8169014084507042 0.2625 0.812206572769953 0.2703125 0.812206572769953 0.271875 0.8075117370892019 0.2765625 0.8075117370892019 0.2796875 0.8028169014084507 0.2796875 0.7910798122065728 0.2765625 0.7723004694835681 0.2625 0.7535211267605634 0.2546875 0.7347417840375586 0.2484375 0.7323943661971831 0.246875 0.7323943661971831 0.240625 0.7370892018779343 0.2390625 0.7699530516431925
2 0.1453125 0.596244131455399 0.14375 0.6032863849765259 0.14375 0.636150234741784 0.1484375 0.647887323943662 0.1546875 0.6549295774647887 0.1578125 0.6549295774647887 0.1609375 0.6619718309859155 0.1671875 0.6643192488262911 0.171875 0.6737089201877934 0.175 0.6737089201877934 0.1828125 0.6854460093896714 0.1828125 0.6948356807511737 0.178125 0.7018779342723005 0.178125 0.7112676056338029 0.175 0.715962441314554 0.175 0.7206572769953051 0.171875 0.7230046948356808 0.171875 0.7464788732394366 0.1796875 0.755868544600939 0.1984375 0.7605633802816901 0.2 0.7652582159624414 0.2140625 0.7652582159624414 0.2171875 0.7582159624413145 0.2203125 0.7582159624413145 0.228125 0.7488262910798122 0.2328125 0.7323943661971831 0.23125 0.7089201877934272 0.2359375 0.7018779342723005 0.215625 0.6713615023474179 0.2140625 0.6643192488262911 0.2078125 0.6619718309859155 0.20625 0.6572769953051644 0.1859375 0.6525821596244131 0.178125 0.6408450704225352 0.1765625 0.6197183098591549 0.1734375 0.607981220657277 0.16875 0.6032863849765259 0.16875 0.5985915492957746 0.165625 0.5938967136150235 0.1640625 0.5938967136150235 0.146875 0.5938967136150235 0.1453125 0.596244131455399
2 0.2578125 0.7347417840375586 0.2578125 0.7464788732394366 0.2609375 0.7488262910798122 0.2625 0.755868544600939 0.2671875 0.7582159624413145 0.278125 0.7746478873239436 0.28125 0.7934272300469484 0.284375 0.795774647887324 0.3 0.795774647887324 0.3140625 0.7887323943661971 0.321875 0.7769953051643192 0.325 0.7676056338028169 0.3265625 0.744131455399061 0.3328125 0.7347417840375586 0.3265625 0.7323943661971831 0.325 0.7276995305164319 0.3078125 0.7253521126760564 0.30625 0.7230046948356808 0.2859375 0.7230046948356808 0.284375 0.7206572769953051 0.2828125 0.7206572769953051 0.2625 0.7276995305164319 0.2578125 0.7347417840375586
2 0.3984375 0.284037558685446 0.40625 0.29577464788732394 0.415625 0.2981220657276995 0.4203125 0.3028169014084507 0.4265625 0.3028169014084507 0.4265625 0.2981220657276995 0.4234375 0.2887323943661972 0.4234375 0.28169014084507044 0.4203125 0.2793427230046948 0.415625 0.25821596244131456 0.3984375 0.25586854460093894 0.3984375 0.25821596244131456 0.396875 0.2746478873239437 0.3984375 0.284037558685446
2 0.8859375 0.5915492957746479 0.88125 0.5915492957746479 0.8703125 0.5985915492957746 0.8609375 0.6150234741784038 0.8515625 0.6173708920187794 0.846875 0.6220657276995305 0.8484375 0.636150234741784 0.8609375 0.6431924882629108 0.865625 0.6502347417840375 0.8703125 0.6502347417840375 0.8765625 0.6549295774647887 0.88125 0.6619718309859155 0.89375 0.6666666666666666 0.909375 0.6666666666666666 0.9125 0.6643192488262911 0.9109375 0.6619718309859155 0.9109375 0.6525821596244131 0.9125 0.6502347417840375 0.9125 0.6338028169014085 0.915625 0.6314553990610329 0.915625 0.6220657276995305 0.91875 0.6150234741784038 0.91875 0.607981220657277 0.928125 0.5938967136150235 0.9265625 0.5868544600938967 0.91875 0.5868544600938967 0.9171875 0.5845070422535211 0.915625 0.5845070422535211 0.8875 0.5868544600938967 0.8859375 0.5915492957746479
2 0.9765625 0.744131455399061 0.9734375 0.7488262910798122 0.9734375 0.7605633802816901 0.975 0.7676056338028169 0.9796875 0.7699530516431925 0.9828125 0.7769953051643192 0.9890625 0.7793427230046949 0.9984375 0.7910798122065728 0.9984375 0.755868544600939 0.99375 0.7394366197183099 0.990625 0.7370892018779343 0.9875 0.7394366197183099 0.9859375 0.7323943661971831 0.98125 0.7347417840375586 0.98125 0.7370892018779343 0.9765625 0.7394366197183099 0.9765625 0.744131455399061
2 0.3640625 0.3145539906103286 0.3625 0.33098591549295775 0.3578125 0.3380281690140845 0.35625 0.3568075117370892 0.3515625 0.36384976525821594 0.3515625 0.37089201877934275 0.346875 0.38967136150234744 0.3421875 0.39436619718309857 0.34375 0.4014084507042254 0.3546875 0.4061032863849765 0.35625 0.40375586854460094 0.3625 0.40375586854460094 0.3671875 0.3967136150234742 0.3703125 0.3967136150234742 0.3734375 0.392018779342723 0.3734375 0.3826291079812207 0.38125 0.37089201877934275 0.384375 0.37089201877934275 0.3890625 0.352112676056338 0.3953125 0.3474178403755869 0.39375 0.3403755868544601 0.3953125 0.3380281690140845 0.3890625 0.33568075117370894 0.3921875 0.33098591549295775 0.39375 0.3215962441314554 0.3921875 0.31690140845070425 0.3859375 0.3145539906103286 0.384375 0.3145539906103286 0.365625 0.31220657276995306 0.3640625 0.3145539906103286
2 0.14375 0.5985915492957746 0.14375 0.6314553990610329 0.1453125 0.6384976525821596 0.1484375 0.6431924882629108 0.1484375 0.647887323943662 0.15625 0.6596244131455399 0.16875 0.6666666666666666 0.171875 0.6737089201877934 0.178125 0.6737089201877934 0.178125 0.6619718309859155 0.18125 0.6596244131455399 0.18125 0.6431924882629108 0.178125 0.6408450704225352 0.1765625 0.6197183098591549 0.1734375 0.607981220657277 0.16875 0.6009389671361502 0.16875 0.596244131455399 0.1609375 0.5915492957746479 0.159375 0.5938967136150235 0.146875 0.5938967136150235 0.14375 0.5985915492957746
2 0.834375 0.47183098591549294 0.8265625 0.4859154929577465 0.8234375 0.5 0.8234375 0.5093896713615024 0.828125 0.5187793427230047 0.840625 0.5234741784037559 0.853125 0.5187793427230047 0.8640625 0.5023474178403756 0.8765625 0.4953051643192488 0.878125 0.49061032863849763 0.878125 0.4647887323943662 0.8734375 0.45774647887323944 0.859375 0.45539906103286387 0.8578125 0.45305164319248825 0.846875 0.45305164319248825 0.8390625 0.45774647887323944 0.8390625 0.460093896713615 0.8359375 0.4624413145539906 0.834375 0.47183098591549294
2 0.95625 0.9694835680751174 0.9578125 0.971830985915493 0.9578125 0.9882629107981221 0.9609375 0.9929577464788732 0.9578125 0.9976525821596244 0.9734375 0.9976525821596244 0.975 0.9906103286384976 0.971875 0.9694835680751174 0.9671875 0.9647887323943662 0.9671875 0.960093896713615 0.9640625 0.9553990610328639 0.9609375 0.9553990610328639 0.9578125 0.9507042253521126 0.9578125 0.9530516431924883 0.95625 0.9553990610328639 0.95625 0.9694835680751174
2 0.9765625 0.5915492957746479 0.984375 0.6032863849765259 0.990625 0.607981220657277 0.9984375 0.607981220657277 0.9984375 0.57981220657277 0.996875 0.57981220657277 0.984375 0.5821596244131455 0.9765625 0.5915492957746479
2 0.375 0.25821596244131456 0.375 0.2863849765258216 0.3953125 0.2863849765258216 0.396875 0.2887323943661972 0.4 0.2863849765258216 0.396875 0.284037558685446 0.3953125 0.25821596244131456 0.396875 0.2535211267605634 0.3921875 0.2347417840375587 0.3859375 0.22769953051643194 0.3796875 0.22769953051643194 0.3796875 0.2300469483568075 0.378125 0.25586854460093894 0.375 0.25821596244131456
2 0.190625 0.14553990610328638 0.1859375 0.14788732394366197 0.1796875 0.15258215962441316 0.175 0.1619718309859155 0.175 0.18544600938967137 0.1796875 0.20422535211267606 0.190625 0.20657276995305165 0.196875 0.20187793427230047 0.196875 0.19718309859154928 0.2 0.19248826291079812 0.2015625 0.176056338028169 0.2046875 0.17370892018779344 0.20625 0.15023474178403756 0.2046875 0.14788732394366197 0.203125 0.14788732394366197 0.2015625 0.14553990610328638 0.190625 0.14553990610328638
2 0.2875 0.795774647887324 0.3 0.795774647887324 0.3140625 0.7887323943661971 0.315625 0.784037558685446 0.321875 0.7793427230046949 0.321875 0.7746478873239436 0.325 0.7699530516431925 0.3265625 0.7464788732394366 0.325 0.744131455399061 0.3109375 0.744131455399061 0.303125 0.7488262910798122 0.3 0.755868544600939 0.296875 0.755868544600939 0.29375 0.7605633802816901 0.29375 0.7652582159624414 0.2859375 0.7746478873239436 0.284375 0.784037558685446 0.28125 0.7863849765258216 0.28125 0.7887323943661971 0.28125 0.7910798122065728 0.2875 0.795774647887324
2 0.7453125 0.13380281690140844 0.746875 0.1431924882629108 0.7453125 0.14553990610328638 0.7453125 0.15492957746478872 0.740625 0.1619718309859155 0.740625 0.17136150234741784 0.7375 0.18544600938967137 0.734375 0.18779342723004694 0.734375 0.19718309859154928 0.7328125 0.19953051643192488 0.7328125 0.20422535211267606 0.7390625 0.2136150234741784 0.7484375 0.215962441314554 0.7484375 0.19248826291079812 0.7515625 0.19014084507042253 0.7515625 0.176056338028169 0.7546875 0.16901408450704225 0.75625 0.15023474178403756 0.759375 0.14788732394366197 0.759375 0.12910798122065728 0.75625 0.1267605633802817 0.7546875 0.1267605633802817 0.746875 0.12910798122065728 0.7453125 0.13380281690140844
2 0.7015625 0.2863849765258216 0.6859375 0.30985915492957744 0.678125 0.31690140845070425 0.6703125 0.33568075117370894 0.671875 0.3474178403755869 0.6796875 0.3568075117370892 0.6984375 0.3615023474178404 0.7 0.36619718309859156 0.70625 0.36619718309859156 0.7078125 0.3685446009389671 0.7296875 0.36619718309859156 0.73125 0.3615023474178404 0.74375 0.3544600938967136 0.746875 0.34507042253521125 0.746875 0.3380281690140845 0.74375 0.3286384976525822 0.740625 0.3286384976525822 0.7328125 0.3192488262910798 0.728125 0.30985915492957744 0.728125 0.3051643192488263 0.725 0.3028169014084507 0.721875 0.2793427230046948 0.7140625 0.2746478873239437 0.7125 0.27699530516431925 0.7015625 0.28169014084507044 0.7015625 0.2863849765258216
2 0.425 0.2887323943661972 0.4203125 0.284037558685446 0.41875 0.2699530516431925 0.415625 0.26291079812206575 0.4125 0.26291079812206575 0.4109375 0.25821596244131456 0.4046875 0.25821596244131456 0.3953125 0.2535211267605634 0.3875 0.2347417840375587 0.3828125 0.2347417840375587 0.3828125 0.23708920187793428 0.3796875 0.24647887323943662 0.3796875 0.27230046948356806 0.38125 0.2793427230046948 0.3796875 0.284037558685446 0.3765625 0.2887323943661972 0.3640625 0.2934272300469484 0.3625 0.2981220657276995 0.3484375 0.3051643192488263 0.35 0.31220657276995306 0.3625 0.31220657276995306 0.3640625 0.3145539906103286 0.3625 0.3333333333333333 0.359375 0.33568075117370894 0.3546875 0.36619718309859156 0.3515625 0.3685446009389671 0.346875 0.392018779342723 0.34375 0.39436619718309857 0.3515625 0.4084507042253521 0.35625 0.4107981220657277 0.359375 0.4225352112676056 0.359375 0.43661971830985913 0.3625 0.43896713615023475 0.3640625 0.48826291079812206 0.3625 0.49061032863849763 0.3625 0.5187793427230047 0.359375 0.5234741784037559 0.36875 0.5234741784037559 0.36875 0.5140845070422535 0.3734375 0.5023474178403756 0.378125 0.5023474178403756 0.3828125 0.5140845070422535 0.3890625 0.5093896713615024 0.3890625 0.5046948356807511 0.3859375 0.5023474178403756 0.3859375 0.49295774647887325 0.3890625 0.48826291079812206 0.3859375 0.48826291079812206 0.384375 0.4812206572769953 0.3859375 0.4788732394366197 0.39375 0.4788732394366197 0.396875 0.47417840375586856 0.396875 0.4671361502347418 0.39375 0.45774647887323944 0.3890625 0.45305164319248825 0.3875 0.431924882629108 0.3921875 0.4272300469483568 0.3921875 0.4225352112676056 0.396875 0.4131455399061033 0.4 0.4131455399061033 0.4015625 0.4084507042253521 0.4109375 0.40375586854460094 0.4203125 0.38967136150234744 0.421875 0.3826291079812207 0.428125 0.3779342723004695 0.4296875 0.37089201877934275 0.4328125 0.37089201877934275 0.4375 0.3591549295774648 0.4421875 0.3568075117370892 0.44375 0.34976525821596244 0.446875 0.34976525821596244 0.4515625 0.3286384976525822 0.4546875 0.32629107981220656 0.45625 0.3051643192488263 0.4578125 0.3028169014084507 0.4515625 0.3028169014084507 0.4484375 0.30985915492957744 0.44375 0.30985915492957744 0.4390625 0.2981220657276995 0.4390625 0.2863849765258216 0.4328125 0.27699530516431925 0.4328125 0.2746478873239437 0.428125 0.2793427230046948 0.428125 0.2863849765258216 0.425 0.2887323943661972
2 0.1828125 0.6971830985915493 0.178125 0.704225352112676 0.1765625 0.7183098591549296 0.171875 0.7253521126760564 0.171875 0.744131455399061 0.1796875 0.755868544600939 0.19375 0.7582159624413145 0.1984375 0.7605633802816901 0.203125 0.7676056338028169 0.20625 0.7676056338028169 0.2078125 0.7652582159624414 0.2140625 0.7652582159624414 0.2171875 0.7582159624413145 0.2203125 0.7582159624413145 0.228125 0.7488262910798122 0.23125 0.7347417840375586 0.23125 0.7230046948356808 0.228125 0.715962441314554 0.21875 0.7089201877934272 0.2171875 0.704225352112676 0.1984375 0.6971830985915493 0.196875 0.6924882629107981 0.190625 0.6901408450704225 0.1890625 0.6901408450704225 0.1828125 0.6924882629107981 0.1828125 0.6971830985915493