2 0.8328125 0.17717717717717718 0.8296875 0.18018018018018017 0.8296875 0.2132132132132132 0.8328125 0.21621621621621623 0.8328125 0.24024024024024024 0.8375 0.24324324324324326 0.8375 0.25225225225225223 0.840625 0.25825825825825827 0.8546875 0.25825825825825827 0.85625 0.25225225225225223 0.8609375 0.25225225225225223 0.8609375 0.23723723723723725 0.8640625 0.23423423423423423 0.8640625 0.21621621621621623 0.8609375 0.2132132132132132 0.8609375 0.18618618618618618 0.8578125 0.1831831831831832 0.8578125 0.17417417417417416 0.8484375 0.15615615615615616 0.8375 0.15615615615615616 0.8375 0.15915915915915915 0.8328125 0.16216216216216217 0.8328125 0.17717717717717718
2 0.3125 0.8228228228228228 0.3125 0.8438438438438438 0.315625 0.8468468468468469 0.315625 0.8618618618618619 0.3125 0.8648648648648649 0.3125 0.8948948948948949 0.309375 0.8978978978978979 0.309375 0.9069069069069069 0.30625 0.9099099099099099 0.30625 0.948948948948949 0.303125 0.9519519519519519 0.303125 0.960960960960961 0.3109375 0.960960960960961 0.3125 0.954954954954955 0.3171875 0.954954954954955 0.3296875 0.9309309309309309 0.3296875 0.9219219219219219 0.334375 0.918918918918919 0.334375 0.8828828828828829 0.3296875 0.8798798798798799 0.3296875 0.8168168168168168 0.325 0.8168168168168168 0.3234375 0.8108108108108109 0.315625 0.8108108108108109 0.315625 0.8138138138138138 0.315625 0.8198198198198198 0.3125 0.8228228228228228
2 0.9359375 0.6936936936936937 0.9359375 0.7087087087087087 0.9328125 0.7117117117117117 0.9328125 0.7447447447447447 0.9546875 0.7447447447447447 0.9609375 0.7327327327327328 0.9609375 0.7117117117117117 0.9671875 0.7027027027027027 0.9671875 0.6876876876876877 0.9703125 0.6816816816816816 0.9671875 0.6756756756756757 0.9421875 0.6756756756756757 0.9421875 0.6786786786786787 0.9421875 0.6846846846846847 0.9359375 0.6936936936936937
2 0.61875 0.4114114114114114 0.615625 0.4144144144144144 0.615625 0.45645645645645644 0.61875 0.4624624624624625 0.6234375 0.4624624624624625 0.628125 0.4744744744744745 0.6328125 0.4744744744744745 0.634375 0.4804804804804805 0.6390625 0.4804804804804805 0.64375 0.4894894894894895 0.64375 0.4984984984984985 0.65 0.5105105105105106 0.6546875 0.5105105105105106 0.6609375 0.4984984984984985 0.6609375 0.4774774774774775 0.6578125 0.4744744744744745 0.6578125 0.45345345345345345 0.6546875 0.45045045045045046 0.6546875 0.43843843843843844 0.6453125 0.42342342342342343 0.6453125 0.4144144144144144 0.6390625 0.40540540540540543 0.6390625 0.3963963963963964 0.634375 0.3963963963963964 0.6328125 0.39039039039039036 0.625 0.39039039039039036 0.625 0.3933933933933934 0.61875 0.4024024024024024 0.61875 0.4114114114114114
2 0 0.6966966966966966 0.0125 0.6966966966966966 0.0140625 0.7027027027027027 0.021875 0.7027027027027027 0.021875 0.6756756756756757 0.01875 0.6726726726726727 0.01875 0.6546546546546547 0.0140625 0.6546546546546547 0.0125 0.6486486486486487 0.0078125 0.6486486486486487 0.0078125 0.6516516516516516 0.00625 0.6546546546546547 0 0.6546546546546547 0 0.6966966966966966
2 0.7953125 0.1921921921921922 0.7953125 0.23423423423423423 0.7984375 0.23723723723723725 0.7984375 0.25225225225225223 0.8015625 0.2552552552552553 0.8015625 0.26426426426426425 0.8046875 0.2672672672672673 0.8046875 0.27627627627627627 0.8078125 0.27927927927927926 0.8078125 0.29429429429429427 0.8109375 0.3003003003003003 0.821875 0.3003003003003003 0.821875 0.2912912912912913 0.825 0.2882882882882883 0.825 0.2672672672672673 0.828125 0.26426426426426425 0.828125 0.2552552552552553 0.83125 0.24924924924924924 0.828125 0.24624624624624625 0.828125 0.23123123123123124 0.8234375 0.23123123123123124 0.821875 0.22822822822822822 0.821875 0.2222222222222222 0.8 0.1831831831831832 0.8 0.17417417417417416 0.796875 0.16816816816816818 0.7921875 0.16816816816816818 0.7921875 0.17117117117117117 0.7921875 0.1891891891891892 0.7953125 0.1921921921921922
2 0.5859375 0.5195195195195195 0.5828125 0.5255255255255256 0.5828125 0.5405405405405406 0.5859375 0.5465465465465466 0.590625 0.5465465465465466 0.5921875 0.5525525525525525 0.596875 0.5525525525525525 0.5984375 0.5615615615615616 0.603125 0.5615615615615616 0.6046875 0.5675675675675675 0.6328125 0.5675675675675675 0.634375 0.5615615615615616 0.6390625 0.5615615615615616 0.6390625 0.5555555555555556 0.6484375 0.5405405405405406 0.6484375 0.5195195195195195 0.6375 0.5195195195195195 0.6359375 0.5135135135135135 0.5921875 0.5135135135135135 0.5921875 0.5165165165165165 0.590625 0.5195195195195195 0.5859375 0.5195195195195195
2 0.96875 0.6066066066066066 0.9671875 0.6126126126126126 0.959375 0.6126126126126126 0.9578125 0.6186186186186187 0.953125 0.6186186186186187 0.9421875 0.6396396396396397 0.9453125 0.6396396396396397 0.95 0.6516516516516516 0.9546875 0.6516516516516516 0.95625 0.6576576576576577 0.9640625 0.6576576576576577 0.965625 0.6636636636636637 0.9921875 0.6636636636636637 0.99375 0.6576576576576577 0.9984375 0.6576576576576577 0.9984375 0.6006006006006006 0.98125 0.6006006006006006 0.98125 0.6036036036036037 0.9796875 0.6066066066066066 0.96875 0.6066066066066066
2 0.2296875 0.6006006006006006 0.2296875 0.6396396396396397 0.24375 0.6396396396396397 0.24375 0.6306306306306306 0.246875 0.6276276276276276 0.246875 0.5945945945945946 0.24375 0.5915915915915916 0.24375 0.5765765765765766 0.2375 0.5645645645645646 0.2328125 0.5645645645645646 0.2328125 0.5675675675675675 0.2328125 0.5975975975975976 0.2296875 0.6006006006006006
2 0.0203125 0.8438438438438438 0.0265625 0.8558558558558559 0.034375 0.8558558558558559 0.0359375 0.8618618618618619 0.05 0.8618618618618619 0.05 0.8528528528528528 0.053125 0.8498498498498499 0.053125 0.8408408408408409 0.0609375 0.8318318318318318 0.0609375 0.8228228228228228 0.0640625 0.8198198198198198 0.0640625 0.7987987987987988 0.0609375 0.7927927927927928 0.0359375 0.7927927927927928 0.0359375 0.7957957957957958 0.0203125 0.8228228228228228 0.0203125 0.8438438438438438
2 0.0875 0 0.0875 0.003003003003003003 0.0875 0.012012012012012012 0.090625 0.015015015015015015 0.090625 0.024024024024024024 0.09375 0.02702702702702703 0.09375 0.036036036036036036 0.096875 0.03903903903903904 0.096875 0.04804804804804805 0.1 0.05105105105105105 0.1 0.06606606606606606 0.1046875 0.06606606606606606 0.10625 0.07207207207207207 0.13125 0.07207207207207207 0.134375 0.06606606606606606 0.134375 0.04504504504504504 0.128125 0.03303303303303303 0.1234375 0.03303303303303303 0.11875 0.021021021021021023 0.1140625 0.021021021021021023 0.1125 0.015015015015015015 0.109375 0.015015015015015015 0.1046875 0.006006006006006006 0.1046875 0 0.0875 0
2 0.9625 0.7267267267267268 0.965625 0.7327327327327328 0.9703125 0.7327327327327328 0.978125 0.7507507507507507 0.9828125 0.7507507507507507 0.984375 0.7567567567567568 0.9890625 0.7567567567567568 0.990625 0.7627627627627628 0.9984375 0.7627627627627628 0.9984375 0.7177177177177178 0.9875 0.7177177177177178 0.9859375 0.7117117117117117 0.978125 0.7117117117117117 0.9765625 0.7057057057057057 0.965625 0.7057057057057057 0.965625 0.7087087087087087 0.9625 0.7117117117117117 0.9625 0.7267267267267268
2 0 0.9309309309309309 0.003125 0.9309309309309309 0.0046875 0.9369369369369369 0.040625 0.9369369369369369 0.0421875 0.9309309309309309 0.046875 0.9309309309309309 0.05 0.924924924924925 0.05 0.9159159159159159 0.053125 0.9129129129129129 0.053125 0.8978978978978979 0.05 0.8948948948948949 0.05 0.8768768768768769 0.04375 0.8648648648648649 0.0359375 0.8648648648648649 0.034375 0.8588588588588588 0.0265625 0.8588588588588588 0.025 0.8528528528528528 0.0171875 0.8528528528528528 0.0171875 0.8558558558558559 0.015625 0.8588588588588588 0.0109375 0.8588588588588588 0.009375 0.8648648648648649 0.0046875 0.8648648648648649 0.003125 0.8708708708708709 0 0.8708708708708709 0 0.9309309309309309
2 0.3390625 0.7297297297297297 0.334375 0.7417417417417418 0.328125 0.7417417417417418 0.31875 0.7627627627627628 0.321875 0.7657657657657657 0.321875 0.7837837837837838 0.325 0.7897897897897898 0.334375 0.7897897897897898 0.3359375 0.7837837837837838 0.340625 0.7837837837837838 0.3421875 0.7747747747747747 0.346875 0.7747747747747747 0.35625 0.7567567567567568 0.35625 0.7297297297297297 0.3515625 0.7297297297297297 0.3484375 0.7237237237237237 0.3484375 0.7267267267267268 0.346875 0.7297297297297297 0.3390625 0.7297297297297297
2 0.209375 0.7057057057057057 0.2078125 0.7117117117117117 0.203125 0.7117117117117117 0.2015625 0.7177177177177178 0.196875 0.7177177177177178 0.196875 0.7507507507507507 0.2 0.7567567567567568 0.2046875 0.7567567567567568 0.20625 0.7627627627627628 0.2203125 0.7627627627627628 0.2296875 0.7447447447447447 0.234375 0.7447447447447447 0.2375 0.7387387387387387 0.2375 0.7057057057057057 0.234375 0.6996996996996997 0.2265625 0.6996996996996997 0.2265625 0.7027027027027027 0.225 0.7057057057057057 0.209375 0.7057057057057057
2 0.065625 0.5945945945945946 0.0578125 0.6126126126126126 0.0546875 0.6126126126126126 0.0546875 0.6216216216216216 0.0515625 0.6246246246246246 0.0515625 0.6336336336336337 0.0546875 0.6366366366366366 0.0546875 0.6456456456456456 0.0609375 0.6456456456456456 0.071875 0.6666666666666666 0.071875 0.6726726726726727 0.075 0.6786786786786787 0.0796875 0.6786786786786787 0.0828125 0.6726726726726727 0.0828125 0.6186186186186187 0.0796875 0.6156156156156156 0.0796875 0.5945945945945946 0.0765625 0.5885885885885885 0.071875 0.5885885885885885 0.071875 0.5915915915915916 0.0703125 0.5945945945945946 0.065625 0.5945945945945946
2 0.196875 0.6546546546546547 0.1953125 0.6606606606606606 0.190625 0.6606606606606606 0.1875 0.6666666666666666 0.1875 0.6726726726726727 0.184375 0.6756756756756757 0.184375 0.7087087087087087 0.1984375 0.7087087087087087 0.1984375 0.6996996996996997 0.225 0.6486486486486487 0.203125 0.6486486486486487 0.203125 0.6516516516516516 0.2015625 0.6546546546546547 0.196875 0.6546546546546547
2 0.2484375 0.7417417417417418 0.2484375 0.7627627627627628 0.2453125 0.7657657657657657 0.2453125 0.8078078078078078 0.2484375 0.8138138138138138 0.2515625 0.8078078078078078 0.25625 0.8078078078078078 0.26875 0.7837837837837838 0.26875 0.7597597597597597 0.271875 0.7567567567567568 0.271875 0.7417417417417418 0.265625 0.7297297297297297 0.2515625 0.7297297297297297 0.2515625 0.7327327327327328 0.2515625 0.7387387387387387 0.2484375 0.7417417417417418
2 0.3390625 0.6816816816816816 0.3390625 0.6906906906906907 0.3375 0.6936936936936937 0.33125 0.6936936936936937 0.3265625 0.7057057057057057 0.321875 0.7057057057057057 0.31875 0.7117117117117117 0.31875 0.7207207207207207 0.315625 0.7237237237237237 0.315625 0.7327327327327328 0.31875 0.7387387387387387 0.3234375 0.7387387387387387 0.325 0.7327327327327328 0.3296875 0.7327327327327328 0.33125 0.7267267267267268 0.3375 0.7267267267267268 0.3390625 0.7207207207207207 0.34375 0.7207207207207207 0.346875 0.7147147147147147 0.346875 0.7057057057057057 0.35 0.7027027027027027 0.35 0.6936936936936937 0.353125 0.6906906906906907 0.353125 0.6756756756756757 0.3453125 0.6756756756756757 0.3453125 0.6786786786786787 0.34375 0.6816816816816816 0.3390625 0.6816816816816816
2 0.0296875 0.7297297297297297 0.0296875 0.7447447447447447 0.0328125 0.7477477477477478 0.0328125 0.7567567567567568 0.0359375 0.7597597597597597 0.0359375 0.7687687687687688 0.04375 0.7687687687687688 0.0453125 0.7747747747747747 0.05 0.7747747747747747 0.0515625 0.7777777777777778 0.0515625 0.7837837837837838 0.0578125 0.7837837837837838 0.059375 0.7897897897897898 0.0796875 0.7897897897897898 0.0796875 0.7717717717717718 0.0765625 0.7687687687687688 0.0765625 0.7597597597597597 0.0734375 0.7567567567567568 0.0734375 0.7417417417417418 0.0578125 0.7117117117117117 0.0328125 0.7117117117117117 0.0328125 0.7147147147147147 0.0265625 0.7267267267267268 0.0296875 0.7297297297297297
2 0.8984375 0.21621621621621623 0.8953125 0.2222222222222222 0.8953125 0.22822822822822822 0.890625 0.23723723723723725 0.8875 0.23723723723723725 0.8875 0.24024024024024024 0.890625 0.24024024024024024 0.8953125 0.24924924924924924 0.8953125 0.25825825825825827 0.9015625 0.2702702702702703 0.90625 0.2702702702702703 0.9078125 0.2732732732732733 0.9078125 0.2822822822822823 0.9125 0.2822822822822823 0.9171875 0.29429429429429427 0.93125 0.29429429429429427 0.934375 0.2882882882882883 0.934375 0.27927927927927926 0.9375 0.27627627627627627 0.9375 0.2552552552552553 0.940625 0.25225225225225223 0.940625 0.23723723723723725 0.9453125 0.23423423423423423 0.9453125 0.2222222222222222 0.9421875 0.2222222222222222 0.940625 0.21621621621621623 0.9359375 0.21621621621621623 0.934375 0.21021021021021022 0.9046875 0.21021021021021022 0.9046875 0.2132132132132132 0.903125 0.21621621621621623 0.8984375 0.21621621621621623
2 0.775 0.37237237237237236 0.771875 0.3783783783783784 0.771875 0.38738738738738737 0.76875 0.39039039039039036 0.76875 0.46846846846846846 0.771875 0.47147147147147145 0.771875 0.4804804804804805 0.78125 0.4804804804804805 0.784375 0.4744744744744745 0.784375 0.46546546546546547 0.790625 0.45645645645645644 0.790625 0.4144144144144144 0.7875 0.4114114114114114 0.7875 0.3843843843843844 0.790625 0.3813813813813814 0.790625 0.3663663663663664 0.7828125 0.3663663663663664 0.7828125 0.36936936936936937 0.78125 0.37237237237237236 0.775 0.37237237237237236
2 0.75 0.2552552552552553 0.7484375 0.26126126126126126 0.740625 0.26126126126126126 0.7375 0.2672672672672673 0.7375 0.2882882882882883 0.740625 0.2912912912912913 0.740625 0.3003003003003003 0.74375 0.3033033033033033 0.74375 0.3123123123123123 0.753125 0.3303303303303303 0.7578125 0.3303303303303303 0.759375 0.33933933933933935 0.7640625 0.33933933933933935 0.765625 0.34534534534534533 0.7734375 0.34534534534534533 0.775 0.35135135135135137 0.790625 0.35135135135135137 0.796875 0.33933933933933935 0.796875 0.3333333333333333 0.8 0.3303303303303303 0.8 0.3213213213213213 0.80625 0.3123123123123123 0.80625 0.2972972972972973 0.803125 0.29429429429429427 0.803125 0.2852852852852853 0.8 0.2822822822822823 0.8 0.2732732732732733 0.796875 0.2672672672672673 0.7921875 0.2672672672672673 0.790625 0.26126126126126126 0.7859375 0.26126126126126126 0.784375 0.2552552552552553 0.775 0.2552552552552553 0.7734375 0.24924924924924924 0.759375 0.24924924924924924 0.759375 0.25225225225225223 0.7578125 0.2552552552552553 0.75 0.2552552552552553
2 0.7625 0.8648648648648649 0.7625 0.8798798798798799 0.765625 0.8828828828828829 0.765625 0.8948948948948949 0.76875 0.8978978978978979 0.76875 0.9129129129129129 0.775 0.924924924924925 0.778125 0.924924924924925 0.7859375 0.9429429429429429 0.79375 0.9429429429429429 0.796875 0.9369369369369369 0.796875 0.8978978978978979 0.79375 0.8948948948948949 0.79375 0.8828828828828829 0.784375 0.8648648648648649 0.775 0.8648648648648649 0.771875 0.8588588588588588 0.771875 0.8618618618618619 0.7703125 0.8648648648648649 0.7625 0.8648648648648649
2 0.734375 0.8768768768768769 0.728125 0.8888888888888888 0.728125 0.8948948948948949 0.725 0.8978978978978979 0.725 0.918918918918919 0.728125 0.9219219219219219 0.728125 0.9309309309309309 0.734375 0.93993993993994 0.734375 0.948948948948949 0.7375 0.954954954954955 0.7453125 0.954954954954955 0.7484375 0.948948948948949 0.7484375 0.933933933933934 0.7515625 0.9309309309309309 0.7515625 0.8768768768768769 0.7484375 0.8708708708708709 0.740625 0.8708708708708709 0.740625 0.8738738738738738 0.7390625 0.8768768768768769 0.734375 0.8768768768768769
2 0.2296875 0.15615615615615616 0.2265625 0.16216216216216217 0.2265625 0.17117117117117117 0.221875 0.17417417417417416 0.221875 0.19519519519519518 0.225 0.19519519519519518 0.2265625 0.2012012012012012 0.23125 0.2012012012012012 0.2328125 0.2072072072072072 0.246875 0.2072072072072072 0.2484375 0.2132132132132132 0.2515625 0.2072072072072072 0.2625 0.2072072072072072 0.265625 0.2012012012012012 0.265625 0.16216216216216217 0.259375 0.15015015015015015 0.2359375 0.15015015015015015 0.2359375 0.15315315315315314 0.234375 0.15615615615615616 0.2296875 0.15615615615615616
2 0.528125 0.7897897897897898 0.53125 0.7927927927927928 0.53125 0.8018018018018018 0.5390625 0.8018018018018018 0.540625 0.7957957957957958 0.5453125 0.7957957957957958 0.5515625 0.7837837837837838 0.5515625 0.7657657657657657 0.55625 0.7627627627627628 0.55625 0.7477477477477478 0.553125 0.7477477477477478 0.5515625 0.7417417417417418 0.540625 0.7417417417417418 0.540625 0.7447447447447447 0.528125 0.7657657657657657 0.528125 0.7897897897897898
2 0.503125 0.7597597597597597 0.5015625 0.7657657657657657 0.4984375 0.7657657657657657 0.4953125 0.7717717717717718 0.4953125 0.7837837837837838 0.4921875 0.7867867867867868 0.4921875 0.8258258258258259 0.5046875 0.8258258258258259 0.5171875 0.8018018018018018 0.5171875 0.7927927927927928 0.5203125 0.7897897897897898 0.5203125 0.7777777777777778 0.5234375 0.7747747747747747 0.5234375 0.7597597597597597 0.5203125 0.7537537537537538 0.509375 0.7537537537537538 0.509375 0.7567567567567568 0.5078125 0.7597597597597597 0.503125 0.7597597597597597
2 0.0453125 0 0.0453125 0.003003003003003003 0.0453125 0.012012012012012012 0.0484375 0.015015015015015015 0.0484375 0.024024024024024024 0.0546875 0.036036036036036036 0.0609375 0.036036036036036036 0.0625 0.042042042042042045 0.0671875 0.042042042042042045 0.06875 0.04804804804804805 0.0734375 0.04804804804804805 0.075 0.05405405405405406 0.0796875 0.05405405405405406 0.08125 0.06006006006006006 0.0921875 0.06006006006006006 0.09375 0.05405405405405406 0.0984375 0.05405405405405406 0.0984375 0.05105105105105105 0.0953125 0.04804804804804805 0.0953125 0.03903903903903904 0.0921875 0.036036036036036036 0.0921875 0.02702702702702703 0.0859375 0.018018018018018018 0.0859375 0 0.0453125 0
2 0.6015625 0.5915915915915916 0.6046875 0.5945945945945946 0.6046875 0.6036036036036037 0.609375 0.6036036036036037 0.6109375 0.6096096096096096 0.6140625 0.6096096096096096 0.621875 0.6276276276276276 0.6421875 0.6276276276276276 0.6484375 0.6156156156156156 0.6484375 0.5825825825825826 0.64375 0.5825825825825826 0.6421875 0.5765765765765766 0.6046875 0.5765765765765766 0.6046875 0.5795795795795796 0.6015625 0.5825825825825826 0.6015625 0.5915915915915916
2 0.078125 0.9279279279279279 0.078125 0.9369369369369369 0.075 0.93993993993994 0.075 0.9669669669669669 0.071875 0.96996996996997 0.071875 0.984984984984985 0.075 0.990990990990991 0.0796875 0.990990990990991 0.08125 0.996996996996997 0.134375 0.996996996996997 0.1421875 0.978978978978979 0.146875 0.978978978978979 0.146875 0.96996996996997 0.153125 0.960960960960961 0.153125 0.93993993993994 0.1484375 0.93993993993994 0.146875 0.933933933933934 0.1390625 0.933933933933934 0.1375 0.9279279279279279 0.1265625 0.9279279279279279 0.125 0.9219219219219219 0.084375 0.9219219219219219 0.084375 0.924924924924925 0.0828125 0.9279279279279279 0.078125 0.9279279279279279
2 0.2703125 0.8018018018018018 0.2765625 0.8138138138138138 0.2953125 0.8138138138138138 0.296875 0.8078078078078078 0.3046875 0.8078078078078078 0.3109375 0.7957957957957958 0.3109375 0.7867867867867868 0.3140625 0.7837837837837838 0.3140625 0.7777777777777778 0.3109375 0.7747747747747747 0.3109375 0.7657657657657657 0.30625 0.7657657657657657 0.3046875 0.7597597597597597 0.2734375 0.7597597597597597 0.2734375 0.7627627627627628 0.2703125 0.7657657657657657 0.2703125 0.8018018018018018
1 0.2453125 0.9519519519519519 0.24375 0.9579579579579579 0.2359375 0.9579579579579579 0.234375 0.963963963963964 0.2296875 0.963963963963964 0.225 0.975975975975976 0.21875 0.975975975975976 0.2171875 0.9819819819819819 0.2125 0.9819819819819819 0.2109375 0.987987987987988 0.20625 0.987987987987988 0.20625 0.996996996996997 0.3078125 0.996996996996997 0.3078125 0.96996996996997 0.303125 0.96996996996997 0.3015625 0.9669669669669669 0.3015625 0.9579579579579579 0.2984375 0.9519519519519519 0.290625 0.9519519519519519 0.2890625 0.9459459459459459 0.2546875 0.9459459459459459 0.2546875 0.948948948948949 0.253125 0.9519519519519519 0.2453125 0.9519519519519519
1 0.4734375 0.43843843843843844 0.4703125 0.4444444444444444 0.4703125 0.45045045045045046 0.4671875 0.45345345345345345 0.4671875 0.4624624624624625 0.4640625 0.46546546546546547 0.4640625 0.4804804804804805 0.4609375 0.48348348348348347 0.4609375 0.5105105105105106 0.4578125 0.5135135135135135 0.4578125 0.5795795795795796 0.4546875 0.5825825825825826 0.4546875 0.6096096096096096 0.4578125 0.6126126126126126 0.4578125 0.6336336336336337 0.4609375 0.6366366366366366 0.4609375 0.6576576576576577 0.4640625 0.6606606606606606 0.4640625 0.6726726726726727 0.4671875 0.6756756756756757 0.4671875 0.6846846846846847 0.4703125 0.6876876876876877 0.4703125 0.6966966966966966 0.4765625 0.7087087087087087 0.48125 0.7027027027027027 0.4921875 0.7237237237237237 0.4921875 0.7327327327327328 0.490625 0.7357357357357357 0.4859375 0.7357357357357357 0.484375 0.7417417417417418 0.4796875 0.7417417417417418 0.4796875 0.7447447447447447 0.4828125 0.7507507507507507 0.49375 0.7507507507507507 0.4953125 0.7567567567567568 0.5015625 0.7567567567567568 0.503125 0.7597597597597597 0.5015625 0.7657657657657657 0.4984375 0.7657657657657657 0.4953125 0.7717717717717718 0.4953125 0.7897897897897898 0.4921875 0.7927927927927928 0.4921875 0.8198198198198198 0.5046875 0.8198198198198198 0.50625 0.8138138138138138 0.5109375 0.8138138138138138 0.5171875 0.8018018018018018 0.5171875 0.7867867867867868 0.5203125 0.7837837837837838 0.5203125 0.7777777777777778 0.525 0.7687687687687688 0.528125 0.7717717717717718 0.528125 0.7837837837837838 0.53125 0.7867867867867868 0.53125 0.8018018018018018 0.5390625 0.8018018018018018 0.5484375 0.7837837837837838 0.5484375 0.7777777777777778 0.5515625 0.7747747747747747 0.5515625 0.7657657657657657 0.55625 0.7627627627627628 0.55625 0.7537537537537538 0.5609375 0.7447447447447447 0.565625 0.7447447447447447 0.5734375 0.7267267267267268 0.58125 0.7267267267267268 0.5859375 0.7147147147147147 0.60625 0.7147147147147147 0.60625 0.6936936936936937 0.6 0.6816816816816816 0.6015625 0.6786786786786787 0.60625 0.6786786786786787 0.6078125 0.6726726726726727 0.6140625 0.6726726726726727 0.6140625 0.6606606606606606 0.6109375 0.6606606606606606 0.60625 0.6486486486486487 0.5953125 0.6486486486486487 0.59375 0.6456456456456456 0.596875 0.6396396396396397 0.596875 0.5825825825825826 0.59375 0.5795795795795796 0.59375 0.5705705705705706 0.5875 0.5615615615615616 0.5875 0.5495495495495496 0.58125 0.5375375375375375 0.5765625 0.5375375375375375 0.559375 0.5015015015015015 0.553125 0.5015015015015015 0.5515625 0.4954954954954955 0.546875 0.4954954954954955 0.5421875 0.48348348348348347 0.5375 0.48348348348348347 0.5328125 0.47147147147147145 0.528125 0.47147147147147145 0.5203125 0.45345345345345345 0.515625 0.45345345345345345 0.5140625 0.45045045045045046 0.5140625 0.4444444444444444 0.5109375 0.43843843843843844 0.503125 0.43843843843843844 0.5015625 0.43243243243243246 0.4796875 0.43243243243243246 0.4796875 0.43543543543543545 0.478125 0.43843843843843844 0.4734375 0.43843843843843844
1 0.3421875 0.9039039039039038 0.3390625 0.9099099099099099 0.3390625 0.918918918918919 0.3359375 0.9219219219219219 0.3359375 0.9309309309309309 0.334375 0.933933933933934 0.33125 0.933933933933934 0.3234375 0.9519519519519519 0.31875 0.9519519519519519 0.309375 0.96996996996997 0.309375 0.978978978978979 0.3125 0.9819819819819819 0.3125 0.990990990990991 0.315625 0.996996996996997 0.35625 0.996996996996997 0.3578125 0.990990990990991 0.3984375 0.990990990990991 0.4 0.996996996996997 0.453125 0.996996996996997 0.45625 0.987987987987988 0.453125 0.984984984984985 0.453125 0.975975975975976 0.45 0.972972972972973 0.45 0.963963963963964 0.4421875 0.954954954954955 0.4421875 0.9459459459459459 0.4375 0.9459459459459459 0.4328125 0.9369369369369369 0.4328125 0.9279279279279279 0.4265625 0.9159159159159159 0.421875 0.9159159159159159 0.4203125 0.9099099099099099 0.3703125 0.9099099099099099 0.36875 0.9039039039039038 0.3578125 0.9039039039039038 0.35625 0.8978978978978979 0.3484375 0.8978978978978979 0.3484375 0.9009009009009009 0.346875 0.9039039039039038 0.3421875 0.9039039039039038
1 0 0.36936936936936937 0.003125 0.36936936936936937 0.0046875 0.37537537537537535 0.0859375 0.37537537537537535 0.0875 0.36936936936936937 0.0953125 0.36936936936936937 0.096875 0.3633633633633634 0.1125 0.3633633633633634 0.1140625 0.35735735735735735 0.146875 0.35735735735735735 0.153125 0.34534534534534533 0.153125 0.32732732732732733 0.1640625 0.3063063063063063 0.1671875 0.3063063063063063 0.1671875 0.2672672672672673 0.1625 0.26426426426426425 0.1625 0.2552552552552553 0.159375 0.25225225225225223 0.159375 0.24324324324324326 0.15625 0.24024024024024024 0.15625 0.23123123123123124 0.153125 0.22822822822822822 0.153125 0.21621621621621623 0.128125 0.17117117117117117 0.128125 0.16216216216216217 0.1125 0.13213213213213212 0.109375 0.13213213213213212 0.1015625 0.11711711711711711 0.1015625 0.1111111111111111 0.0984375 0.10810810810810811 0.0984375 0.0990990990990991 0.0828125 0.06906906906906907 0.078125 0.06906906906906907 0.0734375 0.057057057057057055 0.06875 0.057057057057057055 0.0671875 0.05105105105105105 0.0625 0.05105105105105105 0.0609375 0.04504504504504504 0.0546875 0.04504504504504504 0.053125 0.03903903903903904 0.0484375 0.03903903903903904 0.046875 0.03303303303303303 0.0078125 0.03303303303303303 0.0078125 0.036036036036036036 0.003125 0.04504504504504504 0 0.04504504504504504 0 0.17717717717717718 0.003125 0.17717717717717718 0.0046875 0.1831831831831832 0 0.18618618618618618 0 0.36936936936936937
1 0.65 0.35735735735735735 0.653125 0.36036036036036034 0.653125 0.36936936936936937 0.65625 0.37237237237237236 0.65625 0.3933933933933934 0.65 0.4024024024024024 0.6484375 0.3963963963963964 0.64375 0.3963963963963964 0.6421875 0.39039039039039036 0.621875 0.39039039039039036 0.61875 0.3963963963963964 0.61875 0.40540540540540543 0.615625 0.4084084084084084 0.615625 0.42342342342342343 0.6109375 0.4264264264264264 0.6109375 0.45645645645645644 0.609375 0.4594594594594595 0.6046875 0.4594594594594595 0.6046875 0.4624624624624625 0.6203125 0.4624624624624625 0.625 0.4744744744744745 0.6296875 0.4744744744744745 0.640625 0.4954954954954955 0.640625 0.5105105105105106 0.6390625 0.5135135135135135 0.634375 0.5135135135135135 0.6328125 0.5075075075075075 0.61875 0.5075075075075075 0.615625 0.5135135135135135 0.6140625 0.5075075075075075 0.6109375 0.5075075075075075 0.609375 0.5135135135135135 0.5921875 0.5135135135135135 0.590625 0.5195195195195195 0.5859375 0.5195195195195195 0.5828125 0.5255255255255256 0.5828125 0.5345345345345346 0.5953125 0.5555555555555556 0.5953125 0.5615615615615616 0.6 0.5615615615615616 0.6046875 0.5705705705705706 0.6015625 0.5765765765765766 0.6015625 0.5915915915915916 0.6078125 0.6006006006006006 0.6078125 0.6096096096096096 0.6109375 0.6156156156156156 0.6171875 0.6156156156156156 0.625 0.6336336336336337 0.6328125 0.6336336336336337 0.634375 0.6366366366366366 0.6296875 0.6486486486486487 0.621875 0.6486486486486487 0.621875 0.6516516516516516 0.6265625 0.6516516516516516 0.628125 0.6576576576576577 0.6421875 0.6576576576576577 0.6421875 0.6486486486486487 0.6484375 0.6396396396396397 0.6484375 0.6066066066066066 0.6515625 0.6036036036036037 0.6515625 0.5945945945945946 0.6546875 0.5915915915915916 0.6546875 0.5705705705705706 0.6578125 0.5675675675675675 0.6578125 0.5375375375375375 0.6609375 0.5345345345345346 0.6609375 0.5195195195195195 0.6640625 0.5165165165165165 0.6640625 0.4954954954954955 0.66875 0.4924924924924925 0.66875 0.48348348348348347 0.675 0.4744744744744745 0.675 0.46546546546546547 0.6796875 0.45645645645645644 0.7 0.45645645645645644 0.7015625 0.4624624624624625 0.70625 0.4624624624624625 0.7171875 0.4864864864864865 0.7234375 0.4864864864864865 0.73125 0.5045045045045045 0.7359375 0.5045045045045045 0.7484375 0.4804804804804805 0.7484375 0.4594594594594595 0.7515625 0.45645645645645644 0.7515625 0.43843843843843844 0.7578125 0.4294294294294294 0.7578125 0.42042042042042044 0.7609375 0.4174174174174174 0.7609375 0.37237237237237236 0.7578125 0.3783783783783784 0.75 0.3783783783783784 0.7484375 0.3843843843843844 0.74375 0.3843843843843844 0.7421875 0.39039039039039036 0.7375 0.39039039039039036 0.7296875 0.37537537537537535 0.7296875 0.3663663663663664 0.7234375 0.35435435435435436 0.7203125 0.35435435435435436 0.71875 0.3483483483483483 0.7140625 0.3483483483483483 0.7078125 0.36036036036036034 0.7078125 0.36936936936936937 0.7046875 0.37237237237237236 0.7046875 0.38738738738738737 0.703125 0.39039039039039036 0.6984375 0.39039039039039036 0.696875 0.38738738738738737 0.696875 0.3783783783783784 0.690625 0.3663663663663664 0.6859375 0.3663663663663664 0.684375 0.36036036036036034 0.6796875 0.36036036036036034 0.678125 0.35435435435435436 0.6734375 0.35435435435435436 0.66875 0.34234234234234234 0.6625 0.34234234234234234 0.6609375 0.3333333333333333 0.65625 0.3333333333333333 0.653125 0.32732732732732733 0.653125 0.3303303303303303 0.65 0.3333333333333333 0.65 0.35735735735735735
1 0.9234375 0 0.9234375 0.003003003003003003 0.9234375 0.042042042042042045 0.9265625 0.04504504504504504 0.9265625 0.07807807807807808 0.9296875 0.08108108108108109 0.9296875 0.10810810810810811 0.9328125 0.1111111111111111 0.9328125 0.14114114114114115 0.9359375 0.14414414414414414 0.9359375 0.15915915915915915 0.9390625 0.16216216216216217 0.9390625 0.17117117117117117 0.9421875 0.17417417417417416 0.9421875 0.1831831831831832 0.9453125 0.1831831831831832 0.9625 0.21921921921921922 0.9671875 0.21921921921921922 0.96875 0.22822822822822822 0.9765625 0.22822822822822822 0.978125 0.23423423423423423 0.9859375 0.23423423423423423 0.9875 0.24024024024024024 0.9953125 0.24024024024024024 0.9984375 0.23423423423423423 0.9984375 0.17417417417417416 0.9953125 0.17117117117117117 0.9953125 0.16216216216216217 0.9984375 0.15915915915915915 0.9984375 0.10510510510510511 0.9953125 0.0990990990990991 0.990625 0.0990990990990991 0.9890625 0.0960960960960961 0.9890625 0.08708708708708708 0.9921875 0.08408408408408409 0.9953125 0.09009009009009009 0.9953125 0.07507507507507508 0.9984375 0.07207207207207207 0.9984375 0 0.9234375 0
1 0.7015625 0 0.7015625 0.003003003003003003 0.6984375 0.009009009009009009 0.6984375 0.018018018018018018 0.7046875 0.02702702702702703 0.7046875 0.036036036036036036 0.7109375 0.04504504504504504 0.7109375 0.05405405405405406 0.7140625 0.057057057057057055 0.7140625 0.08408408408408409 0.7171875 0.08708708708708708 0.7171875 0.0960960960960961 0.7203125 0.1021021021021021 0.7234375 0.1021021021021021 0.725 0.10810810810810811 0.7328125 0.10810810810810811 0.734375 0.11711711711711711 0.7578125 0.11711711711711711 0.759375 0.10810810810810811 0.7671875 0.10810810810810811 0.76875 0.1021021021021021 0.7734375 0.1021021021021021 0.775 0.0960960960960961 0.778125 0.0960960960960961 0.78125 0.09009009009009009 0.78125 0.08108108108108109 0.79375 0.06006006006006006 0.79375 0.05105105105105105 0.796875 0.04804804804804805 0.796875 0.02702702702702703 0.803125 0.018018018018018018 0.803125 0.009009009009009009 0.80625 0.006006006006006006 0.80625 0 0.7015625 0
1 0.5890625 0.34234234234234234 0.578125 0.3663663663663664 0.5734375 0.3663663663663664 0.55625 0.4024024024024024 0.553125 0.4024024024024024 0.54375 0.42042042042042044 0.54375 0.43543543543543545 0.540625 0.43843843843843844 0.540625 0.45045045045045046 0.54375 0.45345345345345345 0.54375 0.4624624624624625 0.546875 0.46546546546546547 0.546875 0.4804804804804805 0.553125 0.4924924924924925 0.55625 0.4924924924924925 0.5578125 0.4984984984984985 0.5625 0.4984984984984985 0.5734375 0.5225225225225225 0.584375 0.5225225225225225 0.5859375 0.5165165165165165 0.59375 0.5165165165165165 0.5953125 0.5105105105105106 0.6421875 0.5105105105105106 0.6421875 0.4954954954954955 0.6296875 0.47147147147147145 0.625 0.47147147147147145 0.6140625 0.45045045045045046 0.6140625 0.43243243243243246 0.6171875 0.4294294294294294 0.6171875 0.4084084084084084 0.6203125 0.40540540540540543 0.6203125 0.3963963963963964 0.621875 0.3933933933933934 0.6359375 0.3933933933933934 0.640625 0.4024024024024024 0.640625 0.4114114114114114 0.65 0.4264264264264264 0.65 0.43543543543543545 0.653125 0.44144144144144143 0.6640625 0.44144144144144143 0.6640625 0.43843843843843844 0.6609375 0.43543543543543545 0.6609375 0.4084084084084084 0.6578125 0.40540540540540543 0.6578125 0.3783783783783784 0.6546875 0.37537537537537535 0.6546875 0.3663663663663664 0.6515625 0.3633633633633634 0.6515625 0.35435435435435436 0.6484375 0.35135135135135137 0.6484375 0.34234234234234234 0.64375 0.34234234234234234 0.6421875 0.3333333333333333 0.5953125 0.3333333333333333 0.5953125 0.33633633633633636 0.59375 0.34234234234234234 0.5890625 0.34234234234234234
1 0 0.6516516516516516 0.0125 0.6516516516516516 0.0140625 0.6456456456456456 0.028125 0.6456456456456456 0.0296875 0.6396396396396397 0.0375 0.6396396396396397 0.0390625 0.6336336336336337 0.04375 0.6336336336336337 0.0546875 0.6096096096096096 0.0578125 0.6096096096096096 0.0578125 0.6006006006006006 0.0703125 0.5795795795795796 0.0703125 0.5705705705705706 0.0734375 0.5675675675675675 0.0734375 0.5495495495495496 0.0765625 0.5465465465465466 0.0765625 0.5135135135135135 0.0734375 0.5075075075075075 0.0765625 0.5015015015015015 0.0734375 0.4984984984984985 0.0734375 0.4774774774774775 0.0703125 0.4744744744744745 0.0703125 0.46546546546546547 0.065625 0.46546546546546547 0.0578125 0.45045045045045046 0.0578125 0.43843843843843844 0.053125 0.43543543543543545 0.053125 0.42042042042042044 0.05 0.4144144144144144 0.0453125 0.4144144144144144 0.040625 0.4024024024024024 0.0328125 0.4024024024024024 0.03125 0.3963963963963964 0.0203125 0.3963963963963964 0.01875 0.39039039039039036 0 0.39039039039039036 0 0.3933933933933934 0 0.5225225225225225 0.003125 0.5225225225225225 0.0046875 0.5285285285285285 0 0.5315315315315315 0 0.5675675675675675 0.0046875 0.5705705705705706 0.0046875 0.5855855855855856 0 0.5885885885885885 0 0.6516516516516516
1 0.184375 0.2222222222222222 0.184375 0.26426426426426425 0.1828125 0.2672672672672673 0.178125 0.2672672672672673 0.175 0.2732732732732733 0.175 0.3063063063063063 0.178125 0.30930930930930933 0.178125 0.35135135135135137 0.1875 0.3663663663663664 0.1875 0.37537537537537535 0.190625 0.3813813813813814 0.1953125 0.3813813813813814 0.196875 0.38738738738738737 0.2015625 0.38738738738738737 0.203125 0.3933933933933934 0.2078125 0.3933933933933934 0.221875 0.42042042042042044 0.221875 0.4294294294294294 0.2265625 0.43243243243243246 0.2265625 0.44144144144144143 0.2328125 0.45345345345345345 0.2328125 0.4624624624624625 0.2390625 0.4744744744744745 0.24375 0.4744744744744745 0.2453125 0.4804804804804805 0.253125 0.4804804804804805 0.2546875 0.4744744744744745 0.2625 0.4744744744744745 0.2640625 0.46846846846846846 0.271875 0.46846846846846846 0.2734375 0.4624624624624625 0.2796875 0.4624624624624625 0.28125 0.45645645645645644 0.2890625 0.45645645645645644 0.290625 0.45045045045045046 0.2984375 0.45045045045045046 0.3 0.44144144144144143 0.3046875 0.44144144144144143 0.30625 0.43543543543543545 0.3109375 0.43543543543543545 0.3125 0.4294294294294294 0.3171875 0.4294294294294294 0.3296875 0.40540540540540543 0.3296875 0.39039039039039036 0.3234375 0.3813813813813814 0.3234375 0.37237237237237236 0.3140625 0.35735735735735735 0.3140625 0.3483483483483483 0.3078125 0.33933933933933935 0.3078125 0.3333333333333333 0.2796875 0.27927927927927926 0.275 0.27627627627627627 0.275 0.2672672672672673 0.271875 0.26426426426426425 0.271875 0.2552552552552553 0.2625 0.24024024024024024 0.2625 0.23123123123123124 0.259375 0.22822822822822822 0.259375 0.2222222222222222 0.2515625 0.2222222222222222 0.25 0.21621621621621623 0.2421875 0.21621621621621623 0.240625 0.2222222222222222 0.221875 0.2222222222222222 0.221875 0.22822822822822822 0.2109375 0.24924924924924924 0.203125 0.24924924924924924 0.2015625 0.24624624624624625 0.2015625 0.23123123123123124 0.1984375 0.22822822822822822 0.1984375 0.2042042042042042 0.190625 0.2042042042042042 0.190625 0.2072072072072072 0.190625 0.2132132132132132 0.184375 0.2222222222222222
1 0.075 0.6066066066066066 0.075 0.6156156156156156 0.078125 0.6186186186186187 0.078125 0.6336336336336337 0.08125 0.6366366366366366 0.08125 0.6456456456456456 0.078125 0.6486486486486487 0.078125 0.6576576576576577 0.0765625 0.6606606606606606 0.0734375 0.6546546546546547 0.06875 0.6546546546546547 0.0671875 0.6486486486486487 0.0625 0.6486486486486487 0.0609375 0.6426426426426426 0.0546875 0.6426426426426426 0.053125 0.6366366366366366 0.0453125 0.6366366366366366 0.04375 0.6426426426426426 0.0359375 0.6426426426426426 0.0265625 0.6606606606606606 0.0265625 0.6906906906906907 0.0296875 0.6936936936936937 0.0296875 0.7027027027027027 0.0328125 0.7087087087087087 0.0578125 0.7087087087087087 0.059375 0.7147147147147147 0.0640625 0.7147147147147147 0.078125 0.7417417417417418 0.078125 0.7507507507507507 0.0828125 0.7507507507507507 0.084375 0.7447447447447447 0.0890625 0.7447447447447447 0.090625 0.7387387387387387 0.0953125 0.7387387387387387 0.096875 0.7327327327327328 0.1 0.7387387387387387 0.125 0.7387387387387387 0.1265625 0.7447447447447447 0.13125 0.7447447447447447 0.1328125 0.7387387387387387 0.1375 0.7387387387387387 0.1390625 0.7447447447447447 0.1625 0.7447447447447447 0.1640625 0.7387387387387387 0.1671875 0.7387387387387387 0.1796875 0.7147147147147147 0.1796875 0.6816816816816816 0.1765625 0.6786786786786787 0.1765625 0.6666666666666666 0.1703125 0.6546546546546547 0.1609375 0.6546546546546547 0.159375 0.6486486486486487 0.1515625 0.6486486486486487 0.15 0.6426426426426426 0.1390625 0.6426426426426426 0.1375 0.6366366366366366 0.1296875 0.6366366366366366 0.128125 0.6306306306306306 0.1234375 0.6306306306306306 0.11875 0.6186186186186187 0.1140625 0.6186186186186187 0.1125 0.6126126126126126 0.10625 0.6126126126126126 0.1046875 0.6066066066066066 0.1 0.6066066066066066 0.0984375 0.6006006006006006 0.09375 0.6006006006006006 0.0921875 0.5945945945945946 0.084375 0.5945945945945946 0.084375 0.5975975975975976 0.0796875 0.6066066066066066 0.075 0.6066066066066066
1 0.1515625 0 0.1515625 0.003003003003003003 0.1515625 0.04804804804804805 0.1546875 0.05105105105105105 0.1546875 0.06606606606606606 0.1578125 0.06906906906906907 0.1578125 0.07807807807807808 0.1609375 0.08108108108108109 0.1609375 0.0960960960960961 0.1640625 0.0990990990990991 0.1640625 0.10810810810810811 0.16875 0.1111111111111111 0.16875 0.12312312312312312 0.171875 0.12612612612612611 0.171875 0.13513513513513514 0.175 0.13813813813813813 0.175 0.14714714714714713 0.178125 0.15015015015015015 0.178125 0.15915915915915915 0.1875 0.17717717717717718 0.1921875 0.17717717717717718 0.19375 0.1831831831831832 0.2046875 0.1831831831831832 0.20625 0.17717717717717718 0.2109375 0.17717717717717718 0.2125 0.17117117117117117 0.2171875 0.17117117117117117 0.221875 0.15915915915915915 0.225 0.15915915915915915 0.2390625 0.12912912912912913 0.24375 0.12912912912912913 0.25 0.11711711711711711 0.25 0.10510510510510511 0.2546875 0.0960960960960961 0.2625 0.0960960960960961 0.2625 0.08708708708708708 0.2703125 0.07207207207207207 0.275 0.07207207207207207 0.2765625 0.06606606606606606 0.2796875 0.06606606606606606 0.2875 0.04804804804804805 0.2921875 0.04804804804804805 0.3109375 0.012012012012012012 0.3109375 0 0.209375 0 0.209375 0.006006006006006006 0.20625 0.009009009009009009 0.2046875 0 0.1515625 0
1 0.325 0.4264264264264264 0.3234375 0.43243243243243246 0.31875 0.43243243243243246 0.3171875 0.43843843843843844 0.309375 0.43843843843843844 0.3078125 0.4444444444444444 0.303125 0.4444444444444444 0.3015625 0.45345345345345345 0.29375 0.45345345345345345 0.2921875 0.4594594594594595 0.284375 0.4594594594594595 0.2828125 0.46546546546546547 0.2765625 0.46546546546546547 0.275 0.47147147147147145 0.2703125 0.47147147147147145 0.26875 0.4774774774774775 0.2640625 0.4774774774774775 0.2625 0.48348348348348347 0.2578125 0.48348348348348347 0.2453125 0.5075075075075075 0.2453125 0.5165165165165165 0.2421875 0.5195195195195195 0.2421875 0.5405405405405406 0.2390625 0.5465465465465466 0.2421875 0.5495495495495496 0.2421875 0.5675675675675675 0.2453125 0.5705705705705706 0.2453125 0.5855855855855856 0.2484375 0.5885885885885885 0.2484375 0.6456456456456456 0.253125 0.6456456456456456 0.2546875 0.6516516516516516 0.259375 0.6516516516516516 0.2609375 0.6576576576576577 0.26875 0.6576576576576577 0.2703125 0.6516516516516516 0.2859375 0.6516516516516516 0.290625 0.6636636636636637 0.2953125 0.6636636636636637 0.296875 0.6666666666666666 0.296875 0.6906906906906907 0.3015625 0.6906906906906907 0.303125 0.6966966966966966 0.3078125 0.6966966966966966 0.309375 0.7027027027027027 0.3140625 0.7027027027027027 0.315625 0.6966966966966966 0.3234375 0.6966966966966966 0.325 0.6906906906906907 0.3296875 0.6906906906906907 0.33125 0.6846846846846847 0.334375 0.6846846846846847 0.3359375 0.6786786786786787 0.340625 0.6786786786786787 0.3453125 0.6636636636636637 0.35 0.6636636636636637 0.35 0.6546546546546547 0.3515625 0.6516516516516516 0.35625 0.6516516516516516 0.35625 0.6426426426426426 0.3625 0.6336336336336337 0.3625 0.6246246246246246 0.365625 0.6216216216216216 0.365625 0.6006006006006006 0.36875 0.5975975975975976 0.36875 0.5495495495495496 0.371875 0.5435435435435435 0.36875 0.5405405405405406 0.36875 0.4444444444444444 0.3625 0.43243243243243246 0.3578125 0.43243243243243246 0.35625 0.4264264264264264 0.3515625 0.4264264264264264 0.35 0.42042042042042044 0.3359375 0.42042042042042044 0.3359375 0.42342342342342343 0.334375 0.4264264264264264 0.325 0.4264264264264264
1 0.09375 0.3783783783783784 0.09375 0.3933933933933934 0.096875 0.3963963963963964 0.0953125 0.4024024024024024 0.090625 0.4024024024024024 0.0890625 0.4084084084084084 0.078125 0.4084084084084084 0.0765625 0.4144144144144144 0.06875 0.4144144144144144 0.0671875 0.42042042042042044 0.0625 0.42042042042042044 0.059375 0.4264264264264264 0.059375 0.43543543543543545 0.0625 0.43843843843843844 0.0625 0.45045045045045046 0.0671875 0.45045045045045046 0.06875 0.45645645645645644 0.0890625 0.45645645645645644 0.090625 0.45045045045045046 0.09375 0.45345345345345345 0.09375 0.4624624624624625 0.0875 0.47147147147147145 0.0875 0.5225225225225225 0.090625 0.5255255255255256 0.090625 0.5345345345345346 0.09375 0.5375375375375375 0.09375 0.5465465465465466 0.096875 0.5495495495495496 0.096875 0.5975975975975976 0.1015625 0.5975975975975976 0.10625 0.6096096096096096 0.1125 0.6096096096096096 0.1140625 0.6156156156156156 0.11875 0.6156156156156156 0.1234375 0.6276276276276276 0.13125 0.6276276276276276 0.1328125 0.6336336336336337 0.140625 0.6336336336336337 0.1421875 0.6396396396396397 0.153125 0.6396396396396397 0.1546875 0.6456456456456456 0.1671875 0.6456456456456456 0.16875 0.6516516516516516 0.1984375 0.6516516516516516 0.2 0.6456456456456456 0.2078125 0.6456456456456456 0.209375 0.6396396396396397 0.2140625 0.6396396396396397 0.2171875 0.6336336336336337 0.2171875 0.6246246246246246 0.221875 0.6156156156156156 0.225 0.6156156156156156 0.225 0.6006006006006006 0.228125 0.5975975975975976 0.228125 0.5555555555555556 0.2296875 0.5525525525525525 0.234375 0.5525525525525525 0.234375 0.5315315315315315 0.2375 0.5285285285285285 0.2375 0.5015015015015015 0.234375 0.4984984984984985 0.234375 0.4774774774774775 0.23125 0.4744744744744745 0.23125 0.4594594594594595 0.225 0.45045045045045046 0.225 0.43843843843843844 0.221875 0.43843843843843844 0.2046875 0.4024024024024024 0.2 0.4024024024024024 0.1984375 0.3963963963963964 0.190625 0.3963963963963964 0.1890625 0.39039039039039036 0.178125 0.39039039039039036 0.1765625 0.3843843843843844 0.1578125 0.3843843843843844 0.15625 0.3783783783783784 0.1515625 0.3783783783783784 0.15 0.37237237237237236 0.1296875 0.37237237237237236 0.1265625 0.3783783783783784 0.125 0.37237237237237236 0.103125 0.37237237237237236 0.103125 0.37537537537537535 0.1015625 0.3783783783783784 0.09375 0.3783783783783784
1 0.8234375 0 0.8234375 0.003003003003003003 0.821875 0.009009009009009009 0.8171875 0.009009009009009009 0.8046875 0.03303303303303303 0.8046875 0.042042042042042045 0.8015625 0.04504504504504504 0.8015625 0.05405405405405406 0.7984375 0.057057057057057055 0.7984375 0.06606606606606606 0.7953125 0.06906906906906907 0.7953125 0.15315315315315314 0.7984375 0.15615615615615616 0.7984375 0.16516516516516516 0.8046875 0.17417417417417416 0.8046875 0.1831831831831832 0.8140625 0.2012012012012012 0.825 0.2012012012012012 0.825 0.1921921921921922 0.828125 0.1891891891891892 0.828125 0.18018018018018017 0.83125 0.17717717717717718 0.83125 0.16216216216216217 0.8328125 0.15915915915915915 0.8359375 0.15915915915915915 0.8375 0.15315315315315314 0.8484375 0.15315315315315314 0.859375 0.17417417417417416 0.859375 0.1831831831831832 0.8625 0.18618618618618618 0.8625 0.19519519519519518 0.865625 0.1981981981981982 0.865625 0.23423423423423423 0.86875 0.24024024024024024 0.8796875 0.24024024024024024 0.88125 0.23423423423423423 0.8859375 0.23423423423423423 0.8875 0.22822822822822822 0.890625 0.22822822822822822 0.8921875 0.21921921921921922 0.896875 0.21921921921921922 0.9015625 0.2072072072072072 0.9125 0.2072072072072072 0.9140625 0.2012012012012012 0.928125 0.2012012012012012 0.93125 0.19519519519519518 0.93125 0.18618618618618618 0.934375 0.18018018018018017 0.93125 0.17717717717717718 0.93125 0.15015015015015015 0.928125 0.14714714714714713 0.928125 0.10510510510510511 0.925 0.1021021021021021 0.925 0.08108108108108109 0.921875 0.07807807807807808 0.921875 0.057057057057057055 0.91875 0.05405405405405406 0.91875 0.03303303303303303 0.9125 0.024024024024024024 0.9125 0.015015015015015015 0.9078125 0.015015015015015015 0.903125 0.006006006006006006 0.903125 0 0.8234375 0
1 0.1359375 0.06906906906906907 0.134375 0.07507507507507508 0.1296875 0.07507507507507508 0.125 0.08708708708708708 0.1171875 0.08708708708708708 0.115625 0.09309309309309309 0.109375 0.09309309309309309 0.10625 0.0990990990990991 0.10625 0.11711711711711711 0.1171875 0.13213213213213212 0.1171875 0.14114114114114115 0.1421875 0.18618618618618618 0.1421875 0.19519519519519518 0.1484375 0.2072072072072072 0.153125 0.2072072072072072 0.1546875 0.21021021021021022 0.1546875 0.21921921921921922 0.1578125 0.2222222222222222 0.1578125 0.23423423423423423 0.1640625 0.24624624624624625 0.1671875 0.24624624624624625 0.16875 0.25225225225225223 0.1765625 0.25225225225225223 0.1828125 0.24024024024024024 0.1828125 0.21621621621621623 0.1859375 0.2132132132132132 0.1859375 0.2042042042042042 0.1921875 0.19519519519519518 0.1921875 0.18618618618618618 0.1765625 0.15915915915915915 0.1765625 0.15015015015015015 0.1734375 0.14714714714714713 0.1734375 0.13813813813813813 0.1703125 0.13513513513513514 0.1703125 0.12612612612612611 0.1671875 0.12312312312312312 0.1671875 0.1111111111111111 0.1625 0.10810810810810811 0.1625 0.0990990990990991 0.159375 0.0960960960960961 0.159375 0.08108108108108109 0.15625 0.07807807807807808 0.15625 0.06906906906906907 0.153125 0.06306306306306306 0.1421875 0.06306306306306306 0.1421875 0.06606606606606606 0.140625 0.06906906906906907 0.1359375 0.06906906906906907
1 0 0.8618618618618619 0.00625 0.8618618618618619 0.015625 0.8438438438438438 0.015625 0.8288288288288288 0.021875 0.8198198198198198 0.021875 0.8108108108108109 0.028125 0.8018018018018018 0.028125 0.7867867867867868 0.03125 0.7837837837837838 0.03125 0.7657657657657657 0.028125 0.7627627627627628 0.028125 0.7477477477477478 0.025 0.7447447447447447 0.025 0.7357357357357357 0.021875 0.7327327327327328 0.021875 0.7177177177177178 0.01875 0.7147147147147147 0.01875 0.7057057057057057 0.0140625 0.7057057057057057 0.009375 0.6936936936936937 0.0046875 0.6936936936936937 0.003125 0.6876876876876877 0 0.6876876876876877 0 0.6906906906906907 0 0.8618618618618619
1 0.9625 0.7567567567567568 0.965625 0.7597597597597597 0.965625 0.7747747747747747 0.96875 0.7777777777777778 0.96875 0.7897897897897898 0.971875 0.7927927927927928 0.971875 0.8018018018018018 0.975 0.8048048048048048 0.975 0.8138138138138138 0.978125 0.8168168168168168 0.978125 0.8258258258258259 0.98125 0.8318318318318318 0.9859375 0.8318318318318318 0.9875 0.8378378378378378 0.9953125 0.8378378378378378 0.9984375 0.8318318318318318 0.9984375 0.7597597597597597 0.9953125 0.7567567567567568 0.9953125 0.7477477477477478 0.98125 0.7477477477477478 0.9796875 0.7417417417417418 0.975 0.7417417417417418 0.9734375 0.7357357357357357 0.965625 0.7357357357357357 0.965625 0.7387387387387387 0.9625 0.7417417417417418 0.9625 0.7567567567567568
1 0.95625 0.5825825825825826 0.9546875 0.5885885885885885 0.95 0.5885885885885885 0.9484375 0.5945945945945946 0.9421875 0.5945945945945946 0.9421875 0.6156156156156156 0.946875 0.6186186186186187 0.946875 0.6276276276276276 0.9421875 0.6306306306306306 0.9421875 0.6456456456456456 0.9453125 0.6456456456456456 0.95 0.6576576576576577 0.946875 0.6606606606606606 0.946875 0.6726726726726727 0.9421875 0.6756756756756757 0.9421875 0.6966966966966966 0.9390625 0.6996996996996997 0.9390625 0.7147147147147147 0.9359375 0.7177177177177178 0.9359375 0.7387387387387387 0.9390625 0.7447447447447447 0.9453125 0.7447447447447447 0.953125 0.7597597597597597 0.953125 0.7687687687687688 0.9578125 0.7627627627627628 0.9578125 0.7477477477477478 0.9609375 0.7447447447447447 0.9625 0.7477477477477478 0.9625 0.7687687687687688 0.96875 0.7777777777777778 0.96875 0.7957957957957958 0.971875 0.7987987987987988 0.971875 0.8078078078078078 0.978125 0.8168168168168168 0.978125 0.8258258258258259 0.98125 0.8318318318318318 0.9859375 0.8318318318318318 0.9875 0.8378378378378378 0.9921875 0.8378378378378378 0.99375 0.8318318318318318 0.9984375 0.8318318318318318 0.9984375 0.6756756756756757 0.9953125 0.6726726726726727 0.9953125 0.6126126126126126 0.9984375 0.6096096096096096 0.9984375 0.6006006006006006 0.9953125 0.5975975975975976 0.9953125 0.5825825825825826 0.98125 0.5825825825825826 0.9796875 0.5765765765765766 0.9625 0.5765765765765766 0.9625 0.5795795795795796 0.9609375 0.5825825825825826 0.95625 0.5825825825825826
1 0 0.924924924924925 0.003125 0.924924924924925 0.0046875 0.9309309309309309 0.009375 0.9309309309309309 0.0109375 0.9369369369369369 0.025 0.9369369369369369 0.028125 0.9429429429429429 0.0296875 0.9369369369369369 0.034375 0.9369369369369369 0.0359375 0.9429429429429429 0.040625 0.9429429429429429 0.0421875 0.9459459459459459 0.040625 0.9519519519519519 0.0328125 0.9519519519519519 0.0328125 0.960960960960961 0.0296875 0.9669669669669669 0.034375 0.9669669669669669 0.0359375 0.972972972972973 0.04375 0.972972972972973 0.0453125 0.978978978978979 0.05 0.978978978978979 0.05 0.963963963963964 0.046875 0.960960960960961 0.046875 0.9519519519519519 0.04375 0.948948948948949 0.04375 0.93993993993994 0.0453125 0.9369369369369369 0.05 0.9369369369369369 0.0515625 0.93993993993994 0.0515625 0.948948948948949 0.0546875 0.9519519519519519 0.0546875 0.960960960960961 0.059375 0.963963963963964 0.059375 0.978978978978979 0.0640625 0.978978978978979 0.06875 0.990990990990991 0.11875 0.990990990990991 0.1203125 0.996996996996997 0.125 0.996996996996997 0.1265625 0.990990990990991 0.14375 0.990990990990991 0.1453125 0.996996996996997 0.1765625 0.996996996996997 0.178125 0.990990990990991 0.1984375 0.990990990990991 0.2 0.984984984984985 0.2046875 0.984984984984985 0.209375 0.972972972972973 0.2140625 0.972972972972973 0.215625 0.9669669669669669 0.2203125 0.9669669669669669 0.2265625 0.954954954954955 0.23125 0.954954954954955 0.2328125 0.948948948948949 0.2375 0.948948948948949 0.2453125 0.9309309309309309 0.25 0.9309309309309309 0.2578125 0.9129129129129129 0.2625 0.9129129129129129 0.265625 0.9069069069069069 0.265625 0.8978978978978979 0.26875 0.8948948948948949 0.26875 0.8648648648648649 0.265625 0.8618618618618619 0.265625 0.8468468468468469 0.259375 0.8378378378378378 0.259375 0.8288288288288288 0.2546875 0.8288288288288288 0.253125 0.8228228228228228 0.2484375 0.8228228228228228 0.246875 0.8168168168168168 0.2421875 0.8168168168168168 0.240625 0.8108108108108109 0.2359375 0.8108108108108109 0.234375 0.8048048048048048 0.2296875 0.8048048048048048 0.228125 0.7987987987987988 0.21875 0.7987987987987988 0.2171875 0.7927927927927928 0.2125 0.7927927927927928 0.2109375 0.7897897897897898 0.2109375 0.7777777777777778 0.20625 0.7777777777777778 0.2046875 0.7717717717717718 0.1875 0.7717717717717718 0.1859375 0.7657657657657657 0.178125 0.7657657657657657 0.1765625 0.7597597597597597 0.1609375 0.7597597597597597 0.159375 0.7537537537537538 0.1453125 0.7537537537537538 0.14375 0.7477477477477478 0.10625 0.7477477477477478 0.1046875 0.7537537537537538 0.1 0.7537537537537538 0.096875 0.7597597597597597 0.0921875 0.7477477477477478 0.0875 0.7477477477477478 0.078125 0.7657657657657657 0.0734375 0.7567567567567568 0.0734375 0.7477477477477478 0.0703125 0.7447447447447447 0.0703125 0.7357357357357357 0.0640625 0.7237237237237237 0.059375 0.7237237237237237 0.0578125 0.7177177177177178 0.0484375 0.7177177177177178 0.0453125 0.7117117117117117 0.0453125 0.7147147147147147 0.04375 0.7177177177177178 0.0296875 0.7177177177177178 0.0296875 0.7387387387387387 0.0328125 0.7417417417417418 0.0328125 0.7507507507507507 0.0359375 0.7537537537537538 0.0359375 0.7627627627627628 0.0390625 0.7657657657657657 0.0390625 0.7897897897897898 0.0265625 0.8108108108108109 0.0265625 0.8198198198198198 0.0203125 0.8288288288288288 0.0203125 0.8498498498498499 0.015625 0.8588588588588588 0.0109375 0.8588588588588588 0.009375 0.8648648648648649 0.0046875 0.8648648648648649 0.003125 0.8708708708708709 0 0.8708708708708709 0 0.924924924924925
1 0.30625 0.05105105105105105 0.3046875 0.057057057057057055 0.3 0.057057057057057055 0.290625 0.07507507507507508 0.290625 0.0960960960960961 0.2875 0.0990990990990991 0.2875 0.10810810810810811 0.284375 0.1111111111111111 0.2828125 0.12012012012012012 0.2765625 0.12012012012012012 0.275 0.12612612612612611 0.2703125 0.12612612612612611 0.26875 0.12012012012012012 0.2578125 0.12012012012012012 0.2578125 0.12912912912912913 0.2609375 0.13513513513513514 0.265625 0.13513513513513514 0.2671875 0.14114114114114115 0.271875 0.14114114114114115 0.2734375 0.14414414414414414 0.2734375 0.15315315315315314 0.2703125 0.15615615615615616 0.2703125 0.1891891891891892 0.2671875 0.1921921921921922 0.2671875 0.2132132132132132 0.2640625 0.21621621621621623 0.2640625 0.23423423423423423 0.2671875 0.23723723723723725 0.2671875 0.24624624624624625 0.2734375 0.2552552552552553 0.2734375 0.2702702702702703 0.2765625 0.27627627627627627 0.2828125 0.27627627627627627 0.30625 0.3213213213213213 0.30625 0.3303303303303303 0.3109375 0.3303303303303303 0.3125 0.3333333333333333 0.3125 0.34534534534534533 0.325 0.3663663663663664 0.325 0.37537537537537535 0.328125 0.3813813813813814 0.334375 0.3813813813813814 0.3390625 0.3933933933933934 0.346875 0.3933933933933934 0.3484375 0.3993993993993994 0.36875 0.3993993993993994 0.38125 0.37537537537537535 0.38125 0.3663663663663664 0.384375 0.3633633633633634 0.384375 0.35435435435435436 0.3890625 0.35135135135135137 0.3890625 0.3333333333333333 0.3921875 0.3303303303303303 0.3921875 0.3033033033033033 0.3953125 0.3003003003003003 0.3953125 0.2672672672672673 0.3984375 0.26426426426426425 0.3984375 0.21621621621621623 0.4015625 0.2132132132132132 0.4015625 0.15615615615615616 0.4046875 0.15015015015015015 0.4015625 0.14714714714714713 0.4015625 0.13213213213213212 0.3921875 0.11711711711711711 0.3921875 0.09309309309309309 0.38125 0.07807807807807808 0.38125 0.06906906906906907 0.378125 0.06306306306306306 0.3640625 0.06306306306306306 0.3625 0.06906906906906907 0.3484375 0.06906906906906907 0.346875 0.06306306306306306 0.3421875 0.06306306306306306 0.334375 0.04504504504504504 0.321875 0.04504504504504504 0.321875 0.04804804804804805 0.3203125 0.05105105105105105 0.30625 0.05105105105105105
1 0.3796875 0.6426426426426426 0.378125 0.6486486486486487 0.3703125 0.6486486486486487 0.36875 0.6546546546546547 0.3640625 0.6546546546546547 0.3578125 0.6666666666666666 0.3578125 0.6786786786786787 0.3546875 0.6816816816816816 0.3546875 0.6966966966966966 0.3515625 0.6996996996996997 0.3515625 0.7207207207207207 0.3546875 0.7237237237237237 0.3546875 0.7327327327327328 0.3578125 0.7357357357357357 0.3578125 0.7507507507507507 0.3546875 0.7537537537537538 0.3546875 0.7627627627627628 0.3515625 0.7657657657657657 0.3515625 0.7747747747747747 0.3484375 0.7777777777777778 0.3484375 0.7837837837837838 0.3453125 0.7867867867867868 0.3453125 0.7957957957957958 0.3421875 0.7987987987987988 0.3421875 0.8198198198198198 0.3390625 0.8228228228228228 0.3390625 0.8498498498498499 0.3453125 0.8588588588588588 0.3453125 0.8678678678678678 0.3578125 0.8888888888888888 0.3578125 0.8948948948948949 0.365625 0.8948948948948949 0.3671875 0.9009009009009009 0.384375 0.9009009009009009 0.3859375 0.9069069069069069 0.4171875 0.9069069069069069 0.41875 0.9009009009009009 0.4265625 0.9009009009009009 0.428125 0.8948948948948949 0.4359375 0.8948948948948949 0.4375 0.8858858858858859 0.4421875 0.8858858858858859 0.44375 0.8798798798798799 0.453125 0.8798798798798799 0.4546875 0.8738738738738738 0.459375 0.8738738738738738 0.4640625 0.8618618618618619 0.46875 0.8618618618618619 0.4734375 0.8498498498498499 0.478125 0.8498498498498499 0.4796875 0.8438438438438438 0.484375 0.8438438438438438 0.490625 0.8318318318318318 0.490625 0.8168168168168168 0.4875 0.8138138138138138 0.4875 0.7927927927927928 0.490625 0.7897897897897898 0.490625 0.7657657657657657 0.4875 0.7597597597597597 0.4828125 0.7597597597597597 0.48125 0.7537537537537538 0.4765625 0.7537537537537538 0.475 0.7507507507507507 0.475 0.7357357357357357 0.4765625 0.7327327327327328 0.48125 0.7327327327327328 0.48125 0.7117117117117117 0.4734375 0.7117117117117117 0.471875 0.7087087087087087 0.471875 0.6996996996996997 0.4625 0.6846846846846847 0.4625 0.6756756756756757 0.459375 0.6726726726726727 0.459375 0.6666666666666666 0.4546875 0.6666666666666666 0.453125 0.6606606606606606 0.4484375 0.6606606606606606 0.446875 0.6546546546546547 0.4375 0.6546546546546547 0.4359375 0.6486486486486487 0.428125 0.6486486486486487 0.4265625 0.6426426426426426 0.409375 0.6426426426426426 0.4078125 0.6366366366366366 0.4 0.6366366366366366 0.4 0.6396396396396397 0.3984375 0.6426426426426426 0.3796875 0.6426426426426426
1 0.8171875 0.8528528528528528 0.815625 0.8588588588588588 0.8015625 0.8588588588588588 0.7953125 0.8708708708708709 0.7953125 0.8858858858858859 0.7984375 0.8888888888888888 0.7984375 0.9069069069069069 0.8015625 0.9099099099099099 0.8015625 0.918918918918919 0.7984375 0.9219219219219219 0.7984375 0.9369369369369369 0.79375 0.9459459459459459 0.7859375 0.9459459459459459 0.784375 0.93993993993994 0.775 0.93993993993994 0.771875 0.9459459459459459 0.771875 0.990990990990991 0.775 0.996996996996997 0.803125 0.996996996996997 0.8046875 0.990990990990991 0.8359375 0.990990990990991 0.8375 0.996996996996997 0.8453125 0.996996996996997 0.846875 0.990990990990991 0.8640625 0.990990990990991 0.865625 0.996996996996997 0.93125 0.996996996996997 0.93125 0.9519519519519519 0.928125 0.948948948948949 0.928125 0.933933933933934 0.925 0.9309309309309309 0.925 0.9219219219219219 0.921875 0.918918918918919 0.921875 0.9099099099099099 0.9125 0.8948948948948949 0.9125 0.8888888888888888 0.8953125 0.8888888888888888 0.89375 0.8828828828828829 0.8875 0.8828828828828829 0.8859375 0.8798798798798799 0.8859375 0.8708708708708709 0.88125 0.8708708708708709 0.8765625 0.8588588588588588 0.86875 0.8588588588588588 0.8671875 0.8528528528528528 0.8625 0.8528528528528528 0.8609375 0.8468468468468469 0.8234375 0.8468468468468469 0.8234375 0.8498498498498499 0.821875 0.8528528528528528 0.8171875 0.8528528528528528
1 0.390625 0.43243243243243246 0.3890625 0.43843843843843844 0.3859375 0.43843843843843844 0.3828125 0.4444444444444444 0.3828125 0.45045045045045046 0.3765625 0.4594594594594595 0.3765625 0.4984984984984985 0.3734375 0.5015015015015015 0.3734375 0.5915915915915916 0.3703125 0.5945945945945946 0.3703125 0.6276276276276276 0.3734375 0.6336336336336337 0.4140625 0.6336336336336337 0.415625 0.6396396396396397 0.4328125 0.6396396396396397 0.434375 0.6456456456456456 0.4421875 0.6456456456456456 0.44375 0.6516516516516516 0.45 0.6516516516516516 0.4515625 0.6456456456456456 0.45625 0.6456456456456456 0.45625 0.6306306306306306 0.453125 0.6276276276276276 0.453125 0.5645645645645646 0.45625 0.5615615615615616 0.45625 0.5435435435435435 0.453125 0.5375375375375375 0.45625 0.5345345345345346 0.45625 0.5075075075075075 0.459375 0.5045045045045045 0.459375 0.47147147147147145 0.4625 0.46846846846846846 0.4625 0.4594594594594595 0.459375 0.45645645645645644 0.459375 0.4444444444444444 0.4546875 0.4444444444444444 0.453125 0.43843843843843844 0.4484375 0.43843843843843844 0.446875 0.43243243243243246 0.428125 0.43243243243243246 0.4265625 0.4264264264264264 0.4 0.4264264264264264 0.4 0.4294294294294294 0.3984375 0.43243243243243246 0.390625 0.43243243243243246
1 0.8296875 0.2912912912912913 0.825 0.3033033033033033 0.8203125 0.3033033033033033 0.81875 0.30930930930930933 0.8140625 0.30930930930930933 0.8015625 0.3333333333333333 0.8015625 0.33933933933933935 0.7984375 0.34234234234234234 0.7984375 0.35135135135135137 0.7921875 0.36036036036036034 0.7921875 0.3993993993993994 0.7890625 0.40540540540540543 0.7921875 0.4084084084084084 0.7921875 0.43543543543543545 0.7953125 0.43843843843843844 0.7953125 0.45645645645645644 0.8015625 0.46546546546546547 0.8015625 0.4744744744744745 0.8109375 0.4894894894894895 0.8109375 0.4984984984984985 0.815625 0.4984984984984985 0.8171875 0.5015015015015015 0.8171875 0.5105105105105106 0.8265625 0.5255255255255256 0.8265625 0.5345345345345346 0.840625 0.5555555555555556 0.840625 0.5675675675675675 0.853125 0.5915915915915916 0.8609375 0.5915915915915916 0.8625 0.5975975975975976 0.8734375 0.5975975975975976 0.875 0.5915915915915916 0.8828125 0.5915915915915916 0.8875 0.5795795795795796 0.890625 0.5795795795795796 0.89375 0.5735735735735735 0.89375 0.5555555555555556 0.896875 0.5525525525525525 0.896875 0.5435435435435435 0.9 0.5405405405405406 0.9 0.5315315315315315 0.903125 0.5285285285285285 0.903125 0.5195195195195195 0.90625 0.5165165165165165 0.90625 0.5015015015015015 0.9125 0.4924924924924925 0.9125 0.48348348348348347 0.91875 0.4744744744744745 0.91875 0.46546546546546547 0.921875 0.4624624624624625 0.921875 0.4444444444444444 0.925 0.44144144144144143 0.925 0.43243243243243246 0.928125 0.4294294294294294 0.928125 0.3963963963963964 0.93125 0.3933933933933934 0.93125 0.35435435435435436 0.928125 0.35135135135135137 0.928125 0.3333333333333333 0.925 0.3303303303303303 0.925 0.3153153153153153 0.921875 0.3123123123123123 0.921875 0.3033033033033033 0.91875 0.2972972972972973 0.9140625 0.2972972972972973 0.903125 0.2732732732732733 0.8984375 0.2732732732732733 0.896875 0.2672672672672673 0.846875 0.2672672672672673 0.846875 0.2702702702702703 0.8359375 0.2912912912912913 0.8296875 0.2912912912912913
1 0.753125 0.4624624624624625 0.75 0.46546546546546547 0.75 0.4804804804804805 0.746875 0.48348348348348347 0.746875 0.4924924924924925 0.7375 0.5075075075075075 0.7375 0.5165165165165165 0.746875 0.5345345345345346 0.7515625 0.5345345345345346 0.75625 0.5435435435435435 0.75625 0.5525525525525525 0.759375 0.5555555555555556 0.759375 0.5615615615615616 0.7640625 0.5615615615615616 0.7890625 0.6096096096096096 0.79375 0.6096096096096096 0.7984375 0.6186186186186187 0.7984375 0.6276276276276276 0.8015625 0.6336336336336337 0.8125 0.6336336336336337 0.8140625 0.6276276276276276 0.81875 0.6276276276276276 0.8234375 0.6156156156156156 0.828125 0.6156156156156156 0.8296875 0.6096096096096096 0.8359375 0.6096096096096096 0.8421875 0.5975975975975976 0.8421875 0.5825825825825826 0.8390625 0.5795795795795796 0.8390625 0.5705705705705706 0.8359375 0.5645645645645646 0.83125 0.5615615615615616 0.83125 0.5555555555555556 0.828125 0.5525525525525525 0.828125 0.5435435435435435 0.821875 0.5345345345345346 0.821875 0.5255255255255256 0.809375 0.5045045045045045 0.809375 0.4954954954954955 0.8 0.4804804804804805 0.8 0.47147147147147145 0.79375 0.4594594594594595 0.790625 0.46546546546546547 0.7859375 0.46546546546546547 0.784375 0.47147147147147145 0.775 0.47147147147147145 0.7734375 0.46846846846846846 0.7734375 0.4594594594594595 0.7671875 0.45045045045045046 0.7671875 0.4444444444444444 0.7625 0.4444444444444444 0.759375 0.43843843843843844 0.759375 0.44144144144144143 0.753125 0.45345345345345345 0.753125 0.4624624624624625
1 0.953125 0.7987987987987988 0.946875 0.8108108108108109 0.946875 0.8258258258258259 0.95 0.8288288288288288 0.95 0.8378378378378378 0.953125 0.8438438438438438 0.9484375 0.8528528528528528 0.9453125 0.8468468468468469 0.9328125 0.8468468468468469 0.93125 0.8528528528528528 0.9265625 0.8528528528528528 0.925 0.8588588588588588 0.9203125 0.8588588588588588 0.9140625 0.8708708708708709 0.9140625 0.8858858858858859 0.9234375 0.9039039039039038 0.9234375 0.9129129129129129 0.9265625 0.9159159159159159 0.9265625 0.924924924924925 0.9296875 0.9279279279279279 0.9296875 0.9369369369369369 0.9328125 0.93993993993994 0.9328125 0.9669669669669669 0.9359375 0.96996996996997 0.9359375 0.978978978978979 0.9453125 0.978978978978979 0.9484375 0.972972972972973 0.9484375 0.963963963963964 0.9515625 0.960960960960961 0.9515625 0.9519519519519519 0.9796875 0.9009009009009009 0.9796875 0.8408408408408409 0.9765625 0.8378378378378378 0.9765625 0.8288288288288288 0.9734375 0.8258258258258259 0.9734375 0.8168168168168168 0.9671875 0.8078078078078078 0.9671875 0.7987987987987988 0.9625 0.7987987987987988 0.959375 0.7927927927927928 0.959375 0.7957957957957958 0.9578125 0.7987987987987988 0.953125 0.7987987987987988
1 0.0109375 0.9459459459459459 0.0078125 0.9519519519519519 0.0078125 0.996996996996997 0.0640625 0.996996996996997 0.0640625 0.987987987987988 0.0609375 0.984984984984985 0.0609375 0.975975975975976 0.0578125 0.972972972972973 0.0578125 0.963963963963964 0.053125 0.960960960960961 0.053125 0.9519519519519519 0.05 0.948948948948949 0.05 0.93993993993994 0.0203125 0.93993993993994 0.0203125 0.9429429429429429 0.01875 0.9459459459459459 0.0109375 0.9459459459459459
1 0.984375 0.8978978978978979 0.9703125 0.9279279279279279 0.965625 0.9279279279279279 0.9625 0.933933933933934 0.9625 0.9429429429429429 0.95625 0.9519519519519519 0.95625 0.960960960960961 0.95 0.96996996996997 0.95 0.984984984984985 0.946875 0.987987987987988 0.946875 0.996996996996997 0.9953125 0.996996996996997 0.9984375 0.990990990990991 0.9984375 0.8888888888888888 0.990625 0.8888888888888888 0.990625 0.8918918918918919 0.9890625 0.8978978978978979 0.984375 0.8978978978978979
1 0.9265625 0.4444444444444444 0.9265625 0.45645645645645644 0.9234375 0.4594594594594595 0.9234375 0.46846846846846846 0.9171875 0.4774774774774775 0.9171875 0.4864864864864865 0.9109375 0.4954954954954955 0.9109375 0.5045045045045045 0.9078125 0.5075075075075075 0.9078125 0.5165165165165165 0.9046875 0.5195195195195195 0.9046875 0.5285285285285285 0.9015625 0.5315315315315315 0.9015625 0.5405405405405406 0.8984375 0.5435435435435435 0.8984375 0.5675675675675675 0.8953125 0.5705705705705706 0.8953125 0.5855855855855856 0.8984375 0.5915915915915916 0.903125 0.5915915915915916 0.9046875 0.5975975975975976 0.909375 0.5975975975975976 0.9109375 0.6036036036036037 0.915625 0.6036036036036037 0.9171875 0.6096096096096096 0.925 0.6096096096096096 0.9296875 0.6216216216216216 0.934375 0.6216216216216216 0.9375 0.6156156156156156 0.9375 0.5945945945945946 0.9390625 0.5915915915915916 0.9453125 0.5915915915915916 0.946875 0.5855855855855856 0.9515625 0.5855855855855856 0.95625 0.5735735735735735 0.9609375 0.5735735735735735 0.9625 0.5675675675675675 0.9703125 0.5675675675675675 0.971875 0.5615615615615616 0.9765625 0.5615615615615616 0.9765625 0.5555555555555556 0.9796875 0.5525525525525525 0.9796875 0.5435435435435435 0.975 0.5435435435435435 0.9703125 0.5315315315315315 0.9625 0.5315315315315315 0.9609375 0.5255255255255256 0.95625 0.5255255255255256 0.9453125 0.5045045045045045 0.9453125 0.43243243243243246 0.9296875 0.43243243243243246 0.9296875 0.43543543543543545 0.9296875 0.44144144144144143 0.9265625 0.4444444444444444
1 0.9875 0.30930930930930933 0.98125 0.3213213213213213 0.98125 0.3303303303303303 0.978125 0.3333333333333333 0.978125 0.34534534534534533 0.96875 0.36036036036036034 0.96875 0.36936936936936937 0.965625 0.37237237237237236 0.965625 0.38738738738738737 0.9625 0.39039039039039036 0.9625 0.3993993993993994 0.959375 0.4024024024024024 0.959375 0.4114114114114114 0.95625 0.4144144144144144 0.95625 0.42342342342342343 0.95 0.43243243243243246 0.95 0.44144144144144143 0.946875 0.4444444444444444 0.946875 0.45645645645645644 0.9421875 0.4594594594594595 0.9421875 0.4924924924924925 0.9453125 0.4924924924924925 0.946875 0.4954954954954955 0.946875 0.5045045045045045 0.95625 0.5225225225225225 0.9609375 0.5225225225225225 0.9625 0.5285285285285285 0.9703125 0.5285285285285285 0.971875 0.5345345345345346 0.9765625 0.5345345345345346 0.978125 0.5405405405405406 0.9984375 0.5405405405405406 0.9984375 0.3033033033033033 0.99375 0.3033033033033033 0.99375 0.3063063063063063 0.9921875 0.30930930930930933 0.9875 0.30930930930930933
1 0.846875 0.6066066066066066 0.8453125 0.6126126126126126 0.8328125 0.6126126126126126 0.83125 0.6186186186186187 0.8265625 0.6186186186186187 0.821875 0.6306306306306306 0.8171875 0.6306306306306306 0.8078125 0.6486486486486487 0.8078125 0.6726726726726727 0.8109375 0.6756756756756757 0.8109375 0.6846846846846847 0.815625 0.6846846846846847 0.8203125 0.6936936936936937 0.8203125 0.7267267267267268 0.8234375 0.7297297297297297 0.8234375 0.7387387387387387 0.8203125 0.7417417417417418 0.8203125 0.7837837837837838 0.825 0.7837837837837838 0.8265625 0.7897897897897898 0.83125 0.7897897897897898 0.8328125 0.7957957957957958 0.8421875 0.7957957957957958 0.85 0.8138138138138138 0.8546875 0.8138138138138138 0.85625 0.8198198198198198 0.8703125 0.8198198198198198 0.871875 0.8258258258258259 0.8765625 0.8258258258258259 0.878125 0.8318318318318318 0.8859375 0.8318318318318318 0.8875 0.8378378378378378 0.9 0.8378378378378378 0.9015625 0.8318318318318318 0.90625 0.8318318318318318 0.9125 0.8198198198198198 0.9125 0.8108108108108109 0.915625 0.8078078078078078 0.915625 0.7987987987987988 0.921875 0.7897897897897898 0.921875 0.7777777777777778 0.928125 0.7687687687687688 0.928125 0.7357357357357357 0.93125 0.7327327327327328 0.93125 0.7117117117117117 0.934375 0.7087087087087087 0.934375 0.6426426426426426 0.93125 0.6396396396396397 0.93125 0.6306306306306306 0.9265625 0.6306306306306306 0.925 0.6276276276276276 0.925 0.6186186186186187 0.9203125 0.6186186186186187 0.91875 0.6126126126126126 0.9140625 0.6126126126126126 0.9125 0.6066066066066066 0.9078125 0.6066066066066066 0.90625 0.6006006006006006 0.88125 0.6006006006006006 0.88125 0.6036036036036037 0.8796875 0.6066066066066066 0.846875 0.6066066066066066
1 0.6703125 0.4984984984984985 0.665625 0.5015015015015015 0.665625 0.5285285285285285 0.6625 0.5315315315315315 0.6625 0.5525525525525525 0.659375 0.5555555555555556 0.659375 0.5795795795795796 0.65625 0.5825825825825826 0.65625 0.6096096096096096 0.653125 0.6126126126126126 0.653125 0.6336336336336337 0.65 0.6366366366366366 0.65 0.6516516516516516 0.646875 0.6546546546546547 0.646875 0.6786786786786787 0.64375 0.6816816816816816 0.64375 0.7027027027027027 0.640625 0.7057057057057057 0.640625 0.7957957957957958 0.64375 0.7987987987987988 0.64375 0.8078078078078078 0.646875 0.8108108108108109 0.646875 0.8198198198198198 0.65625 0.8378378378378378 0.6609375 0.8378378378378378 0.6625 0.8438438438438438 0.66875 0.8438438438438438 0.6703125 0.8498498498498499 0.678125 0.8498498498498499 0.6796875 0.8558558558558559 0.7234375 0.8558558558558559 0.725 0.8618618618618619 0.7359375 0.8618618618618619 0.7375 0.8558558558558559 0.7453125 0.8558558558558559 0.75625 0.8318318318318318 0.7640625 0.8318318318318318 0.765625 0.8378378378378378 0.7703125 0.8378378378378378 0.771875 0.8438438438438438 0.778125 0.8438438438438438 0.7796875 0.8378378378378378 0.784375 0.8378378378378378 0.7859375 0.8318318318318318 0.790625 0.8318318318318318 0.7921875 0.8258258258258259 0.796875 0.8258258258258259 0.8125 0.7957957957957958 0.8125 0.7867867867867868 0.815625 0.7837837837837838 0.815625 0.7657657657657657 0.81875 0.7627627627627628 0.81875 0.7117117117117117 0.815625 0.7087087087087087 0.815625 0.6996996996996997 0.809375 0.6906906906906907 0.809375 0.6816816816816816 0.80625 0.6786786786786787 0.80625 0.6666666666666666 0.803125 0.6636636636636637 0.803125 0.6546546546546547 0.8 0.6516516516516516 0.8 0.6426426426426426 0.796875 0.6396396396396397 0.796875 0.6306306306306306 0.79375 0.6276276276276276 0.79375 0.6186186186186187 0.78125 0.5945945945945946 0.775 0.5945945945945946 0.7671875 0.5795795795795796 0.7671875 0.5705705705705706 0.7625 0.5705705705705706 0.7578125 0.5615615615615616 0.7578125 0.5555555555555556 0.7453125 0.5315315315315315 0.740625 0.5315315315315315 0.7390625 0.5285285285285285 0.7390625 0.5195195195195195 0.7359375 0.5135135135135135 0.73125 0.5135135135135135 0.715625 0.48348348348348347 0.7109375 0.48348348348348347 0.709375 0.4804804804804805 0.709375 0.47147147147147145 0.7046875 0.47147147147147145 0.703125 0.46546546546546547 0.6984375 0.46546546546546547 0.696875 0.4594594594594595 0.6828125 0.4594594594594595 0.6828125 0.4624624624624625 0.6703125 0.48348348348348347 0.6703125 0.4984984984984985
1 0.4734375 0.43843843843843844 0.4703125 0.4444444444444444 0.4703125 0.45045045045045046 0.4671875 0.45345345345345345 0.4671875 0.4624624624624625 0.4640625 0.46546546546546547 0.4640625 0.4804804804804805 0.4609375 0.48348348348348347 0.4609375 0.5105105105105106 0.4578125 0.5135135135135135 0.4578125 0.5795795795795796 0.4546875 0.5825825825825826 0.4546875 0.6096096096096096 0.4578125 0.6126126126126126 0.4578125 0.6336336336336337 0.4609375 0.6366366366366366 0.4609375 0.6516516516516516 0.4640625 0.6546546546546547 0.4640625 0.6726726726726727 0.4703125 0.6816816816816816 0.4703125 0.6966966966966966 0.4734375 0.7027027027027027 0.484375 0.7027027027027027 0.4890625 0.6906906906906907 0.5015625 0.6906906906906907 0.503125 0.6966966966966966 0.5140625 0.6966966966966966 0.525 0.6726726726726727 0.5421875 0.6726726726726727 0.5421875 0.6606606606606606 0.553125 0.6396396396396397 0.5625 0.6396396396396397 0.565625 0.6336336336336337 0.565625 0.6246246246246246 0.5703125 0.6156156156156156 0.575 0.6156156156156156 0.5765625 0.6096096096096096 0.584375 0.6096096096096096 0.5859375 0.6126126126126126 0.5859375 0.6216216216216216 0.5890625 0.6246246246246246 0.5890625 0.6396396396396397 0.59375 0.6396396396396397 0.596875 0.6336336336336337 0.596875 0.5885885885885885 0.59375 0.5855855855855856 0.59375 0.5705705705705706 0.5875 0.5615615615615616 0.5875 0.5555555555555556 0.5625 0.5075075075075075 0.5578125 0.5075075075075075 0.5515625 0.4954954954954955 0.546875 0.4954954954954955 0.5421875 0.48348348348348347 0.5375 0.48348348348348347 0.5328125 0.47147147147147145 0.528125 0.47147147147147145 0.5203125 0.45345345345345345 0.515625 0.45345345345345345 0.5140625 0.45045045045045046 0.5140625 0.4444444444444444 0.5109375 0.43843843843843844 0.503125 0.43843843843843844 0.5015625 0.43243243243243246 0.4796875 0.43243243243243246 0.4796875 0.43543543543543545 0.478125 0.43843843843843844 0.4734375 0.43843843843843844
1 0.6078125 0 0.6078125 0.003003003003003003 0.60625 0.009009009009009009 0.5953125 0.009009009009009009 0.59375 0.015015015015015015 0.5890625 0.015015015015015015 0.5828125 0.02702702702702703 0.5828125 0.042042042042042045 0.5796875 0.04504504504504504 0.5796875 0.06006006006006006 0.5765625 0.06306306306306306 0.5765625 0.0960960960960961 0.5796875 0.0990990990990991 0.5796875 0.14714714714714713 0.5828125 0.15015015015015015 0.5828125 0.16516516516516516 0.5859375 0.16816816816816818 0.5859375 0.19519519519519518 0.5890625 0.1981981981981982 0.5890625 0.2132132132132132 0.5921875 0.21621621621621623 0.5921875 0.22822822822822822 0.5953125 0.23123123123123124 0.5953125 0.24024024024024024 0.6015625 0.24924924924924924 0.6015625 0.25825825825825827 0.6078125 0.2672672672672673 0.6078125 0.2822822822822823 0.6109375 0.2852852852852853 0.6109375 0.3063063063063063 0.6140625 0.3063063063063063 0.621875 0.32432432432432434 0.6359375 0.32432432432432434 0.6375 0.3303303303303303 0.6421875 0.3303303303303303 0.64375 0.32432432432432434 0.6484375 0.32432432432432434 0.65 0.3183183183183183 0.6546875 0.3183183183183183 0.665625 0.29429429429429427 0.66875 0.29429429429429427 0.675 0.2822822822822823 0.675 0.2732732732732733 0.68125 0.26426426426426425 0.68125 0.24924924924924924 0.690625 0.23423423423423423 0.690625 0.2222222222222222 0.69375 0.21921921921921922 0.69375 0.21021021021021022 0.696875 0.2072072072072072 0.696875 0.1981981981981982 0.703125 0.1891891891891892 0.703125 0.18018018018018017 0.70625 0.17717717717717718 0.70625 0.16816816816816818 0.709375 0.16516516516516516 0.709375 0.14414414414414414 0.7125 0.14114114114114115 0.7125 0.08108108108108109 0.709375 0.07807807807807808 0.709375 0.05105105105105105 0.70625 0.04804804804804805 0.70625 0.03903903903903904 0.696875 0.021021021021021023 0.6921875 0.021021021021021023 0.690625 0.018018018018018018 0.690625 0.009009009009009009 0.6828125 0.009009009009009009 0.68125 0 0.659375 0 0.6578125 0.009009009009009009 0.640625 0.009009009009009009 0.6390625 0 0.628125 0 0.6265625 0.009009009009009009 0.6109375 0.009009009009009009 0.609375 0 0.6078125 0
1 0.5796875 0.7867867867867868 0.578125 0.7927927927927928 0.5578125 0.7927927927927928 0.55625 0.7987987987987988 0.546875 0.7987987987987988 0.5453125 0.8048048048048048 0.540625 0.8048048048048048 0.5390625 0.8108108108108109 0.53125 0.8108108108108109 0.5296875 0.8168168168168168 0.521875 0.8168168168168168 0.5203125 0.8228228228228228 0.515625 0.8228228228228228 0.5140625 0.8288288288288288 0.509375 0.8288288288288288 0.5078125 0.8348348348348348 0.503125 0.8348348348348348 0.496875 0.8468468468468469 0.4921875 0.8468468468468469 0.4875 0.8588588588588588 0.4828125 0.8588588588588588 0.4734375 0.8768768768768769 0.4734375 0.8858858858858859 0.4703125 0.8888888888888888 0.4703125 0.918918918918919 0.4734375 0.9219219219219219 0.4734375 0.9309309309309309 0.4828125 0.9459459459459459 0.4828125 0.954954954954955 0.4984375 0.984984984984985 0.5015625 0.984984984984985 0.503125 0.990990990990991 0.6578125 0.990990990990991 0.659375 0.996996996996997 0.68125 0.996996996996997 0.6875 0.984984984984985 0.6875 0.96996996996997 0.684375 0.9669669669669669 0.684375 0.9459459459459459 0.68125 0.9429429429429429 0.68125 0.933933933933934 0.678125 0.9309309309309309 0.678125 0.9159159159159159 0.675 0.9129129129129129 0.675 0.9039039039039038 0.66875 0.8948948948948949 0.66875 0.8828828828828829 0.665625 0.8828828828828829 0.6546875 0.8618618618618619 0.6546875 0.8528528528528528 0.6453125 0.8378378378378378 0.6453125 0.8288288288288288 0.6421875 0.8258258258258259 0.6421875 0.8168168168168168 0.6328125 0.7987987987987988 0.628125 0.7987987987987988 0.6265625 0.7927927927927928 0.621875 0.7927927927927928 0.6203125 0.7867867867867868 0.6046875 0.7867867867867868 0.603125 0.7777777777777778 0.5953125 0.7777777777777778 0.5953125 0.7807807807807807 0.59375 0.7867867867867868 0.5796875 0.7867867867867868
1 0.53125 0.042042042042042045 0.5265625 0.05105105105105105 0.521875 0.05105105105105105 0.525 0.06006006006006006 0.5171875 0.07507507507507508 0.4859375 0.07507507507507508 0.484375 0.08108108108108109 0.4765625 0.08108108108108109 0.475 0.08708708708708708 0.4671875 0.08708708708708708 0.465625 0.09309309309309309 0.4609375 0.09309309309309309 0.459375 0.0990990990990991 0.4546875 0.0990990990990991 0.453125 0.10510510510510511 0.4484375 0.10510510510510511 0.446875 0.1111111111111111 0.44375 0.1111111111111111 0.44375 0.11711711711711711 0.421875 0.15615615615615616 0.421875 0.16516516516516516 0.41875 0.16816816816816818 0.41875 0.17717717717717718 0.415625 0.18018018018018017 0.415625 0.1891891891891892 0.4125 0.1921921921921922 0.4125 0.2012012012012012 0.409375 0.2042042042042042 0.409375 0.21921921921921922 0.40625 0.2222222222222222 0.40625 0.24624624624624625 0.403125 0.24924924924924924 0.403125 0.27627627627627627 0.4 0.27927927927927926 0.4 0.29429429429429427 0.396875 0.2972972972972973 0.396875 0.33933933933933935 0.39375 0.34234234234234234 0.39375 0.35135135135135137 0.390625 0.35435435435435436 0.390625 0.36936936936936937 0.3859375 0.37237237237237236 0.3859375 0.3933933933933934 0.3890625 0.3933933933933934 0.390625 0.3993993993993994 0.3953125 0.3993993993993994 0.396875 0.40540540540540543 0.4078125 0.40540540540540543 0.409375 0.4114114114114114 0.465625 0.4114114114114114 0.4671875 0.4174174174174174 0.471875 0.4174174174174174 0.475 0.4114114114114114 0.4765625 0.4174174174174174 0.48125 0.4174174174174174 0.4828125 0.4114114114114114 0.490625 0.4114114114114114 0.4921875 0.4174174174174174 0.5046875 0.4174174174174174 0.50625 0.4114114114114114 0.5296875 0.4114114114114114 0.53125 0.40540540540540543 0.5359375 0.40540540540540543 0.5375 0.3993993993993994 0.5421875 0.3993993993993994 0.54375 0.3933933933933934 0.5515625 0.3933933933933934 0.5609375 0.37537537537537535 0.565625 0.37537537537537535 0.58125 0.34534534534534533 0.58125 0.3333333333333333 0.584375 0.3303303303303303 0.584375 0.3033033033033033 0.5875 0.3003003003003003 0.5875 0.2852852852852853 0.584375 0.2822822822822823 0.584375 0.2732732732732733 0.58125 0.2702702702702703 0.58125 0.24924924924924924 0.578125 0.24624624624624625 0.578125 0.2222222222222222 0.58125 0.21921921921921922 0.58125 0.18018018018018017 0.578125 0.17717717717717718 0.578125 0.16216216216216217 0.575 0.15915915915915915 0.575 0.13813813813813813 0.571875 0.13513513513513514 0.571875 0.1111111111111111 0.56875 0.10810810810810811 0.56875 0.0990990990990991 0.5625 0.08708708708708708 0.5578125 0.08708708708708708 0.55625 0.08108108108108109 0.553125 0.08108108108108109 0.5421875 0.06006006006006006 0.5421875 0.05105105105105105 0.5390625 0.04504504504504504 0.5421875 0.042042042042042045 0.5421875 0.03303303303303303 0.5390625 0.02702702702702703 0.534375 0.02702702702702703 0.534375 0.03003003003003003 0.53125 0.03303303303303303 0.53125 0.042042042042042045
1 0.7140625 0.15315315315315314 0.7109375 0.15615615615615616 0.7109375 0.16516516516516516 0.7078125 0.16816816816816818 0.7078125 0.1831831831831832 0.7046875 0.18618618618618618 0.7046875 0.19519519519519518 0.7015625 0.1981981981981982 0.7015625 0.2072072072072072 0.6953125 0.21621621621621623 0.6953125 0.22822822822822822 0.6859375 0.24324324324324326 0.6859375 0.25225225225225223 0.6828125 0.2552552552552553 0.6828125 0.26426426426426425 0.6796875 0.2672672672672673 0.6796875 0.27627627627627627 0.6734375 0.2852852852852853 0.6734375 0.29429429429429427 0.6703125 0.2972972972972973 0.6703125 0.3063063063063063 0.665625 0.30930930930930933 0.665625 0.32432432432432434 0.66875 0.32432432432432434 0.6703125 0.3303303303303303 0.675 0.3303303303303303 0.6765625 0.33933933933933935 0.6890625 0.3633633633633634 0.69375 0.3633633633633634 0.6953125 0.36936936936936937 0.70625 0.36936936936936937 0.70625 0.36036036036036034 0.7140625 0.34534534534534533 0.7234375 0.34534534534534533 0.73125 0.36036036036036034 0.73125 0.36936936936936937 0.7375 0.3813813813813814 0.7453125 0.3813813813813814 0.746875 0.37537537537537535 0.7515625 0.37537537537537535 0.753125 0.36936936936936937 0.7640625 0.36936936936936937 0.765625 0.3633633633633634 0.7703125 0.3633633633633634 0.7703125 0.3483483483483483 0.765625 0.3483483483483483 0.7640625 0.34234234234234234 0.759375 0.34234234234234234 0.7578125 0.3333333333333333 0.753125 0.3333333333333333 0.7421875 0.3123123123123123 0.7421875 0.3033033033033033 0.7390625 0.3003003003003003 0.7390625 0.2912912912912913 0.7359375 0.2882882882882883 0.7359375 0.2672672672672673 0.740625 0.25825825825825827 0.7453125 0.25825825825825827 0.746875 0.25225225225225223 0.7578125 0.25225225225225223 0.759375 0.24624624624624625 0.778125 0.24624624624624625 0.7796875 0.25225225225225223 0.79375 0.25225225225225223 0.79375 0.21021021021021022 0.790625 0.2072072072072072 0.790625 0.17417417417417416 0.7875 0.17117117117117117 0.7875 0.16216216216216217 0.7828125 0.16216216216216217 0.78125 0.15915915915915915 0.78125 0.15015015015015015 0.775 0.15015015015015015 0.7734375 0.14414414414414414 0.76875 0.14414414414414414 0.7671875 0.13813813813813813 0.75625 0.13813813813813813 0.7546875 0.13213213213213212 0.7203125 0.13213213213213212 0.7203125 0.13513513513513514 0.7140625 0.14414414414414414 0.7140625 0.15315315315315314
1 0.4546875 0 0.4546875 0.003003003003003003 0.4546875 0.018018018018018018 0.4578125 0.021021021021021023 0.4578125 0.03003003003003003 0.4640625 0.03903903903903904 0.4640625 0.04804804804804805 0.4671875 0.05405405405405406 0.475 0.05405405405405406 0.4765625 0.06006006006006006 0.4875 0.06006006006006006 0.4890625 0.06606606606606606 0.5015625 0.06606606606606606 0.503125 0.06006006006006006 0.5078125 0.06006006006006006 0.5078125 0.03903903903903904 0.5046875 0.036036036036036036 0.5046875 0.015015015015015015 0.5078125 0.009009009009009009 0.5046875 0.006006006006006006 0.5046875 0 0.4546875 0
1 0.10625 0.7537537537537538 0.1046875 0.7597597597597597 0.1 0.7597597597597597 0.1 0.7687687687687688 0.096875 0.7717717717717718 0.096875 0.7837837837837838 0.09375 0.7867867867867868 0.09375 0.8258258258258259 0.096875 0.8318318318318318 0.1015625 0.8318318318318318 0.103125 0.8348348348348348 0.103125 0.8438438438438438 0.109375 0.8528528528528528 0.109375 0.8618618618618619 0.1140625 0.8648648648648649 0.1140625 0.8738738738738738 0.1171875 0.8768768768768769 0.1171875 0.8948948948948949 0.1203125 0.8978978978978979 0.1203125 0.9129129129129129 0.1234375 0.918918918918919 0.13125 0.918918918918919 0.1328125 0.924924924924925 0.140625 0.924924924924925 0.1421875 0.9309309309309309 0.146875 0.9309309309309309 0.1484375 0.9369369369369369 0.153125 0.9369369369369369 0.1546875 0.93993993993994 0.1546875 0.960960960960961 0.1484375 0.96996996996997 0.1484375 0.978978978978979 0.146875 0.9819819819819819 0.1421875 0.9819819819819819 0.1421875 0.990990990990991 0.1453125 0.996996996996997 0.1765625 0.996996996996997 0.178125 0.990990990990991 0.1953125 0.990990990990991 0.196875 0.984984984984985 0.2015625 0.984984984984985 0.203125 0.978978978978979 0.2078125 0.978978978978979 0.209375 0.972972972972973 0.2140625 0.972972972972973 0.215625 0.9669669669669669 0.2203125 0.9669669669669669 0.2265625 0.954954954954955 0.23125 0.954954954954955 0.2328125 0.948948948948949 0.2375 0.948948948948949 0.2453125 0.9309309309309309 0.25 0.9309309309309309 0.2578125 0.9129129129129129 0.2625 0.9129129129129129 0.265625 0.9069069069069069 0.265625 0.8978978978978979 0.26875 0.8948948948948949 0.26875 0.8648648648648649 0.265625 0.8618618618618619 0.265625 0.8468468468468469 0.2625 0.8438438438438438 0.2625 0.8348348348348348 0.259375 0.8288288288288288 0.2546875 0.8288288288288288 0.253125 0.8228228228228228 0.2484375 0.8228228228228228 0.246875 0.8168168168168168 0.2421875 0.8168168168168168 0.240625 0.8108108108108109 0.2359375 0.8108108108108109 0.234375 0.8048048048048048 0.2296875 0.8048048048048048 0.228125 0.7987987987987988 0.221875 0.7987987987987988 0.2203125 0.7927927927927928 0.2125 0.7927927927927928 0.2109375 0.7897897897897898 0.2109375 0.7777777777777778 0.203125 0.7777777777777778 0.2015625 0.7717717717717718 0.184375 0.7717717717717718 0.1828125 0.7657657657657657 0.171875 0.7657657657657657 0.1703125 0.7597597597597597 0.1578125 0.7597597597597597 0.15625 0.7537537537537538 0.1421875 0.7537537537537538 0.140625 0.7477477477477478 0.1296875 0.7477477477477478 0.1296875 0.7507507507507507 0.128125 0.7537537537537538 0.10625 0.7537537537537538