4 0.8828125 0 0.88125 0.0041753653444676405 0.875 0.0041753653444676405 0.8734375 0 0.8734375 0.0020876826722338203 0.8703125 0.0041753653444676405 0.8703125 0.033402922755741124 0.8734375 0.03549060542797495 0.875 0.15031315240083507 0.871875 0.1544885177453027 0.8609375 0.1544885177453027 0.859375 0.162839248434238 0.859375 0.19832985386221294 0.85625 0.20041753653444677 0.85625 0.23382045929018788 0.859375 0.2359081419624217 0.8609375 0.25052192066805845 0.86875 0.2609603340292276 0.8703125 0.2755741127348643 0.8734375 0.2776617954070981 0.875 0.2860125260960334 0.8796875 0.29018789144050106 0.8796875 0.29436325678496866 0.8828125 0.2964509394572025 0.8875 0.31106471816283926 0.890625 0.31315240083507306 0.8921875 0.3277661795407098 0.8953125 0.3298538622129436 0.896875 0.33820459290187893 0.896875 0.35281837160751567 0.9 0.35490605427974947 0.9015625 0.38204592901878914 0.9046875 0.38413361169102295 0.90625 0.430062630480167 0.909375 0.4321503131524008 0.909375 0.48851774530271397 0.9109375 0.4906054279749478 0.9109375 0.5093945720250522 0.9140625 0.511482254697286 0.9140625 0.5156576200417536 0.9109375 0.5177453027139874 0.9140625 0.5219206680584552 0.9140625 0.5260960334029228 0.9109375 0.5281837160751566 0.9109375 0.5615866388308977 0.90625 0.5678496868475992 0.90625 0.5741127348643006 0.9171875 0.5866388308977035 0.91875 0.5970772442588727 0.921875 0.5991649269311065 0.9234375 0.6075156576200418 0.9453125 0.6367432150313153 0.9453125 0.6430062630480167 0.95 0.6492693110647182 0.9578125 0.6534446764091858 0.9578125 0.6576200417536534 0.9625 0.6638830897703549 0.9640625 0.6722338204592901 0.9640625 0.6868475991649269 0.9625 0.6889352818371608 0.953125 0.6889352818371608 0.95 0.6868475991649269 0.946875 0.6764091858037579 0.94375 0.6743215031315241 0.94375 0.6701461377870563 0.93125 0.6555323590814196 0.93125 0.651356993736952 0.928125 0.651356993736952 0.925 0.6450939457202505 0.921875 0.6450939457202505 0.9125 0.6325678496868476 0.9125 0.6283924843423799 0.9 0.6137787056367432 0.8984375 0.6033402922755741 0.8953125 0.6012526096033403 0.89375 0.5949895615866388 0.8890625 0.5887265135699373 0.884375 0.5866388308977035 0.8828125 0.5824634655532359 0.8734375 0.5803757828810021 0.8671875 0.569937369519833 0.85625 0.5636743215031316 0.8515625 0.569937369519833 0.8515625 0.6388308977035491 0.853125 0.6409185803757829 0.853125 0.6555323590814196 0.85625 0.6576200417536534 0.85625 0.6638830897703549 0.859375 0.6659707724425887 0.8609375 0.7160751565762005 0.8640625 0.7181628392484343 0.8640625 0.7348643006263048 0.865625 0.7369519832985386 0.8640625 0.7411273486430062 0.865625 0.7536534446764092 0.8640625 0.7640918580375783 0.865625 0.7661795407098121 0.865625 0.7766179540709812 0.86875 0.778705636743215 0.86875 0.8100208768267223 0.865625 0.8121085594989561 0.8640625 0.8183716075156576 0.859375 0.8204592901878914 0.84375 0.8183716075156576 0.840625 0.8079331941544885 0.8359375 0.8037578288100209 0.8359375 0.7974947807933194 0.8328125 0.7954070981210856 0.83125 0.7828810020876826 0.8203125 0.7682672233820459 0.81875 0.755741127348643 0.815625 0.7536534446764092 0.8140625 0.7473903966597077 0.8140625 0.7348643006263048 0.8109375 0.732776617954071 0.809375 0.7139874739039666 0.80625 0.7118997912317327 0.8046875 0.6993736951983298 0.7984375 0.6910229645093946 0.796875 0.6784968684759917 0.7921875 0.6743215031315241 0.7921875 0.6659707724425887 0.7890625 0.6638830897703549 0.7875 0.6450939457202505 0.784375 0.6430062630480167 0.7828125 0.6325678496868476 0.7828125 0.6179540709812108 0.7796875 0.615866388308977 0.778125 0.5866388308977035 0.775 0.5845511482254697 0.7734375 0.5511482254697286 0.7703125 0.5490605427974948 0.7703125 0.5407098121085595 0.7671875 0.5386221294363257 0.765625 0.5177453027139874 0.7625 0.5156576200417536 0.7609375 0.5031315240083507 0.7578125 0.5010438413361169 0.7578125 0.48434237995824636 0.7546875 0.4801670146137787 0.753125 0.5093945720250522 0.75 0.511482254697286 0.7484375 0.5219206680584552 0.7484375 0.5427974947807933 0.7453125 0.5448851774530271 0.7453125 0.55741127348643 0.7421875 0.5594989561586639 0.740625 0.5803757828810021 0.7375 0.5824634655532359 0.7359375 0.6075156576200418 0.7328125 0.6096033402922756 0.7328125 0.6200417536534447 0.73125 0.6221294363256785 0.73125 0.6388308977035491 0.728125 0.6409185803757829 0.7265625 0.6617954070981211 0.7234375 0.6638830897703549 0.721875 0.6805845511482255 0.69375 0.7181628392484343 0.6875 0.7181628392484343 0.6859375 0.7139874739039666 0.6796875 0.7118997912317327 0.678125 0.7077244258872651 0.6703125 0.7181628392484343 0.66875 0.7473903966597077 0.665625 0.7494780793319415 0.665625 0.7640918580375783 0.6640625 0.7703549060542797 0.6609375 0.7724425887265136 0.659375 0.7870563674321504 0.65625 0.7891440501043842 0.65625 0.7954070981210856 0.653125 0.7974947807933194 0.6515625 0.8100208768267223 0.64375 0.8204592901878914 0.6421875 0.8288100208768268 0.634375 0.837160751565762 0.6296875 0.8517745302713987 0.621875 0.860125260960334 0.6203125 0.872651356993737 0.6171875 0.8747390396659708 0.615625 0.8956158663883089 0.6125 0.8977035490605428 0.6109375 0.9352818371607515 0.6125 0.9373695198329853 0.6125 0.954070981210856 0.6109375 0.9561586638830898 0.6109375 0.9665970772442589 0.6078125 0.9686847599164927 0.6078125 0.9770354906054279 0.6109375 0.9791231732776617 0.6109375 0.9832985386221295 0.6078125 0.9853862212943633 0.6078125 0.9916492693110647 0.6109375 0.9958246346555324 0.996875 0.9958246346555324 0.9984375 0.9916492693110647 0.9984375 0.9582463465553236 0.996875 0.9561586638830898 0.9984375 0.954070981210856 0.9984375 0.6576200417536534 0.996875 0.6555323590814196 0.996875 0.6450939457202505 0.9984375 0.6430062630480167 0.9984375 0.6096033402922756 0.996875 0.6075156576200418 0.996875 0.592901878914405 0.9984375 0.5908141962421712 0.9984375 0.5219206680584552 0.996875 0.511482254697286 0.9984375 0.5093945720250522 0.9984375 0.47390396659707723 0.996875 0.46764091858037576 0.9984375 0.4613778705636743 0.996875 0.4592901878914405 0.996875 0.4321503131524008 0.9984375 0.4279749478079332 0.996875 0.42588726513569936 0.9984375 0.42379958246346555 0.9984375 0.3966597077244259 0.99375 0.3862212943632568 0.996875 0.38413361169102295 0.9984375 0.3757828810020877 0.9984375 0.325678496868476 0.996875 0.31524008350730687 0.9984375 0.31315240083507306 0.9984375 0.2776617954070981 0.996875 0.27139874739039666 0.9984375 0.26931106471816285 0.9984375 0.2546972860125261 0.996875 0.25260960334029225 0.996875 0.2359081419624217 0.9984375 0.23382045929018788 0.9984375 0.12943632567849686 0.996875 0.12734864300626306 0.996875 0.1127348643006263 0.9984375 0.11064718162839249 0.9984375 0.05845511482254697 0.996875 0.05219206680584551 0.9984375 0.05010438413361169 0.9984375 0.008350730688935281 0.9921875 0 0.9796875 0 0.978125 0.0041753653444676405 0.9625 0.0041753653444676405 0.9609375 0 0.921875 0 0.9203125 0.0041753653444676405 0.9171875 0.0041753653444676405 0.9140625 0 0.9125 0.0041753653444676405 0.9046875 0.0041753653444676405 0.903125 0 0.8921875 0 0.890625 0.0041753653444676405 0.8890625 0 0.8828125 0
3 0.7109375 0 0.7109375 0.0020876826722338203 0.7109375 0.008350730688935281 0.7140625 0.010438413361169102 0.7140625 0.018789144050104383 0.7171875 0.020876826722338204 0.71875 0.04175365344467641 0.721875 0.04384133611691023 0.7234375 0.05636743215031315 0.7265625 0.05845511482254697 0.728125 0.07515657620041753 0.73125 0.07724425887265135 0.7328125 0.1022964509394572 0.7359375 0.10438413361169102 0.7375 0.11064718162839249 0.7375 0.12108559498956159 0.740625 0.12317327766179541 0.7421875 0.15031315240083507 0.7484375 0.15866388308977036 0.75 0.17536534446764093 0.753125 0.17745302713987474 0.7546875 0.19832985386221294 0.7578125 0.20041753653444677 0.7578125 0.21085594989561587 0.759375 0.21294363256784968 0.759375 0.24008350730688935 0.7625 0.24217118997912318 0.7625 0.2755741127348643 0.759375 0.2776617954070981 0.7578125 0.29227557411273486 0.7546875 0.29436325678496866 0.7546875 0.3048016701461378 0.7578125 0.3068893528183716 0.759375 0.3235908141962422 0.7625 0.325678496868476 0.7640625 0.35490605427974947 0.7671875 0.3569937369519833 0.76875 0.38204592901878914 0.7671875 0.3883089770354906 0.7625 0.3924843423799583 0.7625 0.4112734864300626 0.759375 0.4133611691022965 0.759375 0.4592901878914405 0.7625 0.4613778705636743 0.7640625 0.4906054279749478 0.7671875 0.49269311064718163 0.76875 0.5198329853862212 0.771875 0.5219206680584552 0.771875 0.5302713987473904 0.775 0.5323590814196242 0.7765625 0.5407098121085595 0.7765625 0.5511482254697286 0.7796875 0.5532359081419624 0.78125 0.5866388308977035 0.784375 0.5887265135699373 0.7859375 0.6200417536534447 0.7890625 0.6221294363256785 0.790625 0.6450939457202505 0.79375 0.6471816283924844 0.7953125 0.6680584551148225 0.7984375 0.6701461377870563 0.8 0.6805845511482255 0.80625 0.6868475991649269 0.8078125 0.697286012526096 0.8109375 0.6993736951983298 0.8125 0.7160751565762005 0.815625 0.7181628392484343 0.8171875 0.7411273486430062 0.8203125 0.7432150313152401 0.821875 0.7536534446764092 0.825 0.755741127348643 0.825 0.7620041753653445 0.8296875 0.7661795407098121 0.834375 0.7807933194154488 0.8375 0.7828810020876826 0.8375 0.7891440501043842 0.8421875 0.7954070981210856 0.84375 0.8037578288100209 0.846875 0.8058455114822547 0.846875 0.8100208768267223 0.859375 0.8100208768267223 0.8625 0.8058455114822547 0.8625 0.7724425887265136 0.859375 0.7703549060542797 0.8578125 0.7118997912317327 0.8546875 0.7098121085594989 0.8546875 0.6931106471816284 0.8515625 0.6910229645093946 0.85 0.6576200417536534 0.846875 0.6555323590814196 0.8453125 0.5741127348643006 0.8421875 0.5720250521920668 0.840625 0.5260960334029228 0.8375 0.524008350730689 0.8359375 0.46764091858037576 0.8328125 0.46555323590814196 0.83125 0.4342379958246347 0.828125 0.4321503131524008 0.828125 0.42588726513569936 0.825 0.42379958246346555 0.8234375 0.40292275574112735 0.8203125 0.40083507306889354 0.81875 0.3924843423799583 0.8109375 0.38413361169102295 0.8109375 0.37995824634655534 0.80625 0.3736951983298539 0.7984375 0.3736951983298539 0.79375 0.3695198329853862 0.79375 0.31524008350730687 0.796875 0.31315240083507306 0.796875 0.22964509394572025 0.7984375 0.22755741127348644 0.7984375 0.21711899791231734 0.8015625 0.2150313152400835 0.8015625 0.20668058455114824 0.8046875 0.2045929018789144 0.8046875 0.1941544885177453 0.8 0.1941544885177453 0.79375 0.18580375782881003 0.7921875 0.1419624217118998 0.7890625 0.13987473903966596 0.7875 0.09394572025052192 0.784375 0.0918580375782881 0.7828125 0.05845511482254697 0.7796875 0.05636743215031315 0.778125 0.03966597077244259 0.775 0.037578288100208766 0.7734375 0.020876826722338204 0.7703125 0.018789144050104383 0.7703125 0.010438413361169102 0.7671875 0.008350730688935281 0.765625 0 0.7625 0.0041753653444676405 0.753125 0.0041753653444676405 0.7515625 0 0.7109375 0
3 0.8296875 0 0.8296875 0.0020876826722338203 0.8296875 0.031315240083507306 0.8328125 0.033402922755741124 0.8328125 0.07933194154488518 0.8296875 0.081419624217119 0.8296875 0.10438413361169102 0.8265625 0.10647181628392484 0.8265625 0.1524008350730689 0.8296875 0.1544885177453027 0.8296875 0.1732776617954071 0.8265625 0.17536534446764093 0.825 0.2567849686847599 0.8265625 0.2588726513569937 0.825 0.26931106471816285 0.8296875 0.27139874739039666 0.8296875 0.2755741127348643 0.825 0.2797494780793319 0.825 0.2881002087682672 0.821875 0.29018789144050106 0.8203125 0.3173277661795407 0.8171875 0.31941544885177453 0.8171875 0.3653444676409186 0.8203125 0.3674321503131524 0.821875 0.3903966597077244 0.825 0.3924843423799583 0.8265625 0.40501043841336115 0.8296875 0.407098121085595 0.8296875 0.4175365344467641 0.8328125 0.4196242171189979 0.834375 0.44258872651356995 0.8375 0.44467640918580376 0.8390625 0.4718162839248434 0.8421875 0.47390396659707723 0.8421875 0.48851774530271397 0.84375 0.4968684759916493 0.846875 0.4989561586638831 0.8484375 0.5198329853862212 0.8515625 0.5219206680584552 0.853125 0.5323590814196242 0.859375 0.5386221294363257 0.865625 0.5615866388308977 0.8734375 0.5720250521920668 0.8828125 0.5741127348643006 0.884375 0.5782881002087683 0.8890625 0.5782881002087683 0.9015625 0.5949895615866388 0.9015625 0.6012526096033403 0.909375 0.6096033402922756 0.909375 0.6137787056367432 0.940625 0.6534446764091858 0.9421875 0.6617954070981211 0.9484375 0.6659707724425887 0.953125 0.6805845511482255 0.9578125 0.6805845511482255 0.9578125 0.6764091858037579 0.953125 0.6701461377870563 0.953125 0.6659707724425887 0.9484375 0.6617954070981211 0.946875 0.6534446764091858 0.940625 0.6492693110647182 0.9390625 0.6409185803757829 0.921875 0.6200417536534447 0.9203125 0.6116910229645094 0.909375 0.5970772442588727 0.9046875 0.5824634655532359 0.9 0.5782881002087683 0.9 0.5678496868475992 0.903125 0.5657620041753654 0.9046875 0.5553235908141962 0.9046875 0.5323590814196242 0.9078125 0.5302713987473904 0.9078125 0.5031315240083507 0.9046875 0.5010438413361169 0.9046875 0.48434237995824636 0.903125 0.4822546972860125 0.9046875 0.4488517745302714 0.903125 0.44676409185803756 0.903125 0.4196242171189979 0.9 0.4175365344467641 0.8984375 0.3778705636743215 0.8953125 0.3757828810020877 0.89375 0.35073068893528186 0.890625 0.348643006263048 0.890625 0.33820459290187893 0.8890625 0.3298538622129436 0.8859375 0.3277661795407098 0.8859375 0.31941544885177453 0.8828125 0.3173277661795407 0.88125 0.3068893528183716 0.878125 0.3048016701461378 0.8734375 0.29018789144050106 0.8640625 0.2776617954070981 0.8640625 0.27139874739039666 0.8625 0.2651356993736952 0.859375 0.2630480167014614 0.8578125 0.25260960334029225 0.8515625 0.24425887265135698 0.8515625 0.23173277661795408 0.85 0.22964509394572025 0.8515625 0.14822546972860126 0.8546875 0.14613778705636743 0.8546875 0.12734864300626306 0.8578125 0.12526096033402923 0.8578125 0.1127348643006263 0.8625 0.11064718162839249 0.865625 0.11691022964509394 0.865625 0.12526096033402923 0.86875 0.12734864300626306 0.8671875 0.029227557411273485 0.8640625 0.027139874739039668 0.8640625 0 0.8296875 0
3 0.6125 0 0.6125 0.0020876826722338203 0.6109375 0.0041753653444676405 0.6109375 0.033402922755741124 0.6078125 0.03549060542797495 0.6078125 0.04384133611691023 0.6109375 0.04592901878914405 0.6109375 0.11482254697286012 0.6125 0.11691022964509394 0.6125 0.1440501043841336 0.615625 0.14613778705636743 0.615625 0.17954070981210857 0.6125 0.18162839248434237 0.6125 0.1941544885177453 0.615625 0.19624217118997914 0.615625 0.25052192066805845 0.6125 0.25260960334029225 0.6125 0.2567849686847599 0.615625 0.2588726513569937 0.6125 0.2630480167014614 0.615625 0.2651356993736952 0.6125 0.267223382045929 0.6125 0.27139874739039666 0.615625 0.27348643006263046 0.6171875 0.3068893528183716 0.6203125 0.3089770354906054 0.6203125 0.31315240083507306 0.615625 0.31941544885177453 0.615625 0.33402922755741127 0.6125 0.33611691022964507 0.6125 0.36325678496868474 0.615625 0.3653444676409186 0.6171875 0.42588726513569936 0.6203125 0.4279749478079332 0.621875 0.46764091858037576 0.625 0.4697286012526096 0.6265625 0.55741127348643 0.625 0.5594989561586639 0.625 0.6221294363256785 0.621875 0.6242171189979123 0.6203125 0.7202505219206681 0.6171875 0.7223382045929019 0.615625 0.8455114822546973 0.6125 0.8475991649269311 0.6109375 0.8663883089770354 0.6078125 0.8684759916492694 0.60625 0.8893528183716075 0.603125 0.8914405010438413 0.603125 0.8997912317327766 0.6 0.9018789144050104 0.5985077249999999 0.9916023549060543 0.6015625 0.9895615866388309 0.6015625 0.9728601252609603 0.6046875 0.9707724425887265 0.60625 0.8914405010438413 0.609375 0.8893528183716075 0.6109375 0.8747390396659708 0.6140625 0.872651356993737 0.615625 0.860125260960334 0.61875 0.8580375782881002 0.6203125 0.8475991649269311 0.6234375 0.8455114822546973 0.6265625 0.837160751565762 0.63125 0.8350730688935282 0.6328125 0.826722338204593 0.6375 0.8225469728601252 0.6375 0.8183716075156576 0.6453125 0.8100208768267223 0.646875 0.7974947807933194 0.65 0.7954070981210856 0.6515625 0.7849686847599165 0.6546875 0.7828810020876826 0.6546875 0.7766179540709812 0.6578125 0.7745302713987474 0.659375 0.755741127348643 0.6625 0.7536534446764092 0.6640625 0.7223382045929019 0.6671875 0.7202505219206681 0.66875 0.6993736951983298 0.671875 0.697286012526096 0.6734375 0.6722338204592901 0.6765625 0.6701461377870563 0.678125 0.651356993736952 0.68125 0.6492693110647182 0.68125 0.6221294363256785 0.6828125 0.6200417536534447 0.6828125 0.6096033402922756 0.6859375 0.6075156576200418 0.6859375 0.5511482254697286 0.6890625 0.5490605427974948 0.6890625 0.4906054279749478 0.6859375 0.48851774530271397 0.6859375 0.4279749478079332 0.6828125 0.42588726513569936 0.68125 0.40292275574112735 0.678125 0.40083507306889354 0.678125 0.36116910229645094 0.68125 0.35908141962421714 0.68125 0.3444676409185804 0.678125 0.34237995824634654 0.6765625 0.325678496868476 0.665625 0.31941544885177453 0.659375 0.31106471816283926 0.6578125 0.302713987473904 0.6546875 0.30062630480167013 0.6546875 0.2776617954070981 0.6578125 0.2755741127348643 0.6578125 0.2546972860125261 0.6546875 0.25260960334029225 0.6578125 0.25052192066805845 0.659375 0.17745302713987474 0.6625 0.17536534446764093 0.6640625 0.162839248434238 0.6671875 0.16075156576200417 0.66875 0.14822546972860126 0.671875 0.14613778705636743 0.6734375 0.13569937369519833 0.6765625 0.1336116910229645 0.678125 0.12317327766179541 0.68125 0.12108559498956159 0.6828125 0.11064718162839249 0.6890625 0.1022964509394572 0.690625 0.0918580375782881 0.69375 0.08977035490605428 0.6953125 0.07515657620041753 0.6984375 0.07306889352818371 0.7 0.06680584551148225 0.7 0.05845511482254697 0.703125 0.05636743215031315 0.7046875 0.04384133611691023 0.7078125 0.04175365344467641 0.7078125 0.029227557411273485 0.7046875 0.029227557411273485 0.696875 0.03966597077244259 0.69375 0.05219206680584551 0.6875 0.05219206680584551 0.6859375 0.04592901878914405 0.6828125 0.04384133611691023 0.6828125 0.03966597077244259 0.69375 0.027139874739039668 0.69375 0.022964509394572025 0.690625 0.020876826722338204 0.6890625 0.0041753653444676405 0.6796875 0.0041753653444676405 0.678125 0 0.6640625 0 0.6625 0.0041753653444676405 0.653125 0.0041753653444676405 0.6515625 0 0.6125 0
3 0.709375 0.05636743215031315 0.70625 0.05845511482254697 0.7046875 0.06889352818371608 0.7 0.07515657620041753 0.7 0.08350730688935282 0.696875 0.08559498956158663 0.6953125 0.09394572025052192 0.696875 0.1336116910229645 0.7 0.13569937369519833 0.7015625 0.162839248434238 0.6984375 0.16910229645093947 0.6921875 0.17118997912317327 0.690625 0.17954070981210857 0.6875 0.18162839248434237 0.6875 0.18789144050104384 0.684375 0.18997912317327767 0.6828125 0.2045929018789144 0.6796875 0.20668058455114824 0.678125 0.22755741127348644 0.675 0.22964509394572025 0.675 0.2881002087682672 0.678125 0.29018789144050106 0.6796875 0.30062630480167013 0.6828125 0.302713987473904 0.684375 0.31315240083507306 0.6828125 0.40501043841336115 0.684375 0.407098121085595 0.684375 0.4175365344467641 0.6875 0.4196242171189979 0.6875 0.4405010438413361 0.690625 0.44258872651356995 0.690625 0.4613778705636743 0.6875 0.46346555323590816 0.6875 0.4780793319415449 0.690625 0.4801670146137787 0.690625 0.4968684759916493 0.6921875 0.4989561586638831 0.690625 0.5970772442588727 0.6875 0.5991649269311065 0.6875 0.6200417536534447 0.684375 0.6221294363256785 0.684375 0.651356993736952 0.6828125 0.6534446764091858 0.6828125 0.6701461377870563 0.6796875 0.6722338204592901 0.6796875 0.6805845511482255 0.6828125 0.6826722338204593 0.684375 0.7035490605427975 0.69375 0.7056367432150313 0.7015625 0.6931106471816284 0.7078125 0.6910229645093946 0.709375 0.6826722338204593 0.715625 0.6764091858037579 0.7171875 0.6638830897703549 0.7203125 0.6617954070981211 0.721875 0.6409185803757829 0.725 0.6388308977035491 0.7265625 0.615866388308977 0.7296875 0.6137787056367432 0.73125 0.5887265135699373 0.734375 0.5866388308977035 0.7359375 0.5678496868475992 0.7390625 0.5657620041753654 0.740625 0.5219206680584552 0.74375 0.5198329853862212 0.74375 0.5052192066805845 0.746875 0.5031315240083507 0.7484375 0.46764091858037576 0.7515625 0.46555323590814196 0.753125 0.4551148225469729 0.753125 0.4321503131524008 0.75625 0.430062630480167 0.75625 0.407098121085595 0.7578125 0.40501043841336115 0.7578125 0.3736951983298539 0.7609375 0.37160751565762007 0.7609375 0.33820459290187893 0.7578125 0.33611691022964507 0.75625 0.31524008350730687 0.753125 0.31315240083507306 0.7515625 0.29018789144050106 0.7484375 0.2881002087682672 0.746875 0.27348643006263046 0.740625 0.26931106471816285 0.7390625 0.2588726513569937 0.7390625 0.24843423799582465 0.740625 0.24634655532359082 0.7421875 0.25260960334029225 0.7453125 0.2546972860125261 0.7453125 0.2588726513569937 0.7484375 0.2609603340292276 0.75 0.26931106471816285 0.75625 0.27139874739039666 0.7578125 0.24217118997912318 0.75625 0.24008350730688935 0.75625 0.21711899791231734 0.753125 0.2150313152400835 0.7515625 0.1941544885177453 0.7484375 0.19206680584551147 0.7484375 0.1837160751565762 0.740625 0.17536534446764093 0.740625 0.17118997912317327 0.7359375 0.16701461377870563 0.734375 0.16075156576200417 0.7359375 0.12317327766179541 0.734375 0.12108559498956159 0.734375 0.11064718162839249 0.73125 0.10855949895615867 0.7296875 0.08559498956158663 0.7265625 0.08350730688935282 0.725 0.06263048016701461 0.721875 0.060542797494780795 0.721875 0.05219206680584551 0.7171875 0.04801670146137787 0.7171875 0.04384133611691023 0.7140625 0.04384133611691023 0.7140625 0.04592901878914405 0.709375 0.05219206680584551 0.709375 0.05636743215031315
3 0.46875 0 0.46875 0.0020876826722338203 0.4703125 0.008350730688935281 0.4765625 0.008350730688935281 0.478125 0.012526096033402923 0.4890625 0.014613778705636743 0.5015625 0.033402922755741124 0.5 0.04801670146137787 0.4921875 0.05636743215031315 0.490625 0.06680584551148225 0.4875 0.06889352818371608 0.4875 0.08350730688935282 0.490625 0.08559498956158663 0.490625 0.09812108559498957 0.484375 0.10020876826722339 0.4828125 0.10438413361169102 0.478125 0.10647181628392484 0.4796875 0.12108559498956159 0.4828125 0.12317327766179541 0.484375 0.1336116910229645 0.4875 0.13569937369519833 0.4875 0.15031315240083507 0.4796875 0.1544885177453027 0.478125 0.15866388308977036 0.475 0.15866388308977036 0.465625 0.17118997912317327 0.465625 0.19832985386221294 0.46875 0.20041753653444677 0.46875 0.20876826722338204 0.4703125 0.2150313152400835 0.4734375 0.21711899791231734 0.475 0.22755741127348644 0.478125 0.22964509394572025 0.478125 0.23382045929018788 0.4859375 0.24425887265135698 0.49375 0.23382045929018788 0.496875 0.22338204592901878 0.5125 0.22338204592901878 0.5171875 0.22129436325678498 0.51875 0.21711899791231734 0.53125 0.21711899791231734 0.5359375 0.22338204592901878 0.5375 0.23382045929018788 0.54375 0.2359081419624217 0.5453125 0.24008350730688935 0.55625 0.24008350730688935 0.5578125 0.2359081419624217 0.5625 0.23799582463465555 0.5640625 0.25052192066805845 0.5671875 0.25260960334029225 0.56875 0.26931106471816285 0.575 0.2776617954070981 0.5765625 0.32150313152400833 0.575 0.3235908141962422 0.575 0.33611691022964507 0.56875 0.3444676409185804 0.5671875 0.35281837160751567 0.5640625 0.35490605427974947 0.5625 0.3757828810020877 0.559375 0.3778705636743215 0.5578125 0.3966597077244259 0.5546875 0.3987473903966597 0.5546875 0.4906054279749478 0.5578125 0.49269311064718163 0.559375 0.5260960334029228 0.5625 0.5281837160751566 0.5625 0.5678496868475992 0.559375 0.569937369519833 0.5578125 0.592901878914405 0.5546875 0.5949895615866388 0.5546875 0.615866388308977 0.5578125 0.6179540709812108 0.559375 0.6492693110647182 0.5625 0.651356993736952 0.5640625 0.6617954070981211 0.5671875 0.6638830897703549 0.5671875 0.7118997912317327 0.5640625 0.7139874739039666 0.5640625 0.7578288100208769 0.5671875 0.7599164926931107 0.56875 0.7933194154488518 0.5734375 0.7954070981210856 0.575 0.7995824634655533 0.5765625 0.7954070981210856 0.5828125 0.7933194154488518 0.584375 0.7828810020876826 0.5875 0.7807933194154488 0.5875 0.7369519832985386 0.5890625 0.7348643006263048 0.5890625 0.7223382045929019 0.5921875 0.7202505219206681 0.59375 0.6722338204592901 0.596875 0.6701461377870563 0.596875 0.6576200417536534 0.59375 0.6555323590814196 0.59375 0.651356993736952 0.5890625 0.6492693110647182 0.5875 0.6409185803757829 0.575 0.6263048016701461 0.575 0.6179540709812108 0.584375 0.6075156576200418 0.5890625 0.592901878914405 0.596875 0.5845511482254697 0.5984375 0.5762004175365344 0.6046875 0.5678496868475992 0.60625 0.5469728601252609 0.609375 0.5448851774530271 0.609375 0.47390396659707723 0.60625 0.4718162839248434 0.60625 0.4342379958246347 0.6046875 0.4321503131524008 0.60625 0.3736951983298539 0.6046875 0.37160751565762007 0.6046875 0.35073068893528186 0.6015625 0.348643006263048 0.6015625 0.3444676409185804 0.6046875 0.34237995824634654 0.60625 0.3235908141962422 0.6046875 0.32150313152400833 0.6046875 0.30062630480167013 0.6015625 0.2985386221294363 0.6015625 0.2546972860125261 0.5984375 0.25260960334029225 0.5984375 0.23799582463465555 0.596875 0.2359081419624217 0.596875 0.2254697286012526 0.59375 0.22338204592901878 0.5921875 0.20041753653444677 0.5890625 0.19832985386221294 0.5875 0.15866388308977036 0.584375 0.15657620041753653 0.5828125 0.15031315240083507 0.5828125 0.12734864300626306 0.5875 0.12108559498956159 0.5890625 0.11064718162839249 0.5921875 0.10855949895615867 0.59375 0.08768267223382047 0.596875 0.08559498956158663 0.5984375 0.07515657620041753 0.6015625 0.07306889352818371 0.6015625 0.03966597077244259 0.5984375 0.03549060542797495 0.6015625 0.033402922755741124 0.5984375 0.031315240083507306 0.596875 0.010438413361169102 0.59375 0.008350730688935281 0.5921875 0 0.46875 0
5 0.8296875 0 0.8296875 0.0020876826722338203 0.8296875 0.033402922755741124 0.8328125 0.03549060542797495 0.8328125 0.07306889352818371 0.8296875 0.07515657620041753 0.8296875 0.10438413361169102 0.8265625 0.10647181628392484 0.8265625 0.15657620041753653 0.8296875 0.15866388308977036 0.8296875 0.16910229645093947 0.8265625 0.17118997912317327 0.825 0.2567849686847599 0.8265625 0.2630480167014614 0.83125 0.2630480167014614 0.834375 0.26931106471816285 0.8390625 0.27139874739039666 0.8625 0.27139874739039666 0.8625 0.2651356993736952 0.859375 0.2630480167014614 0.8578125 0.25260960334029225 0.8515625 0.24425887265135698 0.8515625 0.22964509394572025 0.85 0.22755741127348644 0.8515625 0.14822546972860126 0.8546875 0.14613778705636743 0.8546875 0.12317327766179541 0.8578125 0.12108559498956159 0.8578125 0.10647181628392484 0.8609375 0.1022964509394572 0.865625 0.10647181628392484 0.865625 0.12526096033402923 0.86875 0.12734864300626306 0.86875 0.08559498956158663 0.8671875 0.08350730688935282 0.8671875 0.029227557411273485 0.8640625 0.027139874739039668 0.8640625 0.0041753653444676405 0.8625 0 0.8296875 0
5 0.7046875 0.05845511482254697 0.7046875 0.06680584551148225 0.696875 0.07724425887265135 0.696875 0.0918580375782881 0.6953125 0.09394572025052192 0.696875 0.1336116910229645 0.7 0.13569937369519833 0.7015625 0.15657620041753653 0.7203125 0.15657620041753653 0.721875 0.16075156576200417 0.7296875 0.16075156576200417 0.73125 0.1544885177453027 0.734375 0.1524008350730689 0.7359375 0.12317327766179541 0.734375 0.12108559498956159 0.734375 0.11064718162839249 0.73125 0.10855949895615867 0.7296875 0.08768267223382047 0.7265625 0.08559498956158663 0.725 0.06263048016701461 0.721875 0.060542797494780795 0.721875 0.05219206680584551 0.7171875 0.04801670146137787 0.7171875 0.04384133611691023 0.7109375 0.04384133611691023 0.7109375 0.04592901878914405 0.709375 0.054279749478079335 0.7046875 0.05845511482254697
5 0.6109375 0 0.6109375 0.0020876826722338203 0.6109375 0.027139874739039668 0.6078125 0.029227557411273485 0.6078125 0.033402922755741124 0.6109375 0.03549060542797495 0.6125 0.1440501043841336 0.615625 0.14613778705636743 0.615625 0.17536534446764093 0.6125 0.17745302713987474 0.6125 0.18580375782881003 0.615625 0.18789144050104384 0.615625 0.2881002087682672 0.621875 0.31106471816283926 0.6265625 0.31524008350730687 0.6265625 0.32150313152400833 0.63125 0.3235908141962422 0.6328125 0.3277661795407098 0.640625 0.3277661795407098 0.6421875 0.3235908141962422 0.65 0.32150313152400833 0.653125 0.31315240083507306 0.6578125 0.31315240083507306 0.6578125 0.3068893528183716 0.6546875 0.3048016701461378 0.6546875 0.2609603340292276 0.6578125 0.2588726513569937 0.6578125 0.24843423799582465 0.6546875 0.24634655532359082 0.6546875 0.23799582463465555 0.6578125 0.2359081419624217 0.659375 0.17745302713987474 0.6625 0.17536534446764093 0.6640625 0.162839248434238 0.6671875 0.16075156576200417 0.66875 0.14822546972860126 0.671875 0.14613778705636743 0.6734375 0.13569937369519833 0.6765625 0.1336116910229645 0.678125 0.11899791231732777 0.6859375 0.10855949895615867 0.6859375 0.10020876826722339 0.69375 0.0918580375782881 0.6953125 0.06889352818371608 0.690625 0.06680584551148225 0.6890625 0.05845511482254697 0.6828125 0.05636743215031315 0.6828125 0.029227557411273485 0.6890625 0.025052192066805846 0.6890625 0.008350730688935281 0.6859375 0.0041753653444676405 0.6828125 0.0041753653444676405 0.68125 0 0.6109375 0
5 0.7109375 0 0.7109375 0.0020876826722338203 0.7109375 0.008350730688935281 0.7140625 0.010438413361169102 0.7140625 0.018789144050104383 0.7171875 0.020876826722338204 0.71875 0.04175365344467641 0.721875 0.04384133611691023 0.7234375 0.060542797494780795 0.7265625 0.06263048016701461 0.728125 0.07933194154488518 0.73125 0.081419624217119 0.7328125 0.10438413361169102 0.7359375 0.10647181628392484 0.7375 0.12526096033402923 0.740625 0.12734864300626306 0.7421875 0.14613778705636743 0.7453125 0.14822546972860126 0.7453125 0.15657620041753653 0.7484375 0.15866388308977036 0.75 0.17536534446764093 0.753125 0.17745302713987474 0.7546875 0.19832985386221294 0.7578125 0.20041753653444677 0.759375 0.23382045929018788 0.7625 0.2359081419624217 0.759375 0.24008350730688935 0.7625 0.24217118997912318 0.7625 0.2776617954070981 0.759375 0.2797494780793319 0.759375 0.29436325678496866 0.7546875 0.30062630480167013 0.7546875 0.3068893528183716 0.759375 0.31315240083507306 0.7578125 0.3173277661795407 0.759375 0.3277661795407098 0.7625 0.3298538622129436 0.7640625 0.35281837160751567 0.7671875 0.35490605427974947 0.76875 0.3778705636743215 0.771875 0.38204592901878914 0.7796875 0.38204592901878914 0.78125 0.3778705636743215 0.7921875 0.3757828810020877 0.79375 0.3653444676409186 0.796875 0.36325678496868474 0.796875 0.3569937369519833 0.79375 0.35490605427974947 0.79375 0.31941544885177453 0.796875 0.3173277661795407 0.796875 0.2254697286012526 0.7984375 0.22338204592901878 0.7984375 0.21294363256784968 0.8015625 0.21085594989561587 0.8015625 0.2045929018789144 0.8046875 0.20250521920668058 0.8046875 0.1941544885177453 0.7984375 0.19624217118997914 0.796875 0.18789144050104384 0.79375 0.18580375782881003 0.7921875 0.13987473903966596 0.7890625 0.13778705636743216 0.7875 0.09394572025052192 0.784375 0.0918580375782881 0.784375 0.0709812108559499 0.7828125 0.06889352818371608 0.7828125 0.05845511482254697 0.7796875 0.05636743215031315 0.778125 0.033402922755741124 0.775 0.031315240083507306 0.7734375 0.016701461377870562 0.7703125 0.014613778705636743 0.7703125 0.008350730688935281 0.7671875 0.006263048016701462 0.765625 0 0.7625 0.0041753653444676405 0.753125 0.0041753653444676405 0.7515625 0 0.7109375 0
5 0.521875 0 0.521875 0.0020876826722338203 0.5234375 0.031315240083507306 0.5265625 0.033402922755741124 0.528125 0.060542797494780795 0.53125 0.06263048016701461 0.5328125 0.0709812108559499 0.5328125 0.08977035490605428 0.5359375 0.0918580375782881 0.5375 0.10855949895615867 0.540625 0.11064718162839249 0.5421875 0.1336116910229645 0.5453125 0.13778705636743216 0.5609375 0.13987473903966596 0.5671875 0.13778705636743216 0.571875 0.1440501043841336 0.578125 0.14613778705636743 0.5796875 0.13569937369519833 0.56875 0.13569937369519833 0.5671875 0.1336116910229645 0.565625 0.11691022964509394 0.5625 0.11482254697286012 0.5609375 0.08768267223382047 0.5625 0.08559498956158663 0.5734375 0.08559498956158663 0.575 0.07933194154488518 0.578125 0.08350730688935282 0.5796875 0.07724425887265135 0.575 0.0709812108559499 0.5734375 0.07515657620041753 0.5625 0.081419624217119 0.5578125 0.07515657620041753 0.55625 0.06263048016701461 0.553125 0.060542797494780795 0.5515625 0.020876826722338204 0.5484375 0.018789144050104383 0.5484375 0 0.521875 0