2 0.634375 0.3911007025761124 0.6421875 0.3957845433255269 0.65 0.405152224824356 0.646875 0.41217798594847777 0.640625 0.41451990632318503 0.64375 0.41920374707259955 0.646875 0.41920374707259955 0.6515625 0.4262295081967213 0.65625 0.42857142857142855 0.665625 0.42857142857142855 0.6734375 0.4238875878220141 0.715625 0.4215456674473068 0.7171875 0.41217798594847777 0.7234375 0.4028103044496487 0.7375 0.40046838407494145 0.7375 0.3981264637002342 0.6828125 0.39344262295081966 0.675 0.40046838407494145 0.66875 0.39344262295081966 0.65625 0.3864168618266979 0.6546875 0.3864168618266979 0.6375 0.3864168618266979 0.634375 0.3911007025761124
2 0.55625 0.5761124121779859 0.578125 0.6112412177985949 0.5890625 0.6112412177985949 0.5984375 0.6159250585480094 0.60625 0.6159250585480094 0.621875 0.6252927400468384 0.6328125 0.6252927400468384 0.628125 0.6182669789227166 0.6234375 0.6159250585480094 0.6328125 0.6018735362997658 0.6296875 0.594847775175644 0.6109375 0.5925058548009368 0.609375 0.5901639344262295 0.5828125 0.5901639344262295 0.5796875 0.585480093676815 0.5796875 0.5807962529274004 0.5734375 0.5714285714285714 0.571875 0.5714285714285714 0.5578125 0.5714285714285714 0.55625 0.5761124121779859
2 0.540625 0.34192037470725994 0.5515625 0.33021077283372363 0.5671875 0.3255269320843091 0.5734375 0.32084309133489464 0.5734375 0.3114754098360656 0.571875 0.3091334894613583 0.54375 0.30679156908665106 0.5328125 0.31381733021077285 0.5265625 0.3255269320843091 0.50625 0.32786885245901637 0.5 0.33021077283372363 0.4984375 0.33489461358313816 0.5 0.33489461358313816 0.51875 0.34192037470725994 0.540625 0.34192037470725994
2 0.6421875 0.3957845433255269 0.65 0.405152224824356 0.646875 0.41217798594847777 0.6421875 0.41217798594847777 0.640625 0.4168618266978923 0.646875 0.41920374707259955 0.653125 0.4262295081967213 0.6671875 0.41451990632318503 0.6734375 0.405152224824356 0.6734375 0.3981264637002342 0.6578125 0.3864168618266979 0.634375 0.3864168618266979 0.634375 0.38875878220140514 0.634375 0.3911007025761124 0.6421875 0.3957845433255269
2 0.5015625 0.3911007025761124 0.515625 0.405152224824356 0.5203125 0.405152224824356 0.5296875 0.41451990632318503 0.5296875 0.40749414519906324 0.521875 0.3911007025761124 0.515625 0.3840749414519906 0.5046875 0.3793911007025761 0.503125 0.3793911007025761 0.5 0.38173302107728335 0.5015625 0.3911007025761124
2 0.4953125 0.24121779859484777 0.4875 0.2529274004683841 0.4875 0.2693208430913349 0.4859375 0.2786885245901639 0.4828125 0.28337236533957844 0.4859375 0.28805620608899296 0.5109375 0.2786885245901639 0.5203125 0.2693208430913349 0.5234375 0.2693208430913349 0.534375 0.2505854800936768 0.534375 0.23653395784543327 0.5328125 0.234192037470726 0.53125 0.234192037470726 0.5171875 0.234192037470726 0.4953125 0.24121779859484777
2 0.4359375 0.2505854800936768 0.4390625 0.25526932084309134 0.4421875 0.25526932084309134 0.44375 0.25995316159250587 0.4484375 0.25995316159250587 0.45 0.2646370023419204 0.459375 0.2716627634660422 0.4640625 0.2786885245901639 0.4671875 0.2786885245901639 0.4734375 0.2857142857142857 0.4765625 0.2857142857142857 0.4765625 0.28337236533957844 0.4609375 0.25526932084309134 0.4484375 0.24355971896955503 0.421875 0.234192037470726 0.421875 0.23653395784543327 0.43125 0.2505854800936768 0.4359375 0.2505854800936768
2 0.53125 0.4964871194379391 0.53125 0.5011709601873536 0.528125 0.5058548009367682 0.528125 0.5128805620608899 0.54375 0.522248243559719 0.565625 0.5199063231850117 0.5765625 0.5081967213114754 0.578125 0.49882903981264637 0.571875 0.4918032786885246 0.565625 0.4894613583138173 0.540625 0.48711943793911006 0.5375 0.4894613583138173 0.5375 0.4918032786885246 0.534375 0.4964871194379391 0.53125 0.4964871194379391
2 0.56875 0.7002341920374707 0.5796875 0.7002341920374707 0.5984375 0.7096018735362998 0.6015625 0.7072599531615925 0.615625 0.7072599531615925 0.615625 0.702576112412178 0.60625 0.7002341920374707 0.5984375 0.6932084309133489 0.58125 0.6908665105386417 0.5640625 0.6791569086651054 0.55625 0.6791569086651054 0.55625 0.6814988290398126 0.5640625 0.6978922716627635 0.56875 0.7002341920374707
2 0.540625 0.3044496487119438 0.553125 0.30210772833723654 0.5546875 0.3044496487119438 0.565625 0.3044496487119438 0.5671875 0.2997658079625293 0.5625 0.2903981264637002 0.534375 0.2903981264637002 0.5328125 0.28805620608899296 0.53125 0.28805620608899296 0.528125 0.2903981264637002 0.540625 0.3044496487119438
2 0.46875 0.47540983606557374 0.4828125 0.48711943793911006 0.4875 0.49414519906323184 0.4921875 0.49414519906323184 0.503125 0.5035128805620609 0.5109375 0.5035128805620609 0.5125 0.5058548009367682 0.5171875 0.5058548009367682 0.5171875 0.5011709601873536 0.50625 0.477751756440281 0.4984375 0.468384074941452 0.4921875 0.468384074941452 0.478125 0.45901639344262296 0.4625 0.4566744730679157 0.4625 0.45901639344262296 0.4625 0.4637002341920375 0.46875 0.47540983606557374
2 0.571875 0.7377049180327869 0.590625 0.7494145199063232 0.59375 0.7540983606557377 0.603125 0.7564402810304449 0.60625 0.7611241217798594 0.6125 0.765807962529274 0.6171875 0.765807962529274 0.6265625 0.775175644028103 0.6375 0.775175644028103 0.6359375 0.7681498829039812 0.63125 0.7681498829039812 0.6171875 0.7517564402810304 0.6078125 0.7494145199063232 0.5984375 0.7400468384074942 0.59375 0.7400468384074942 0.5921875 0.7353629976580797 0.5890625 0.7353629976580797 0.5859375 0.7306791569086651 0.578125 0.7306791569086651 0.5765625 0.7283372365339579 0.575 0.7283372365339579 0.571875 0.7306791569086651 0.571875 0.7377049180327869
2 0.45 0.15690866510538642 0.44375 0.17096018735362997 0.44375 0.18032786885245902 0.440625 0.1873536299765808 0.440625 0.20140515222482436 0.4453125 0.22014051522248243 0.45625 0.23653395784543327 0.45625 0.24121779859484777 0.465625 0.2529274004683841 0.4703125 0.2646370023419204 0.4703125 0.2693208430913349 0.475 0.27634660421545665 0.475 0.28337236533957844 0.478125 0.28805620608899296 0.4859375 0.26229508196721313 0.4859375 0.2529274004683841 0.49375 0.234192037470726 0.4921875 0.2107728337236534 0.4875 0.20374707259953162 0.4859375 0.19672131147540983 0.459375 0.1522248243559719 0.4546875 0.14754098360655737 0.453125 0.14754098360655737 0.45 0.14988290398126464 0.45 0.15690866510538642
2 0.678125 0.3981264637002342 0.6625 0.4215456674473068 0.65625 0.4238875878220141 0.6578125 0.42857142857142855 0.6640625 0.42857142857142855 0.671875 0.4238875878220141 0.715625 0.4215456674473068 0.7171875 0.41217798594847777 0.7234375 0.4028103044496487 0.7375 0.40046838407494145 0.7375 0.3981264637002342 0.73125 0.3981264637002342 0.7296875 0.3957845433255269 0.7 0.3957845433255269 0.6984375 0.39344262295081966 0.696875 0.39344262295081966 0.6828125 0.39344262295081966 0.678125 0.3981264637002342
2 0.584375 0.6065573770491803 0.6015625 0.6135831381733021 0.60625 0.6112412177985949 0.625 0.6112412177985949 0.6328125 0.6042154566744731 0.6328125 0.5995316159250585 0.6265625 0.5925058548009368 0.5859375 0.5901639344262295 0.5859375 0.5925058548009368 0.5859375 0.6042154566744731 0.584375 0.6065573770491803
2 0.5 0.4566744730679157 0.50625 0.4707259953161593 0.50625 0.47540983606557374 0.51875 0.5011709601873536 0.51875 0.5081967213114754 0.5234375 0.5081967213114754 0.53125 0.49414519906323184 0.5421875 0.48243559718969553 0.54375 0.468384074941452 0.546875 0.4613583138173302 0.5453125 0.4519906323185012 0.540625 0.44028103044496486 0.5296875 0.4262295081967213 0.5296875 0.4215456674473068 0.51875 0.40749414519906324 0.5171875 0.4098360655737705 0.5 0.4309133489461358 0.5 0.4566744730679157
2 0.55625 0.5761124121779859 0.5640625 0.5925058548009368 0.575 0.6065573770491803 0.5796875 0.6065573770491803 0.5828125 0.6018735362997658 0.5828125 0.5901639344262295 0.5796875 0.5807962529274004 0.5734375 0.5714285714285714 0.571875 0.5714285714285714 0.5578125 0.5714285714285714 0.55625 0.5761124121779859
2 0.5609375 0.5433255269320844 0.55 0.5433255269320844 0.54375 0.5480093676814989 0.546875 0.5573770491803278 0.559375 0.5644028103044496 0.5625 0.5690866510538641 0.5984375 0.5667447306791569 0.6 0.5690866510538641 0.625 0.5690866510538641 0.6265625 0.5667447306791569 0.628125 0.5690866510538641 0.640625 0.5690866510538641 0.640625 0.5667447306791569 0.6234375 0.5550351288056206 0.6171875 0.5550351288056206 0.615625 0.5526932084309133 0.578125 0.5526932084309133 0.5703125 0.5433255269320844 0.56875 0.5433255269320844 0.5625 0.5409836065573771 0.5609375 0.5433255269320844
2 0.59375 0.26229508196721313 0.5859375 0.26697892271662765 0.565625 0.2716627634660422 0.5625 0.27634660421545665 0.5625 0.28805620608899296 0.56875 0.3044496487119438 0.5765625 0.3044496487119438 0.5875 0.297423887587822 0.5984375 0.29508196721311475 0.60625 0.28805620608899296 0.6109375 0.28805620608899296 0.6171875 0.28337236533957844 0.6234375 0.2716627634660422 0.6265625 0.25995316159250587 0.625 0.25526932084309134 0.6234375 0.25526932084309134 0.6078125 0.26229508196721313 0.59375 0.26229508196721313
4 0 0 0 0.00234192037470726 0 0.45901639344262296 0.0046875 0.468384074941452 0.0046875 0.47540983606557374 0.003125 0.477751756440281 0.003125 0.48711943793911006 0 0.4894613583138173 0 0.550351288056206 0.0046875 0.5550351288056206 0.00625 0.5644028103044496 0.009375 0.5690866510538641 0.0078125 0.5784543325526932 0.009375 0.585480093676815 0.0078125 0.5901639344262295 0.0109375 0.5925058548009368 0 0.6065573770491803 0.0015625 0.6088992974238876 0 0.6112412177985949 0 0.6416861826697893 0.003125 0.6440281030444965 0 0.6463700234192038 0 0.7564402810304449 0.0046875 0.7634660421545667 0 0.7681498829039812 0 0.7845433255269321 0.0046875 0.7892271662763466 0.00625 0.7962529274004684 0.0046875 0.7985948477751756 0.0046875 0.819672131147541 0.00625 0.8220140515222483 0.0046875 0.8313817330210773 0 0.8360655737704918 0 0.9976580796252927 0.0078125 0.9976580796252927 0.009375 0.9953161592505855 0.0109375 0.9976580796252927 0.0515625 0.9976580796252927 0.053125 0.9953161592505855 0.059375 0.9953161592505855 0.0640625 0.9976580796252927 0.065625 0.9953161592505855 0.071875 0.9953161592505855 0.0734375 0.9976580796252927 0.1078125 0.9976580796252927 0.109375 0.9953161592505855 0.128125 0.9953161592505855 0.1296875 0.9976580796252927 0.13125 0.9953161592505855 0.1546875 0.9953161592505855 0.159375 0.9976580796252927 0.1609375 0.9953161592505855 0.1671875 0.9953161592505855 0.1703125 0.9976580796252927 0.1765625 0.9953161592505855 0.178125 0.9976580796252927 0.190625 0.9976580796252927 0.1921875 0.9953161592505855 0.2046875 0.9953161592505855 0.20625 0.9976580796252927 0.2171875 0.9976580796252927 0.2234375 0.9953161592505855 0.228125 0.9976580796252927 0.2296875 0.9953161592505855 0.2578125 0.9953161592505855 0.2625 0.9976580796252927 0.265625 0.9953161592505855 0.2671875 0.9976580796252927 0.2859375 0.9976580796252927 0.2921875 0.9953161592505855 0.296875 0.9976580796252927 0.2984375 0.9953161592505855 0.30625 0.9953161592505855 0.3125 0.9976580796252927 0.315625 0.9953161592505855 0.3171875 0.9976580796252927 0.35 0.9976580796252927 0.3515625 0.9953161592505855 0.3671875 0.9953161592505855 0.371875 0.990632318501171 0.3796875 0.990632318501171 0.38125 0.9882903981264637 0.3859375 0.9625292740046838 0.3859375 0.9414519906323185 0.390625 0.9344262295081968 0.3921875 0.9133489461358314 0.3984375 0.9039812646370023 0.3984375 0.8992974238875878 0.41875 0.8688524590163934 0.421875 0.8688524590163934 0.4234375 0.8571428571428571 0.4265625 0.8524590163934426 0.425 0.8430913348946136 0.4171875 0.8313817330210773 0.4109375 0.8243559718969555 0.4078125 0.8243559718969555 0.4046875 0.8173302107728337 0.3953125 0.8149882903981265 0.384375 0.7962529274004684 0.378125 0.7962529274004684 0.3734375 0.7892271662763466 0.3734375 0.775175644028103 0.375 0.7728337236533958 0.425 0.775175644028103 0.4265625 0.7775175644028103 0.4609375 0.775175644028103 0.4765625 0.8009367681498829 0.4859375 0.8079625292740047 0.4875 0.8126463700234192 0.4921875 0.8149882903981265 0.496875 0.8220140515222483 0.503125 0.8220140515222483 0.5125 0.8313817330210773 0.51875 0.8313817330210773 0.5203125 0.8337236533957846 0.528125 0.8313817330210773 0.5296875 0.8243559718969555 0.5359375 0.819672131147541 0.5421875 0.8079625292740047 0.540625 0.7985948477751756 0.5375 0.7939110070257611 0.5359375 0.7775175644028103 0.5328125 0.775175644028103 0.5296875 0.7634660421545667 0.525 0.7564402810304449 0.5203125 0.7728337236533958 0.521875 0.775175644028103 0.5171875 0.7822014051522248 0.5109375 0.7845433255269321 0.503125 0.775175644028103 0.5046875 0.747072599531616 0.5109375 0.7377049180327869 0.5109375 0.7236533957845434 0.5015625 0.711943793911007 0.4984375 0.7189695550351288 0.49375 0.7213114754098361 0.4890625 0.7189695550351288 0.4828125 0.7236533957845434 0.478125 0.7330210772833724 0.4609375 0.7447306791569087 0.453125 0.7423887587822015 0.4515625 0.7400468384074942 0.453125 0.7353629976580797 0.4484375 0.7283372365339579 0.453125 0.7259953161592506 0.459375 0.7166276346604216 0.4609375 0.7049180327868853 0.465625 0.7002341920374707 0.471875 0.7096018735362998 0.4859375 0.7096018735362998 0.490625 0.702576112412178 0.496875 0.702576112412178 0.49375 0.6955503512880562 0.5015625 0.6908665105386417 0.5046875 0.6838407494145199 0.5046875 0.6744730679156908 0.503125 0.6721311475409836 0.5046875 0.667447306791569 0.4953125 0.6697892271662763 0.49375 0.667447306791569 0.496875 0.6651053864168618 0.49375 0.6651053864168618 0.4921875 0.6604215456674473 0.49375 0.65807962529274 0.4921875 0.6557377049180327 0.4984375 0.6487119437939111 0.5015625 0.6510538641686182 0.5046875 0.6487119437939111 0.5078125 0.6416861826697893 0.5078125 0.6323185011709602 0.5046875 0.6252927400468384 0.5046875 0.6182669789227166 0.5015625 0.6135831381733021 0.5046875 0.6065573770491803 0.503125 0.5784543325526932 0.490625 0.5620608899297423 0.4875 0.5620608899297423 0.484375 0.5573770491803278 0.46875 0.5597189695550351 0.4671875 0.5526932084309133 0.453125 0.550351288056206 0.4484375 0.5456674473067916 0.4453125 0.5456674473067916 0.4484375 0.5526932084309133 0.4421875 0.5573770491803278 0.425 0.5550351288056206 0.415625 0.5456674473067916 0.4125 0.5456674473067916 0.4046875 0.5573770491803278 0.3953125 0.5573770491803278 0.3765625 0.5433255269320844 0.378125 0.5409836065573771 0.3765625 0.5386416861826698 0.3765625 0.5292740046838408 0.3734375 0.522248243559719 0.3734375 0.5105386416861827 0.378125 0.5035128805620609 0.384375 0.5011709601873536 0.3859375 0.5035128805620609 0.38125 0.5081967213114754 0.3828125 0.5105386416861827 0.3875 0.5105386416861827 0.3921875 0.5152224824355972 0.3953125 0.5058548009367682 0.3984375 0.5058548009367682 0.4078125 0.5152224824355972 0.4078125 0.5199063231850117 0.4109375 0.5128805620608899 0.415625 0.5128805620608899 0.41875 0.5081967213114754 0.4234375 0.5081967213114754 0.428125 0.5011709601873536 0.43125 0.5011709601873536 0.4359375 0.5035128805620609 0.446875 0.522248243559719 0.45 0.522248243559719 0.4515625 0.5128805620608899 0.459375 0.5128805620608899 0.4640625 0.5081967213114754 0.4625 0.5058548009367682 0.465625 0.49882903981264637 0.4671875 0.48009367681498827 0.4609375 0.4707259953161593 0.4609375 0.45433255269320844 0.4625 0.4519906323185012 0.4671875 0.4496487119437939 0.478125 0.4566744730679157 0.49375 0.4566744730679157 0.496875 0.4215456674473068 0.4921875 0.3981264637002342 0.49375 0.38875878220140514 0.4921875 0.3864168618266979 0.4921875 0.3747072599531616 0.4875 0.3700234192037471 0.4875 0.36065573770491804 0.4859375 0.3583138173302108 0.4875 0.3559718969555035 0.48125 0.3442622950819672 0.478125 0.3044496487119438 0.4671875 0.2903981264637002 0.4640625 0.2903981264637002 0.4609375 0.28337236533957844 0.45625 0.2857142857142857 0.453125 0.27634660421545665 0.446875 0.2716627634660422 0.440625 0.26229508196721313 0.428125 0.25995316159250587 0.4234375 0.2529274004683841 0.4234375 0.2459016393442623 0.415625 0.234192037470726 0.4171875 0.22950819672131148 0.4359375 0.23185011709601874 0.4375 0.234192037470726 0.44375 0.234192037470726 0.4453125 0.23185011709601874 0.4421875 0.22716627634660422 0.440625 0.2154566744730679 0.4375 0.2107728337236534 0.4375 0.18266978922716628 0.4421875 0.16627634660421545 0.4421875 0.15456674473067916 0.4515625 0.13817330210772832 0.4546875 0.13817330210772832 0.4625 0.14988290398126464 0.4625 0.15456674473067916 0.49375 0.20140515222482436 0.496875 0.20843091334894615 0.4984375 0.23185011709601874 0.5078125 0.234192037470726 0.5203125 0.22950819672131148 0.5296875 0.22950819672131148 0.5375 0.23653395784543327 0.5375 0.2576112412177986 0.53125 0.2646370023419204 0.53125 0.27400468384074944 0.5296875 0.27634660421545665 0.525 0.2716627634660422 0.525 0.2786885245901639 0.5296875 0.2786885245901639 0.5328125 0.28337236533957844 0.5484375 0.28337236533957844 0.5515625 0.2810304449648712 0.553125 0.28337236533957844 0.5625 0.2693208430913349 0.575 0.26229508196721313 0.596875 0.25995316159250587 0.603125 0.25526932084309134 0.615625 0.25526932084309134 0.6203125 0.2505854800936768 0.6265625 0.2505854800936768 0.6296875 0.25526932084309134 0.6296875 0.2646370023419204 0.625 0.27400468384074944 0.625 0.2786885245901639 0.6171875 0.2903981264637002 0.6140625 0.2903981264637002 0.6078125 0.297423887587822 0.6015625 0.297423887587822 0.5953125 0.30679156908665106 0.59375 0.3114754098360656 0.59375 0.3395784543325527 0.5953125 0.34894613583138173 0.5890625 0.36065573770491804 0.5828125 0.3629976580796253 0.578125 0.36065573770491804 0.575 0.3629976580796253 0.565625 0.35362997658079626 0.5625 0.3559718969555035 0.5609375 0.37236533957845436 0.55625 0.3747072599531616 0.5546875 0.3840749414519906 0.5578125 0.40749414519906324 0.553125 0.41217798594847777 0.553125 0.4168618266978923 0.5453125 0.42857142857142855 0.546875 0.4449648711943794 0.55 0.4496487119437939 0.55 0.468384074941452 0.5484375 0.4707259953161593 0.55 0.47540983606557374 0.546875 0.48009367681498827 0.55 0.4847775175644028 0.55625 0.4847775175644028 0.5609375 0.47306791569086654 0.5640625 0.47540983606557374 0.5625 0.45901639344262296 0.5640625 0.4566744730679157 0.5671875 0.4566744730679157 0.58125 0.4449648711943794 0.5890625 0.44730679156908665 0.596875 0.45901639344262296 0.59375 0.4637002341920375 0.5984375 0.46604215456674475 0.6046875 0.4566744730679157 0.6109375 0.45433255269320844 0.615625 0.44730679156908665 0.61875 0.44730679156908665 0.6234375 0.4379391100702576 0.63125 0.4309133489461358 0.634375 0.4309133489461358 0.6375 0.4262295081967213 0.6359375 0.41217798594847777 0.6375 0.4098360655737705 0.6359375 0.40749414519906324 0.6359375 0.3981264637002342 0.6296875 0.3911007025761124 0.63125 0.3840749414519906 0.6375 0.38173302107728335 0.6421875 0.3840749414519906 0.64375 0.38173302107728335 0.659375 0.38173302107728335 0.6703125 0.3911007025761124 0.6921875 0.38875878220140514 0.69375 0.3911007025761124 0.7296875 0.3911007025761124 0.73125 0.39344262295081966 0.7390625 0.39344262295081966 0.7421875 0.40046838407494145 0.7375 0.40749414519906324 0.7328125 0.40749414519906324 0.728125 0.4168618266978923 0.7171875 0.42857142857142855 0.690625 0.4309133489461358 0.6890625 0.43559718969555034 0.6859375 0.4309133489461358 0.675 0.4379391100702576 0.66875 0.43559718969555034 0.6625 0.44028103044496486 0.6578125 0.44028103044496486 0.6578125 0.4449648711943794 0.6546875 0.4496487119437939 0.64375 0.4496487119437939 0.640625 0.4566744730679157 0.6375 0.4519906323185012 0.6328125 0.4637002341920375 0.6171875 0.468384074941452 0.6109375 0.477751756440281 0.6078125 0.477751756440281 0.6015625 0.4847775175644028 0.6015625 0.4894613583138173 0.609375 0.49882903981264637 0.6140625 0.49414519906323184 0.621875 0.49414519906323184 0.6234375 0.4964871194379391 0.6265625 0.49414519906323184 0.628125 0.4964871194379391 0.6421875 0.4964871194379391 0.64375 0.5011709601873536 0.6484375 0.5011709601873536 0.6578125 0.4894613583138173 0.6625 0.48711943793911006 0.703125 0.48009367681498827 0.70625 0.4847775175644028 0.70625 0.5035128805620609 0.69375 0.5152224824355972 0.6921875 0.5245901639344263 0.6796875 0.5269320843091335 0.678125 0.5245901639344263 0.671875 0.5245901639344263 0.671875 0.531615925058548 0.6671875 0.5409836065573771 0.6703125 0.5456674473067916 0.6703125 0.5550351288056206 0.66875 0.5573770491803278 0.6578125 0.5573770491803278 0.6546875 0.5620608899297423 0.65 0.5597189695550351 0.646875 0.5620608899297423 0.64375 0.5550351288056206 0.64375 0.5597189695550351 0.6484375 0.5644028103044496 0.6484375 0.5690866510538641 0.6375 0.5831381733021077 0.6375 0.6182669789227166 0.640625 0.6276346604215457 0.6390625 0.629976580796253 0.6328125 0.629976580796253 0.6328125 0.6346604215456675 0.6375 0.6370023419203747 0.6328125 0.6416861826697893 0.634375 0.6440281030444965 0.6328125 0.6463700234192038 0.6265625 0.6463700234192038 0.6234375 0.6346604215456675 0.6203125 0.6323185011709602 0.6109375 0.6346604215456675 0.6078125 0.6323185011709602 0.60625 0.639344262295082 0.6 0.6370023419203747 0.590625 0.6416861826697893 0.5890625 0.639344262295082 0.5859375 0.6487119437939111 0.578125 0.6463700234192038 0.5734375 0.6510538641686182 0.578125 0.65807962529274 0.5734375 0.6651053864168618 0.5765625 0.6791569086651054 0.5890625 0.6838407494145199 0.584375 0.6744730679156908 0.5875 0.6697892271662763 0.5921875 0.6744730679156908 0.6 0.6697892271662763 0.60625 0.6721311475409836 0.6046875 0.6651053864168618 0.60625 0.6627634660421545 0.6140625 0.6627634660421545 0.6171875 0.667447306791569 0.61875 0.6651053864168618 0.6265625 0.6651053864168618 0.628125 0.667447306791569 0.6265625 0.6697892271662763 0.621875 0.6721311475409836 0.6265625 0.6744730679156908 0.6328125 0.6838407494145199 0.63125 0.6908665105386417 0.6359375 0.7002341920374707 0.6328125 0.702576112412178 0.653125 0.7049180327868853 0.6671875 0.7002341920374707 0.6734375 0.7049180327868853 0.675 0.7096018735362998 0.6734375 0.711943793911007 0.6359375 0.7096018735362998 0.6328125 0.711943793911007 0.63125 0.7096018735362998 0.625 0.7166276346604216 0.6203125 0.7166276346604216 0.615625 0.7213114754098361 0.59375 0.7236533957845434 0.59375 0.7283372365339579 0.6 0.7353629976580797 0.6125 0.7447306791569087 0.6234375 0.747072599531616 0.6328125 0.7564402810304449 0.6421875 0.775175644028103 0.6359375 0.7822014051522248 0.625 0.7822014051522248 0.621875 0.7775175644028103 0.6125 0.7728337236533958 0.5953125 0.7681498829039812 0.5828125 0.7728337236533958 0.5796875 0.7775175644028103 0.575 0.7775175644028103 0.575 0.7868852459016393 0.5734375 0.7892271662763466 0.575 0.7939110070257611 0.58125 0.7962529274004684 0.5828125 0.8032786885245902 0.575 0.8149882903981265 0.575 0.819672131147541 0.571875 0.8243559718969555 0.5640625 0.8243559718969555 0.5625 0.8313817330210773 0.553125 0.8430913348946136 0.54375 0.8454332552693209 0.546875 0.8477751756440282 0.546875 0.8571428571428571 0.54375 0.8618266978922716 0.5203125 0.8735362997658079 0.5265625 0.8852459016393442 0.5359375 0.8875878220140515 0.5484375 0.9086651053864169 0.5515625 0.9227166276346604 0.5546875 0.927400468384075 0.5546875 0.9437939110070258 0.5625 0.955503512880562 0.5625 0.9601873536299765 0.5609375 0.9625292740046838 0.5515625 0.9625292740046838 0.51875 0.9461358313817331 0.5015625 0.927400468384075 0.4953125 0.9250585480093677 0.4921875 0.9180327868852459 0.4890625 0.9180327868852459 0.4859375 0.9016393442622951 0.475 0.8946135831381733 0.4703125 0.8946135831381733 0.4578125 0.9133489461358314 0.4546875 0.9297423887587822 0.45 0.9344262295081968 0.4484375 0.9508196721311475 0.4453125 0.955503512880562 0.4421875 0.955503512880562 0.4421875 0.9601873536299765 0.4390625 0.9648711943793911 0.4359375 0.9625292740046838 0.434375 0.955503512880562 0.4296875 0.955503512880562 0.428125 0.9812646370023419 0.43125 0.9836065573770492 0.4359375 0.9789227166276346 0.4375 0.9812646370023419 0.4375 0.990632318501171 0.4453125 0.9953161592505855 0.4875 0.9953161592505855 0.4890625 0.9976580796252927 0.49375 0.9953161592505855 0.5 0.9953161592505855 0.5015625 0.9976580796252927 0.503125 0.9953161592505855 0.53125 0.9953161592505855 0.5328125 0.9976580796252927 0.534375 0.9953161592505855 0.5859375 0.9953161592505855 0.5875 0.9929742388758782 0.5890625 0.9953161592505855 0.603125 0.9976580796252927 0.6046875 0.9953161592505855 0.659375 0.9953161592505855 0.6625 0.9929742388758782 0.6640625 0.9953161592505855 0.66875 0.9929742388758782 0.6703125 0.9953161592505855 0.7640625 0.9953161592505855 0.765625 0.9976580796252927 0.7671875 0.9953161592505855 0.778125 0.9953161592505855 0.7796875 0.9976580796252927 0.78125 0.9953161592505855 0.7984375 0.9953161592505855 0.8 0.9929742388758782 0.8015625 0.9953161592505855 0.8609375 0.9953161592505855 0.8671875 0.9976580796252927 0.86875 0.9953161592505855 0.9265625 0.9953161592505855 0.928125 0.9929742388758782 0.93125 0.9953161592505855 0.953125 0.9953161592505855 0.9546875 0.9929742388758782 0.95625 0.9953161592505855 0.984375 0.9976580796252927 0.9859375 0.9953161592505855 0.9953125 0.9953161592505855 0.9984375 0.990632318501171 0.996875 0.9672131147540983 0.9984375 0.9648711943793911 0.9984375 0.9320843091334895 0.996875 0.9250585480093677 0.9984375 0.9227166276346604 0.9953125 0.9156908665105387 0.996875 0.9133489461358314 0.996875 0.8571428571428571 0.9984375 0.8548009367681498 0.996875 0.8454332552693209 0.9984375 0.8407494145199064 0.996875 0.8266978922716628 0.9984375 0.8243559718969555 0.9984375 0.810304449648712 0.996875 0.8079625292740047 0.996875 0.7822014051522248 0.9984375 0.7798594847775175 0.9984375 0.7681498829039812 0.996875 0.765807962529274 0.996875 0.7377049180327869 0.9953125 0.7330210772833724 0.996875 0.7283372365339579 0.9953125 0.7236533957845434 0.99375 0.7213114754098361 0.9625 0.7236533957845434 0.9609375 0.7213114754098361 0.953125 0.7213114754098361 0.9453125 0.7259953161592506 0.9421875 0.7213114754098361 0.9453125 0.7166276346604216 0.9484375 0.7166276346604216 0.9484375 0.711943793911007 0.9453125 0.711943793911007 0.9421875 0.7072599531615925 0.934375 0.7072599531615925 0.9328125 0.711943793911007 0.925 0.711943793911007 0.90625 0.7213114754098361 0.8984375 0.7166276346604216 0.8875 0.7166276346604216 0.884375 0.711943793911007 0.8734375 0.7142857142857143 0.871875 0.7072599531615925 0.875 0.702576112412178 0.8859375 0.702576112412178 0.8828125 0.7002341920374707 0.884375 0.6932084309133489 0.89375 0.6885245901639344 0.9171875 0.6955503512880562 0.925 0.702576112412178 0.93125 0.702576112412178 0.9375 0.6885245901639344 0.9421875 0.6861826697892272 0.9546875 0.6908665105386417 0.95625 0.6955503512880562 0.9640625 0.6955503512880562 0.96875 0.702576112412178 0.9734375 0.702576112412178 0.9734375 0.6932084309133489 0.971875 0.6908665105386417 0.984375 0.6838407494145199 0.9875 0.6768149882903981 0.9921875 0.6744730679156908 0.99375 0.667447306791569 0.99375 0.6463700234192038 0.9953125 0.6440281030444965 0.9921875 0.6346604215456675 0.99375 0.6252927400468384 0.9984375 0.6182669789227166 0.996875 0.6135831381733021 0.9984375 0.6112412177985949 0.9984375 0.5901639344262295 0.9953125 0.5878220140515222 0.99375 0.5761124121779859 0.9953125 0.5667447306791569 0.9984375 0.5620608899297423 0.996875 0.5245901639344263 0.9984375 0.522248243559719 0.9984375 0.13114754098360656 0.996875 0.12646370023419204 0.9984375 0.12412177985948478 0.9984375 0 0.965625 0 0.9640625 0.00234192037470726 0.9578125 0.00234192037470726 0.95625 0 0.7421875 0 0.740625 0.00234192037470726 0.7390625 0 0.66875 0 0.6671875 0.00234192037470726 0.665625 0 0.4890625 0 0.4875 0.00234192037470726 0.4859375 0 0.440625 0 0.4390625 0.00234192037470726 0.434375 0 0.4328125 0.00234192037470726 0.4265625 0.00234192037470726 0.425 0 0.209375 0 0.20625 0.00234192037470726 0.2046875 0 0.1421875 0 0.140625 0.00234192037470726 0.1390625 0 0.075 0 0.0734375 0.00234192037470726 0.0640625 0.00234192037470726 0.0625 0 0 0
4 0.6171875 0.7189695550351288 0.590625 0.7213114754098361 0.5890625 0.7236533957845434 0.6 0.7377049180327869 0.6046875 0.7377049180327869 0.6078125 0.7423887587822015 0.6234375 0.7494145199063232 0.640625 0.775175644028103 0.6375 0.7798594847775175 0.6265625 0.7798594847775175 0.6078125 0.7681498829039812 0.58125 0.7681498829039812 0.5796875 0.7728337236533958 0.5765625 0.7728337236533958 0.56875 0.7822014051522248 0.56875 0.7892271662763466 0.571875 0.7939110070257611 0.5796875 0.7939110070257611 0.58125 0.7962529274004684 0.58125 0.8009367681498829 0.575 0.8079625292740047 0.5734375 0.8173302107728337 0.5671875 0.8243559718969555 0.5625 0.8243559718969555 0.5625 0.8313817330210773 0.5578125 0.8337236533957846 0.553125 0.8407494145199064 0.5453125 0.8430913348946136 0.540625 0.8407494145199064 0.5390625 0.8430913348946136 0.54375 0.8501170960187353 0.54375 0.8594847775175644 0.5421875 0.8618266978922716 0.5296875 0.8641686182669789 0.521875 0.8711943793911007 0.51875 0.8711943793911007 0.51875 0.8782201405152225 0.521875 0.882903981264637 0.534375 0.8875878220140515 0.54375 0.8992974238875878 0.546875 0.9133489461358314 0.553125 0.927400468384075 0.5515625 0.9414519906323185 0.5609375 0.955503512880562 0.5578125 0.9601873536299765 0.5390625 0.955503512880562 0.5265625 0.9461358313817331 0.51875 0.9437939110070258 0.5046875 0.927400468384075 0.5 0.927400468384075 0.4921875 0.9180327868852459 0.4875 0.9110070257611241 0.484375 0.8992974238875878 0.48125 0.8992974238875878 0.4796875 0.8946135831381733 0.4734375 0.8899297423887588 0.46875 0.8899297423887588 0.45625 0.9110070257611241 0.45625 0.9156908665105387 0.453125 0.9203747072599532 0.4546875 0.927400468384075 0.45 0.9320843091334895 0.446875 0.9484777517564403 0.4421875 0.955503512880562 0.43125 0.955503512880562 0.4296875 0.9578454332552693 0.4296875 0.9625292740046838 0.4265625 0.9672131147540983 0.428125 0.9695550351288056 0.428125 0.9789227166276346 0.4203125 0.9929742388758782 0.428125 0.9929742388758782 0.4296875 0.9953161592505855 0.4765625 0.9953161592505855 0.478125 0.9976580796252927 0.4984375 0.9976580796252927 0.5 0.9953161592505855 0.5046875 0.9976580796252927 0.5390625 0.9976580796252927 0.540625 0.9953161592505855 0.55625 0.9953161592505855 0.5578125 0.9976580796252927 0.590625 0.9953161592505855 0.5921875 0.9976580796252927 0.665625 0.9976580796252927 0.6671875 0.9953161592505855 0.6734375 0.9953161592505855 0.675 0.9976580796252927 0.6859375 0.9976580796252927 0.6875 0.9953161592505855 0.7546875 0.9953161592505855 0.75625 0.9976580796252927 0.7953125 0.9976580796252927 0.796875 0.9953161592505855 0.828125 0.9953161592505855 0.8328125 0.9976580796252927 0.834375 0.9953161592505855 0.8578125 0.9953161592505855 0.859375 0.9976580796252927 0.8640625 0.9953161592505855 0.865625 0.9976580796252927 0.8734375 0.9976580796252927 0.875 0.9953161592505855 0.9734375 0.9953161592505855 0.975 0.9976580796252927 0.9875 0.9976580796252927 0.9984375 0.9929742388758782 0.9984375 0.9180327868852459 0.996875 0.9156908665105387 0.9984375 0.9133489461358314 0.9984375 0.7681498829039812 0.996875 0.765807962529274 0.9984375 0.7587822014051522 0.996875 0.7540983606557377 0.9984375 0.747072599531616 0.996875 0.7400468384074942 0.9875 0.7283372365339579 0.9828125 0.7283372365339579 0.9765625 0.7236533957845434 0.95 0.7236533957845434 0.94375 0.7259953161592506 0.9375 0.7236533957845434 0.9296875 0.7283372365339579 0.9234375 0.7213114754098361 0.91875 0.7236533957845434 0.9171875 0.7213114754098361 0.890625 0.7213114754098361 0.884375 0.7142857142857143 0.8734375 0.7142857142857143 0.871875 0.711943793911007 0.8625 0.7166276346604216 0.859375 0.7142857142857143 0.8515625 0.7213114754098361 0.840625 0.7166276346604216 0.8359375 0.7213114754098361 0.809375 0.7213114754098361 0.8078125 0.7236533957845434 0.8046875 0.7213114754098361 0.7375 0.7213114754098361 0.7359375 0.7189695550351288 0.725 0.7189695550351288 0.71875 0.7142857142857143 0.7125 0.7166276346604216 0.7015625 0.711943793911007 0.684375 0.711943793911007 0.68125 0.7142857142857143 0.6796875 0.711943793911007 0.6703125 0.711943793911007 0.6640625 0.7072599531615925 0.6625 0.7072599531615925 0.63125 0.711943793911007 0.6171875 0.7189695550351288
5 0.5359375 0.3981264637002342 0.5328125 0.41451990632318503 0.5359375 0.41920374707259955 0.5390625 0.41920374707259955 0.5421875 0.41451990632318503 0.540625 0.41217798594847777 0.540625 0.40046838407494145 0.5421875 0.3981264637002342 0.54375 0.34660421545667447 0.5453125 0.3442622950819672 0.54375 0.3395784543325527 0.5421875 0.34192037470725994 0.5375 0.34660421545667447 0.5359375 0.3981264637002342
5 0.5546875 0.7096018735362998 0.55 0.7142857142857143 0.55 0.7189695550351288 0.54375 0.7283372365339579 0.540625 0.7400468384074942 0.54375 0.7423887587822015 0.5640625 0.7002341920374707 0.5640625 0.6932084309133489 0.5625 0.6932084309133489 0.559375 0.6955503512880562 0.5546875 0.7096018735362998
5 0.5734375 0.765807962529274 0.59375 0.7564402810304449 0.6 0.7564402810304449 0.5984375 0.7540983606557377 0.56875 0.7587822014051522 0.55625 0.7634660421545667 0.5515625 0.7681498829039812 0.553125 0.7704918032786885 0.5640625 0.765807962529274 0.5734375 0.765807962529274
5 0.634375 0.44028103044496486 0.61875 0.4496487119437939 0.6171875 0.45433255269320844 0.60625 0.4613583138173302 0.590625 0.477751756440281 0.58125 0.4918032786885246 0.59375 0.4847775175644028 0.609375 0.468384074941452 0.615625 0.46604215456674475 0.628125 0.45433255269320844 0.6328125 0.44730679156908665 0.6359375 0.44730679156908665 0.64375 0.4379391100702576 0.646875 0.4379391100702576 0.653125 0.4309133489461358 0.65 0.4262295081967213 0.6484375 0.42857142857142855 0.6390625 0.4332552693208431 0.634375 0.44028103044496486
5 0.5609375 0.6370023419203747 0.559375 0.6440281030444965 0.55625 0.6463700234192038 0.5546875 0.6533957845433255 0.55 0.65807962529274 0.5453125 0.6697892271662763 0.534375 0.6861826697892272 0.53125 0.6978922716627635 0.5265625 0.702576112412178 0.5265625 0.7096018735362998 0.5296875 0.711943793911007 0.5390625 0.6932084309133489 0.5421875 0.6908665105386417 0.54375 0.6838407494145199 0.546875 0.6814988290398126 0.5484375 0.6744730679156908 0.5546875 0.6651053864168618 0.5578125 0.6557377049180327 0.5609375 0.6533957845433255 0.5609375 0.6487119437939111 0.578125 0.6159250585480094 0.578125 0.6135831381733021 0.575 0.6135831381733021 0.575 0.6159250585480094 0.56875 0.6229508196721312 0.5609375 0.6370023419203747
5 0.4875 0.3372365339578454 0.4875 0.351288056206089 0.49375 0.37236533957845436 0.49375 0.38173302107728335 0.5 0.4028103044496487 0.5015625 0.41920374707259955 0.5046875 0.4215456674473068 0.50625 0.41920374707259955 0.50625 0.41217798594847777 0.503125 0.39344262295081966 0.5 0.3864168618266979 0.4984375 0.36533957845433257 0.4921875 0.3442622950819672 0.4921875 0.33021077283372363 0.4859375 0.3114754098360656 0.484375 0.29508196721311475 0.4796875 0.2903981264637002 0.4796875 0.2927400468384075 0.48125 0.3161592505854801 0.4875 0.3372365339578454
5 0.515625 0.5644028103044496 0.515625 0.5714285714285714 0.5125 0.5784543325526932 0.5125 0.702576112412178 0.5140625 0.7096018735362998 0.51875 0.7166276346604216 0.51875 0.7213114754098361 0.525 0.7283372365339579 0.5328125 0.7540983606557377 0.55 0.7939110070257611 0.5546875 0.7939110070257611 0.55625 0.7985948477751756 0.5609375 0.7985948477751756 0.5609375 0.7915690866510539 0.55 0.775175644028103 0.546875 0.7611241217798594 0.5359375 0.7377049180327869 0.5359375 0.7330210772833724 0.5296875 0.7189695550351288 0.5265625 0.7166276346604216 0.5265625 0.711943793911007 0.5234375 0.7096018735362998 0.51875 0.6955503512880562 0.5171875 0.667447306791569 0.5203125 0.6487119437939111 0.521875 0.6182669789227166 0.5234375 0.6159250585480094 0.521875 0.5714285714285714 0.525 0.5573770491803278 0.5234375 0.5550351288056206 0.5234375 0.5152224824355972 0.51875 0.5152224824355972 0.51875 0.5175644028103045 0.51875 0.5597189695550351 0.515625 0.5644028103044496
5 0.55 0.3559718969555035 0.5484375 0.3700234192037471 0.54375 0.3770491803278688 0.5421875 0.3981264637002342 0.5390625 0.4028103044496487 0.5375 0.41217798594847777 0.5375 0.42857142857142855 0.540625 0.4309133489461358 0.5421875 0.42857142857142855 0.5421875 0.41920374707259955 0.546875 0.4098360655737705 0.5484375 0.3911007025761124 0.5546875 0.3700234192037471 0.5546875 0.3583138173302108 0.5578125 0.35362997658079626 0.5578125 0.34660421545667447 0.5609375 0.3442622950819672 0.5609375 0.33489461358313816 0.55625 0.3325526932084309 0.55625 0.33489461358313816 0.553125 0.351288056206089 0.55 0.3559718969555035