4 0.21875 0.92018779342723 0.2234375 0.9272300469483568 0.2265625 0.9248826291079812 0.2265625 0.8967136150234741 0.2234375 0.8967136150234741 0.2234375 0.8990610328638498 0.21875 0.9131455399061033 0.21875 0.92018779342723
4 0.23125 0.852112676056338 0.23125 0.8568075117370892 0.2546875 0.9084507042253521 0.25625 0.892018779342723 0.2546875 0.8826291079812206 0.25625 0.8755868544600939 0.240625 0.8544600938967136 0.2359375 0.8356807511737089 0.2234375 0.8286384976525821 0.2234375 0.8309859154929577 0.225 0.8403755868544601 0.23125 0.852112676056338
4 0.478125 0.16901408450704225 0.48125 0.17370892018779344 0.4875 0.17370892018779344 0.490625 0.1643192488262911 0.4875 0.15023474178403756 0.4859375 0.15258215962441316 0.4796875 0.1572769953051643 0.478125 0.16901408450704225
4 0.084375 0.4765258215962441 0.0828125 0.4812206572769953 0.084375 0.4859154929577465 0.0859375 0.4859154929577465 0.090625 0.4788732394366197 0.084375 0.4765258215962441
4 0.1484375 0.7793427230046949 0.1515625 0.7816901408450704 0.1625 0.7816901408450704 0.1625 0.7769953051643192 0.159375 0.7582159624413145 0.1515625 0.7511737089201878 0.1421875 0.7511737089201878 0.1421875 0.7535211267605634 0.14375 0.7699530516431925 0.1484375 0.7793427230046949
4 0.165625 0.8075117370892019 0.1671875 0.812206572769953 0.175 0.8145539906103286 0.178125 0.812206572769953 0.178125 0.8051643192488263 0.171875 0.8004694835680751 0.1703125 0.8028169014084507 0.1671875 0.8028169014084507 0.165625 0.8075117370892019
4 0.2734375 0.1619718309859155 0.2703125 0.17136150234741784 0.271875 0.18309859154929578 0.2828125 0.19718309859154928 0.290625 0.19014084507042253 0.3015625 0.17370892018779344 0.296875 0.15258215962441316 0.2953125 0.15492957746478872 0.284375 0.15492957746478872 0.2734375 0.1619718309859155
4 0.078125 0.4084507042253521 0.084375 0.41784037558685444 0.0875 0.4131455399061033 0.0875 0.4061032863849765 0.084375 0.38967136150234744 0.0828125 0.38967136150234744 0.0796875 0.392018779342723 0.078125 0.4084507042253521
4 0.1734375 0.8403755868544601 0.178125 0.8497652582159625 0.184375 0.8544600938967136 0.1921875 0.8497652582159625 0.196875 0.8215962441314554 0.1875 0.8145539906103286 0.1828125 0.8169014084507042 0.1828125 0.8192488262910798 0.1734375 0.8309859154929577 0.1734375 0.8403755868544601
4 0.3015625 0.1807511737089202 0.2953125 0.19014084507042253 0.2921875 0.20187793427230047 0.2859375 0.20892018779342722 0.28125 0.20422535211267606 0.2578125 0.20422535211267606 0.2546875 0.20892018779342722 0.253125 0.22300469483568075 0.2453125 0.2347417840375587 0.240625 0.23708920187793428 0.234375 0.2347417840375587 0.225 0.21830985915492956 0.2125 0.215962441314554 0.2078125 0.21830985915492956 0.2015625 0.22535211267605634 0.1953125 0.24178403755868544 0.1890625 0.23943661971830985 0.184375 0.2511737089201878 0.178125 0.2535211267605634 0.175 0.25821596244131456 0.1734375 0.2652582159624413 0.175 0.2676056338028169 0.171875 0.2746478873239437 0.165625 0.2746478873239437 0.1625 0.2793427230046948 0.1609375 0.29577464788732394 0.15625 0.3075117370892019 0.1453125 0.30985915492957744 0.1375 0.3028169014084507 0.134375 0.3028169014084507 0.1265625 0.31690140845070425 0.1125 0.3215962441314554 0.1 0.3380281690140845 0.0953125 0.352112676056338 0.0953125 0.3591549295774648 0.0984375 0.36619718309859156 0.1 0.3779342723004695 0.109375 0.3873239436619718 0.103125 0.4107981220657277 0.103125 0.42488262910798125 0.1078125 0.43427230046948356 0.1 0.44835680751173707 0.1 0.47183098591549294 0.1046875 0.5023474178403756 0.1015625 0.5117370892018779 0.0984375 0.5469483568075117 0.096875 0.5492957746478874 0.0984375 0.6056338028169014 0.1078125 0.6197183098591549 0.1140625 0.6244131455399061 0.1265625 0.6267605633802817 0.1328125 0.6384976525821596 0.1328125 0.6596244131455399 0.125 0.6737089201877934 0.1234375 0.6830985915492958 0.1328125 0.7230046948356808 0.1328125 0.7300469483568075 0.1375 0.7417840375586855 0.140625 0.7464788732394366 0.1625 0.744131455399061 0.1671875 0.7464788732394366 0.1734375 0.755868544600939 0.171875 0.7723004694835681 0.1734375 0.7769953051643192 0.190625 0.7723004694835681 0.1953125 0.7793427230046949 0.1953125 0.7863849765258216 0.2 0.795774647887324 0.209375 0.8004694835680751 0.2171875 0.7934272300469484 0.2171875 0.7887323943661971 0.221875 0.7816901408450704 0.23125 0.7769953051643192 0.2484375 0.7488262910798122 0.2515625 0.7488262910798122 0.2625 0.7394366197183099 0.2734375 0.7394366197183099 0.2875 0.7488262910798122 0.2953125 0.7652582159624414 0.309375 0.7652582159624414 0.315625 0.7605633802816901 0.3265625 0.7605633802816901 0.3328125 0.7464788732394366 0.340625 0.7417840375586855 0.378125 0.7394366197183099 0.38125 0.7370892018779343 0.38125 0.7206572769953051 0.384375 0.7136150234741784 0.396875 0.704225352112676 0.4046875 0.7112676056338029 0.409375 0.7018779342723005 0.425 0.7018779342723005 0.428125 0.6971830985915493 0.425 0.676056338028169 0.428125 0.6690140845070423 0.44375 0.6713615023474179 0.446875 0.6690140845070423 0.446875 0.6596244131455399 0.44375 0.6549295774647887 0.4421875 0.6549295774647887 0.44375 0.6572769953051644 0.4390625 0.6643192488262911 0.4328125 0.6666666666666666 0.43125 0.6619718309859155 0.44375 0.636150234741784 0.446875 0.6244131455399061 0.446875 0.607981220657277 0.45 0.5938967136150235 0.4453125 0.5821596244131455 0.45 0.568075117370892 0.459375 0.5539906103286385 0.465625 0.5492957746478874 0.4671875 0.5446009389671361 0.471875 0.5446009389671361 0.4796875 0.5328638497652582 0.49375 0.5211267605633803 0.49375 0.5164319248826291 0.4828125 0.5023474178403756 0.48125 0.4812206572769953 0.4703125 0.4507042253521127 0.4640625 0.44366197183098594 0.4640625 0.43427230046948356 0.46875 0.4272300469483568 0.4765625 0.4225352112676056 0.4890625 0.40375586854460094 0.4953125 0.4014084507042254 0.5 0.3755868544600939 0.4984375 0.3685446009389671 0.4890625 0.3544600938967136 0.478125 0.323943661971831 0.4703125 0.31690140845070425 0.4734375 0.2981220657276995 0.4734375 0.284037558685446 0.4703125 0.27230046948356806 0.4671875 0.2676056338028169 0.459375 0.2746478873239437 0.4546875 0.2746478873239437 0.4453125 0.2676056338028169 0.440625 0.2676056338028169 0.4390625 0.2652582159624413 0.4390625 0.2535211267605634 0.4328125 0.24882629107981222 0.4265625 0.24882629107981222 0.4234375 0.24413145539906103 0.421875 0.2347417840375587 0.4140625 0.22300469483568075 0.4140625 0.2136150234741784 0.4078125 0.20422535211267606 0.40625 0.18779342723004694 0.403125 0.18309859154929578 0.390625 0.18544600938967137 0.3703125 0.17136150234741784 0.365625 0.17136150234741784 0.359375 0.176056338028169 0.35625 0.17136150234741784 0.3453125 0.17136150234741784 0.3359375 0.18544600938967137 0.33125 0.18544600938967137 0.325 0.176056338028169 0.31875 0.17370892018779344 0.3171875 0.17370892018779344 0.30625 0.176056338028169 0.3015625 0.1807511737089202
4 0.584375 0.44835680751173707 0.5875 0.4507042253521127 0.59375 0.44366197183098594 0.59375 0.431924882629108 0.5921875 0.4295774647887324 0.584375 0.4295774647887324 0.584375 0.431924882629108 0.5859375 0.43896713615023475 0.584375 0.44835680751173707
4 0.19375 0.8098591549295775 0.1984375 0.8169014084507042 0.203125 0.8169014084507042 0.20625 0.8145539906103286 0.2078125 0.8075117370892019 0.2015625 0.7981220657276995 0.2 0.7981220657276995 0.19375 0.8004694835680751 0.19375 0.8098591549295775
4 0.546875 0.3215962441314554 0.540625 0.33098591549295775 0.5328125 0.3333333333333333 0.51875 0.3591549295774648 0.50625 0.3755868544600939 0.5046875 0.38028169014084506 0.50625 0.3826291079812207 0.5109375 0.3826291079812207 0.5234375 0.3685446009389671 0.5265625 0.3615023474178404 0.5265625 0.3544600938967136 0.5390625 0.33568075117370894 0.5421875 0.3380281690140845 0.5421875 0.352112676056338 0.55 0.352112676056338 0.5609375 0.3615023474178404 0.565625 0.3615023474178404 0.56875 0.3568075117370892 0.56875 0.352112676056338 0.5625 0.3427230046948357 0.5671875 0.33568075117370894 0.5671875 0.323943661971831 0.5609375 0.31220657276995306 0.559375 0.31220657276995306 0.546875 0.3145539906103286 0.546875 0.3215962441314554
4 0.08125 0 0.078125 0.004694835680751174 0.00625 0.004694835680751174 0.0046875 0.007042253521126761 0 0.004694835680751174 0 0.06807511737089202 0.0046875 0.07511737089201878 0.0046875 0.08450704225352113 0 0.0892018779342723 0 0.13380281690140844 0.0078125 0.13615023474178403 0.009375 0.14084507042253522 0.00625 0.15492957746478872 0.003125 0.1596244131455399 0 0.1596244131455399 0 0.19718309859154928 0.0125 0.19248826291079812 0.0140625 0.18779342723004694 0.0296875 0.16901408450704225 0.0453125 0.1572769953051643 0.0625 0.15258215962441316 0.0671875 0.14788732394366197 0.0828125 0.14788732394366197 0.1015625 0.13849765258215962 0.1078125 0.13380281690140844 0.109375 0.1267605633802817 0.1078125 0.12441314553990611 0.109375 0.12206572769953052 0.125 0.12441314553990611 0.1390625 0.11267605633802817 0.1421875 0.11267605633802817 0.15625 0.09859154929577464 0.159375 0.09859154929577464 0.1640625 0.09154929577464789 0.1796875 0.08215962441314555 0.190625 0.08450704225352113 0.1953125 0.0892018779342723 0.20625 0.1056338028169014 0.209375 0.11971830985915492 0.2125 0.12441314553990611 0.2140625 0.14788732394366197 0.2125 0.15023474178403756 0.2125 0.176056338028169 0.209375 0.1807511737089202 0.209375 0.19014084507042253 0.203125 0.20422535211267606 0.203125 0.20892018779342722 0.2171875 0.20187793427230047 0.2203125 0.19718309859154928 0.2234375 0.19718309859154928 0.23125 0.19014084507042253 0.2390625 0.18779342723004694 0.2484375 0.176056338028169 0.265625 0.17370892018779344 0.2703125 0.1596244131455399 0.28125 0.14788732394366197 0.29375 0.14788732394366197 0.3015625 0.14084507042253522 0.3046875 0.14788732394366197 0.309375 0.14788732394366197 0.3125 0.1431924882629108 0.325 0.13849765258215962 0.328125 0.13380281690140844 0.334375 0.13380281690140844 0.3546875 0.11971830985915492 0.3765625 0.11502347417840375 0.38125 0.107981220657277 0.3921875 0.09859154929577464 0.3953125 0.09859154929577464 0.3984375 0.09389671361502347 0.4046875 0.09389671361502347 0.40625 0.09859154929577464 0.4171875 0.10093896713615023 0.41875 0.09859154929577464 0.425 0.09859154929577464 0.4296875 0.09389671361502347 0.4671875 0.09154929577464789 0.484375 0.10328638497652583 0.503125 0.1267605633802817 0.50625 0.13849765258215962 0.50625 0.14788732394366197 0.509375 0.15023474178403756 0.509375 0.1572769953051643 0.5125 0.16666666666666666 0.509375 0.19014084507042253 0.50625 0.19483568075117372 0.509375 0.20187793427230047 0.5265625 0.20187793427230047 0.5296875 0.19718309859154928 0.54375 0.19014084507042253 0.565625 0.19014084507042253 0.571875 0.19248826291079812 0.5890625 0.20422535211267606 0.5953125 0.2136150234741784 0.609375 0.2535211267605634 0.609375 0.3004694835680751 0.6140625 0.3075117370892019 0.6140625 0.3145539906103286 0.6078125 0.3215962441314554 0.6015625 0.3215962441314554 0.596875 0.3286384976525822 0.5984375 0.33568075117370894 0.615625 0.3615023474178404 0.6234375 0.38967136150234744 0.6234375 0.4014084507042254 0.625 0.40375586854460094 0.621875 0.4154929577464789 0.621875 0.4295774647887324 0.615625 0.4460093896713615 0.615625 0.4507042253521127 0.603125 0.4694835680751174 0.6015625 0.4765258215962441 0.59375 0.4765258215962441 0.5875 0.4812206572769953 0.5890625 0.4953051643192488 0.59375 0.5 0.59375 0.5093896713615024 0.6 0.539906103286385 0.5984375 0.5563380281690141 0.5890625 0.5821596244131455 0.565625 0.6150234741784038 0.5546875 0.6267605633802817 0.5390625 0.6549295774647887 0.525 0.6666666666666666 0.51875 0.676056338028169 0.509375 0.6854460093896714 0.50625 0.6854460093896714 0.4828125 0.7112676056338029 0.45 0.7370892018779343 0.4265625 0.7605633802816901 0.4109375 0.7699530516431925 0.39375 0.7910798122065728 0.378125 0.8051643192488263 0.36875 0.8098591549295775 0.3640625 0.8169014084507042 0.3609375 0.8169014084507042 0.3515625 0.8286384976525821 0.3421875 0.8356807511737089 0.3359375 0.8450704225352113 0.315625 0.8591549295774648 0.309375 0.8661971830985915 0.30625 0.8802816901408451 0.2953125 0.8990610328638498 0.2921875 0.9272300469483568 0.2796875 0.9553990610328639 0.2671875 0.9976525821596244 0.3921875 0.9953051643192489 0.39375 0.9976525821596244 0.48125 0.9976525821596244 0.4828125 0.9953051643192489 0.490625 0.9953051643192489 0.4921875 0.9976525821596244 0.6203125 0.9976525821596244 0.621875 0.9953051643192489 0.6296875 0.9953051643192489 0.63125 0.9976525821596244 0.746875 0.9976525821596244 0.7484375 0.9953051643192489 0.7546875 0.9953051643192489 0.75625 0.9976525821596244 0.7640625 0.9976525821596244 0.765625 0.9953051643192489 0.7671875 0.9976525821596244 0.9546875 0.9976525821596244 0.95625 0.9953051643192489 0.96875 0.9953051643192489 0.9703125 0.9976525821596244 0.996875 0.9976525821596244 0.9984375 0.9953051643192489 0.9984375 0.9812206572769953 0.996875 0.9788732394366197 0.9984375 0.9765258215962441 0.9984375 0.8896713615023474 0.996875 0.8873239436619719 0.9984375 0.8849765258215962 0.9984375 0.823943661971831 0.996875 0.8169014084507042 0.9984375 0.8145539906103286 0.9984375 0.755868544600939 0.996875 0.7535211267605634 0.996875 0.7417840375586855 0.9984375 0.7394366197183099 0.9984375 0.6995305164319249 0.9953125 0.6924882629107981 0.9953125 0.6830985915492958 0.9890625 0.6784037558685446 0.9953125 0.676056338028169 0.9953125 0.6502347417840375 0.9984375 0.647887323943662 0.9984375 0.6384976525821596 0.996875 0.636150234741784 0.9984375 0.6338028169014085 0.996875 0.5868544600938967 0.9984375 0.5845070422535211 0.9984375 0.5492957746478874 0.996875 0.5469483568075117 0.996875 0.5375586854460094 0.9984375 0.5352112676056338 0.9953125 0.528169014084507 0.9984375 0.5234741784037559 0.9984375 0.4835680751173709 0.996875 0.4788732394366197 0.9984375 0.47417840375586856 0.9953125 0.45774647887323944 0.996875 0.4507042253521127 0.9953125 0.44366197183098594 0.9984375 0.431924882629108 0.9984375 0.40375586854460094 0.996875 0.4014084507042254 0.9984375 0.392018779342723 0.996875 0.3873239436619718 0.9984375 0.38497652582159625 0.9984375 0.36619718309859156 0.996875 0.3591549295774648 0.9984375 0.3568075117370892 0.9984375 0.31220657276995306 0.9953125 0.3075117370892019 0.9953125 0.3028169014084507 0.9984375 0.2887323943661972 0.996875 0.24647887323943662 0.9984375 0.24413145539906103 0.9984375 0.2136150234741784 0.996875 0.2112676056338028 0.996875 0.18544600938967137 0.99375 0.1784037558685446 0.9984375 0.1643192488262911 0.9984375 0.14553990610328638 0.9953125 0.13615023474178403 0.996875 0.1267605633802817 0.9953125 0.12441314553990611 0.9984375 0.11971830985915492 0.9984375 0.051643192488262914 0.9953125 0.03990610328638498 0.9984375 0.035211267605633804 0.9984375 0.007042253521126761 0.9953125 0 0.95 0 0.94375 0.004694835680751174 0.9390625 0 0.7984375 0 0.7921875 0.002347417840375587 0.790625 0 0.740625 0 0.7375 0.002347417840375587 0.7359375 0 0.671875 0 0.66875 0.004694835680751174 0.6625 0.004694835680751174 0.6578125 0 0.6359375 0 0.6296875 0.004694835680751174 0.5984375 0.004694835680751174 0.59375 0 0.5796875 0 0.5734375 0.004694835680751174 0.5625 0.002347417840375587 0.5609375 0.004694835680751174 0.5375 0.004694835680751174 0.534375 0 0.5125 0 0.509375 0.004694835680751174 0.4859375 0.004694835680751174 0.48125 0 0.46875 0 0.4625 0.004694835680751174 0.4546875 0.004694835680751174 0.4515625 0 0.428125 0 0.4265625 0.004694835680751174 0.40625 0.007042253521126761 0.4046875 0.004694835680751174 0.3984375 0.004694835680751174 0.396875 0 0.3421875 0 0.334375 0.007042253521126761 0.28125 0.004694835680751174 0.2796875 0.007042253521126761 0.278125 0.004694835680751174 0.26875 0.004694835680751174 0.265625 0 0.246875 0 0.2453125 0.004694835680751174 0.225 0.004694835680751174 0.2234375 0.002347417840375587 0.21875 0.004694835680751174 0.2140625 0.002347417840375587 0.2125 0.004694835680751174 0.1890625 0.004694835680751174 0.184375 0.007042253521126761 0.1828125 0.004694835680751174 0.1796875 0.007042253521126761 0.178125 0.004694835680751174 0.16875 0.004694835680751174 0.165625 0 0.1515625 0 0.1484375 0.004694835680751174 0.1453125 0.004694835680751174 0.140625 0.014084507042253521 0.1359375 0.014084507042253521 0.1296875 0.009389671361502348 0.1265625 0.011737089201877934 0.1234375 0.007042253521126761 0.1078125 0.009389671361502348 0.1046875 0.004694835680751174 0.103125 0.007042253521126761 0.0984375 0.004694835680751174 0.096875 0 0.0953125 0 0.08125 0
4 0.3828125 0.11267605633802817 0.38125 0.11737089201877934 0.38125 0.13380281690140844 0.3953125 0.1596244131455399 0.4015625 0.1619718309859155 0.4078125 0.1596244131455399 0.4140625 0.16666666666666666 0.4171875 0.1619718309859155 0.4234375 0.1596244131455399 0.4234375 0.15258215962441316 0.415625 0.15023474178403756 0.4125 0.14553990610328638 0.4140625 0.13615023474178403 0.4078125 0.12206572769953052 0.4078125 0.11737089201877934 0.403125 0.11032863849765258 0.4015625 0.11032863849765258 0.39375 0.1056338028169014 0.3828125 0.11267605633802817
4 0.5015625 0.20422535211267606 0.496875 0.20422535211267606 0.478125 0.22065727699530516 0.471875 0.2323943661971831 0.4640625 0.23943661971830985 0.4640625 0.24413145539906103 0.475 0.24413145539906103 0.478125 0.2347417840375587 0.4828125 0.2323943661971831 0.49375 0.2347417840375587 0.509375 0.22065727699530516 0.515625 0.20892018779342722 0.5140625 0.2112676056338028 0.5046875 0.2112676056338028 0.5015625 0.20422535211267606
4 0.546875 0.323943661971831 0.5421875 0.33098591549295775 0.5421875 0.34976525821596244 0.565625 0.3615023474178404 0.56875 0.3568075117370892 0.56875 0.352112676056338 0.5640625 0.34507042253521125 0.5640625 0.3403755868544601 0.5671875 0.33568075117370894 0.5671875 0.32629107981220656 0.565625 0.3192488262910798 0.5609375 0.31220657276995306 0.559375 0.31220657276995306 0.546875 0.3145539906103286 0.546875 0.323943661971831