0 0.4109375 0.30416666666666664 0.403125 0.30833333333333335 0.4015625 0.3125 0.390625 0.31666666666666665 0.3890625 0.32083333333333336 0.38125 0.325 0.378125 0.33125 0.375 0.33125 0.371875 0.33958333333333335 0.36875 0.3416666666666667 0.365625 0.3541666666666667 0.3609375 0.35833333333333334 0.359375 0.37083333333333335 0.35625 0.3729166666666667 0.35625 0.39375 0.353125 0.4041666666666667 0.353125 0.4125 0.3484375 0.4166666666666667 0.3359375 0.4166666666666667 0.334375 0.42083333333333334 0.321875 0.425 0.3203125 0.42916666666666664 0.3125 0.43333333333333335 0.2875 0.4666666666666667 0.284375 0.4791666666666667 0.2796875 0.48333333333333334 0.278125 0.49375 0.2734375 0.5 0.271875 0.51875 0.2671875 0.525 0.265625 0.5604166666666667 0.26875 0.56875 0.271875 0.56875 0.275 0.5729166666666666 0.278125 0.5729166666666666 0.2796875 0.5770833333333333 0.290625 0.58125 0.2921875 0.5854166666666667 0.2984375 0.5875 0.3265625 0.5895833333333333 0.3421875 0.5854166666666667 0.3484375 0.5770833333333333 0.35 0.5791666666666667 0.35 0.5958333333333333 0.3484375 0.5979166666666667 0.35 0.6020833333333333 0.3578125 0.5979166666666667 0.359375 0.6020833333333333 0.3703125 0.6020833333333333 0.3734375 0.60625 0.375 0.6395833333333333 0.378125 0.6416666666666667 0.38125 0.6604166666666667 0.3859375 0.6645833333333333 0.3859375 0.66875 0.4 0.6875 0.4046875 0.6895833333333333 0.40625 0.69375 0.421875 0.6979166666666666 0.4234375 0.7020833333333333 0.4671875 0.70625 0.4796875 0.7020833333333333 0.48125 0.6979166666666666 0.4921875 0.69375 0.509375 0.6708333333333333 0.509375 0.6666666666666666 0.5140625 0.6625 0.5140625 0.6583333333333333 0.5171875 0.6541666666666667 0.5171875 0.6458333333333334 0.5203125 0.64375 0.5203125 0.6333333333333333 0.521875 0.63125 0.5265625 0.63125 0.528125 0.6354166666666666 0.540625 0.6354166666666666 0.5421875 0.6291666666666667 0.5453125 0.6270833333333333 0.5484375 0.6125 0.5515625 0.6104166666666667 0.553125 0.5958333333333333 0.5546875 0.5895833333333333 0.5578125 0.5875 0.5609375 0.5708333333333333 0.5640625 0.56875 0.565625 0.53125 0.5671875 0.5291666666666667 0.565625 0.5083333333333333 0.5703125 0.50625 0.5796875 0.51875 0.584375 0.5208333333333334 0.5859375 0.51875 0.5859375 0.5083333333333333 0.5828125 0.4895833333333333 0.5796875 0.4875 0.5765625 0.46458333333333335 0.5734375 0.4625 0.571875 0.45625 0.571875 0.45 0.5671875 0.44375 0.565625 0.43333333333333335 0.5609375 0.4270833333333333 0.5578125 0.4125 0.5546875 0.41041666666666665 0.5515625 0.40208333333333335 0.553125 0.38333333333333336 0.5515625 0.37916666666666665 0.5421875 0.36666666666666664 0.534375 0.3625 0.5328125 0.35833333333333334 0.521875 0.3541666666666667 0.5140625 0.3416666666666667 0.503125 0.3375 0.5015625 0.3333333333333333 0.4859375 0.32916666666666666 0.484375 0.325 0.46875 0.32083333333333336 0.4671875 0.31666666666666665 0.45625 0.3145833333333333 0.4515625 0.30833333333333335 0.44375 0.30625 0.4390625 0.3 0.434375 0.29791666666666666 0.4328125 0.29791666666666666 0.4171875 0.29583333333333334 0.4109375 0.30416666666666664
2 0.565625 0.56875 0.5625 0.5708333333333333 0.5609375 0.5854166666666667 0.5796875 0.5895833333333333 0.58125 0.59375 0.6015625 0.59375 0.603125 0.5958333333333333 0.6078125 0.5958333333333333 0.6109375 0.5875 0.6078125 0.5729166666666666 0.5921875 0.5520833333333334 0.5890625 0.5416666666666666 0.5765625 0.525 0.571875 0.5208333333333334 0.5671875 0.5208333333333334 0.5671875 0.5229166666666667 0.5671875 0.5604166666666667 0.565625 0.56875
2 0.51875 0.6416666666666667 0.51875 0.6520833333333333 0.515625 0.6583333333333333 0.515625 0.6708333333333333 0.5234375 0.6854166666666667 0.5265625 0.6854166666666667 0.5296875 0.6770833333333334 0.5296875 0.6666666666666666 0.5328125 0.6645833333333333 0.5328125 0.6395833333333333 0.528125 0.6333333333333333 0.521875 0.6333333333333333 0.521875 0.6354166666666666 0.521875 0.6395833333333333 0.51875 0.6416666666666667
2 0.3515625 0.31666666666666665 0.3359375 0.31666666666666665 0.334375 0.32083333333333336 0.325 0.325 0.31875 0.3333333333333333 0.3171875 0.3458333333333333 0.3125 0.35 0.309375 0.3645833333333333 0.3109375 0.36666666666666664 0.3109375 0.3854166666666667 0.3125 0.38958333333333334 0.31875 0.39791666666666664 0.321875 0.39791666666666664 0.3234375 0.40208333333333335 0.3265625 0.40208333333333335 0.334375 0.4125 0.33125 0.41458333333333336 0.3484375 0.41458333333333336 0.3515625 0.4125 0.3546875 0.38125 0.3578125 0.37916666666666665 0.3609375 0.35625 0.3640625 0.3541666666666667 0.3671875 0.3416666666666667 0.371875 0.3375 0.3734375 0.33125 0.3703125 0.32083333333333336 0.3671875 0.32083333333333336 0.3609375 0.3125 0.359375 0.3125 0.3546875 0.3125 0.3515625 0.31666666666666665
2 0.3640625 0.5541666666666667 0.35625 0.5583333333333333 0.353125 0.5645833333333333 0.353125 0.5708333333333333 0.35 0.5729166666666666 0.3484375 0.60625 0.346875 0.6145833333333334 0.34375 0.6166666666666667 0.340625 0.6395833333333333 0.3375 0.6416666666666667 0.3359375 0.6604166666666667 0.3421875 0.6625 0.3453125 0.6604166666666667 0.346875 0.65625 0.3546875 0.6520833333333333 0.3609375 0.64375 0.3640625 0.64375 0.3671875 0.6375 0.3703125 0.6375 0.3734375 0.6291666666666667 0.3734375 0.6125 0.3765625 0.6104166666666667 0.3765625 0.6041666666666666 0.3796875 0.5958333333333333 0.3828125 0.59375 0.3859375 0.5833333333333334 0.390625 0.5791666666666667 0.390625 0.575 0.3953125 0.5729166666666666 0.4 0.5645833333333333 0.4078125 0.5604166666666667 0.409375 0.55625 0.415625 0.5541666666666667 0.4234375 0.54375 0.4265625 0.54375 0.4296875 0.5375 0.4265625 0.5166666666666667 0.4203125 0.5083333333333333 0.3984375 0.50625 0.3953125 0.5125 0.3875 0.5166666666666667 0.3875 0.51875 0.384375 0.5270833333333333 0.3640625 0.5541666666666667
2 0.2796875 0.41041666666666665 0.29375 0.42916666666666664 0.296875 0.42916666666666664 0.3 0.4354166666666667 0.3046875 0.4375 0.3109375 0.4354166666666667 0.3125 0.43125 0.321875 0.4270833333333333 0.325 0.42083333333333334 0.3328125 0.41875 0.3359375 0.41458333333333336 0.321875 0.4125 0.3203125 0.4083333333333333 0.29375 0.4041666666666667 0.2921875 0.4 0.2796875 0.4 0.2796875 0.40208333333333335 0.278125 0.40625 0.2796875 0.41041666666666665
2 0.5796875 0.32916666666666666 0.571875 0.3333333333333333 0.565625 0.3416666666666667 0.5625 0.3416666666666667 0.559375 0.34791666666666665 0.5484375 0.35 0.546875 0.3541666666666667 0.5421875 0.3541666666666667 0.5359375 0.35833333333333334 0.5421875 0.36875 0.5453125 0.36875 0.553125 0.37916666666666665 0.5546875 0.39375 0.553125 0.40208333333333335 0.55625 0.40625 0.5640625 0.40625 0.571875 0.40208333333333335 0.5796875 0.38958333333333334 0.578125 0.38333333333333336 0.5734375 0.38333333333333336 0.5671875 0.375 0.578125 0.3625 0.5796875 0.3541666666666667 0.5828125 0.35208333333333336 0.5859375 0.3416666666666667 0.590625 0.33541666666666664 0.5921875 0.3229166666666667 0.590625 0.3229166666666667 0.58125 0.325 0.5796875 0.32916666666666666
2 0.3984375 0.27291666666666664 0.4 0.275 0.4 0.2875 0.396875 0.2916666666666667 0.390625 0.2875 0.384375 0.2875 0.384375 0.29791666666666666 0.3875 0.3125 0.390625 0.3145833333333333 0.4015625 0.3104166666666667 0.403125 0.30625 0.4109375 0.3020833333333333 0.4125 0.29791666666666666 0.4203125 0.29375 0.421875 0.28958333333333336 0.4265625 0.28958333333333336 0.43125 0.29583333333333334 0.4421875 0.29791666666666666 0.4421875 0.2875 0.4234375 0.2604166666666667 0.4203125 0.24791666666666667 0.4109375 0.23541666666666666 0.4078125 0.225 0.4 0.22083333333333333 0.4 0.22291666666666668 0.3984375 0.22916666666666666 0.3984375 0.27291666666666664
2 0.4375 0.5958333333333333 0.4375 0.6125 0.446875 0.625 0.45 0.6354166666666666 0.4609375 0.6395833333333333 0.4625 0.64375 0.471875 0.64375 0.4734375 0.6395833333333333 0.4796875 0.6395833333333333 0.48125 0.64375 0.490625 0.64375 0.4953125 0.6375 0.484375 0.63125 0.4828125 0.625 0.4765625 0.6166666666666667 0.46875 0.6125 0.4609375 0.6020833333333333 0.4578125 0.5916666666666667 0.4546875 0.5916666666666667 0.4515625 0.5875 0.45 0.5875 0.440625 0.5916666666666667 0.4375 0.5958333333333333
2 0.475 0.2833333333333333 0.4734375 0.2875 0.4703125 0.28125 0.4625 0.2833333333333333 0.4609375 0.3125 0.4625 0.3145833333333333 0.465625 0.3145833333333333 0.4671875 0.31875 0.484375 0.3229166666666667 0.4859375 0.32708333333333334 0.5015625 0.33125 0.503125 0.33541666666666664 0.509375 0.3375 0.5125 0.34375 0.5171875 0.3458333333333333 0.5234375 0.34375 0.528125 0.32916666666666666 0.5203125 0.31875 0.5203125 0.30416666666666664 0.5171875 0.3020833333333333 0.5140625 0.28958333333333336 0.5109375 0.28958333333333336 0.5078125 0.2833333333333333 0.5046875 0.2833333333333333 0.5015625 0.2791666666666667 0.496875 0.2791666666666667 0.4953125 0.275 0.4875 0.275 0.4875 0.27708333333333335 0.4828125 0.28125 0.475 0.2833333333333333
2 0.578125 0.4666666666666667 0.58125 0.4875 0.584375 0.4895833333333333 0.6203125 0.4875 0.6234375 0.4791666666666667 0.6203125 0.47291666666666665 0.6125 0.4708333333333333 0.6109375 0.4666666666666667 0.6046875 0.46458333333333335 0.6015625 0.4583333333333333 0.5984375 0.4583333333333333 0.5890625 0.4479166666666667 0.571875 0.44583333333333336 0.571875 0.4479166666666667 0.575 0.46458333333333335 0.578125 0.4666666666666667