0 0.6921875 0.5362997658079626 0.6890625 0.5480093676814989 0.690625 0.5667447306791569 0.6890625 0.5690866510538641 0.6734375 0.5714285714285714 0.6625 0.5925058548009368 0.6625 0.6018735362997658 0.66875 0.6112412177985949 0.675 0.6159250585480094 0.6796875 0.6159250585480094 0.6828125 0.6206088992974239 0.6828125 0.6276346604215457 0.6796875 0.6323185011709602 0.6796875 0.6416861826697893 0.684375 0.6487119437939111 0.6875 0.6604215456674473 0.690625 0.6627634660421545 0.703125 0.6627634660421545 0.7140625 0.6510538641686182 0.7171875 0.6510538641686182 0.7234375 0.6604215456674473 0.7390625 0.6604215456674473 0.7484375 0.6510538641686182 0.753125 0.6370023419203747 0.7515625 0.6206088992974239 0.746875 0.6088992974238876 0.7578125 0.5925058548009368 0.7578125 0.5784543325526932 0.7484375 0.5620608899297423 0.7375 0.5550351288056206 0.7296875 0.5550351288056206 0.7171875 0.531615925058548 0.715625 0.531615925058548 0.703125 0.5292740046838408 0.6921875 0.5362997658079626
0 0.471875 0.4566744730679157 0.4625 0.46604215456674475 0.45625 0.48009367681498827 0.45 0.48711943793911006 0.45 0.4964871194379391 0.446875 0.5011709601873536 0.425 0.49882903981264637 0.421875 0.5035128805620609 0.421875 0.5152224824355972 0.4265625 0.5339578454332553 0.41875 0.5433255269320844 0.415625 0.5550351288056206 0.415625 0.5573770491803278 0.4265625 0.5644028103044496 0.44375 0.5901639344262295 0.45 0.6065573770491803 0.453125 0.6065573770491803 0.4609375 0.6135831381733021 0.465625 0.6135831381733021 0.4765625 0.6088992974238876 0.484375 0.5925058548009368 0.4984375 0.5925058548009368 0.50625 0.5831381733021077 0.5109375 0.5714285714285714 0.5109375 0.550351288056206 0.51875 0.5386416861826698 0.5203125 0.531615925058548 0.51875 0.5058548009367682 0.5109375 0.49882903981264637 0.4984375 0.49882903981264637 0.4953125 0.49414519906323184 0.4984375 0.4847775175644028 0.496875 0.477751756440281 0.4921875 0.46604215456674475 0.4859375 0.45901639344262296 0.484375 0.45901639344262296 0.4828125 0.4566744730679157 0.471875 0.4566744730679157
0 0.2078125 0.4964871194379391 0.20625 0.5058548009367682 0.1921875 0.5011709601873536 0.1859375 0.5081967213114754 0.1828125 0.531615925058548 0.184375 0.5386416861826698 0.1921875 0.5526932084309133 0.18125 0.5573770491803278 0.178125 0.5620608899297423 0.178125 0.5690866510538641 0.18125 0.5737704918032787 0.19375 0.5761124121779859 0.2078125 0.5667447306791569 0.2171875 0.5526932084309133 0.2265625 0.5480093676814989 0.2328125 0.5339578454332553 0.23125 0.5081967213114754 0.2203125 0.4894613583138173 0.21875 0.4894613583138173 0.2109375 0.4918032786885246 0.2078125 0.4964871194379391
0 0.3046875 0.5269320843091335 0.2984375 0.531615925058548 0.290625 0.5433255269320844 0.2828125 0.550351288056206 0.2796875 0.5714285714285714 0.271875 0.5714285714285714 0.2625 0.5784543325526932 0.25625 0.5925058548009368 0.2578125 0.6065573770491803 0.2625 0.6229508196721312 0.265625 0.6252927400468384 0.2734375 0.6416861826697893 0.2796875 0.6440281030444965 0.2828125 0.6487119437939111 0.2828125 0.6697892271662763 0.2890625 0.6744730679156908 0.2984375 0.6885245901639344 0.3078125 0.6885245901639344 0.3203125 0.6721311475409836 0.325 0.6533957845433255 0.3359375 0.6651053864168618 0.3484375 0.6651053864168618 0.35625 0.6604215456674473 0.3640625 0.6416861826697893 0.3640625 0.6252927400468384 0.35625 0.6018735362997658 0.35625 0.5925058548009368 0.3609375 0.5807962529274004 0.3609375 0.5573770491803278 0.35625 0.5409836065573771 0.346875 0.531615925058548 0.3328125 0.531615925058548 0.3265625 0.5362997658079626 0.3203125 0.5362997658079626 0.31875 0.5339578454332553 0.3171875 0.5339578454332553 0.3125 0.5269320843091335 0.3046875 0.5269320843091335
0 0.65625 0.6510538641686182 0.646875 0.6487119437939111 0.6515625 0.6557377049180327 0.65 0.6814988290398126 0.6625 0.7002341920374707 0.66875 0.6978922716627635 0.6734375 0.702576112412178 0.6796875 0.702576112412178 0.6859375 0.6932084309133489 0.6984375 0.6861826697892272 0.690625 0.6744730679156908 0.690625 0.667447306791569 0.6765625 0.6416861826697893 0.6671875 0.6440281030444965 0.6609375 0.6346604215456675 0.659375 0.6370023419203747 0.659375 0.6463700234192038 0.65625 0.6510538641686182
0 0.384375 0.5386416861826698 0.371875 0.5456674473067916 0.36875 0.5550351288056206 0.36875 0.5784543325526932 0.371875 0.5831381733021077 0.371875 0.5878220140515222 0.3625 0.5971896955503513 0.3625 0.6112412177985949 0.365625 0.6159250585480094 0.365625 0.6252927400468384 0.36875 0.6346604215456675 0.375 0.6440281030444965 0.3828125 0.6463700234192038 0.3859375 0.6510538641686182 0.3875 0.6651053864168618 0.390625 0.6697892271662763 0.4 0.6768149882903981 0.415625 0.6768149882903981 0.428125 0.6651053864168618 0.43125 0.6510538641686182 0.4421875 0.6557377049180327 0.4515625 0.6557377049180327 0.4578125 0.6510538641686182 0.459375 0.6463700234192038 0.459375 0.6252927400468384 0.4546875 0.6135831381733021 0.44375 0.6088992974238876 0.4390625 0.6018735362997658 0.440625 0.5831381733021077 0.434375 0.5737704918032787 0.4328125 0.5667447306791569 0.4265625 0.5597189695550351 0.4203125 0.5573770491803278 0.41875 0.5456674473067916 0.415625 0.5526932084309133 0.4109375 0.5526932084309133 0.40625 0.5433255269320844 0.4046875 0.5433255269320844 0.3984375 0.5386416861826698 0.384375 0.5386416861826698
5 0.840625 0.6182669789227166 0.8453125 0.6463700234192038 0.8484375 0.6533957845433255 0.8484375 0.6604215456674473 0.853125 0.6697892271662763 0.85625 0.6978922716627635 0.859375 0.7072599531615925 0.8640625 0.7002341920374707 0.859375 0.6861826697892272 0.859375 0.6768149882903981 0.8546875 0.65807962529274 0.8546875 0.6510538641686182 0.8390625 0.6018735362997658 0.8328125 0.5971896955503513 0.834375 0.5995316159250585 0.8375 0.6135831381733021 0.840625 0.6182669789227166
5 0.6796875 0.41451990632318503 0.6875 0.4379391100702576 0.6953125 0.4519906323185012 0.7 0.47306791569086654 0.703125 0.477751756440281 0.7109375 0.5035128805620609 0.7125 0.5152224824355972 0.7171875 0.5245901639344263 0.7171875 0.5292740046838408 0.7203125 0.531615925058548 0.7203125 0.5152224824355972 0.7140625 0.49414519906323184 0.7140625 0.48009367681498827 0.709375 0.47540983606557374 0.70625 0.45901639344262296 0.6953125 0.42857142857142855 0.6859375 0.40749414519906324 0.6765625 0.39344262295081966 0.671875 0.39344262295081966 0.671875 0.3957845433255269 0.6734375 0.405152224824356 0.6796875 0.41451990632318503
5 0.77265625 0.12060889929742388 0.1359375 0.06323185011709602
5 0.2484375 0.4238875878220141 0.2328125 0.4238875878220141 0.2296875 0.42857142857142855 0.2328125 0.4332552693208431 0.246875 0.4332552693208431 0.2484375 0.4309133489461358 0.2734375 0.4309133489461358 0.2703125 0.4238875878220141 0.26875 0.4238875878220141 0.25 0.4215456674473068 0.2484375 0.4238875878220141
5 0.83125 0.5784543325526932 0.8375 0.585480093676815 0.853125 0.5925058548009368 0.871875 0.6088992974238876 0.8875 0.6182669789227166 0.8921875 0.6182669789227166 0.896875 0.6229508196721312 0.9046875 0.6252927400468384 0.903125 0.6159250585480094 0.8828125 0.6065573770491803 0.8765625 0.5995316159250585 0.8734375 0.5995316159250585 0.8375 0.5737704918032787 0.8359375 0.5737704918032787 0.83125 0.5761124121779859 0.83125 0.5784543325526932
5 0.446875 0.8946135831381733 0.459375 0.9203747072599532 0.4734375 0.9578454332552693 0.4796875 0.9648711943793911 0.4828125 0.9648711943793911 0.4796875 0.9508196721311475 0.4671875 0.9250585480093677 0.4640625 0.9133489461358314 0.4609375 0.9110070257611241 0.45625 0.8946135831381733 0.4484375 0.882903981264637 0.446875 0.8852459016393442 0.4453125 0.8899297423887588 0.446875 0.8946135831381733
5 0.2796875 0.5526932084309133 0.2890625 0.531615925058548 0.2921875 0.4964871194379391 0.3015625 0.468384074941452 0.3015625 0.4496487119437939 0.2953125 0.44028103044496486 0.290625 0.44028103044496486 0.2859375 0.4519906323185012 0.2859375 0.47306791569086654 0.2828125 0.48711943793911006 0.2828125 0.49882903981264637 0.2796875 0.5128805620608899 0.2796875 0.522248243559719 0.275 0.5362997658079626 0.271875 0.5550351288056206 0.271875 0.5644028103044496 0.2734375 0.5644028103044496 0.2796875 0.5573770491803278 0.2796875 0.5526932084309133
5 0.1921875 0.5011709601873536 0.196875 0.5035128805620609 0.203125 0.5035128805620609 0.2203125 0.477751756440281 0.2328125 0.46604215456674475 0.2375 0.46604215456674475 0.2484375 0.45901639344262296 0.253125 0.4496487119437939 0.2515625 0.44730679156908665 0.24375 0.44730679156908665 0.2421875 0.4496487119437939 0.228125 0.4519906323185012 0.209375 0.4707259953161593 0.209375 0.47306791569086654 0.1921875 0.49882903981264637 0.1921875 0.5011709601873536
5 0.1421875 0.5737704918032787 0.13125 0.5925058548009368 0.11875 0.6276346604215457 0.121875 0.6323185011709602 0.1296875 0.6229508196721312 0.13125 0.6159250585480094 0.1515625 0.5784543325526932 0.1578125 0.5620608899297423 0.159375 0.550351288056206 0.1578125 0.5456674473067916 0.1578125 0.5480093676814989 0.15 0.5550351288056206 0.1421875 0.5737704918032787
5 0.3828125 0 0.3828125 0.00234192037470726 0.3859375 0.01405152224824356 0.40625 0.0351288056206089 0.4140625 0.0468384074941452 0.421875 0.05152224824355972 0.428125 0.0468384074941452 0.428125 0.03747072599531616 0.403125 0.00468384074941452 0.4 0.00468384074941452 0.3984375 0 0.3828125 0
5 0.846875 0.5362997658079626 0.865625 0.5526932084309133 0.8828125 0.5737704918032787 0.890625 0.5784543325526932 0.896875 0.5878220140515222 0.93125 0.6042154566744731 0.934375 0.6018735362997658 0.93125 0.5971896955503513 0.925 0.5971896955503513 0.91875 0.5901639344262295 0.9078125 0.585480093676815 0.890625 0.5690866510538641 0.8875 0.5690866510538641 0.8765625 0.550351288056206 0.871875 0.5456674473067916 0.865625 0.5456674473067916 0.85 0.5269320843091335 0.8453125 0.5245901639344263 0.84375 0.5269320843091335 0.8421875 0.5292740046838408 0.846875 0.5362997658079626
5 0.7671875 0.5761124121779859 0.771875 0.585480093676815 0.78125 0.5925058548009368 0.8109375 0.6370023419203747 0.81875 0.6440281030444965 0.8171875 0.6323185011709602 0.7890625 0.5901639344262295 0.76875 0.5690866510538641 0.765625 0.5620608899297423 0.75625 0.5550351288056206 0.75 0.5573770491803278 0.7515625 0.5573770491803278 0.7578125 0.5690866510538641 0.7671875 0.5761124121779859
5 0.328125 0.7400468384074942 0.3265625 0.7306791569086651 0.3203125 0.7189695550351288 0.315625 0.6978922716627635 0.3125 0.6932084309133489 0.3078125 0.6932084309133489 0.30625 0.7002341920374707 0.3109375 0.7213114754098361 0.3171875 0.7330210772833724 0.3203125 0.7447306791569087 0.321875 0.7447306791569087 0.325 0.747072599531616 0.328125 0.7400468384074942
4 0.8984375 0.33489461358313816 0.8859375 0.35362997658079626 0.8859375 0.36065573770491804 0.890625 0.36768149882903983 0.896875 0.38875878220140514 0.8984375 0.4098360655737705 0.9015625 0.4215456674473068 0.9078125 0.4332552693208431 0.9078125 0.44028103044496486 0.928125 0.47306791569086654 0.95625 0.4964871194379391 0.9640625 0.5081967213114754 0.9671875 0.5175644028103045 0.9671875 0.5292740046838408 0.9703125 0.5362997658079626 0.984375 0.5433255269320844 0.990625 0.550351288056206 0.9984375 0.5526932084309133 0.9984375 0.4426229508196721 0.996875 0.43559718969555034 0.9984375 0.4332552693208431 0.9984375 0.3840749414519906 0.9953125 0.3770491803278688 0.9890625 0.3770491803278688 0.984375 0.38173302107728335 0.9734375 0.38173302107728335 0.9703125 0.3770491803278688 0.965625 0.3770491803278688 0.9609375 0.38173302107728335 0.9453125 0.38173302107728335 0.9421875 0.3770491803278688 0.9421875 0.3583138173302108 0.940625 0.35362997658079626 0.9234375 0.3442622950819672 0.91875 0.3372365339578454 0.9171875 0.3372365339578454 0.9109375 0.3325526932084309 0.8984375 0.33489461358313816
4 0.8046875 0.7728337236533958 0.80625 0.775175644028103 0.80625 0.8173302107728337 0.8046875 0.8220140515222483 0.8078125 0.8337236533957846 0.803125 0.8524590163934426 0.803125 0.8641686182669789 0.8 0.8711943793911007 0.7953125 0.8735362997658079 0.790625 0.8852459016393442 0.7875 0.8852459016393442 0.7796875 0.8969555035128806 0.7703125 0.9016393442622951 0.7515625 0.9016393442622951 0.7390625 0.892271662763466 0.73125 0.892271662763466 0.7203125 0.8782201405152225 0.709375 0.8735362997658079 0.7046875 0.8641686182669789 0.690625 0.8571428571428571 0.6796875 0.8384074941451991 0.671875 0.8313817330210773 0.66875 0.819672131147541 0.659375 0.8079625292740047 0.6515625 0.7868852459016393 0.6453125 0.7798594847775175 0.625 0.7822014051522248 0.6171875 0.7892271662763466 0.6078125 0.7915690866510539 0.5984375 0.7985948477751756 0.571875 0.8009367681498829 0.565625 0.7962529274004684 0.546875 0.7962529274004684 0.540625 0.7822014051522248 0.5328125 0.775175644028103 0.5296875 0.765807962529274 0.5234375 0.7611241217798594 0.51875 0.7494145199063232 0.515625 0.7517564402810304 0.515625 0.7587822014051522 0.5125 0.7681498829039812 0.5125 0.7822014051522248 0.509375 0.7892271662763466 0.50625 0.7892271662763466 0.4953125 0.7704918032786885 0.4859375 0.765807962529274 0.4671875 0.7634660421545667 0.465625 0.765807962529274 0.4140625 0.765807962529274 0.4125 0.7634660421545667 0.3953125 0.7611241217798594 0.3859375 0.7540983606557377 0.3828125 0.765807962529274 0.3890625 0.7775175644028103 0.3890625 0.7868852459016393 0.3859375 0.7915690866510539 0.3796875 0.7915690866510539 0.371875 0.7798594847775175 0.3703125 0.7728337236533958 0.365625 0.7728337236533958 0.359375 0.7798594847775175 0.3578125 0.7962529274004684 0.3546875 0.8009367681498829 0.3421875 0.810304449648712 0.3296875 0.8126463700234192 0.328125 0.810304449648712 0.3203125 0.810304449648712 0.3078125 0.7985948477751756 0.2953125 0.7985948477751756 0.2875 0.7868852459016393 0.2734375 0.7822014051522248 0.25625 0.765807962529274 0.25 0.7728337236533958 0.2484375 0.7915690866510539 0.253125 0.8009367681498829 0.26875 0.8149882903981265 0.2796875 0.8149882903981265 0.284375 0.8220140515222483 0.2765625 0.8430913348946136 0.28125 0.8548009367681498 0.28125 0.8735362997658079 0.284375 0.8782201405152225 0.284375 0.882903981264637 0.2734375 0.9039812646370023 0.275 0.9063231850117096 0.275 0.9320843091334895 0.2828125 0.9391100702576113 0.2953125 0.9578454332552693 0.296875 0.9648711943793911 0.303125 0.9718969555035128 0.30625 0.9929742388758782 0.3109375 0.9976580796252927 0.321875 0.9976580796252927 0.325 0.9953161592505855 0.3265625 0.9882903981264637 0.334375 0.9765807962529274 0.3421875 0.9812646370023419 0.35 0.9976580796252927 0.5109375 0.9953161592505855 0.5125 0.9976580796252927 0.5484375 0.9976580796252927 0.55 0.9953161592505855 0.5515625 0.9976580796252927 0.5671875 0.9976580796252927 0.571875 0.9953161592505855 0.5734375 0.9976580796252927 0.6046875 0.9976580796252927 0.60625 0.9953161592505855 0.634375 0.9953161592505855 0.6390625 0.9976580796252927 0.6421875 0.9953161592505855 0.64375 0.9976580796252927 0.671875 0.9976580796252927 0.678125 0.9953161592505855 0.6796875 0.9976580796252927 0.6859375 0.9976580796252927 0.6875 0.9953161592505855 0.6984375 0.9953161592505855 0.7 0.9976580796252927 0.721875 0.9976580796252927 0.7234375 0.9953161592505855 0.7296875 0.9976580796252927 0.73125 0.9953161592505855 0.7328125 0.9976580796252927 0.7421875 0.9976580796252927 0.74375 0.9953161592505855 0.7890625 0.9953161592505855 0.79375 0.9718969555035128 0.8 0.9648711943793911 0.803125 0.9648711943793911 0.8171875 0.9437939110070258 0.81875 0.9297423887587822 0.825 0.9180327868852459 0.83125 0.9156908665105387 0.8359375 0.9203747072599532 0.8375 0.9320843091334895 0.8359375 0.9391100702576113 0.83125 0.9461358313817331 0.8234375 0.9531615925058547 0.8234375 0.9578454332552693 0.825 0.9625292740046838 0.8359375 0.9672131147540983 0.8484375 0.9672131147540983 0.8515625 0.9718969555035128 0.85 0.990632318501171 0.8546875 0.9976580796252927 0.878125 0.9953161592505855 0.8796875 0.9976580796252927 0.940625 0.9976580796252927 0.9453125 0.9929742388758782 0.9421875 0.9812646370023419 0.946875 0.9742388758782201 0.9578125 0.9718969555035128 0.9734375 0.9789227166276346 0.975 0.9578454332552693 0.9796875 0.9508196721311475 0.9984375 0.9531615925058547 0.9984375 0.8009367681498829 0.990625 0.7962529274004684 0.98125 0.819672131147541 0.9796875 0.8384074941451991 0.9703125 0.8524590163934426 0.9546875 0.8548009367681498 0.94375 0.8384074941451991 0.9328125 0.8360655737704918 0.9296875 0.8477751756440282 0.928125 0.8711943793911007 0.9234375 0.8782201405152225 0.9171875 0.8805620608899297 0.9078125 0.8758782201405152 0.9015625 0.8641686182669789 0.896875 0.8618266978922716 0.8921875 0.8548009367681498 0.8828125 0.8290398126463701 0.8671875 0.8009367681498829 0.8640625 0.7915690866510539 0.8484375 0.7798594847775175 0.8359375 0.7775175644028103 0.8265625 0.7587822014051522 0.8234375 0.7587822014051522 0.821875 0.7540983606557377 0.8109375 0.747072599531616 0.803125 0.7377049180327869 0.8015625 0.7400468384074942 0.8046875 0.7587822014051522 0.8046875 0.7728337236533958
4 0.80625 0.7704918032786885 0.80625 0.8032786885245902 0.8078125 0.8079625292740047 0.80625 0.810304449648712 0.80625 0.8313817330210773 0.8078125 0.8407494145199064 0.803125 0.8524590163934426 0.803125 0.8641686182669789 0.790625 0.8852459016393442 0.7875 0.8852459016393442 0.7796875 0.8969555035128806 0.7703125 0.9016393442622951 0.7515625 0.9016393442622951 0.7375 0.892271662763466 0.73125 0.892271662763466 0.7203125 0.8782201405152225 0.709375 0.8735362997658079 0.7015625 0.8618266978922716 0.690625 0.8571428571428571 0.6796875 0.8384074941451991 0.675 0.8360655737704918 0.6703125 0.8290398126463701 0.66875 0.8220140515222483 0.6609375 0.8126463700234192 0.6515625 0.7915690866510539 0.6515625 0.7868852459016393 0.646875 0.7822014051522248 0.6265625 0.7822014051522248 0.6140625 0.7915690866510539 0.609375 0.7915690866510539 0.5984375 0.7985948477751756 0.575 0.8009367681498829 0.5734375 0.8032786885245902 0.5640625 0.7962529274004684 0.55 0.7962529274004684 0.5515625 0.8126463700234192 0.55 0.8149882903981265 0.54375 0.8009367681498829 0.540625 0.7845433255269321 0.51875 0.7517564402810304 0.515625 0.7564402810304449 0.5125 0.7822014051522248 0.509375 0.7892271662763466 0.5046875 0.7892271662763466 0.4953125 0.7704918032786885 0.4859375 0.765807962529274 0.46875 0.7634660421545667 0.4671875 0.765807962529274 0.4125 0.765807962529274 0.390625 0.7587822014051522 0.384375 0.7634660421545667 0.390625 0.7798594847775175 0.390625 0.7868852459016393 0.3875 0.7915690866510539 0.38125 0.7939110070257611 0.378125 0.7915690866510539 0.36875 0.7728337236533958 0.359375 0.7822014051522248 0.359375 0.7939110070257611 0.3515625 0.8056206088992974 0.334375 0.8149882903981265 0.3203125 0.810304449648712 0.30625 0.7985948477751756 0.290625 0.7962529274004684 0.2859375 0.7868852459016393 0.2671875 0.7798594847775175 0.2578125 0.7704918032786885 0.253125 0.775175644028103 0.2484375 0.7892271662763466 0.2546875 0.8009367681498829 0.2578125 0.8009367681498829 0.2671875 0.8126463700234192 0.28125 0.8149882903981265 0.2859375 0.8220140515222483 0.278125 0.8384074941451991 0.278125 0.8454332552693209 0.28125 0.8548009367681498 0.28125 0.8735362997658079 0.284375 0.8782201405152225 0.284375 0.882903981264637 0.275 0.8992974238875878 0.2765625 0.9156908665105387 0.275 0.9180327868852459 0.275 0.9320843091334895 0.2796875 0.9344262295081968 0.3 0.9672131147540983 0.303125 0.9672131147540983 0.30625 0.9718969555035128 0.3046875 0.9836065573770492 0.3078125 0.9953161592505855 0.321875 0.9976580796252927 0.3265625 0.9929742388758782 0.3265625 0.9859484777517564 0.3328125 0.9765807962529274 0.3390625 0.9765807962529274 0.346875 0.9882903981264637 0.346875 0.9929742388758782 0.35 0.9976580796252927 0.5109375 0.9953161592505855 0.5125 0.9976580796252927 0.5203125 0.9976580796252927 0.521875 0.9953161592505855 0.53125 0.9953161592505855 0.5328125 0.9976580796252927 0.56875 0.9976580796252927 0.571875 0.9953161592505855 0.5734375 0.9976580796252927 0.6046875 0.9976580796252927 0.60625 0.9953161592505855 0.6359375 0.9953161592505855 0.6375 0.9976580796252927 0.64375 0.9953161592505855 0.6453125 0.9976580796252927 0.671875 0.9976580796252927 0.6765625 0.9953161592505855 0.678125 0.9976580796252927 0.6859375 0.9976580796252927 0.6875 0.9953161592505855 0.703125 0.9953161592505855 0.7046875 0.9976580796252927 0.721875 0.9976580796252927 0.7234375 0.9953161592505855 0.725 0.9976580796252927 0.7421875 0.9976580796252927 0.74375 0.9953161592505855 0.7890625 0.9953161592505855 0.7921875 0.9742388758782201 0.796875 0.9672131147540983 0.8046875 0.9625292740046838 0.8171875 0.9437939110070258 0.81875 0.9297423887587822 0.8234375 0.9180327868852459 0.8328125 0.9156908665105387 0.8375 0.9227166276346604 0.8375 0.9344262295081968 0.825 0.9531615925058547 0.825 0.9578454332552693 0.83125 0.9648711943793911 0.8484375 0.9672131147540983 0.8515625 0.9718969555035128 0.853125 0.9812646370023419 0.8515625 0.9836065573770492 0.8515625 0.9929742388758782 0.853125 0.9953161592505855 0.859375 0.9953161592505855 0.8609375 0.9976580796252927 0.8796875 0.9953161592505855 0.88125 0.9976580796252927 0.8953125 0.9976580796252927 0.896875 0.9953161592505855 0.8984375 0.9976580796252927 0.93125 0.9976580796252927 0.934375 0.9953161592505855 0.940625 0.9976580796252927 0.94375 0.9953161592505855 0.94375 0.990632318501171 0.940625 0.9836065573770492 0.946875 0.9742388758782201 0.959375 0.9718969555035128 0.9671875 0.9765807962529274 0.9734375 0.9695550351288056 0.9734375 0.9601873536299765 0.9796875 0.9508196721311475 0.984375 0.9484777517564403 0.9984375 0.9531615925058547 0.9984375 0.8009367681498829 0.990625 0.7985948477751756 0.9828125 0.8173302107728337 0.98125 0.8360655737704918 0.9703125 0.8524590163934426 0.9671875 0.8548009367681498 0.9546875 0.8548009367681498 0.95 0.8524590163934426 0.940625 0.8384074941451991 0.934375 0.8384074941451991 0.9296875 0.8524590163934426 0.9296875 0.8688524590163934 0.928125 0.8735362997658079 0.921875 0.8805620608899297 0.9140625 0.8805620608899297 0.9078125 0.8758782201405152 0.890625 0.8524590163934426 0.8796875 0.8243559718969555 0.8640625 0.7962529274004684 0.8609375 0.7962529274004684 0.85625 0.7868852459016393 0.85 0.7822014051522248 0.834375 0.7775175644028103 0.8265625 0.7611241217798594 0.8046875 0.7423887587822015 0.8046875 0.7447306791569087 0.803125 0.7494145199063232 0.80625 0.7704918032786885
2 0.3171875 0.7049180327868853 0.3265625 0.7283372365339579 0.3296875 0.7306791569086651 0.340625 0.7306791569086651 0.346875 0.7353629976580797 0.359375 0.7330210772833724 0.365625 0.7377049180327869 0.390625 0.7377049180327869 0.3921875 0.7306791569086651 0.3765625 0.7072599531615925 0.3671875 0.702576112412178 0.3640625 0.6978922716627635 0.3265625 0.6838407494145199 0.325 0.6838407494145199 0.31875 0.6861826697892272 0.3171875 0.7049180327868853
2 0.453125 0.28337236533957844 0.4375 0.2857142857142857 0.434375 0.2903981264637002 0.4328125 0.31381733021077285 0.434375 0.3185011709601874 0.446875 0.33021077283372363 0.4578125 0.33021077283372363 0.475 0.32084309133489464 0.4828125 0.32084309133489464 0.4875 0.3161592505854801 0.503125 0.3161592505854801 0.509375 0.3114754098360656 0.509375 0.2903981264637002 0.5046875 0.2810304449648712 0.4984375 0.2786885245901639 0.49375 0.2810304449648712 0.48125 0.27400468384074944 0.4796875 0.27400468384074944 0.46875 0.27400468384074944 0.453125 0.28337236533957844
2 0.3578125 0.20608899297423888 0.3375 0.22716627634660422 0.334375 0.23185011709601874 0.334375 0.2693208430913349 0.3390625 0.28337236533957844 0.346875 0.2903981264637002 0.3703125 0.2927400468384075 0.371875 0.29508196721311475 0.36875 0.3044496487119438 0.36875 0.3325526932084309 0.375 0.34894613583138173 0.396875 0.34894613583138173 0.403125 0.34192037470725994 0.415625 0.3372365339578454 0.4296875 0.3161592505854801 0.4328125 0.29508196721311475 0.43125 0.2927400468384075 0.43125 0.2786885245901639 0.4328125 0.27634660421545665 0.453125 0.2786885245901639 0.4578125 0.27634660421545665 0.4625 0.2693208430913349 0.4625 0.25526932084309134 0.4484375 0.2529274004683841 0.440625 0.24824355971896955 0.4328125 0.24824355971896955 0.425 0.24355971896955503 0.4171875 0.24355971896955503 0.4140625 0.2388758782201405 0.4234375 0.22014051522248243 0.4390625 0.20843091334894615 0.4390625 0.20374707259953162 0.43125 0.1990632318501171 0.421875 0.1990632318501171 0.4171875 0.20374707259953162 0.409375 0.20608899297423888 0.4046875 0.21311475409836064 0.3921875 0.1990632318501171 0.390625 0.1990632318501171 0.38125 0.19672131147540983 0.3578125 0.20608899297423888
2 0.4625 0.1053864168618267 0.4609375 0.11007025761124122 0.459375 0.16159250585480095 0.4625 0.1756440281030445 0.471875 0.19437939110070257 0.484375 0.19672131147540983 0.49375 0.1920374707259953 0.4921875 0.1451990632318501 0.4953125 0.1288056206088993 0.5078125 0.11007025761124122 0.5140625 0.1053864168618267 0.51875 0.09601873536299765 0.5140625 0.08665105386416862 0.5046875 0.07962529274004684 0.503125 0.07962529274004684 0.4875 0.07728337236533958 0.4625 0.1053864168618267
2 0.840625 0.04449648711943794 0.8390625 0.09133489461358314 0.84375 0.1053864168618267 0.84375 0.12646370023419204 0.8484375 0.14754098360655737 0.853125 0.16393442622950818 0.8703125 0.1920374707259953 0.8796875 0.1990632318501171 0.9 0.20140515222482436 0.909375 0.1873536299765808 0.9109375 0.13817330210772832 0.90625 0.11943793911007025 0.9078125 0.10070257611241218 0.90625 0.0936768149882904 0.8796875 0.0468384074941452 0.8578125 0.0351288056206089 0.85625 0.0351288056206089 0.8453125 0.0351288056206089 0.840625 0.04449648711943794
2 0.0796875 0 0.0796875 0.00234192037470726 0.075 0.00468384074941452 0.0640625 0.01873536299765808 0.0609375 0.01873536299765808 0.0484375 0.04215456674473068 0.0484375 0.06088992974238876 0.0609375 0.07728337236533958 0.065625 0.07962529274004684 0.0859375 0.07962529274004684 0.090625 0.07728337236533958 0.09375 0.07259953161592506 0.1140625 0.0585480093676815 0.1234375 0.0468384074941452 0.1375 0.03981264637002342 0.1453125 0.03278688524590164 0.1453125 0.00702576112412178 0.146875 0.00468384074941452 0.1453125 0 0.0796875 0
2 0.028125 0.477751756440281 0.021875 0.477751756440281 0.009375 0.4894613583138173 0.009375 0.4964871194379391 0.0125 0.5058548009367682 0.015625 0.5081967213114754 0.021875 0.522248243559719 0.028125 0.5292740046838408 0.034375 0.531615925058548 0.040625 0.5175644028103045 0.0515625 0.5058548009367682 0.0546875 0.49882903981264637 0.053125 0.4847775175644028 0.046875 0.477751756440281 0.0453125 0.477751756440281 0.0296875 0.47540983606557374 0.028125 0.477751756440281
2 0.2921875 0.5081967213114754 0.2921875 0.531615925058548 0.2953125 0.531615925058548 0.30625 0.522248243559719 0.3140625 0.5245901639344263 0.3203125 0.5339578454332553 0.3265625 0.5339578454332553 0.3359375 0.5269320843091335 0.34375 0.5269320843091335 0.3546875 0.5339578454332553 0.359375 0.5433255269320844 0.3625 0.5433255269320844 0.3640625 0.5409836065573771 0.3625 0.5386416861826698 0.359375 0.5011709601873536 0.359375 0.5058548009367682 0.35625 0.5081967213114754 0.346875 0.5011709601873536 0.3296875 0.5011709601873536 0.328125 0.49882903981264637 0.325 0.5011709601873536 0.3234375 0.4918032786885246 0.3203125 0.48711943793911006 0.3109375 0.48243559718969553 0.309375 0.48243559718969553 0.296875 0.48711943793911006 0.2921875 0.5081967213114754
2 0.315625 0.42857142857142855 0.325 0.4426229508196721 0.33125 0.4449648711943794 0.340625 0.45433255269320844 0.3546875 0.4566744730679157 0.3625 0.46604215456674475 0.36875 0.46604215456674475 0.3703125 0.4637002341920375 0.35625 0.44028103044496486 0.340625 0.4238875878220141 0.328125 0.41920374707259955 0.3234375 0.41451990632318503 0.3125 0.41451990632318503 0.3125 0.4168618266978923 0.3078125 0.4238875878220141 0.315625 0.42857142857142855
2 0.5390625 0.41920374707259955 0.5265625 0.41920374707259955 0.5203125 0.42857142857142855 0.5125 0.4332552693208431 0.5 0.44730679156908665 0.4953125 0.46604215456674475 0.5 0.48009367681498827 0.5 0.4918032786885246 0.5125 0.49414519906323184 0.5234375 0.477751756440281 0.5234375 0.4637002341920375 0.5296875 0.45433255269320844 0.5421875 0.44730679156908665 0.5453125 0.4426229508196721 0.5640625 0.44730679156908665 0.575 0.4426229508196721 0.578125 0.4379391100702576 0.578125 0.4332552693208431 0.56875 0.4215456674473068 0.559375 0.41920374707259955 0.5546875 0.41451990632318503 0.553125 0.41451990632318503 0.5421875 0.41451990632318503 0.5390625 0.41920374707259955
2 0.6578125 0 0.6578125 0.00234192037470726 0.65625 0.01639344262295082 0.6609375 0.03278688524590164 0.6609375 0.04449648711943794 0.6734375 0.06088992974238876 0.675 0.0702576112412178 0.68125 0.08430913348946135 0.69375 0.09836065573770492 0.7046875 0.1053864168618267 0.7109375 0.11475409836065574 0.71875 0.11475409836065574 0.725 0.10772833723653395 0.7375 0.10772833723653395 0.7453125 0.09133489461358314 0.76875 0.08899297423887588 0.7890625 0.07728337236533958 0.7984375 0.06088992974238876 0.7984375 0.04449648711943794 0.790625 0.0234192037470726 0.7875 0.0234192037470726 0.78125 0.01639344262295082 0.7640625 0.0117096018735363 0.753125 0.00468384074941452 0.7421875 0.00468384074941452 0.7390625 0 0.6578125 0
2 0 0.8056206088992974 0.003125 0.8056206088992974 0.0171875 0.7822014051522248 0.015625 0.7564402810304449 0.0203125 0.7494145199063232 0.021875 0.7423887587822015 0.0234375 0.7142857142857143 0.0140625 0.6932084309133489 0.015625 0.6791569086651054 0.003125 0.6604215456674473 0.0015625 0.6510538641686182 0 0.6510538641686182 0 0.6533957845433255 0 0.8056206088992974
2 0.6890625 0.6978922716627635 0.6859375 0.7189695550351288 0.675 0.7353629976580797 0.671875 0.7447306791569087 0.653125 0.7681498829039812 0.65 0.7681498829039812 0.65 0.7728337236533958 0.6546875 0.7798594847775175 0.6609375 0.8009367681498829 0.66875 0.810304449648712 0.671875 0.8243559718969555 0.6765625 0.8313817330210773 0.6796875 0.8313817330210773 0.690625 0.8501170960187353 0.7046875 0.8571428571428571 0.7125 0.8711943793911007 0.7203125 0.8711943793911007 0.7328125 0.8875878220140515 0.7421875 0.8875878220140515 0.75 0.8946135831381733 0.76875 0.8969555035128806 0.7734375 0.8946135831381733 0.7796875 0.8899297423887588 0.784375 0.8805620608899297 0.7875 0.8805620608899297 0.7984375 0.8641686182669789 0.7984375 0.8524590163934426 0.803125 0.8407494145199064 0.8015625 0.8149882903981265 0.803125 0.8126463700234192 0.803125 0.7822014051522248 0.8 0.7704918032786885 0.7984375 0.7517564402810304 0.79375 0.7423887587822015 0.79375 0.7330210772833724 0.7921875 0.7306791569086651 0.79375 0.7283372365339579 0.790625 0.7166276346604216 0.7828125 0.7072599531615925 0.7703125 0.7072599531615925 0.7609375 0.7423887587822015 0.7546875 0.7517564402810304 0.7484375 0.7517564402810304 0.7375 0.7400468384074942 0.734375 0.7330210772833724 0.73125 0.7330210772833724 0.7234375 0.7400468384074942 0.71875 0.7306791569086651 0.7109375 0.7306791569086651 0.709375 0.7283372365339579 0.7171875 0.7142857142857143 0.7171875 0.7049180327868853 0.70625 0.6885245901639344 0.7046875 0.6908665105386417 0.7 0.6908665105386417 0.6890625 0.6978922716627635
2 0.1359375 0.04215456674473068 0.128125 0.04918032786885246 0.125 0.04918032786885246 0.109375 0.06791569086651054 0.1046875 0.09601873536299765 0.0953125 0.117096018735363 0.096875 0.17096018735362997 0.1046875 0.18969555035128804 0.115625 0.1920374707259953 0.1171875 0.18969555035128804 0.140625 0.1873536299765808 0.1578125 0.18032786885245902 0.1796875 0.1592505854800937 0.18125 0.15456674473067916 0.18125 0.1358313817330211 0.1796875 0.13348946135831383 0.1796875 0.11241217798594848 0.1859375 0.09601873536299765 0.1859375 0.08665105386416862 0.196875 0.06791569086651054 0.196875 0.05620608899297424 0.1921875 0.04918032786885246 0.1578125 0.03747072599531616 0.15625 0.03981264637002342 0.1453125 0.03747072599531616 0.1359375 0.04215456674473068
2 0.3328125 0.3395784543325527 0.328125 0.35362997658079626 0.328125 0.36065573770491804 0.325 0.3629976580796253 0.3203125 0.3747072599531616 0.3203125 0.3793911007025761 0.3125 0.3911007025761124 0.3015625 0.40046838407494145 0.2875 0.405152224824356 0.2828125 0.4098360655737705 0.2828125 0.41920374707259955 0.2921875 0.4238875878220141 0.3078125 0.4168618266978923 0.321875 0.40046838407494145 0.334375 0.3981264637002342 0.3421875 0.3840749414519906 0.35 0.3793911007025761 0.3578125 0.3629976580796253 0.3578125 0.351288056206089 0.353125 0.3442622950819672 0.3453125 0.3442622950819672 0.3390625 0.3395784543325527 0.3375 0.3395784543325527 0.334375 0.3372365339578454 0.3328125 0.3395784543325527
2 0.971875 0.6018735362997658 0.9640625 0.6112412177985949 0.965625 0.629976580796253 0.9640625 0.6323185011709602 0.959375 0.6323185011709602 0.9453125 0.639344262295082 0.9421875 0.6440281030444965 0.9359375 0.6440281030444965 0.925 0.6510538641686182 0.91875 0.6604215456674473 0.91875 0.667447306791569 0.9234375 0.6838407494145199 0.921875 0.6885245901639344 0.921875 0.7072599531615925 0.934375 0.7423887587822015 0.9453125 0.747072599531616 0.9484375 0.7517564402810304 0.9515625 0.7517564402810304 0.9625 0.7611241217798594 0.9703125 0.7634660421545667 0.984375 0.7775175644028103 0.9953125 0.7775175644028103 0.9984375 0.7728337236533958 0.9984375 0.6721311475409836 0.9953125 0.6651053864168618 0.9984375 0.6604215456674473 0.9984375 0.6088992974238876 0.9890625 0.594847775175644 0.9828125 0.594847775175644 0.9828125 0.5971896955503513 0.9765625 0.6018735362997658 0.971875 0.6018735362997658
2 0.5390625 0.7213114754098361 0.525 0.7306791569086651 0.521875 0.7377049180327869 0.521875 0.7447306791569087 0.5265625 0.7517564402810304 0.528125 0.7587822014051522 0.540625 0.7775175644028103 0.546875 0.7798594847775175 0.5546875 0.7892271662763466 0.5640625 0.7892271662763466 0.56875 0.7939110070257611 0.596875 0.7939110070257611 0.6 0.7892271662763466 0.6125 0.7845433255269321 0.615625 0.7798594847775175 0.60625 0.7728337236533958 0.6 0.7728337236533958 0.5921875 0.765807962529274 0.5875 0.765807962529274 0.5609375 0.7259953161592506 0.5609375 0.7189695550351288 0.55625 0.7072599531615925 0.5546875 0.7072599531615925 0.55 0.7072599531615925 0.5390625 0.7213114754098361
2 0 0.6487119437939111 0.0046875 0.6510538641686182 0.00625 0.6604215456674473 0.01875 0.6791569086651054 0.01875 0.6955503512880562 0.028125 0.7189695550351288 0.0421875 0.7353629976580797 0.046875 0.7494145199063232 0.0453125 0.7681498829039812 0.0359375 0.7845433255269321 0.0359375 0.8009367681498829 0.0546875 0.810304449648712 0.071875 0.8009367681498829 0.0734375 0.7962529274004684 0.0765625 0.7962529274004684 0.0796875 0.8056206088992974 0.0828125 0.8079625292740047 0.10625 0.8079625292740047 0.1203125 0.8032786885245902 0.13125 0.7939110070257611 0.1359375 0.7939110070257611 0.1390625 0.7892271662763466 0.1421875 0.7892271662763466 0.153125 0.7798594847775175 0.1671875 0.7587822014051522 0.1703125 0.7494145199063232 0.16875 0.7400468384074942 0.15625 0.7400468384074942 0.15 0.7353629976580797 0.1453125 0.7283372365339579 0.1453125 0.7213114754098361 0.153125 0.7142857142857143 0.159375 0.7142857142857143 0.1640625 0.7189695550351288 0.1671875 0.7142857142857143 0.171875 0.7142857142857143 0.1765625 0.7213114754098361 0.184375 0.7213114754098361 0.190625 0.7096018735362998 0.1921875 0.6861826697892272 0.1890625 0.6791569086651054 0.1828125 0.6791569086651054 0.1703125 0.6908665105386417 0.1578125 0.6838407494145199 0.146875 0.6861826697892272 0.1421875 0.6932084309133489 0.128125 0.6955503512880562 0.1171875 0.7072599531615925 0.115625 0.711943793911007 0.1203125 0.7283372365339579 0.1203125 0.7353629976580797 0.1171875 0.7400468384074942 0.103125 0.7423887587822015 0.090625 0.7259953161592506 0.0890625 0.7189695550351288 0.0828125 0.7096018735362998 0.0796875 0.6955503512880562 0.0796875 0.6533957845433255 0.0828125 0.639344262295082 0.0859375 0.6346604215456675 0.0796875 0.6252927400468384 0.0765625 0.6112412177985949 0.078125 0.6088992974238876 0.0859375 0.6112412177985949 0.090625 0.6088992974238876 0.0984375 0.5995316159250585 0.1078125 0.6042154566744731 0.115625 0.6135831381733021 0.11875 0.6135831381733021 0.1296875 0.594847775175644 0.13125 0.5878220140515222 0.140625 0.5737704918032787 0.1453125 0.5597189695550351 0.1484375 0.5573770491803278 0.153125 0.5456674473067916 0.1515625 0.5409836065573771 0.1421875 0.5409836065573771 0.1296875 0.550351288056206 0.128125 0.5409836065573771 0.125 0.5362997658079626 0.115625 0.5292740046838408 0.1234375 0.5058548009367682 0.1296875 0.49882903981264637 0.1421875 0.49882903981264637 0.153125 0.5152224824355972 0.1703125 0.5175644028103045 0.178125 0.5105386416861827 0.178125 0.5035128805620609 0.1671875 0.49414519906323184 0.165625 0.49414519906323184 0.1546875 0.477751756440281 0.1515625 0.4707259953161593 0.1515625 0.4637002341920375 0.14375 0.4637002341920375 0.140625 0.468384074941452 0.1078125 0.47540983606557374 0.0984375 0.48009367681498827 0.0921875 0.48711943793911006 0.075 0.48711943793911006 0.0703125 0.4894613583138173 0.0640625 0.4964871194379391 0.0609375 0.4964871194379391 0.0515625 0.5128805620608899 0.046875 0.5152224824355972 0.040625 0.5245901639344263 0.040625 0.5292740046838408 0.0359375 0.5362997658079626 0.0171875 0.5597189695550351 0.015625 0.5737704918032787 0.0125 0.5807962529274004 0 0.5971896955503513 0 0.6487119437939111
2 0.35 0.14285714285714285 0.3375 0.17096018735362997 0.3375 0.18501170960187355 0.3453125 0.19437939110070257 0.3640625 0.19437939110070257 0.378125 0.18266978922716628 0.384375 0.16393442622950818 0.3953125 0.14754098360655737 0.3953125 0.13114754098360656 0.390625 0.11943793911007025 0.3765625 0.09836065573770492 0.3703125 0.0936768149882904 0.36875 0.09601873536299765 0.353125 0.1405152224824356 0.35 0.14285714285714285
2 0.0796875 0.19437939110070257 0.0703125 0.1990632318501171 0.0671875 0.20608899297423888 0.06875 0.234192037470726 0.0734375 0.24355971896955503 0.078125 0.26697892271662765 0.0828125 0.27634660421545665 0.08125 0.29508196721311475 0.0828125 0.2997658079625293 0.1046875 0.31381733021077285 0.1234375 0.3114754098360656 0.1328125 0.30679156908665106 0.1546875 0.30679156908665106 0.171875 0.31381733021077285 0.1734375 0.3091334894613583 0.1796875 0.30679156908665106 0.1875 0.2903981264637002 0.1953125 0.28337236533957844 0.203125 0.2716627634660422 0.203125 0.26697892271662765 0.1984375 0.25995316159250587 0.2 0.2529274004683841 0.1890625 0.23185011709601874 0.1828125 0.21311475409836064 0.1828125 0.20140515222482436 0.178125 0.1873536299765808 0.165625 0.18266978922716628 0.15625 0.18969555035128804 0.1421875 0.1920374707259953 0.140625 0.19437939110070257 0.109375 0.19672131147540983 0.1046875 0.19437939110070257 0.0953125 0.18266978922716628 0.09375 0.18266978922716628 0.0875 0.18501170960187355 0.0796875 0.19437939110070257
2 0.1921875 0.4238875878220141 0.1953125 0.4332552693208431 0.2015625 0.4426229508196721 0.2140625 0.4496487119437939 0.2296875 0.4496487119437939 0.234375 0.44730679156908665 0.234375 0.4426229508196721 0.23125 0.4379391100702576 0.23125 0.4332552693208431 0.215625 0.40749414519906324 0.1984375 0.39344262295081966 0.190625 0.3911007025761124 0.1859375 0.3864168618266979 0.18125 0.3864168618266979 0.18125 0.38875878220140514 0.1875 0.41920374707259955 0.1921875 0.4238875878220141
2 0.2765625 0.7166276346604216 0.2734375 0.7213114754098361 0.275 0.7330210772833724 0.2734375 0.7353629976580797 0.26875 0.7353629976580797 0.259375 0.7236533957845434 0.25 0.7259953161592506 0.246875 0.7306791569086651 0.246875 0.7423887587822015 0.2578125 0.7611241217798594 0.265625 0.765807962529274 0.2734375 0.775175644028103 0.2828125 0.7798594847775175 0.29375 0.7798594847775175 0.2984375 0.7775175644028103 0.2984375 0.7634660421545667 0.3046875 0.7564402810304449 0.3046875 0.747072599531616 0.296875 0.7306791569086651 0.29375 0.7142857142857143 0.2921875 0.7142857142857143 0.2859375 0.711943793911007 0.2765625 0.7166276346604216
2 0.553125 0 0.553125 0.00234192037470726 0.559375 0.01873536299765808 0.5625 0.03981264637002342 0.5671875 0.04918032786885246 0.56875 0.0585480093676815 0.5875 0.08665105386416862 0.5984375 0.09601873536299765 0.6109375 0.09836065573770492 0.6140625 0.09133489461358314 0.6171875 0.07962529274004684 0.615625 0.04215456674473068 0.6171875 0.03747072599531616 0.615625 0.0351288056206089 0.6171875 0.03278688524590164 0.6140625 0.0234192037470726 0.6140625 0.01639344262295082 0.6109375 0.01405152224824356 0.6078125 0 0.553125 0
2 0 0.45433255269320844 0.0171875 0.45901639344262296 0.0265625 0.46604215456674475 0.040625 0.46604215456674475 0.0609375 0.45433255269320844 0.0671875 0.44730679156908665 0.0796875 0.4426229508196721 0.115625 0.4426229508196721 0.11875 0.44028103044496486 0.1203125 0.4426229508196721 0.1453125 0.4449648711943794 0.1484375 0.4426229508196721 0.1484375 0.4379391100702576 0.1453125 0.4332552693208431 0.1375 0.4309133489461358 0.1265625 0.41451990632318503 0.1125 0.405152224824356 0.1046875 0.39344262295081966 0.0953125 0.3864168618266979 0.09375 0.3864168618266979 0.0890625 0.3840749414519906 0.0703125 0.3840749414519906 0.0609375 0.3793911007025761 0.0578125 0.38173302107728335 0.0421875 0.38173302107728335 0.0140625 0.40046838407494145 0 0.405152224824356 0 0.45433255269320844
2 0 0.9953161592505855 0.01875 0.9976580796252927 0.0234375 0.9953161592505855 0.0203125 0.9859484777517564 0.021875 0.9672131147540983 0.0203125 0.9625292740046838 0.021875 0.9601873536299765 0.0203125 0.9578454332552693 0.0203125 0.9461358313817331 0.034375 0.927400468384075 0.034375 0.9227166276346604 0.0375 0.9180327868852459 0.0421875 0.9156908665105387 0.0453125 0.9086651053864169 0.046875 0.8969555035128806 0.04375 0.892271662763466 0.0421875 0.8618266978922716 0.0359375 0.8477751756440282 0.028125 0.8384074941451991 0.0140625 0.8337236533957846 0.0046875 0.8266978922716628 0 0.8266978922716628 0 0.8290398126463701 0 0.882903981264637 0.0046875 0.8899297423887588 0 0.8946135831381733 0 0.9250585480093677 0.0046875 0.9297423887587822 0.0046875 0.9344262295081968 0 0.9391100702576113 0 0.9953161592505855
2 0.678125 0.1522248243559719 0.671875 0.14988290398126464 0.66875 0.15690866510538642 0.6703125 0.16159250585480095 0.66875 0.16393442622950818 0.6609375 0.16393442622950818 0.659375 0.16159250585480095 0.6609375 0.1592505854800937 0.6578125 0.15690866510538642 0.6515625 0.16393442622950818 0.6453125 0.16393442622950818 0.64375 0.17096018735362997 0.6453125 0.17330210772833723 0.63125 0.1873536299765808 0.6234375 0.20608899297423888 0.625 0.22950819672131148 0.6484375 0.2903981264637002 0.6578125 0.3044496487119438 0.6703125 0.3044496487119438 0.6765625 0.2927400468384075 0.6765625 0.2857142857142857 0.68125 0.27400468384074944 0.6828125 0.26229508196721313 0.6859375 0.2576112412177986 0.6921875 0.2576112412177986 0.70625 0.2505854800936768 0.7203125 0.2388758782201405 0.7265625 0.2388758782201405 0.734375 0.23185011709601874 0.7484375 0.22716627634660422 0.75625 0.22014051522248243 0.75625 0.20608899297423888 0.7515625 0.18969555035128804 0.7359375 0.16159250585480095 0.7265625 0.15456674473067916 0.7109375 0.15456674473067916 0.7015625 0.14754098360655737 0.7 0.14754098360655737 0.6875 0.1451990632318501 0.678125 0.1522248243559719
2 0.2984375 0 0.2984375 0.00234192037470726 0.2703125 0.01873536299765808 0.265625 0.01873536299765808 0.2609375 0.0234192037470726 0.25 0.02576112412177986 0.2359375 0.0351288056206089 0.23125 0.0351288056206089 0.2203125 0.04449648711943794 0.20625 0.06088992974238876 0.1921875 0.08430913348946135 0.190625 0.09601873536299765 0.184375 0.10772833723653395 0.1828125 0.13114754098360656 0.184375 0.13348946135831383 0.184375 0.1522248243559719 0.1859375 0.15456674473067916 0.184375 0.17798594847775176 0.1859375 0.18032786885245902 0.1875 0.20374707259953162 0.19375 0.22716627634660422 0.20625 0.2459016393442623 0.2203125 0.25526932084309134 0.2359375 0.25526932084309134 0.24375 0.25995316159250587 0.25625 0.2576112412177986 0.259375 0.25995316159250587 0.2609375 0.2576112412177986 0.2671875 0.2576112412177986 0.278125 0.24824355971896955 0.2859375 0.2459016393442623 0.2875 0.24121779859484777 0.290625 0.24121779859484777 0.309375 0.2154566744730679 0.3171875 0.20843091334894615 0.3203125 0.1990632318501171 0.3296875 0.18501170960187355 0.3328125 0.17330210772833723 0.3390625 0.16393442622950818 0.340625 0.15690866510538642 0.3515625 0.13817330210772832 0.35625 0.12177985948477751 0.359375 0.117096018735363 0.365625 0.08430913348946135 0.3671875 0.053864168618266976 0.36875 0.05152224824355972 0.3671875 0.02576112412177986 0.3703125 0.01873536299765808 0.3671875 0.00468384074941452 0.3640625 0 0.359375 0.00234192037470726 0.3578125 0 0.34375 0 0.340625 0.00468384074941452 0.3296875 0.00468384074941452 0.328125 0 0.2984375 0
2 0.3671875 0.3583138173302108 0.365625 0.36533957845433257 0.3671875 0.38173302107728335 0.365625 0.3840749414519906 0.365625 0.40046838407494145 0.3703125 0.4168618266978923 0.375 0.4238875878220141 0.3828125 0.42857142857142855 0.3875 0.43559718969555034 0.3984375 0.43559718969555034 0.4015625 0.4379391100702576 0.403125 0.43559718969555034 0.4140625 0.43559718969555034 0.4203125 0.42857142857142855 0.421875 0.4238875878220141 0.421875 0.405152224824356 0.4234375 0.4028103044496487 0.421875 0.3864168618266979 0.41875 0.3747072599531616 0.4140625 0.36768149882903983 0.403125 0.3583138173302108 0.390625 0.35362997658079626 0.3890625 0.35362997658079626 0.378125 0.35362997658079626 0.3671875 0.3583138173302108
2 0.3171875 0.6861826697892272 0.3171875 0.7049180327868853 0.3203125 0.7096018735362998 0.3203125 0.7142857142857143 0.325 0.7259953161592506 0.328125 0.7283372365339579 0.3390625 0.7283372365339579 0.3484375 0.7353629976580797 0.35 0.7330210772833724 0.359375 0.7330210772833724 0.3671875 0.7377049180327869 0.390625 0.7377049180327869 0.3921875 0.7306791569086651 0.3765625 0.7072599531615925 0.359375 0.6955503512880562 0.328125 0.6838407494145199 0.3265625 0.6838407494145199 0.31875 0.6838407494145199 0.3171875 0.6861826697892272
2 0.4953125 0.6182669789227166 0.4875 0.6416861826697893 0.48125 0.6510538641686182 0.4796875 0.6604215456674473 0.475 0.6651053864168618 0.4734375 0.6814988290398126 0.4703125 0.6861826697892272 0.453125 0.6955503512880562 0.434375 0.6978922716627635 0.4046875 0.7236533957845434 0.390625 0.7447306791569087 0.3984375 0.7540983606557377 0.409375 0.7587822014051522 0.4640625 0.7587822014051522 0.465625 0.7564402810304449 0.4796875 0.7564402810304449 0.48125 0.7587822014051522 0.490625 0.7587822014051522 0.5015625 0.7681498829039812 0.5078125 0.7798594847775175 0.5078125 0.7564402810304449 0.5109375 0.747072599531616 0.521875 0.7306791569086651 0.54375 0.711943793911007 0.5515625 0.7002341920374707 0.5578125 0.6838407494145199 0.5578125 0.6697892271662763 0.5453125 0.6510538641686182 0.546875 0.6370023419203747 0.540625 0.629976580796253 0.5296875 0.6252927400468384 0.5109375 0.6065573770491803 0.509375 0.6065573770491803 0.5015625 0.6088992974238876 0.4953125 0.6182669789227166
2 0.009375 0 0.009375 0.00234192037470726 0 0.00702576112412178 0 0.08665105386416862 0.034375 0.08665105386416862 0.0359375 0.08899297423887588 0.0453125 0.08899297423887588 0.0515625 0.08665105386416862 0.0546875 0.08196721311475409 0.0453125 0.06088992974238876 0.0453125 0.04918032786885246 0.0484375 0.04449648711943794 0.0484375 0.03747072599531616 0.053125 0.02576112412177986 0.0609375 0.01405152224824356 0.0640625 0.01405152224824356 0.0671875 0.00936768149882904 0.0671875 0.00468384074941452 0.0640625 0 0.009375 0
2 0.5296875 0.09601873536299765 0.521875 0.09836065573770492 0.5109375 0.11007025761124122 0.496875 0.13114754098360656 0.49375 0.14754098360655737 0.49375 0.18032786885245902 0.496875 0.18969555035128804 0.5015625 0.1920374707259953 0.5109375 0.18266978922716628 0.5140625 0.18266978922716628 0.521875 0.18969555035128804 0.53125 0.18969555035128804 0.5421875 0.1990632318501171 0.553125 0.20140515222482436 0.571875 0.22482435597189696 0.575 0.234192037470726 0.58125 0.24355971896955503 0.5859375 0.24355971896955503 0.590625 0.234192037470726 0.5953125 0.21311475409836064 0.59375 0.1522248243559719 0.5890625 0.1405152224824356 0.5875 0.12646370023419204 0.58125 0.11241217798594848 0.578125 0.11007025761124122 0.565625 0.11007025761124122 0.5515625 0.0936768149882904 0.546875 0.09133489461358314 0.5453125 0.09133489461358314 0.534375 0.09133489461358314 0.5296875 0.09601873536299765
2 0.45 0.01873536299765808 0.4453125 0.02576112412177986 0.4359375 0.03044496487119438 0.43125 0.03747072599531616 0.43125 0.04215456674473068 0.4203125 0.05620608899297424 0.4171875 0.06791569086651054 0.4171875 0.08430913348946135 0.421875 0.09601873536299765 0.425 0.10070257611241218 0.4359375 0.10772833723653395 0.4453125 0.10772833723653395 0.4578125 0.10304449648711944 0.4671875 0.09601873536299765 0.4890625 0.06323185011709602 0.4921875 0.04449648711943794 0.4921875 0.03044496487119438 0.4859375 0.01639344262295082 0.4796875 0.0117096018735363 0.478125 0.0117096018735363 0.4640625 0.0117096018735363 0.45 0.01873536299765808
2 0.0984375 0.8220140515222483 0.09375 0.8337236533957846 0.090625 0.8594847775175644 0.0953125 0.8688524590163934 0.1296875 0.8711943793911007 0.1359375 0.8618266978922716 0.1359375 0.8524590163934426 0.1390625 0.8430913348946136 0.1390625 0.8266978922716628 0.134375 0.819672131147541 0.125 0.8149882903981265 0.1234375 0.8149882903981265 0.109375 0.8149882903981265 0.0984375 0.8220140515222483
2 0.6890625 0.30210772833723654 0.690625 0.3044496487119438 0.6921875 0.32084309133489464 0.690625 0.3231850117096019 0.6953125 0.3325526932084309 0.70625 0.3325526932084309 0.7203125 0.3231850117096019 0.7421875 0.2903981264637002 0.7453125 0.27400468384074944 0.753125 0.2576112412177986 0.753125 0.2505854800936768 0.75625 0.24121779859484777 0.75625 0.22950819672131148 0.7546875 0.22716627634660422 0.7375 0.23185011709601874 0.7265625 0.24121779859484777 0.7171875 0.24355971896955503 0.7140625 0.24824355971896955 0.6984375 0.2576112412177986 0.6828125 0.27634660421545665 0.678125 0.29508196721311475 0.6796875 0.297423887587822 0.6828125 0.30210772833723654 0.6890625 0.30210772833723654
2 0.2296875 0.28337236533957844 0.228125 0.2857142857142857 0.225 0.2857142857142857 0.21875 0.2786885245901639 0.2078125 0.2786885245901639 0.1921875 0.29508196721311475 0.18125 0.31381733021077285 0.171875 0.3395784543325527 0.159375 0.38875878220140514 0.1609375 0.4332552693208431 0.1796875 0.40749414519906324 0.18125 0.3957845433255269 0.1796875 0.3864168618266979 0.18125 0.3840749414519906 0.20625 0.39344262295081966 0.209375 0.3981264637002342 0.21875 0.3957845433255269 0.221875 0.3981264637002342 0.2375 0.3911007025761124 0.2546875 0.4028103044496487 0.2765625 0.40749414519906324 0.29375 0.3981264637002342 0.2984375 0.3981264637002342 0.309375 0.38875878220140514 0.3125 0.38875878220140514 0.315625 0.3840749414519906 0.33125 0.3395784543325527 0.33125 0.3185011709601874 0.3265625 0.30679156908665106 0.3265625 0.297423887587822 0.325 0.29508196721311475 0.315625 0.28337236533957844 0.30625 0.2810304449648712 0.3015625 0.27400468384074944 0.2859375 0.27634660421545665 0.2734375 0.26697892271662765 0.253125 0.26697892271662765 0.24375 0.27400468384074944 0.234375 0.26229508196721313 0.2328125 0.2646370023419204 0.228125 0.2693208430913349 0.2296875 0.28337236533957844