0 0.5609375 0.3757828810020877 0.565625 0.3862212943632568 0.565625 0.3945720250521921 0.553125 0.40501043841336115 0.5625 0.4133611691022965 0.565625 0.4133611691022965 0.5703125 0.42171189979123175 0.56875 0.42379958246346555 0.5578125 0.42379958246346555 0.546875 0.4363256784968685 0.5546875 0.4405010438413361 0.565625 0.4592901878914405 0.5640625 0.4697286012526096 0.5671875 0.4759916492693111 0.5671875 0.4822546972860125 0.5640625 0.48643006263048016 0.5640625 0.49478079331941544 0.5734375 0.4968684759916493 0.578125 0.49269311064718163 0.5859375 0.5031315240083507 0.5921875 0.5073068893528184 0.60625 0.5073068893528184 0.621875 0.48851774530271397 0.621875 0.4801670146137787 0.61875 0.4718162839248434 0.61875 0.4572025052192067 0.6234375 0.4509394572025052 0.6234375 0.42379958246346555 0.6203125 0.4175365344467641 0.6203125 0.4112734864300626 0.625 0.40083507306889354 0.6265625 0.3903966597077244 0.621875 0.37995824634655534 0.615625 0.3778705636743215 0.6015625 0.3778705636743215 0.596875 0.37995824634655534 0.5921875 0.3862212943632568 0.5890625 0.3862212943632568 0.5828125 0.3778705636743215 0.5734375 0.37160751565762007 0.571875 0.37160751565762007 0.5671875 0.37160751565762007 0.5609375 0.3757828810020877
0 0.5 0 0.5 0.0020876826722338203 0.503125 0.010438413361169102 0.509375 0.018789144050104383 0.5140625 0.018789144050104383 0.5171875 0.012526096033402923 0.5234375 0.008350730688935281 0.53125 0.008350730688935281 0.5328125 0.0041753653444676405 0.53125 0 0.5 0
5 0.3921875 0 0.3921875 0.0020876826722338203 0.390625 0.006263048016701462 0.390625 0.05636743215031315 0.3890625 0.05845511482254697 0.39375 0.0709812108559499 0.396875 0.06889352818371608 0.396875 0.05010438413361169 0.3984375 0.04801670146137787 0.396875 0.03549060542797495 0.3984375 0.033402922755741124 0.3984375 0 0.3921875 0
5 0.3515625 0.18580375782881003 0.359375 0.21294363256784968 0.3609375 0.23382045929018788 0.3640625 0.2359081419624217 0.3703125 0.22755741127348644 0.3703125 0.22129436325678498 0.359375 0.18789144050104384 0.35625 0.17118997912317327 0.3515625 0.162839248434238 0.3421875 0.15657620041753653 0.3421875 0.15866388308977036 0.3421875 0.1649269311064718 0.3515625 0.18580375782881003
5 0.1296875 0 0.1296875 0.0020876826722338203 0.125 0.022964509394572025 0.1234375 0.04384133611691023 0.1203125 0.05010438413361169 0.11875 0.1022964509394572 0.1234375 0.11482254697286012 0.1296875 0.11691022964509394 0.1328125 0.1127348643006263 0.13125 0.10647181628392484 0.13125 0.06680584551148225 0.134375 0.054279749478079335 0.1359375 0.027139874739039668 0.1421875 0.010438413361169102 0.1421875 0 0.1296875 0
5 0 0.03549060542797495 0.0046875 0.03549060542797495 0.01875 0.05010438413361169 0.05 0.0918580375782881 0.0546875 0.1022964509394572 0.065625 0.10438413361169102 0.0671875 0.10020876826722339 0.0609375 0.08977035490605428 0.0578125 0.07933194154488518 0.05 0.07515657620041753 0.04375 0.06263048016701461 0.028125 0.04175365344467641 0 0.029227557411273485 0 0.031315240083507306 0 0.03549060542797495
5 0.096875 0.07515657620041753 0.0296875 0.07306889352818371
5 0.1359375 0.05845511482254697 0.146875 0.06889352818371608 0.1484375 0.06263048016701461 0.146875 0.060542797494780795 0.1453125 0.029227557411273485 0.146875 0.027139874739039668 0.14375 0.006263048016701462 0.1421875 0.008350730688935281 0.1375 0.025052192066805846 0.1359375 0.05845511482254697
5 0.253125 0.24634655532359082 0.2546875 0.2567849686847599 0.2578125 0.2567849686847599 0.2609375 0.2546972860125261 0.2625 0.24217118997912318 0.2609375 0.24008350730688935 0.2609375 0.17536534446764093 0.259375 0.1732776617954071 0.259375 0.10020876826722339 0.2546875 0.09603340292275574 0.25 0.09812108559498957 0.25 0.10020876826722339 0.2515625 0.11064718162839249 0.253125 0.24634655532359082
5 0.540625 0.29436325678496866 0.5546875 0.267223382045929 0.5546875 0.2651356993736952 0.54375 0.2651356993736952 0.534375 0.2797494780793319 0.5296875 0.30062630480167013 0.53125 0.30062630480167013 0.5328125 0.302713987473904 0.540625 0.29436325678496866
5 0.35625 0 0.35625 0.0020876826722338203 0.359375 0.018789144050104383 0.36875 0.04175365344467641 0.36875 0.04801670146137787 0.390625 0.08768267223382047 0.39375 0.09812108559498957 0.4 0.1022964509394572 0.4015625 0.10020876826722339 0.4015625 0.08977035490605428 0.3859375 0.060542797494780795 0.38125 0.04801670146137787 0.38125 0.04175365344467641 0.3765625 0.03549060542797495 0.3734375 0.022964509394572025 0.3671875 0.010438413361169102 0.365625 0 0.35625 0
5 0.4953125 0.5177453027139874 0.496875 0.5281837160751566 0.5078125 0.5615866388308977 0.5125 0.5678496868475992 0.51875 0.5678496868475992 0.5203125 0.55741127348643 0.509375 0.5302713987473904 0.50625 0.5093945720250522 0.4984375 0.5093945720250522 0.49375 0.4989561586638831 0.490625 0.4968684759916493 0.490625 0.4989561586638831 0.490625 0.5093945720250522 0.4953125 0.5177453027139874
5 0.403125 0 0.403125 0.0020876826722338203 0.4109375 0.037578288100208766 0.4125 0.060542797494780795 0.415625 0.06680584551148225 0.415625 0.07724425887265135 0.41875 0.08977035490605428 0.41875 0.10647181628392484 0.4203125 0.11064718162839249 0.425 0.11064718162839249 0.428125 0.10647181628392484 0.428125 0.07306889352818371 0.425 0.06263048016701461 0.41875 0.016701461377870562 0.415625 0.010438413361169102 0.415625 0 0.403125 0
2 0.4875 0.824634655532359 0.4984375 0.824634655532359 0.5125 0.8204592901878914 0.509375 0.7724425887265136 0.50625 0.7620041753653445 0.4984375 0.7098121085594989 0.496875 0.6868475991649269 0.49375 0.6889352818371608 0.490625 0.7118997912317327 0.4796875 0.7494780793319415 0.4796875 0.755741127348643 0.46875 0.7828810020876826 0.45625 0.7974947807933194 0.4578125 0.7995824634655533 0.4640625 0.8100208768267223 0.4875 0.824634655532359
2 0.4203125 0.6116910229645094 0.4109375 0.6179540709812108 0.409375 0.6263048016701461 0.4046875 0.6325678496868476 0.3953125 0.6367432150313153 0.39375 0.6430062630480167 0.371875 0.6701461377870563 0.3734375 0.6868475991649269 0.3671875 0.6993736951983298 0.36875 0.7077244258872651 0.3671875 0.7306889352818372 0.36875 0.732776617954071 0.36875 0.7453027139874739 0.365625 0.7620041753653445 0.3671875 0.7766179540709812 0.375 0.7870563674321504 0.3828125 0.7891440501043842 0.390625 0.7954070981210856 0.3984375 0.7954070981210856 0.4046875 0.7995824634655533 0.4234375 0.7974947807933194 0.428125 0.7995824634655533 0.434375 0.7954070981210856 0.446875 0.7974947807933194 0.453125 0.7954070981210856 0.465625 0.7849686847599165 0.46875 0.778705636743215 0.4703125 0.7703549060542797 0.478125 0.755741127348643 0.478125 0.7473903966597077 0.4828125 0.7348643006263048 0.4859375 0.7139874739039666 0.4890625 0.7077244258872651 0.4890625 0.697286012526096 0.49375 0.6805845511482255 0.49375 0.6617954070981211 0.4953125 0.6597077244258872 0.4953125 0.6367432150313153 0.484375 0.615866388308977 0.4734375 0.6137787056367432 0.4703125 0.615866388308977 0.46875 0.6263048016701461 0.465625 0.6304801670146137 0.4515625 0.6409185803757829 0.446875 0.6409185803757829 0.4359375 0.6263048016701461 0.43125 0.6137787056367432 0.4296875 0.6137787056367432 0.428125 0.6116910229645094 0.4203125 0.6116910229645094
2 0.596875 0.22129436325678498 0.590625 0.22964509394572025 0.590625 0.23799582463465555 0.5953125 0.25052192066805845 0.5953125 0.2630480167014614 0.628125 0.3048016701461378 0.6515625 0.31941544885177453 0.65625 0.31941544885177453 0.6625 0.31524008350730687 0.6640625 0.267223382045929 0.659375 0.24425887265135698 0.64375 0.21711899791231734 0.63125 0.21085594989561587 0.60625 0.21294363256784968 0.6015625 0.20668058455114824 0.6015625 0.20876826722338204 0.5984375 0.21294363256784968 0.596875 0.22129436325678498
2 0.61875 0.1419624217118998 0.60625 0.15657620041753653 0.6046875 0.19624217118997914 0.6015625 0.20041753653444677 0.6 0.20876826722338204 0.60625 0.2150313152400835 0.6140625 0.2150313152400835 0.6171875 0.21085594989561587 0.6328125 0.21085594989561587 0.64375 0.21711899791231734 0.6484375 0.21711899791231734 0.659375 0.20041753653444677 0.6625 0.17954070981210857 0.6609375 0.17745302713987474 0.6609375 0.1649269311064718 0.6546875 0.15657620041753653 0.6515625 0.1440501043841336 0.640625 0.13569937369519833 0.6390625 0.13569937369519833 0.63125 0.13569937369519833 0.61875 0.1419624217118998
2 0 0.31106471816283926 0.0265625 0.31941544885177453 0.0359375 0.31524008350730687 0.0359375 0.3089770354906054 0.0296875 0.2964509394572025 0.025 0.2755741127348643 0.021875 0.27139874739039666 0.0234375 0.24217118997912318 0.0296875 0.23173277661795408 0.0265625 0.21294363256784968 0.0203125 0.19624217118997914 0.01875 0.18162839248434237 0.0140625 0.17536534446764093 0.0046875 0.15031315240083507 0 0.14613778705636743 0 0.14822546972860126 0 0.31106471816283926
2 0.946875 0 0.946875 0.0020876826722338203 0.9421875 0.0041753653444676405 0.9421875 0.012526096033402923 0.9390625 0.018789144050104383 0.934375 0.022964509394572025 0.9234375 0.022964509394572025 0.9125 0.033402922755741124 0.9125 0.04384133611691023 0.90625 0.05845511482254697 0.9078125 0.07724425887265135 0.90625 0.08768267223382047 0.9125 0.09812108559498957 0.9140625 0.10647181628392484 0.9265625 0.11691022964509394 0.928125 0.12108559498956159 0.9359375 0.12108559498956159 0.9390625 0.11691022964509394 0.9515625 0.11691022964509394 0.95625 0.1127348643006263 0.96875 0.10855949895615867 0.9765625 0.10020876826722339 0.9890625 0.1022964509394572 0.99375 0.10020876826722339 0.9953125 0.0918580375782881 0.9984375 0.08977035490605428 0.9984375 0.03549060542797495 0.975 0.03966597077244259 0.9703125 0.031315240083507306 0.971875 0.027139874739039668 0.9671875 0.020876826722338204 0.9734375 0.006263048016701462 0.965625 0.0041753653444676405 0.9640625 0 0.946875 0
2 0.959375 0.6179540709812108 0.9578125 0.6221294363256785 0.95 0.6263048016701461 0.9421875 0.6221294363256785 0.9390625 0.6283924843423799 0.9390625 0.6388308977035491 0.9375 0.6409185803757829 0.9375 0.6576200417536534 0.9421875 0.6701461377870563 0.95625 0.6805845511482255 0.965625 0.6805845511482255 0.971875 0.6764091858037579 0.978125 0.6680584551148225 0.978125 0.6638830897703549 0.9828125 0.6555323590814196 0.9828125 0.6367432150313153 0.971875 0.6137787056367432 0.9703125 0.6137787056367432 0.9671875 0.6116910229645094 0.959375 0.6179540709812108
2 0.01875 0 0.01875 0.0020876826722338203 0.0171875 0.006263048016701462 0.028125 0.010438413361169102 0.040625 0.027139874739039668 0.046875 0.031315240083507306 0.053125 0.031315240083507306 0.0609375 0.04384133611691023 0.06875 0.04801670146137787 0.0734375 0.04175365344467641 0.0890625 0.04175365344467641 0.0921875 0.037578288100208766 0.090625 0.031315240083507306 0.09375 0.018789144050104383 0.09375 0 0.01875 0
2 0.2484375 0.42171189979123175 0.240625 0.42379958246346555 0.2375 0.4321503131524008 0.240625 0.44258872651356995 0.25625 0.4551148225469729 0.275 0.4572025052192067 0.2765625 0.4551148225469729 0.2828125 0.46346555323590816 0.296875 0.46346555323590816 0.31875 0.4572025052192067 0.328125 0.44676409185803756 0.328125 0.4405010438413361 0.3125 0.4321503131524008 0.30625 0.4321503131524008 0.303125 0.4279749478079332 0.2984375 0.4279749478079332 0.278125 0.4154488517745303 0.26875 0.4154488517745303 0.2671875 0.4133611691022965 0.265625 0.4133611691022965 0.2609375 0.4133611691022965 0.2484375 0.42171189979123175
2 0 0.5010438413361169 0.0015625 0.5010438413361169 0.03125 0.453027139874739 0.0390625 0.4342379958246347 0.034375 0.4196242171189979 0.034375 0.3695198329853862 0.0375 0.3653444676409186 0.0359375 0.325678496868476 0.025 0.32150313152400833 0.0234375 0.32150313152400833 0 0.3235908141962422 0 0.42379958246346555 0.0046875 0.4279749478079332 0.0046875 0.4321503131524008 0 0.4363256784968685 0 0.5010438413361169
2 0.165625 0.2964509394572025 0.1578125 0.2964509394572025 0.1515625 0.302713987473904 0.14375 0.302713987473904 0.1359375 0.3068893528183716 0.1328125 0.31524008350730687 0.1328125 0.3235908141962422 0.1296875 0.3298538622129436 0.1296875 0.34237995824634654 0.1546875 0.3736951983298539 0.171875 0.3903966597077244 0.2 0.407098121085595 0.2109375 0.407098121085595 0.2234375 0.4112734864300626 0.2265625 0.4091858037578288 0.2265625 0.3987473903966597 0.23125 0.38413361169102295 0.23125 0.3736951983298539 0.228125 0.3695198329853862 0.228125 0.3653444676409186 0.2203125 0.37160751565762007 0.21875 0.3653444676409186 0.2125 0.36325678496868474 0.2125 0.35908141962421714 0.2046875 0.3444676409185804 0.2046875 0.3235908141962422 0.178125 0.2881002087682672 0.1765625 0.2881002087682672 0.1703125 0.29018789144050106 0.165625 0.2964509394572025
2 0.0609375 0.34237995824634654 0.05 0.3569937369519833 0.05 0.3862212943632568 0.059375 0.4133611691022965 0.06875 0.42588726513569936 0.0859375 0.4405010438413361 0.0984375 0.44258872651356995 0.1078125 0.4321503131524008 0.109375 0.42588726513569936 0.10625 0.3966597077244259 0.1 0.37160751565762007 0.0890625 0.35490605427974947 0.08125 0.348643006263048 0.0796875 0.348643006263048 0.075 0.34029227557411273 0.0609375 0.34237995824634654
2 0.1828125 0 0.1828125 0.0020876826722338203 0.16875 0.020876826722338204 0.165625 0.03966597077244259 0.1546875 0.054279749478079335 0.153125 0.060542797494780795 0.1578125 0.07724425887265135 0.153125 0.08350730688935282 0.1671875 0.0918580375782881 0.175 0.0918580375782881 0.178125 0.09603340292275574 0.1859375 0.09603340292275574 0.1828125 0.0918580375782881 0.1859375 0.08559498956158663 0.2015625 0.08350730688935282 0.2125 0.06889352818371608 0.2234375 0.06471816283924843 0.2296875 0.05845511482254697 0.24375 0.05219206680584551 0.2578125 0.054279749478079335 0.2671875 0.04801670146137787 0.2765625 0.04801670146137787 0.28125 0.04384133611691023 0.3015625 0.037578288100208766 0.30625 0.033402922755741124 0.30625 0.029227557411273485 0.3 0.018789144050104383 0.2921875 0.016701461377870562 0.290625 0.018789144050104383 0.284375 0.010438413361169102 0.284375 0.006263048016701462 0.2796875 0.0041753653444676405 0.278125 0 0.2171875 0 0.215625 0.0041753653444676405 0.2046875 0.006263048016701462 0.2 0 0.1828125 0
2 0.3921875 0.4279749478079332 0.3765625 0.4551148225469729 0.3671875 0.4572025052192067 0.365625 0.46764091858037576 0.3515625 0.48643006263048016 0.3578125 0.49269311064718163 0.353125 0.5073068893528184 0.340625 0.5135699373695198 0.3390625 0.5177453027139874 0.328125 0.5281837160751566 0.3265625 0.5260960334029228 0.31875 0.5260960334029228 0.315625 0.5302713987473904 0.309375 0.5323590814196242 0.296875 0.5302713987473904 0.2890625 0.5323590814196242 0.271875 0.5532359081419624 0.271875 0.5615866388308977 0.275 0.5657620041753654 0.275 0.5720250521920668 0.2859375 0.5866388308977035 0.284375 0.5970772442588727 0.2890625 0.6075156576200418 0.3140625 0.605427974947808 0.315625 0.6075156576200418 0.33125 0.6075156576200418 0.359375 0.5949895615866388 0.3640625 0.5991649269311065 0.3671875 0.5970772442588727 0.36875 0.592901878914405 0.384375 0.5782881002087683 0.3984375 0.5594989561586639 0.4046875 0.5427974947807933 0.4140625 0.5260960334029228 0.415625 0.5177453027139874 0.4234375 0.5031315240083507 0.428125 0.4780793319415449 0.43125 0.4718162839248434 0.4328125 0.44467640918580376 0.428125 0.44258872651356995 0.4265625 0.44467640918580376 0.415625 0.44467640918580376 0.4046875 0.4363256784968685 0.403125 0.4363256784968685 0.396875 0.4279749478079332 0.3921875 0.4279749478079332
2 0.10625 0.3778705636743215 0.1234375 0.3778705636743215 0.1265625 0.38204592901878914 0.14375 0.3883089770354906 0.1453125 0.3903966597077244 0.140625 0.3966597077244259 0.140625 0.4091858037578288 0.1546875 0.430062630480167 0.1609375 0.4342379958246347 0.1828125 0.4363256784968685 0.1890625 0.4321503131524008 0.1921875 0.4342379958246347 0.1984375 0.44258872651356995 0.203125 0.4551148225469729 0.2015625 0.4697286012526096 0.2046875 0.47390396659707723 0.2078125 0.47390396659707723 0.215625 0.48434237995824636 0.225 0.4718162839248434 0.2265625 0.4572025052192067 0.2328125 0.4488517745302714 0.2328125 0.4405010438413361 0.225 0.4175365344467641 0.2125 0.4112734864300626 0.2 0.4112734864300626 0.1984375 0.4091858037578288 0.1828125 0.407098121085595 0.1671875 0.3945720250521921 0.1546875 0.3903966597077244 0.140625 0.3695198329853862 0.1296875 0.36325678496868474 0.121875 0.36325678496868474 0.1171875 0.35908141962421714 0.115625 0.35908141962421714 0.1078125 0.3653444676409186 0.10625 0.3778705636743215
2 0.4421875 0.4613778705636743 0.4328125 0.4718162839248434 0.425 0.5073068893528184 0.41875 0.5177453027139874 0.4109375 0.5427974947807933 0.4125 0.5448851774530271 0.4125 0.55741127348643 0.4140625 0.5594989561586639 0.421875 0.5594989561586639 0.4328125 0.5532359081419624 0.440625 0.5407098121085595 0.453125 0.5302713987473904 0.4671875 0.5260960334029228 0.4828125 0.5093945720250522 0.4859375 0.5031315240083507 0.4875 0.4906054279749478 0.4859375 0.48643006263048016 0.478125 0.4759916492693111 0.465625 0.46764091858037576 0.4640625 0.46764091858037576 0.4578125 0.46346555323590816 0.4421875 0.4613778705636743
2 0.953125 0.4196242171189979 0.946875 0.42379958246346555 0.9296875 0.4279749478079332 0.9265625 0.4321503131524008 0.921875 0.4321503131524008 0.9109375 0.4405010438413361 0.903125 0.4697286012526096 0.8953125 0.48434237995824636 0.89375 0.5073068893528184 0.8875 0.5302713987473904 0.8875 0.5448851774530271 0.890625 0.5511482254697286 0.89375 0.5532359081419624 0.909375 0.5532359081419624 0.9171875 0.5511482254697286 0.934375 0.5407098121085595 0.9375 0.5365344467640919 0.9421875 0.5365344467640919 0.9453125 0.5323590814196242 0.959375 0.5323590814196242 0.9671875 0.5281837160751566 0.9734375 0.5177453027139874 0.9796875 0.5135699373695198 0.9875 0.5031315240083507 0.9921875 0.5010438413361169 0.9953125 0.48851774530271397 0.9984375 0.48434237995824636 0.9984375 0.4363256784968685 0.9859375 0.42588726513569936 0.984375 0.42588726513569936 0.9703125 0.4196242171189979 0.953125 0.4196242171189979
2 0.3921875 0.1315240083507307 0.3921875 0.1419624217118998 0.3875 0.16075156576200417 0.3875 0.17954070981210857 0.39375 0.20250521920668058 0.4046875 0.21920668058455114 0.425 0.22964509394572025 0.4390625 0.20668058455114824 0.4421875 0.20668058455114824 0.4484375 0.20041753653444677 0.453125 0.20041753653444677 0.4625 0.21294363256784968 0.4625 0.21711899791231734 0.4671875 0.22338204592901878 0.4828125 0.22964509394572025 0.4859375 0.22755741127348644 0.4890625 0.20876826722338204 0.4796875 0.18997912317327767 0.478125 0.17954070981210857 0.465625 0.15866388308977036 0.459375 0.13569937369519833 0.4390625 0.12943632567849686 0.43125 0.1315240083507307 0.4296875 0.12943632567849686 0.41875 0.12943632567849686 0.4125 0.12526096033402923 0.403125 0.12526096033402923 0.4015625 0.12317327766179541 0.4 0.12526096033402923 0.39375 0.12526096033402923 0.3921875 0.1315240083507307
2 0.6203125 0.31941544885177453 0.625 0.33820459290187893 0.6359375 0.3569937369519833 0.6359375 0.36116910229645094 0.6421875 0.36325678496868474 0.6453125 0.36116910229645094 0.65 0.3653444676409186 0.6625 0.3653444676409186 0.6734375 0.3695198329853862 0.678125 0.3653444676409186 0.6796875 0.348643006263048 0.6734375 0.3235908141962422 0.66875 0.3173277661795407 0.6640625 0.3173277661795407 0.659375 0.32150313152400833 0.6484375 0.32150313152400833 0.6390625 0.31524008350730687 0.6375 0.31524008350730687 0.6296875 0.31524008350730687 0.6203125 0.31941544885177453
2 0.0703125 0.11064718162839249 0.0703125 0.11482254697286012 0.075 0.12317327766179541 0.0703125 0.12734864300626306 0.0703125 0.1336116910229645 0.075 0.13987473903966596 0.078125 0.1524008350730689 0.0921875 0.162839248434238 0.1171875 0.162839248434238 0.128125 0.15031315240083507 0.140625 0.14613778705636743 0.15 0.13778705636743216 0.1609375 0.1336116910229645 0.1625 0.12943632567849686 0.153125 0.11899791231732777 0.1515625 0.11482254697286012 0.153125 0.1127348643006263 0.15 0.10855949895615867 0.146875 0.10855949895615867 0.1359375 0.11691022964509394 0.1234375 0.11691022964509394 0.1109375 0.11064718162839249 0.1 0.11064718162839249 0.0890625 0.1022964509394572 0.0875 0.1022964509394572 0.0765625 0.1022964509394572 0.0703125 0.11064718162839249
2 0.3140625 0.14822546972860126 0.30625 0.15866388308977036 0.3 0.18162839248434237 0.3 0.19832985386221294 0.309375 0.21920668058455114 0.315625 0.2254697286012526 0.3234375 0.22755741127348644 0.3296875 0.2254697286012526 0.3421875 0.24217118997912318 0.3484375 0.24425887265135698 0.3578125 0.24008350730688935 0.359375 0.22129436325678498 0.353125 0.19624217118997914 0.35 0.19206680584551147 0.346875 0.17536534446764093 0.3421875 0.16910229645093947 0.3390625 0.15866388308977036 0.334375 0.1544885177453027 0.3328125 0.1544885177453027 0.325 0.14822546972860126 0.3140625 0.14822546972860126
2 0 0.14613778705636743 0.003125 0.14613778705636743 0.0078125 0.1524008350730689 0.015625 0.17118997912317327 0.0265625 0.17745302713987474 0.03125 0.17745302713987474 0.0375 0.17118997912317327 0.046875 0.14613778705636743 0.046875 0.12317327766179541 0.04375 0.11482254697286012 0.04375 0.10855949895615867 0.0359375 0.0918580375782881 0.0125 0.06889352818371608 0 0.06680584551148225 0 0.06889352818371608 0 0.14613778705636743
2 0.928125 0.5741127348643006 0.9234375 0.5741127348643006 0.9109375 0.5845511482254697 0.9109375 0.5908141962421712 0.915625 0.6075156576200418 0.91875 0.6116910229645094 0.925 0.615866388308977 0.9390625 0.615866388308977 0.9453125 0.5866388308977035 0.9390625 0.5720250521920668 0.9375 0.5720250521920668 0.934375 0.569937369519833 0.928125 0.5741127348643006
2 0.8578125 0 0.8578125 0.0020876826722338203 0.8515625 0.010438413361169102 0.84375 0.014613778705636743 0.825 0.033402922755741124 0.821875 0.04384133611691023 0.8234375 0.05010438413361169 0.8375 0.05010438413361169 0.84375 0.05845511482254697 0.85625 0.06263048016701461 0.884375 0.05845511482254697 0.8859375 0.05636743215031315 0.903125 0.05636743215031315 0.9078125 0.04592901878914405 0.9078125 0.031315240083507306 0.903125 0.027139874739039668 0.896875 0.012526096033402923 0.8921875 0.010438413361169102 0.884375 0 0.8578125 0
2 0.109375 0.4133611691022965 0.1109375 0.4154488517745303 0.1109375 0.4279749478079332 0.1 0.44467640918580376 0.0890625 0.44467640918580376 0.075 0.4363256784968685 0.059375 0.4196242171189979 0.0546875 0.4112734864300626 0.0484375 0.4112734864300626 0.0421875 0.4154488517745303 0.040625 0.4175365344467641 0.040625 0.430062630480167 0.0421875 0.4363256784968685 0.0296875 0.46764091858037576 0.03125 0.4718162839248434 0.015625 0.49269311064718163 0.021875 0.4989561586638831 0.0234375 0.5052192066805845 0.03125 0.5093945720250522 0.0328125 0.524008350730689 0.04375 0.5323590814196242 0.053125 0.5323590814196242 0.0609375 0.5448851774530271 0.0671875 0.5427974947807933 0.06875 0.5386221294363257 0.0734375 0.5365344467640919 0.084375 0.5469728601252609 0.0890625 0.5469728601252609 0.0921875 0.5427974947807933 0.1 0.524008350730689 0.0984375 0.511482254697286 0.1125 0.48851774530271397 0.115625 0.4801670146137787 0.1171875 0.46555323590814196 0.1234375 0.4551148225469729 0.1265625 0.44467640918580376 0.1265625 0.4321503131524008 0.1296875 0.430062630480167 0.1296875 0.42171189979123175 0.121875 0.4175365344467641 0.1203125 0.40501043841336115 0.1125 0.3987473903966597 0.1109375 0.40083507306889354 0.109375 0.40083507306889354 0.109375 0.4133611691022965
2 0.340625 0.6096033402922756 0.3234375 0.6116910229645094 0.321875 0.6137787056367432 0.29375 0.6116910229645094 0.2875 0.6179540709812108 0.2828125 0.6346555323590815 0.28125 0.6555323590814196 0.2796875 0.6576200417536534 0.2796875 0.6764091858037579 0.2828125 0.6951983298538622 0.29375 0.7098121085594989 0.309375 0.7181628392484343 0.3171875 0.7160751565762005 0.34375 0.697286012526096 0.3484375 0.697286012526096 0.359375 0.6910229645093946 0.3609375 0.6868475991649269 0.3671875 0.6826722338204593 0.36875 0.6680584551148225 0.38125 0.6534446764091858 0.384375 0.6409185803757829 0.384375 0.6304801670146137 0.38125 0.6200417536534447 0.38125 0.6096033402922756 0.375 0.605427974947808 0.36875 0.6075156576200418 0.3609375 0.615866388308977 0.3546875 0.605427974947808 0.353125 0.605427974947808 0.3453125 0.605427974947808 0.340625 0.6096033402922756
2 0.96875 0.23173277661795408 0.975 0.23799582463465555 0.9765625 0.24425887265135698 0.98125 0.25052192066805845 0.9875 0.2546972860125261 0.9890625 0.2630480167014614 0.9921875 0.267223382045929 0.9984375 0.27139874739039666 0.9984375 0.21085594989561587 0.9953125 0.20668058455114824 0.99375 0.20668058455114824 0.98125 0.21294363256784968 0.96875 0.23173277661795408
2 0.5390625 0 0.5390625 0.0020876826722338203 0.5375 0.006263048016701462 0.5453125 0.022964509394572025 0.5484375 0.03966597077244259 0.609375 0.12108559498956159 0.6234375 0.12317327766179541 0.6265625 0.12108559498956159 0.6421875 0.10438413361169102 0.6421875 0.08977035490605428 0.6234375 0.06889352818371608 0.6203125 0.0709812108559499 0.6171875 0.06680584551148225 0.6140625 0.054279749478079335 0.603125 0.05219206680584551 0.6 0.04801670146137787 0.6 0.04384133611691023 0.584375 0.018789144050104383 0.584375 0 0.5390625 0
2 0.0703125 0.17118997912317327 0.06875 0.16910229645093947 0.0609375 0.16910229645093947 0.05625 0.17536534446764093 0.0546875 0.18580375782881003 0.046875 0.1941544885177453 0.04375 0.20250521920668058 0.0421875 0.22129436325678498 0.034375 0.22755741127348644 0.03125 0.23799582463465555 0.025 0.24217118997912318 0.025 0.2630480167014614 0.0234375 0.2651356993736952 0.025 0.27348643006263046 0.03125 0.2860125260960334 0.0328125 0.2985386221294363 0.0421875 0.3173277661795407 0.04375 0.325678496868476 0.0484375 0.33402922755741127 0.065625 0.33402922755741127 0.0859375 0.3235908141962422 0.096875 0.32150313152400833 0.1140625 0.31106471816283926 0.134375 0.2881002087682672 0.1375 0.2818371607515658 0.153125 0.267223382045929 0.1609375 0.2630480167014614 0.1703125 0.24634655532359082 0.1703125 0.2254697286012526 0.1734375 0.21711899791231734 0.1734375 0.20876826722338204 0.16875 0.19832985386221294 0.1609375 0.19206680584551147 0.1578125 0.17954070981210857 0.1546875 0.17536534446764093 0.146875 0.17536534446764093 0.1421875 0.1649269311064718 0.1390625 0.162839248434238 0.13125 0.1649269311064718 0.125 0.1732776617954071 0.1203125 0.1732776617954071 0.115625 0.16910229645093947 0.1078125 0.16910229645093947 0.10625 0.16701461377870563 0.090625 0.16910229645093947 0.084375 0.16075156576200417 0.0828125 0.16075156576200417 0.0765625 0.162839248434238 0.0703125 0.17118997912317327
2 0.2359375 0.4509394572025052 0.2296875 0.4572025052192067 0.2265625 0.47390396659707723 0.2203125 0.4801670146137787 0.2171875 0.48851774530271397 0.2140625 0.48851774530271397 0.209375 0.4801670146137787 0.2 0.4718162839248434 0.1953125 0.4572025052192067 0.1890625 0.4572025052192067 0.178125 0.4759916492693111 0.178125 0.4822546972860125 0.171875 0.49478079331941544 0.1703125 0.5177453027139874 0.16875 0.5198329853862212 0.16875 0.5407098121085595 0.171875 0.5448851774530271 0.171875 0.5511482254697286 0.178125 0.5657620041753654 0.1796875 0.5762004175365344 0.196875 0.5991649269311065 0.2109375 0.5949895615866388 0.2140625 0.5991649269311065 0.2171875 0.5991649269311065 0.234375 0.5908141962421712 0.246875 0.5762004175365344 0.2546875 0.5636743215031316 0.25625 0.5532359081419624 0.2625 0.5448851774530271 0.2703125 0.5177453027139874 0.2703125 0.48434237995824636 0.265625 0.46346555323590816 0.246875 0.453027139874739 0.2453125 0.453027139874739 0.24375 0.4509394572025052 0.2359375 0.4509394572025052
2 0.4359375 0.21294363256784968 0.428125 0.2254697286012526 0.4265625 0.2359081419624217 0.421875 0.24425887265135698 0.41875 0.23382045929018788 0.4125 0.23173277661795408 0.409375 0.23382045929018788 0.4046875 0.24425887265135698 0.4 0.267223382045929 0.3921875 0.2860125260960334 0.3921875 0.33611691022964507 0.390625 0.34029227557411273 0.3921875 0.34237995824634654 0.39375 0.37995824634655534 0.390625 0.3862212943632568 0.390625 0.3945720250521921 0.4 0.40292275574112735 0.4 0.4154488517745303 0.3984375 0.4175365344467641 0.4 0.42588726513569936 0.4109375 0.4384133611691023 0.4203125 0.4405010438413361 0.421875 0.4384133611691023 0.4328125 0.4384133611691023 0.440625 0.4342379958246347 0.45625 0.4154488517745303 0.4609375 0.3987473903966597 0.4609375 0.37995824634655534 0.4640625 0.3674321503131524 0.4625 0.3465553235908142 0.4703125 0.3298538622129436 0.4765625 0.2964509394572025 0.4859375 0.2776617954070981 0.4921875 0.2588726513569937 0.4921875 0.2546972860125261 0.4796875 0.2359081419624217 0.4734375 0.23173277661795408 0.46875 0.23173277661795408 0.4625 0.2254697286012526 0.459375 0.21294363256784968 0.4546875 0.20668058455114824 0.453125 0.20668058455114824 0.4453125 0.20668058455114824 0.4359375 0.21294363256784968
2 0.9078125 0.20876826722338204 0.8828125 0.20876826722338204 0.878125 0.20668058455114824 0.859375 0.21294363256784968 0.8578125 0.20668058455114824 0.865625 0.19832985386221294 0.86875 0.19832985386221294 0.8703125 0.1941544885177453 0.8640625 0.18997912317327767 0.8625 0.18580375782881003 0.85625 0.18789144050104384 0.8546875 0.19206680584551147 0.8546875 0.21711899791231734 0.8390625 0.23799582463465555 0.8375 0.25052192066805845 0.8484375 0.2881002087682672 0.8484375 0.31106471816283926 0.8453125 0.3235908141962422 0.8515625 0.3235908141962422 0.85625 0.31106471816283926 0.8609375 0.3048016701461378 0.8796875 0.29018789144050106 0.8875 0.2797494780793319 0.9 0.27348643006263046 0.9109375 0.2588726513569937 0.921875 0.25260960334029225 0.9234375 0.23173277661795408 0.928125 0.2254697286012526 0.9328125 0.22338204592901878 0.934375 0.21711899791231734 0.934375 0.19624217118997914 0.9328125 0.18789144050104384 0.91875 0.17745302713987474 0.9171875 0.17954070981210857 0.9171875 0.19624217118997914 0.9078125 0.20876826722338204
2 0.765625 0.24425887265135698 0.7703125 0.2588726513569937 0.76875 0.2609603340292276 0.76875 0.2755741127348643 0.7765625 0.2818371607515658 0.7796875 0.2881002087682672 0.7890625 0.29436325678496866 0.8234375 0.31106471816283926 0.8328125 0.31106471816283926 0.834375 0.3048016701461378 0.8421875 0.29227557411273486 0.8421875 0.2755741127348643 0.8375 0.2630480167014614 0.834375 0.24634655532359082 0.83125 0.24425887265135698 0.8171875 0.24425887265135698 0.8125 0.23799582463465555 0.7875 0.2359081419624217 0.778125 0.22755741127348644 0.7765625 0.22755741127348644 0.765625 0.22964509394572025 0.765625 0.24425887265135698
2 0.09765625 0.33611691022964507 0.0484375 0.04384133611691023
2 0.6359375 0.38204592901878914 0.6296875 0.3924843423799583 0.6296875 0.40083507306889354 0.634375 0.4112734864300626 0.6328125 0.4196242171189979 0.640625 0.42379958246346555 0.6515625 0.4405010438413361 0.66875 0.4405010438413361 0.675 0.4363256784968685 0.7046875 0.430062630480167 0.709375 0.42588726513569936 0.7171875 0.42379958246346555 0.725 0.4133611691022965 0.7265625 0.3966597077244259 0.725 0.3924843423799583 0.71875 0.3903966597077244 0.7109375 0.3903966597077244 0.7 0.3966597077244259 0.6984375 0.3945720250521921 0.6859375 0.3945720250521921 0.671875 0.3736951983298539 0.6640625 0.3695198329853862 0.65 0.3695198329853862 0.646875 0.3653444676409186 0.6453125 0.3653444676409186 0.6359375 0.37160751565762007 0.6359375 0.38204592901878914
2 0.9390625 0.5427974947807933 0.9375 0.5594989561586639 0.9421875 0.5782881002087683 0.9453125 0.5824634655532359 0.9453125 0.5908141962421712 0.9421875 0.5970772442588727 0.9421875 0.6075156576200418 0.940625 0.6096033402922756 0.9421875 0.6242171189979123 0.9546875 0.6242171189979123 0.965625 0.6116910229645094 0.971875 0.5908141962421712 0.971875 0.5845511482254697 0.96875 0.5678496868475992 0.965625 0.5636743215031316 0.9640625 0.5469728601252609 0.959375 0.5407098121085595 0.9546875 0.5386221294363257 0.953125 0.5386221294363257 0.9453125 0.5386221294363257 0.9390625 0.5427974947807933
2 0.653125 0 0.653125 0.0020876826722338203 0.6515625 0.037578288100208766 0.6453125 0.060542797494780795 0.646875 0.06889352818371608 0.65 0.06889352818371608 0.665625 0.054279749478079335 0.68125 0.05219206680584551 0.690625 0.04801670146137787 0.7 0.03966597077244259 0.725 0.008350730688935281 0.725 0 0.653125 0
2 0.359375 0.24843423799582465 0.3578125 0.2588726513569937 0.3515625 0.267223382045929 0.35 0.29018789144050106 0.35625 0.302713987473904 0.359375 0.3173277661795407 0.365625 0.3235908141962422 0.378125 0.3465553235908142 0.3875 0.35490605427974947 0.390625 0.33402922755741127 0.3890625 0.2964509394572025 0.3921875 0.2818371607515658 0.3921875 0.26931106471816285 0.3828125 0.2567849686847599 0.38125 0.24217118997912318 0.378125 0.23382045929018788 0.3734375 0.22964509394572025 0.371875 0.23173277661795408 0.365625 0.2359081419624217 0.359375 0.24843423799582465
2 0 0.06263048016701461 0.009375 0.06471816283924843 0.015625 0.06889352818371608 0.0171875 0.07306889352818371 0.028125 0.07933194154488518 0.0421875 0.081419624217119 0.040625 0.07933194154488518 0.0390625 0.07306889352818371 0.0390625 0.06680584551148225 0.04375 0.06471816283924843 0.0484375 0.07306889352818371 0.046875 0.07724425887265135 0.0484375 0.07933194154488518 0.05625 0.08350730688935282 0.0640625 0.081419624217119 0.075 0.0918580375782881 0.0796875 0.0918580375782881 0.084375 0.08559498956158663 0.0828125 0.060542797494780795 0.0796875 0.060542797494780795 0.078125 0.05636743215031315 0.0703125 0.05010438413361169 0.0640625 0.05010438413361169 0.053125 0.033402922755741124 0.0421875 0.029227557411273485 0.034375 0.020876826722338204 0.0234375 0.018789144050104383 0.01875 0.012526096033402923 0.0125 0.010438413361169102 0.0109375 0.006263048016701462 0.009375 0.006263048016701462 0 0.008350730688935281 0 0.06263048016701461
2 0.8875 0.1127348643006263 0.884375 0.12734864300626306 0.8859375 0.15657620041753653 0.8921875 0.1649269311064718 0.8953125 0.1732776617954071 0.9078125 0.17954070981210857 0.9125 0.1732776617954071 0.91875 0.17118997912317327 0.9296875 0.18162839248434237 0.9390625 0.19624217118997914 0.94375 0.19624217118997914 0.95 0.19206680584551147 0.953125 0.18580375782881003 0.9609375 0.15657620041753653 0.9578125 0.1315240083507307 0.95625 0.12734864300626306 0.95 0.12317327766179541 0.928125 0.12317327766179541 0.9234375 0.11691022964509394 0.9171875 0.11482254697286012 0.9109375 0.10647181628392484 0.9109375 0.1022964509394572 0.9046875 0.08977035490605428 0.903125 0.08977035490605428 0.896875 0.09394572025052192 0.8875 0.1127348643006263
2 0.9640625 0.6868475991649269 0.95625 0.6951983298538622 0.9546875 0.7056367432150313 0.95 0.7139874739039666 0.95 0.7244258872651357 0.9578125 0.7453027139874739 0.978125 0.755741127348643 0.984375 0.7620041753653445 0.9984375 0.7578288100208769 0.9984375 0.6638830897703549 0.990625 0.6659707724425887 0.990625 0.6680584551148225 0.9734375 0.6826722338204593 0.9640625 0.6868475991649269
2 0.5890625 0.31941544885177453 0.5859375 0.33820459290187893 0.5875 0.348643006263048 0.6046875 0.3736951983298539 0.6171875 0.3757828810020877 0.634375 0.3653444676409186 0.634375 0.35490605427974947 0.6265625 0.34237995824634654 0.61875 0.3173277661795407 0.6125 0.3089770354906054 0.6125 0.2964509394572025 0.609375 0.29436325678496866 0.6078125 0.2964509394572025 0.6015625 0.2985386221294363 0.5890625 0.31941544885177453
2 0.8578125 0.12943632567849686 0.853125 0.1315240083507307 0.840625 0.1440501043841336 0.828125 0.1649269311064718 0.825 0.1732776617954071 0.8265625 0.18997912317327767 0.834375 0.20250521920668058 0.8390625 0.20250521920668058 0.846875 0.1941544885177453 0.85625 0.1732776617954071 0.8625 0.16701461377870563 0.875 0.14613778705636743 0.8765625 0.1336116910229645 0.875 0.1315240083507307 0.8734375 0.1315240083507307 0.871875 0.12943632567849686 0.8578125 0.12943632567849686
2 0.659375 0.20876826722338204 0.653125 0.21711899791231734 0.653125 0.23173277661795408 0.6609375 0.24634655532359082 0.6640625 0.2588726513569937 0.665625 0.29227557411273486 0.6671875 0.29436325678496866 0.6953125 0.29436325678496866 0.696875 0.29227557411273486 0.7109375 0.29227557411273486 0.7203125 0.2860125260960334 0.7234375 0.2651356993736952 0.7203125 0.2588726513569937 0.7125 0.2567849686847599 0.7078125 0.25052192066805845 0.7046875 0.23382045929018788 0.7 0.22338204592901878 0.69375 0.21294363256784968 0.684375 0.20668058455114824 0.6828125 0.20668058455114824 0.6625 0.20668058455114824 0.659375 0.20876826722338204
2 0.6 0.30062630480167013 0.59375 0.3089770354906054 0.5890625 0.31941544885177453 0.5859375 0.3444676409185804 0.6015625 0.3653444676409186 0.603125 0.37160751565762007 0.615625 0.3757828810020877 0.628125 0.37160751565762007 0.6375 0.36325678496868474 0.64375 0.36116910229645094 0.6515625 0.3653444676409186 0.675 0.3674321503131524 0.678125 0.36116910229645094 0.678125 0.3444676409185804 0.675 0.33611691022964507 0.675 0.3298538622129436 0.66875 0.3173277661795407 0.6625 0.3173277661795407 0.659375 0.32150313152400833 0.65 0.32150313152400833 0.640625 0.31524008350730687 0.6265625 0.31524008350730687 0.6234375 0.3173277661795407 0.6140625 0.31106471816283926 0.6125 0.2964509394572025 0.6109375 0.2964509394572025 0.60625 0.2964509394572025 0.6 0.30062630480167013
2 0.1671875 0.031315240083507306 0.1671875 0.03966597077244259 0.1609375 0.04592901878914405 0.1546875 0.05845511482254697 0.1546875 0.06471816283924843 0.1609375 0.07515657620041753 0.1546875 0.08350730688935282 0.159375 0.08768267223382047 0.1734375 0.0918580375782881 0.175 0.09603340292275574 0.1953125 0.09812108559498957 0.2015625 0.1022964509394572 0.2109375 0.1022964509394572 0.23125 0.09603340292275574 0.2578125 0.09603340292275574 0.265625 0.10020876826722339 0.2796875 0.1022964509394572 0.3046875 0.11482254697286012 0.328125 0.13778705636743216 0.3421875 0.15866388308977036 0.35 0.162839248434238 0.3546875 0.16910229645093947 0.359375 0.16910229645093947 0.375 0.15657620041753653 0.3796875 0.15657620041753653 0.3859375 0.1524008350730689 0.384375 0.13569937369519833 0.3875 0.12943632567849686 0.3875 0.11899791231732777 0.384375 0.1127348643006263 0.384375 0.10020876826722339 0.38125 0.09394572025052192 0.3671875 0.07515657620041753 0.3484375 0.07515657620041753 0.3265625 0.03966597077244259 0.3078125 0.037578288100208766 0.3 0.04175365344467641 0.290625 0.04175365344467641 0.28125 0.04592901878914405 0.2796875 0.05010438413361169 0.271875 0.04801670146137787 0.265625 0.05219206680584551 0.2609375 0.05219206680584551 0.259375 0.05636743215031315 0.253125 0.05636743215031315 0.25 0.05219206680584551 0.240625 0.05010438413361169 0.225 0.06263048016701461 0.21875 0.06263048016701461 0.209375 0.06889352818371608 0.2 0.07933194154488518 0.1890625 0.07724425887265135 0.1859375 0.081419624217119 0.1796875 0.08350730688935282 0.1765625 0.07515657620041753 0.16875 0.07933194154488518 0.165625 0.07515657620041753 0.1625 0.060542797494780795 0.1625 0.054279749478079335 0.1671875 0.05010438413361169 0.175 0.06471816283924843 0.1765625 0.05636743215031315 0.175 0.054279749478079335 0.18125 0.04592901878914405 0.1765625 0.037578288100208766 0.1765625 0.033402922755741124 0.171875 0.03549060542797495 0.1703125 0.033402922755741124 0.1703125 0.029227557411273485 0.175 0.022964509394572025 0.1765625 0.014613778705636743 0.175 0.016701461377870562 0.171875 0.018789144050104383 0.1671875 0.031315240083507306
2 0.9421875 0.22338204592901878 0.9265625 0.2359081419624217 0.928125 0.27348643006263046 0.9296875 0.2755741127348643 0.928125 0.2776617954070981 0.928125 0.32150313152400833 0.9359375 0.348643006263048 0.940625 0.37995824634655534 0.94375 0.3862212943632568 0.94375 0.40292275574112735 0.95 0.4112734864300626 0.9578125 0.4112734864300626 0.959375 0.4091858037578288 0.9703125 0.4091858037578288 0.978125 0.40501043841336115 0.9875 0.40501043841336115 0.9984375 0.3966597077244259 0.996875 0.3173277661795407 0.9984375 0.31524008350730687 0.9984375 0.2860125260960334 0.9953125 0.27348643006263046 0.9875 0.2651356993736952 0.984375 0.2546972860125261 0.9796875 0.25260960334029225 0.9703125 0.23799582463465555 0.953125 0.2254697286012526 0.9515625 0.2254697286012526 0.95 0.22338204592901878 0.9421875 0.22338204592901878
2 0.79375 0 0.79375 0.0020876826722338203 0.7921875 0.008350730688935281 0.7953125 0.014613778705636743 0.803125 0.020876826722338204 0.8140625 0.012526096033402923 0.8234375 0.012526096033402923 0.8375 0.006263048016701462 0.8390625 0 0.79375 0
2 0.6046875 0.5177453027139874 0.5984375 0.5219206680584552 0.5984375 0.5260960334029228 0.5890625 0.5365344467640919 0.5890625 0.5407098121085595 0.5859375 0.5448851774530271 0.578125 0.5427974947807933 0.575 0.5198329853862212 0.5484375 0.5219206680584552 0.5421875 0.5260960334029228 0.528125 0.5469728601252609 0.521875 0.5720250521920668 0.5234375 0.5824634655532359 0.515625 0.5887265135699373 0.5140625 0.592901878914405 0.515625 0.6221294363256785 0.5171875 0.6242171189979123 0.509375 0.6367432150313153 0.509375 0.6430062630480167 0.5125 0.6555323590814196 0.515625 0.6576200417536534 0.515625 0.6617954070981211 0.521875 0.6638830897703549 0.528125 0.6617954070981211 0.5328125 0.6680584551148225 0.5546875 0.6743215031315241 0.565625 0.6805845511482255 0.5890625 0.6805845511482255 0.5953125 0.6743215031315241 0.60625 0.6722338204592901 0.6109375 0.6659707724425887 0.6203125 0.6617954070981211 0.625 0.6555323590814196 0.6328125 0.651356993736952 0.6484375 0.6283924843423799 0.6484375 0.6242171189979123 0.659375 0.6012526096033403 0.659375 0.5949895615866388 0.6625 0.5908141962421712 0.6609375 0.5636743215031316 0.6625 0.5615866388308977 0.6625 0.5427974947807933 0.6515625 0.5198329853862212 0.6375 0.5177453027139874 0.6296875 0.511482254697286 0.628125 0.511482254697286 0.621875 0.5198329853862212 0.6046875 0.5177453027139874
2 0.6109375 0.7599164926931107 0.6078125 0.7974947807933194 0.59375 0.837160751565762 0.5984375 0.8455114822546973 0.603125 0.8475991649269311 0.6234375 0.8475991649269311 0.64375 0.837160751565762 0.65625 0.8183716075156576 0.6609375 0.8058455114822547 0.665625 0.7828810020876826 0.665625 0.7578288100208769 0.659375 0.7390396659707724 0.6484375 0.7244258872651357 0.634375 0.7118997912317327 0.625 0.7056367432150313 0.61875 0.7056367432150313 0.6109375 0.7014613778705637 0.584375 0.6993736951983298 0.584375 0.7014613778705637 0.6015625 0.732776617954071 0.6109375 0.7599164926931107
2 0.125 0.5010438413361169 0.11875 0.5073068893528184 0.115625 0.5177453027139874 0.1140625 0.5386221294363257 0.115625 0.5448851774530271 0.1140625 0.5469728601252609 0.1125 0.5678496868475992 0.115625 0.5741127348643006 0.13125 0.5782881002087683 0.13125 0.5657620041753654 0.1296875 0.5636743215031316 0.134375 0.5407098121085595 0.14375 0.5302713987473904 0.15625 0.5302713987473904 0.165625 0.524008350730689 0.1671875 0.5156576200417536 0.1703125 0.48434237995824636 0.15 0.453027139874739 0.1484375 0.453027139874739 0.13125 0.4759916492693111 0.125 0.5010438413361169
2 0.496875 0.24217118997912318 0.49375 0.24634655532359082 0.496875 0.2546972860125261 0.4796875 0.2964509394572025 0.475 0.32150313152400833 0.4765625 0.3277661795407098 0.49375 0.33194154488517746 0.5 0.33611691022964507 0.5171875 0.33402922755741127 0.5296875 0.3048016701461378 0.53125 0.2776617954070981 0.5296875 0.26931106471816285 0.5328125 0.2630480167014614 0.528125 0.2567849686847599 0.515625 0.25260960334029225 0.509375 0.24008350730688935 0.509375 0.2359081419624217 0.503125 0.23173277661795408 0.5015625 0.22755741127348644 0.496875 0.22755741127348644 0.4984375 0.22964509394572025 0.4953125 0.23382045929018788 0.496875 0.24217118997912318
2 0.2609375 0.14613778705636743 0.259375 0.14822546972860126 0.2609375 0.15031315240083507 0.2609375 0.17745302713987474 0.2625 0.18162839248434237 0.2734375 0.18162839248434237 0.275 0.17954070981210857 0.284375 0.17954070981210857 0.2953125 0.17118997912317327 0.3140625 0.14822546972860126 0.3140625 0.1419624217118998 0.3046875 0.11899791231732777 0.2953125 0.1127348643006263 0.26875 0.1022964509394572 0.2671875 0.1022964509394572 0.2609375 0.10647181628392484 0.2609375 0.14613778705636743
2 0.5140625 0.6617954070981211 0.5046875 0.6576200417536534 0.5 0.6638830897703549 0.5 0.7014613778705637 0.503125 0.7160751565762005 0.5046875 0.7390396659707724 0.5078125 0.7453027139874739 0.5140625 0.8100208768267223 0.5203125 0.8288100208768268 0.5265625 0.8580375782881002 0.534375 0.8684759916492694 0.540625 0.872651356993737 0.5546875 0.872651356993737 0.559375 0.8663883089770354 0.571875 0.8580375782881002 0.5765625 0.8496868475991649 0.5875 0.8434237995824635 0.5921875 0.837160751565762 0.603125 0.8037578288100209 0.60625 0.7995824634655533 0.603125 0.778705636743215 0.6078125 0.7703549060542797 0.609375 0.7599164926931107 0.603125 0.7453027139874739 0.6 0.7306889352818372 0.5921875 0.7202505219206681 0.590625 0.7139874739039666 0.578125 0.697286012526096 0.5734375 0.6951983298538622 0.5671875 0.6847599164926931 0.5515625 0.6784968684759917 0.54375 0.6722338204592901 0.534375 0.6701461377870563 0.53125 0.6659707724425887 0.521875 0.6659707724425887 0.5203125 0.6576200417536534 0.5125 0.6534446764091858 0.5140625 0.6555323590814196 0.5171875 0.6576200417536534 0.5140625 0.6617954070981211
2 0.48125 0.0041753653444676405 0.4734375 0.010438413361169102 0.4609375 0.014613778705636743 0.45625 0.020876826722338204 0.45625 0.029227557411273485 0.45 0.04175365344467641 0.4484375 0.06889352818371608 0.453125 0.081419624217119 0.4515625 0.0918580375782881 0.4609375 0.1127348643006263 0.459375 0.12943632567849686 0.4671875 0.1419624217118998 0.46875 0.1524008350730689 0.4671875 0.1544885177453027 0.4828125 0.18162839248434237 0.484375 0.19206680584551147 0.496875 0.20876826722338204 0.4984375 0.2150313152400835 0.5140625 0.23382045929018788 0.515625 0.24634655532359082 0.5203125 0.25052192066805845 0.5296875 0.25260960334029225 0.54375 0.2630480167014614 0.55625 0.2630480167014614 0.5609375 0.24425887265135698 0.5734375 0.2359081419624217 0.5859375 0.22129436325678498 0.5984375 0.20041753653444677 0.6015625 0.17954070981210857 0.6015625 0.1649269311064718 0.5984375 0.15866388308977036 0.6 0.13569937369519833 0.5921875 0.12943632567849686 0.5921875 0.11064718162839249 0.590625 0.10647181628392484 0.5796875 0.09394572025052192 0.575 0.09603340292275574 0.5640625 0.07306889352818371 0.5578125 0.0709812108559499 0.5546875 0.07724425887265135 0.55 0.07933194154488518 0.540625 0.05636743215031315 0.5328125 0.05010438413361169 0.5265625 0.054279749478079335 0.525 0.06471816283924843 0.5078125 0.06263048016701461 0.503125 0.054279749478079335 0.503125 0.022964509394572025 0.4953125 0.006263048016701462 0.49375 0.006263048016701462 0.4921875 0.0041753653444676405 0.48125 0.0041753653444676405
2 0.6625 0.6012526096033403 0.6609375 0.6075156576200418 0.653125 0.6179540709812108 0.65 0.6304801670146137 0.63125 0.6555323590814196 0.60625 0.6743215031315241 0.59375 0.6784968684759917 0.5859375 0.6847599164926931 0.58125 0.6847599164926931 0.58125 0.6889352818371608 0.5859375 0.6931106471816284 0.615625 0.697286012526096 0.6296875 0.6910229645093946 0.6390625 0.6910229645093946 0.6453125 0.6868475991649269 0.665625 0.6868475991649269 0.6734375 0.6784968684759917 0.6796875 0.651356993736952 0.6796875 0.6304801670146137 0.675 0.6242171189979123 0.678125 0.6137787056367432 0.678125 0.605427974947808 0.6734375 0.5949895615866388 0.671875 0.5949895615866388 0.6671875 0.5949895615866388 0.6625 0.6012526096033403
2 0.584375 0 0.584375 0.0020876826722338203 0.584375 0.016701461377870562 0.6 0.04592901878914405 0.603125 0.05010438413361169 0.6125 0.05219206680584551 0.615625 0.05636743215031315 0.6203125 0.07306889352818371 0.6265625 0.0709812108559499 0.6328125 0.07724425887265135 0.6375 0.07724425887265135 0.6421875 0.06680584551148225 0.6453125 0.04592901878914405 0.65 0.031315240083507306 0.65 0.008350730688935281 0.6515625 0.0041753653444676405 0.65 0 0.584375 0
2 0.15625 0.7306889352818372 0.15 0.7411273486430062 0.1421875 0.7703549060542797 0.1296875 0.8016701461377871 0.1140625 0.81419624217119 0.1109375 0.824634655532359 0.109375 0.8455114822546973 0.1140625 0.8538622129436325 0.121875 0.8538622129436325 0.1390625 0.8350730688935282 0.140625 0.824634655532359 0.1484375 0.8100208768267223 0.153125 0.7933194154488518 0.15625 0.791231732776618 0.159375 0.778705636743215 0.1765625 0.7494780793319415 0.175 0.7411273486430062 0.1734375 0.7411273486430062 0.1671875 0.7306889352818372 0.15625 0.7306889352818372
2 0.73125 0.04384133611691023 0.7296875 0.04175365344467641 0.7140625 0.04175365344467641 0.70625 0.04592901878914405 0.7 0.04592901878914405 0.684375 0.054279749478079335 0.66875 0.05636743215031315 0.6546875 0.06889352818371608 0.64375 0.08350730688935282 0.646875 0.10438413361169102 0.6421875 0.11064718162839249 0.63125 0.11691022964509394 0.6328125 0.12317327766179541 0.6453125 0.12734864300626306 0.653125 0.1336116910229645 0.675 0.13987473903966596 0.6796875 0.1440501043841336 0.6953125 0.14613778705636743 0.7140625 0.1544885177453027 0.74375 0.15657620041753653 0.7609375 0.15031315240083507 0.796875 0.14822546972860126 0.80625 0.1440501043841336 0.809375 0.13987473903966596 0.815625 0.13987473903966596 0.825 0.1336116910229645 0.8296875 0.1336116910229645 0.83125 0.12943632567849686 0.83125 0.12734864300626306 0.825 0.12317327766179541 0.821875 0.12317327766179541 0.8203125 0.11899791231732777 0.8125 0.11691022964509394 0.80625 0.11064718162839249 0.80625 0.1022964509394572 0.8 0.08977035490605428 0.8 0.07933194154488518 0.7984375 0.07724425887265135 0.7890625 0.07724425887265135 0.784375 0.06680584551148225 0.7859375 0.05219206680584551 0.775 0.05219206680584551 0.771875 0.04384133611691023 0.7671875 0.03966597077244259 0.7515625 0.04175365344467641 0.75 0.03966597077244259 0.7484375 0.03966597077244259 0.7375 0.03966597077244259 0.73125 0.04384133611691023
2 0.303125 0.22964509394572025 0.3015625 0.24008350730688935 0.2984375 0.24634655532359082 0.2890625 0.24843423799582465 0.278125 0.26931106471816285 0.26875 0.27139874739039666 0.2625 0.2797494780793319 0.25625 0.2755741127348643 0.2515625 0.2755741127348643 0.25 0.2776617954070981 0.23125 0.2776617954070981 0.228125 0.2797494780793319 0.2265625 0.29436325678496866 0.23125 0.3068893528183716 0.23125 0.31524008350730687 0.228125 0.3235908141962422 0.228125 0.33194154488517746 0.234375 0.35073068893528186 0.234375 0.3695198329853862 0.25625 0.40501043841336115 0.271875 0.4112734864300626 0.278125 0.4112734864300626 0.325 0.4363256784968685 0.33125 0.4363256784968685 0.3515625 0.44467640918580376 0.36875 0.44676409185803756 0.3828125 0.4363256784968685 0.384375 0.4279749478079332 0.390625 0.4175365344467641 0.390625 0.4091858037578288 0.3859375 0.3945720250521921 0.3890625 0.38413361169102295 0.3875 0.3653444676409186 0.384375 0.35490605427974947 0.378125 0.35073068893528186 0.371875 0.34237995824634654 0.3671875 0.3298538622129436 0.3578125 0.3173277661795407 0.353125 0.30062630480167013 0.346875 0.29018789144050106 0.3421875 0.24843423799582465 0.3359375 0.2359081419624217 0.33125 0.23173277661795408 0.3203125 0.23382045929018788 0.3140625 0.22964509394572025 0.3125 0.22964509394572025 0.30625 0.22755741127348644 0.303125 0.22964509394572025
2 0.2203125 0.755741127348643 0.2125 0.7807933194154488 0.209375 0.7995824634655533 0.20625 0.8037578288100209 0.2046875 0.8162839248434238 0.2 0.826722338204593 0.1984375 0.8580375782881002 0.2 0.8663883089770354 0.2015625 0.8684759916492694 0.209375 0.8684759916492694 0.2140625 0.8663883089770354 0.2140625 0.8496868475991649 0.2203125 0.8434237995824635 0.2265625 0.8413361169102297 0.234375 0.8308977035490606 0.2359375 0.8121085594989561 0.2453125 0.7995824634655533 0.2421875 0.7682672233820459 0.2390625 0.7620041753653445 0.2390625 0.7432150313152401 0.2375 0.7432150313152401 0.2296875 0.7390396659707724 0.2203125 0.755741127348643
2 0.8578125 0.3277661795407098 0.853125 0.3277661795407098 0.8453125 0.33820459290187893 0.8421875 0.33820459290187893 0.8328125 0.348643006263048 0.8265625 0.35073068893528186 0.815625 0.3674321503131524 0.8140625 0.38204592901878914 0.825 0.40501043841336115 0.8296875 0.407098121085595 0.84375 0.42588726513569936 0.85 0.430062630480167 0.8671875 0.430062630480167 0.878125 0.42171189979123175 0.890625 0.42171189979123175 0.9 0.42588726513569936 0.9171875 0.42588726513569936 0.9328125 0.42171189979123175 0.9375 0.4175365344467641 0.940625 0.4091858037578288 0.940625 0.3862212943632568 0.934375 0.36325678496868474 0.934375 0.3569937369519833 0.93125 0.35073068893528186 0.9296875 0.34029227557411273 0.9234375 0.3298538622129436 0.915625 0.32150313152400833 0.9078125 0.3173277661795407 0.9046875 0.31941544885177453 0.903125 0.3173277661795407 0.8796875 0.3173277661795407 0.875 0.32150313152400833 0.86875 0.31941544885177453 0.8671875 0.31941544885177453 0.8625 0.32150313152400833 0.8578125 0.3277661795407098