0 0.69375 0.1821561338289963 0.690625 0.1821561338289963 0.6875 0.19330855018587362 0.671875 0.21933085501858737 0.665625 0.24535315985130113 0.6609375 0.2527881040892193 0.6578125 0.2788104089219331 0.6546875 0.2862453531598513 0.5984375 0.2899628252788104 0.596875 0.2936802973977695 0.5921875 0.2936802973977695 0.590625 0.30111524163568776 0.584375 0.30855018587360594 0.5796875 0.31970260223048325 0.5765625 0.3345724907063197 0.56875 0.34944237918215615 0.5640625 0.379182156133829 0.5625 0.4312267657992565 0.5640625 0.4349442379182156 0.565625 0.4721189591078067 0.5546875 0.5018587360594795 0.55 0.5092936802973977 0.54375 0.5464684014869888 0.54375 0.5613382899628253 0.540625 0.587360594795539 0.5421875 0.5910780669144982 0.54375 0.6468401486988847 0.55 0.6914498141263941 0.55625 0.7026022304832714 0.559375 0.7174721189591078 0.575 0.7360594795539034 0.578125 0.7472118959107806 0.5953125 0.7657992565055762 0.5953125 0.8178438661710037 0.6 0.8513011152416357 0.6 0.8661710037174721 0.603125 0.8698884758364313 0.6078125 0.8884758364312267 0.609375 0.9033457249070632 0.61875 0.9182156133828996 0.6265625 0.9553903345724907 0.63125 0.9591078066914498 0.6328125 0.966542750929368 0.6421875 0.9739776951672863 0.6484375 0.9739776951672863 0.65 0.9628252788104089 0.65625 0.9442379182156134 0.65625 0.9368029739776952 0.659375 0.929368029739777 0.6625 0.929368029739777 0.665625 0.9182156133828996 0.6703125 0.9144981412639405 0.675 0.9033457249070632 0.678125 0.9033457249070632 0.684375 0.8921933085501859 0.6859375 0.8847583643122676 0.6890625 0.895910780669145 0.6921875 0.9405204460966543 0.6953125 0.9442379182156134 0.703125 0.9814126394052045 0.709375 0.9925650557620818 0.79375 0.9925650557620818 0.796875 0.9962825278810409 0.7984375 0.9925650557620818 0.8234375 0.9925650557620818 0.8328125 0.9776951672862454 0.8390625 0.9405204460966543 0.840625 0.8810408921933085 0.84375 0.8661710037174721 0.86875 0.8698884758364313 0.8703125 0.8661710037174721 0.8828125 0.862453531598513 0.8890625 0.8550185873605948 0.890625 0.8475836431226765 0.8953125 0.8475836431226765 0.90625 0.828996282527881 0.909375 0.828996282527881 0.915625 0.8104089219330854 0.9234375 0.7992565055762082 0.934375 0.758364312267658 0.9328125 0.6988847583643123 0.9265625 0.6691449814126395 0.925 0.6505576208178439 0.9203125 0.6431226765799256 0.91875 0.6282527881040892 0.909375 0.587360594795539 0.909375 0.5539033457249071 0.9171875 0.5204460966542751 0.9171875 0.5092936802973977 0.9203125 0.4944237918215613 0.9234375 0.49070631970260226 0.9234375 0.4758364312267658 0.928125 0.45353159851301117 0.928125 0.4423791821561338 0.9359375 0.40892193308550184 0.9359375 0.40148698884758366 0.9390625 0.39776951672862454 0.940625 0.379182156133829 0.9390625 0.3754646840148699 0.9390625 0.36059479553903345 0.9359375 0.35687732342007433 0.9328125 0.3308550185873606 0.9234375 0.30855018587360594 0.91875 0.3048327137546468 0.915625 0.2936802973977695 0.9109375 0.2862453531598513 0.90625 0.2862453531598513 0.8953125 0.275092936802974 0.8765625 0.27137546468401486 0.8703125 0.24535315985130113 0.8640625 0.23048327137546468 0.8609375 0.23048327137546468 0.85625 0.21561338289962825 0.846875 0.20074349442379183 0.8328125 0.1895910780669145 0.8234375 0.1895910780669145 0.821875 0.1821561338289963 0.79375 0.1821561338289963 0.7921875 0.1895910780669145 0.7828125 0.1895910780669145 0.775 0.1970260223048327 0.76875 0.1970260223048327 0.7625 0.18587360594795538 0.7609375 0.17843866171003717 0.74375 0.16356877323420074 0.7421875 0.16356877323420074 0.70625 0.16728624535315986 0.69375 0.1821561338289963
0 0.2875 0.1970260223048327 0.2890625 0.21189591078066913 0.296875 0.2342007434944238 0.296875 0.24535315985130113 0.29375 0.2527881040892193 0.2796875 0.25650557620817843 0.278125 0.26394052044609667 0.271875 0.26394052044609667 0.2640625 0.27137546468401486 0.2546875 0.27137546468401486 0.2515625 0.26394052044609667 0.25 0.2527881040892193 0.2515625 0.24907063197026022 0.2515625 0.21933085501858737 0.25 0.21561338289962825 0.24375 0.21561338289962825 0.2375 0.2342007434944238 0.2375 0.24535315985130113 0.2484375 0.26765799256505574 0.2484375 0.275092936802974 0.234375 0.2899628252788104 0.2265625 0.2862453531598513 0.21875 0.26765799256505574 0.21875 0.241635687732342 0.215625 0.2342007434944238 0.2078125 0.23048327137546468 0.20625 0.2342007434944238 0.2 0.2342007434944238 0.196875 0.241635687732342 0.21875 0.2862453531598513 0.2203125 0.29739776951672864 0.21875 0.30111524163568776 0.1953125 0.26022304832713755 0.1921875 0.2342007434944238 0.1890625 0.23048327137546468 0.1734375 0.23048327137546468 0.171875 0.2342007434944238 0.1734375 0.241635687732342 0.1828125 0.2527881040892193 0.1859375 0.2527881040892193 0.1953125 0.2825278810408922 0.2015625 0.2899628252788104 0.2078125 0.30855018587360594 0.20625 0.31970260223048325 0.2 0.31970260223048325 0.19375 0.30855018587360594 0.19375 0.30111524163568776 0.190625 0.2899628252788104 0.1875 0.2862453531598513 0.1796875 0.2862453531598513 0.178125 0.2899628252788104 0.178125 0.30855018587360594 0.18125 0.3159851301115242 0.19375 0.32342007434944237 0.2046875 0.35315985130111527 0.2015625 0.36059479553903345 0.1875 0.35687732342007433 0.18125 0.34572490706319703 0.1796875 0.32342007434944237 0.1671875 0.31970260223048325 0.165625 0.3159851301115242 0.1578125 0.31970260223048325 0.153125 0.3345724907063197 0.1640625 0.34944237918215615 0.1640625 0.35687732342007433 0.1609375 0.3680297397769517 0.1609375 0.379182156133829 0.165625 0.38661710037174724 0.171875 0.38661710037174724 0.1734375 0.3940520446096654 0.1609375 0.4052044609665427 0.159375 0.41263940520446096 0.146875 0.4163568773234201 0.1390625 0.4312267657992565 0.134375 0.4312267657992565 0.1296875 0.43866171003717475 0.121875 0.4423791821561338 0.11875 0.45353159851301117 0.10625 0.4684014869888476 0.1 0.48698884758364314 0.0859375 0.5018587360594795 0.0765625 0.516728624535316 0.071875 0.5315985130111525 0.0703125 0.5390334572490706 0.0734375 0.5464684014869888 0.0828125 0.5464684014869888 0.0859375 0.5539033457249071 0.0875 0.5687732342007435 0.0921875 0.587360594795539 0.0953125 0.5910780669144982 0.096875 0.6059479553903345 0.1046875 0.6171003717472119 0.1109375 0.6171003717472119 0.115625 0.6245353159851301 0.1078125 0.6468401486988847 0.103125 0.654275092936803 0.0953125 0.6914498141263941 0.0890625 0.7026022304832714 0.0828125 0.7211895910780669 0.075 0.7323420074349443 0.0734375 0.7509293680297398 0.0703125 0.7620817843866171 0.0703125 0.7955390334572491 0.0734375 0.8141263940520446 0.0734375 0.8252788104089219 0.0765625 0.8364312267657993 0.084375 0.8513011152416357 0.084375 0.8587360594795539 0.0875 0.862453531598513 0.090625 0.8810408921933085 0.1109375 0.9256505576208178 0.1109375 0.929368029739777 0.121875 0.9516728624535316 0.128125 0.9591078066914498 0.13125 0.9702602230483272 0.1421875 0.9776951672862454 0.1609375 0.9776951672862454 0.1625 0.9739776951672863 0.1703125 0.9739776951672863 0.18125 0.966542750929368 0.1828125 0.9591078066914498 0.190625 0.9553903345724907 0.2125 0.929368029739777 0.215625 0.929368029739777 0.2171875 0.9219330855018587 0.225 0.9144981412639405 0.2296875 0.9033457249070632 0.2328125 0.9033457249070632 0.2421875 0.8698884758364313 0.246875 0.8661710037174721 0.25 0.8550185873605948 0.25 0.8475836431226765 0.253125 0.8401486988847584 0.253125 0.8327137546468402 0.25625 0.8215613382899628 0.25625 0.8029739776951673 0.259375 0.79182156133829 0.259375 0.7620817843866171 0.2625 0.758364312267658 0.2625 0.7397769516728625 0.2640625 0.7360594795539034 0.2703125 0.7360594795539034 0.271875 0.7397769516728625 0.2703125 0.7509293680297398 0.2734375 0.758364312267658 0.2734375 0.7806691449814126 0.2765625 0.8029739776951673 0.2796875 0.8066914498141264 0.28125 0.8252788104089219 0.2890625 0.8550185873605948 0.3046875 0.8884758364312267 0.3046875 0.8921933085501859 0.3234375 0.9070631970260223 0.3296875 0.9182156133828996 0.3359375 0.9219330855018587 0.3375 0.929368029739777 0.3484375 0.9368029739776952 0.35625 0.9368029739776952 0.3578125 0.9405204460966543 0.365625 0.9405204460966543 0.3671875 0.9442379182156134 0.3828125 0.9442379182156134 0.403125 0.929368029739777 0.4078125 0.929368029739777 0.409375 0.9219330855018587 0.415625 0.9219330855018587 0.4296875 0.9070631970260223 0.4390625 0.9033457249070632 0.446875 0.8921933085501859 0.459375 0.8513011152416357 0.4640625 0.8438661710037175 0.46875 0.8215613382899628 0.46875 0.8104089219330854 0.4734375 0.7806691449814126 0.4734375 0.7323420074349443 0.475 0.7211895910780669 0.4734375 0.7174721189591078 0.4734375 0.6877323420074349 0.4703125 0.6691449814126395 0.4703125 0.654275092936803 0.4640625 0.6171003717472119 0.459375 0.6096654275092936 0.453125 0.5762081784386617 0.4328125 0.5390334572490706 0.434375 0.5353159851301115 0.4484375 0.5353159851301115 0.45 0.5390334572490706 0.45625 0.5390334572490706 0.4609375 0.5315985130111525 0.4640625 0.5315985130111525 0.4703125 0.48698884758364314 0.471875 0.43866171003717475 0.4734375 0.4349442379182156 0.4734375 0.3828996282527881 0.465625 0.35315985130111527 0.45 0.31970260223048325 0.4453125 0.31970260223048325 0.4390625 0.3308550185873606 0.4375 0.3382899628252788 0.4265625 0.3420074349442379 0.425 0.34572490706319703 0.4125 0.34572490706319703 0.4078125 0.3420074349442379 0.4046875 0.3308550185873606 0.396875 0.3271375464684015 0.3921875 0.31970260223048325 0.378125 0.31970260223048325 0.3765625 0.31226765799256506 0.375 0.31970260223048325 0.371875 0.31970260223048325 0.3703125 0.31226765799256506 0.371875 0.3048327137546468 0.3765625 0.30111524163568776 0.3796875 0.2899628252788104 0.3828125 0.2899628252788104 0.3796875 0.27137546468401486 0.3765625 0.26765799256505574 0.346875 0.26394052044609667 0.3453125 0.25650557620817843 0.3328125 0.2527881040892193 0.33125 0.24907063197026022 0.31875 0.24907063197026022 0.3171875 0.24535315985130113 0.30625 0.24907063197026022 0.3015625 0.2342007434944238 0.3015625 0.21933085501858737 0.30625 0.20446096654275092 0.3078125 0.20446096654275092 0.3078125 0.1970260223048327 0.3109375 0.1895910780669145 0.309375 0.1821561338289963 0.30625 0.1821561338289963 0.30625 0.18587360594795538 0.2984375 0.20074349442379183 0.2875 0.1970260223048327
5 0.4703125 0.6468401486988847 0.4734375 0.654275092936803 0.4890625 0.6431226765799256 0.4953125 0.6431226765799256 0.4953125 0.620817843866171 0.48125 0.6282527881040892 0.48125 0.6319702602230484 0.4703125 0.6394052044609665 0.4703125 0.6468401486988847
5 0.3265625 0.9219330855018587 0.325 0.9256505576208178 0.325 0.9330855018587361 0.321875 0.9368029739776952 0.3109375 0.9888475836431226 0.3109375 0.9962825278810409 0.3296875 0.9962825278810409 0.3359375 0.9702602230483272 0.3359375 0.9628252788104089 0.3390625 0.9591078066914498 0.3421875 0.9442379182156134 0.3390625 0.9330855018587361 0.334375 0.929368029739777 0.334375 0.9256505576208178 0.3328125 0.9256505576208178 0.33125 0.9219330855018587 0.3265625 0.9219330855018587
5 0.6796875 0 0.6796875 0.0037174721189591076 0.6796875 0.01486988847583643 0.6828125 0.02973977695167286 0.6828125 0.04460966542750929 0.6875 0.06319702602230483 0.6921875 0.11152416356877323 0.6953125 0.11524163568773234 0.7 0.1412639405204461 0.7 0.15613382899628253 0.703125 0.16356877323420074 0.7046875 0.15985130111524162 0.7125 0.15985130111524162 0.7171875 0.15613382899628253 0.7171875 0.1449814126394052 0.7125 0.11895910780669144 0.7078125 0.06691449814126393 0.7046875 0.06319702602230483 0.7 0.022304832713754646 0.6953125 0 0.6796875 0
5 0.478125 0.5799256505576208 0.4921875 0.5427509293680297 0.49375 0.5427509293680297 0.4953125 0.5353159851301115 0.4953125 0.5018587360594795 0.4890625 0.5130111524163569 0.4890625 0.5204460966542751 0.484375 0.5315985130111525 0.471875 0.5539033457249071 0.4671875 0.5687732342007435 0.4640625 0.5687732342007435 0.4640625 0.5724907063197026 0.465625 0.5836431226765799 0.478125 0.5799256505576208
5 0.475 0.49070631970260226 0.471875 0.5018587360594795 0.4671875 0.5315985130111525 0.459375 0.5464684014869888 0.459375 0.5613382899628253 0.4609375 0.5650557620817844 0.4671875 0.5650557620817844 0.4765625 0.5390334572490706 0.48125 0.5315985130111525 0.4875 0.5092936802973977 0.4921875 0.5018587360594795 0.4953125 0.5018587360594795 0.4953125 0.44609665427509293 0.4796875 0.4795539033457249 0.4796875 0.483271375464684 0.475 0.49070631970260226
5 0.4765625 0.6171003717472119 0.4796875 0.6171003717472119 0.490625 0.5947955390334573 0.49375 0.5947955390334573 0.4953125 0.587360594795539 0.4953125 0.5539033457249071 0.49375 0.5613382899628253 0.490625 0.5613382899628253 0.478125 0.587360594795539 0.475 0.587360594795539 0.4703125 0.6022304832713755 0.465625 0.6096654275092936 0.4671875 0.6245353159851301 0.46875 0.6245353159851301 0.4734375 0.6245353159851301 0.4765625 0.6171003717472119
5 0.4875 0.10408921933085502 0.484375 0.10780669144981413 0.4859375 0.12267657992565056 0.484375 0.13011152416356878 0.4765625 0.1412639405204461 0.4765625 0.14869888475836432 0.4734375 0.15985130111524162 0.471875 0.1895910780669145 0.4671875 0.21189591078066913 0.4671875 0.22676579925650558 0.4640625 0.2342007434944238 0.4640625 0.241635687732342 0.4609375 0.24535315985130113 0.459375 0.26765799256505574 0.453125 0.30111524163568776 0.453125 0.3159851301115242 0.4609375 0.3382899628252788 0.465625 0.3420074349442379 0.4671875 0.3382899628252788 0.4671875 0.32342007434944237 0.471875 0.30855018587360594 0.4734375 0.2899628252788104 0.478125 0.2825278810408922 0.4796875 0.26765799256505574 0.4828125 0.26022304832713755 0.4828125 0.241635687732342 0.4890625 0.22676579925650558 0.4890625 0.21933085501858737 0.4953125 0.20817843866171004 0.49375 0.20446096654275092 0.4953125 0.20074349442379183 0.49375 0.1895910780669145 0.4953125 0.18587360594795538 0.4953125 0.16728624535315986 0.49375 0.16356877323420074 0.4953125 0.15985130111524162 0.49375 0.1524163568773234 0.4953125 0.14869888475836432 0.4953125 0.09665427509293681 0.49375 0.09293680297397769 0.4875 0.09293680297397769 0.4875 0.09665427509293681 0.4859375 0.10037174721189591 0.4875 0.10408921933085502
5 0.4765625 0.7063197026022305 0.4859375 0.7100371747211895 0.4890625 0.7063197026022305 0.490625 0.6988847583643123 0.4953125 0.6951672862453532 0.4953125 0.6617100371747212 0.4875 0.6654275092936803 0.4875 0.6691449814126395 0.4765625 0.6840148698884758 0.4765625 0.7063197026022305
2 0.9484375 0 0.9484375 0.0037174721189591076 0.946875 0.007434944237918215 0.9328125 0.007434944237918215 0.9234375 0.022304832713754646 0.9140625 0.01858736059479554 0.9046875 0.026022304832713755 0.9015625 0.03345724907063197 0.9 0.04460966542750929 0.8890625 0.06691449814126393 0.8890625 0.07806691449814127 0.884375 0.10408921933085502 0.8828125 0.13382899628252787 0.8796875 0.1449814126394052 0.8796875 0.15613382899628253 0.8765625 0.15985130111524162 0.8765625 0.17472118959107807 0.875 0.17843866171003717 0.8765625 0.1821561338289963 0.8765625 0.19330855018587362 0.8796875 0.1970260223048327 0.88125 0.23048327137546468 0.8890625 0.26022304832713755 0.9140625 0.2825278810408922 0.9203125 0.2936802973977695 0.9203125 0.29739776951672864 0.9234375 0.29739776951672864 0.93125 0.3159851301115242 0.95625 0.3048327137546468 0.9609375 0.29739776951672864 0.9640625 0.29739776951672864 0.965625 0.2899628252788104 0.96875 0.2862453531598513 0.9734375 0.2862453531598513 0.9796875 0.275092936802974 0.98125 0.24535315985130113 0.984375 0.2342007434944238 0.9875 0.23048327137546468 0.9859375 0.20446096654275092 0.99375 0.17472118959107807 0.9921875 0.13382899628252787 0.9953125 0.12267657992565056 0.99375 0.07806691449814127 0.9953125 0.07434944237918216 0.9953125 0.04460966542750929 0.9921875 0.01858736059479554 0.99375 0.011152416356877323 0.9921875 0.007434944237918215 0.9875 0.007434944237918215 0.9859375 0 0.9484375 0
2 0.51875 0.007434944237918215 0.5046875 0.01858736059479554 0.5046875 0.05947955390334572 0.509375 0.05947955390334572 0.5140625 0.06691449814126393 0.5265625 0.06691449814126393 0.534375 0.04460966542750929 0.5328125 0.01858736059479554 0.5296875 0.011152416356877323 0.528125 0.011152416356877323 0.5265625 0.007434944237918215 0.51875 0.007434944237918215
2 0.5046875 0.1970260223048327 0.5046875 0.22676579925650558 0.509375 0.2342007434944238 0.521875 0.20817843866171004 0.5265625 0.20817843866171004 0.5453125 0.1895910780669145 0.5546875 0.18587360594795538 0.55625 0.17843866171003717 0.559375 0.17472118959107807 0.559375 0.16728624535315986 0.5515625 0.15613382899628253 0.5375 0.15613382899628253 0.51875 0.17472118959107807 0.51875 0.17843866171003717 0.515625 0.1895910780669145 0.5046875 0.1970260223048327
2 0.0578125 0.5687732342007435 0.040625 0.5687732342007435 0.0390625 0.5724907063197026 0.028125 0.5724907063197026 0.021875 0.5799256505576208 0.0140625 0.5799256505576208 0.00625 0.587360594795539 0.00625 0.5947955390334573 0.009375 0.5985130111524164 0.0625 0.5985130111524164 0.071875 0.6059479553903345 0.078125 0.6059479553903345 0.0796875 0.6096654275092936 0.0953125 0.6133828996282528 0.09375 0.6059479553903345 0.090625 0.6022304832713755 0.0875 0.587360594795539 0.071875 0.5762081784386617 0.0703125 0.5762081784386617 0.059375 0.5724907063197026 0.0578125 0.5687732342007435
2 0.0640625 0.36059479553903345 0.065625 0.3680297397769517 0.0671875 0.4163568773234201 0.0734375 0.4349442379182156 0.0765625 0.45353159851301117 0.08125 0.46096654275092935 0.084375 0.4721189591078067 0.0859375 0.48698884758364314 0.0890625 0.49070631970260226 0.090625 0.48698884758364314 0.0953125 0.48698884758364314 0.0984375 0.4758364312267658 0.10625 0.46096654275092935 0.109375 0.46096654275092935 0.11875 0.44609665427509293 0.1203125 0.43866171003717475 0.1234375 0.43866171003717475 0.125 0.4275092936802974 0.115625 0.41263940520446096 0.1125 0.40148698884758366 0.1078125 0.3940520446096654 0.103125 0.3903345724907063 0.0953125 0.3754646840148699 0.0921875 0.3754646840148699 0.090625 0.3680297397769517 0.078125 0.34572490706319703 0.059375 0.3420074349442379 0.059375 0.34572490706319703 0.0609375 0.35687732342007433 0.0640625 0.36059479553903345
2 0.921875 0.516728624535316 0.921875 0.5204460966542751 0.925 0.5241635687732342 0.925 0.5353159851301115 0.921875 0.5390334572490706 0.921875 0.5427509293680297 0.9265625 0.550185873605948 0.928125 0.5650557620817844 0.925 0.5836431226765799 0.921875 0.587360594795539 0.925 0.5910780669144982 0.925 0.6096654275092936 0.9265625 0.6133828996282528 0.925 0.6245353159851301 0.9265625 0.6319702602230484 0.925 0.6394052044609665 0.934375 0.6877323420074349 0.9375 0.724907063197026 0.940625 0.7286245353159851 0.940625 0.7323420074349443 0.94375 0.7323420074349443 0.9484375 0.7472118959107806 0.9515625 0.7509293680297398 0.98125 0.7620817843866171 0.9828125 0.7657992565055762 0.9984375 0.7657992565055762 0.9984375 0.7137546468401487 0.99375 0.7063197026022305 0.99375 0.7026022304832714 0.9796875 0.6914498141263941 0.9734375 0.6802973977695167 0.959375 0.6728624535315985 0.9578125 0.6654275092936803 0.95 0.654275092936803 0.9484375 0.6245353159851301 0.9453125 0.6096654275092936 0.9453125 0.5613382899628253 0.9421875 0.5353159851301115 0.9390625 0.5241635687732342 0.9359375 0.5204460966542751 0.9359375 0.5130111524163569 0.9328125 0.5055762081784386 0.925 0.5018587360594795 0.925 0.5055762081784386 0.925 0.5130111524163569 0.921875 0.516728624535316
2 0.0875 0.3382899628252788 0.0875 0.34944237918215615 0.0921875 0.3643122676579926 0.0953125 0.3643122676579926 0.103125 0.38661710037174724 0.115625 0.40148698884758366 0.1203125 0.4163568773234201 0.1234375 0.4163568773234201 0.1265625 0.42379182156133827 0.1265625 0.4312267657992565 0.1421875 0.4200743494423792 0.1421875 0.41263940520446096 0.1390625 0.40148698884758366 0.1234375 0.37174721189591076 0.1234375 0.3680297397769517 0.1078125 0.3420074349442379 0.1046875 0.3420074349442379 0.1015625 0.3345724907063197 0.1015625 0.3271375464684015 0.0875 0.29739776951672864 0.0859375 0.30111524163568776 0.0859375 0.3345724907063197 0.0875 0.3382899628252788
2 0 0.3754646840148699 0.003125 0.3754646840148699 0.003125 0.3680297397769517 0.0109375 0.34572490706319703 0.0125 0.3345724907063197 0.0125 0.3048327137546468 0.015625 0.30111524163568776 0.015625 0.2825278810408922 0.0125 0.2788104089219331 0.0125 0.26394052044609667 0.009375 0.26022304832713755 0.009375 0.2527881040892193 0.00625 0.241635687732342 0.003125 0.241635687732342 0.0015625 0.2379182156133829 0.003125 0.2342007434944238 0 0.23048327137546468 0 0.2342007434944238 0 0.3754646840148699
2 0.821875 0 0.821875 0.0037174721189591076 0.8171875 0.03345724907063197 0.8171875 0.05204460966542751 0.8140625 0.055762081784386616 0.8140625 0.07434944237918216 0.8109375 0.08921933085501858 0.8140625 0.14869888475836432 0.8171875 0.1524163568773234 0.8171875 0.15985130111524162 0.8203125 0.17100371747211895 0.828125 0.17843866171003717 0.8359375 0.17843866171003717 0.8375 0.18587360594795538 0.840625 0.18587360594795538 0.853125 0.20074349442379183 0.859375 0.21189591078066913 0.8625 0.21189591078066913 0.865625 0.20446096654275092 0.875 0.1412639405204461 0.878125 0.137546468401487 0.8796875 0.10037174721189591 0.8890625 0.06319702602230483 0.8890625 0.055762081784386616 0.89375 0.048327137546468404 0.9046875 0.011152416356877323 0.9046875 0 0.8921875 0 0.890625 0.007434944237918215 0.8734375 0.007434944237918215 0.871875 0 0.821875 0
2 0.534375 0.8104089219330854 0.525 0.8104089219330854 0.5234375 0.8066914498141264 0.50625 0.8066914498141264 0.5046875 0.8104089219330854 0.5046875 0.9070631970260223 0.50625 0.9107806691449815 0.5046875 0.9144981412639405 0.5046875 0.9739776951672863 0.509375 0.9814126394052045 0.5125 0.9776951672862454 0.5203125 0.9776951672862454 0.5171875 0.9739776951672863 0.51875 0.9702602230483272 0.53125 0.9702602230483272 0.534375 0.9591078066914498 0.5375 0.9553903345724907 0.5546875 0.9516728624535316 0.5609375 0.9628252788104089 0.5609375 0.966542750929368 0.565625 0.966542750929368 0.575 0.9925650557620818 0.6015625 0.9888475836431226 0.603125 0.9925650557620818 0.6265625 0.9925650557620818 0.6265625 0.9702602230483272 0.6171875 0.9330855018587361 0.6171875 0.9256505576208178 0.609375 0.9144981412639405 0.6015625 0.8884758364312267 0.5890625 0.862453531598513 0.584375 0.8587360594795539 0.58125 0.8475836431226765 0.5703125 0.828996282527881 0.5609375 0.8215613382899628 0.559375 0.8141263940520446 0.5578125 0.8141263940520446 0.5359375 0.8141263940520446 0.534375 0.8104089219330854
2 0.090625 0 0.090625 0.0037174721189591076 0.0890625 0.007434944237918215 0.065625 0.007434944237918215 0.0640625 0.011152416356877323 0.0515625 0.01486988847583643 0.0421875 0.026022304832713755 0.0296875 0.022304832713754646 0.028125 0.026022304832713755 0.009375 0.026022304832713755 0.0109375 0.02973977695167286 0.0171875 0.02973977695167286 0.01875 0.03345724907063197 0.01875 0.04460966542750929 0.0140625 0.048327137546468404 0.0125 0.040892193308550186 0.009375 0.040892193308550186 0.0078125 0.048327137546468404 0.0046875 0.048327137546468404 0.0078125 0.055762081784386616 0.00625 0.05947955390334572 0 0.06319702602230483 0 0.13382899628252787 0.0125 0.13011152416356878 0.028125 0.11524163568773234 0.0375 0.11152416356877323 0.0390625 0.10408921933085502 0.0421875 0.10408921933085502 0.0453125 0.09665427509293681 0.08125 0.08921933085501858 0.0953125 0.07806691449814127 0.1 0.08178438661710037 0.1515625 0.08550185873605948 0.153125 0.08921933085501858 0.171875 0.09293680297397769 0.18125 0.10037174721189591 0.1953125 0.10408921933085502 0.196875 0.11152416356877323 0.203125 0.11152416356877323 0.221875 0.13011152416356878 0.234375 0.13011152416356878 0.2390625 0.12267657992565056 0.2421875 0.11524163568773234 0.2421875 0.09665427509293681 0.2203125 0.048327137546468404 0.2171875 0.04460966542750929 0.2125 0.048327137546468404 0.2109375 0.040892193308550186 0.2078125 0.040892193308550186 0.2015625 0.01858736059479554 0.196875 0.01858736059479554 0.1953125 0.022304832713754646 0.19375 0.01858736059479554 0.1890625 0.01858736059479554 0.1875 0.007434944237918215 0.184375 0.007434944237918215 0.1828125 0 0.090625 0
2 0.415625 0.21561338289962825 0.4125 0.21561338289962825 0.4046875 0.241635687732342 0.4 0.24907063197026022 0.3984375 0.27137546468401486 0.4 0.2788104089219331 0.396875 0.2936802973977695 0.3984375 0.30111524163568776 0.3984375 0.31970260223048325 0.40625 0.3271375464684015 0.4078125 0.3345724907063197 0.4109375 0.3382899628252788 0.421875 0.3420074349442379 0.428125 0.3345724907063197 0.434375 0.3345724907063197 0.4359375 0.3271375464684015 0.4390625 0.3271375464684015 0.446875 0.31226765799256506 0.4515625 0.30111524163568776 0.45625 0.26765799256505574 0.45625 0.24907063197026022 0.4546875 0.241635687732342 0.45 0.23048327137546468 0.446875 0.21189591078066913 0.440625 0.20074349442379183 0.4390625 0.20074349442379183 0.428125 0.20074349442379183 0.415625 0.21561338289962825
2 0.55 0 0.55 0.0037174721189591076 0.540625 0.01486988847583643 0.5359375 0.01486988847583643 0.534375 0.02973977695167286 0.5359375 0.03345724907063197 0.5359375 0.048327137546468404 0.528125 0.06691449814126393 0.525 0.07063197026022305 0.5125 0.07063197026022305 0.5109375 0.07806691449814127 0.509375 0.07806691449814127 0.515625 0.13011152416356878 0.51875 0.13011152416356878 0.5265625 0.11895910780669144 0.5359375 0.11895910780669144 0.5484375 0.13011152416356878 0.5625 0.13011152416356878 0.5640625 0.13382899628252787 0.571875 0.13382899628252787 0.578125 0.1412639405204461 0.5921875 0.1412639405204461 0.59375 0.14869888475836432 0.615625 0.14869888475836432 0.6171875 0.1412639405204461 0.6203125 0.1412639405204461 0.625 0.13382899628252787 0.6484375 0.13382899628252787 0.65 0.137546468401487 0.68125 0.1412639405204461 0.6828125 0.14869888475836432 0.6875 0.1524163568773234 0.696875 0.1524163568773234 0.6984375 0.1449814126394052 0.6953125 0.13382899628252787 0.69375 0.11524163568773234 0.690625 0.11152416356877323 0.6859375 0.06319702602230483 0.6828125 0.055762081784386616 0.68125 0.03345724907063197 0.678125 0.011152416356877323 0.675 0.007434944237918215 0.675 0 0.659375 0 0.6578125 0.007434944237918215 0.6484375 0.007434944237918215 0.646875 0 0.6078125 0 0.60625 0.007434944237918215 0.5890625 0.007434944237918215 0.5875 0 0.55 0
2 0.05 0.4200743494423792 0.0453125 0.4200743494423792 0.04375 0.4275092936802974 0.0390625 0.4312267657992565 0.028125 0.4349442379182156 0.028125 0.44609665427509293 0.04375 0.4646840148698885 0.053125 0.49070631970260226 0.0640625 0.4944237918215613 0.071875 0.5092936802973977 0.075 0.5092936802973977 0.0828125 0.5018587360594795 0.0859375 0.4944237918215613 0.0859375 0.48698884758364314 0.0828125 0.4684014869888476 0.075 0.45353159851301117 0.06875 0.42379182156133827 0.0640625 0.4163568773234201 0.0625 0.4163568773234201 0.0515625 0.4163568773234201 0.05 0.4200743494423792
2 0.2484375 0.11152416356877323 0.2359375 0.137546468401487 0.228125 0.1449814126394052 0.2234375 0.17472118959107807 0.2234375 0.20446096654275092 0.2265625 0.22304832713754646 0.2296875 0.23048327137546468 0.2359375 0.22676579925650558 0.240625 0.21189591078066913 0.24375 0.20817843866171004 0.2515625 0.20817843866171004 0.25625 0.23048327137546468 0.2546875 0.24535315985130113 0.259375 0.2527881040892193 0.2859375 0.24907063197026022 0.290625 0.241635687732342 0.290625 0.2342007434944238 0.284375 0.20817843866171004 0.284375 0.19330855018587362 0.2859375 0.1895910780669145 0.290625 0.1895910780669145 0.2953125 0.19330855018587362 0.3015625 0.18587360594795538 0.3046875 0.17472118959107807 0.3125 0.17472118959107807 0.3140625 0.17843866171003717 0.3140625 0.1970260223048327 0.3109375 0.20446096654275092 0.3109375 0.21561338289962825 0.315625 0.21561338289962825 0.3171875 0.22304832713754646 0.33125 0.241635687732342 0.3421875 0.24535315985130113 0.34375 0.24907063197026022 0.3515625 0.24907063197026022 0.353125 0.2527881040892193 0.3828125 0.2527881040892193 0.3890625 0.24535315985130113 0.39375 0.24535315985130113 0.39375 0.2379182156133829 0.3984375 0.22676579925650558 0.3984375 0.21933085501858737 0.4015625 0.21561338289962825 0.4015625 0.20446096654275092 0.3984375 0.20074349442379183 0.3953125 0.17100371747211895 0.3859375 0.137546468401487 0.3765625 0.11895910780669144 0.371875 0.11524163568773234 0.3703125 0.10780669144981413 0.3625 0.10037174721189591 0.3546875 0.08550185873605948 0.3515625 0.08550185873605948 0.34375 0.06319702602230483 0.3390625 0.055762081784386616 0.3359375 0.055762081784386616 0.325 0.040892193308550186 0.3203125 0.040892193308550186 0.31875 0.03345724907063197 0.3140625 0.02973977695167286 0.284375 0.02973977695167286 0.2828125 0.03345724907063197 0.2765625 0.03345724907063197 0.2765625 0.03717472118959108 0.2609375 0.05204460966542751 0.2484375 0.11152416356877323
2 0.4765625 0.7620817843866171 0.4765625 0.7843866171003717 0.4734375 0.7992565055762082 0.4734375 0.8104089219330854 0.46875 0.8401486988847584 0.465625 0.8475836431226765 0.465625 0.8550185873605948 0.459375 0.8661710037174721 0.446875 0.9033457249070632 0.4421875 0.9070631970260223 0.434375 0.9256505576208178 0.434375 0.9330855018587361 0.428125 0.9442379182156134 0.425 0.966542750929368 0.4171875 0.9925650557620818 0.41875 0.9962825278810409 0.4328125 0.9925650557620818 0.434375 0.9962825278810409 0.4640625 0.9962825278810409 0.465625 0.9925650557620818 0.4859375 0.9925650557620818 0.4953125 0.9851301115241635 0.4953125 0.9070631970260223 0.49375 0.9033457249070632 0.4953125 0.8996282527881041 0.4953125 0.8587360594795539 0.49375 0.8513011152416357 0.4953125 0.8475836431226765 0.4953125 0.724907063197026 0.49375 0.7137546468401487 0.4890625 0.7137546468401487 0.484375 0.7211895910780669 0.48125 0.7211895910780669 0.48125 0.724907063197026 0.4796875 0.758364312267658 0.4765625 0.7620817843866171
2 0.7671875 0.02973977695167286 0.759375 0.02973977695167286 0.75625 0.04460966542750929 0.753125 0.048327137546468404 0.753125 0.055762081784386616 0.75625 0.05947955390334572 0.75625 0.07434944237918216 0.759375 0.08921933085501858 0.765625 0.10780669144981413 0.7671875 0.11895910780669144 0.771875 0.12639405204460966 0.775 0.14869888475836432 0.7828125 0.16356877323420074 0.7890625 0.16356877323420074 0.7984375 0.1524163568773234 0.8015625 0.1524163568773234 0.8046875 0.137546468401487 0.8015625 0.12639405204460966 0.8015625 0.048327137546468404 0.7953125 0.03717472118959108 0.7953125 0.03345724907063197 0.790625 0.02973977695167286 0.7890625 0.02973977695167286 0.76875 0.03345724907063197 0.7671875 0.02973977695167286
2 0.54375 0.1412639405204461 0.540625 0.15613382899628253 0.5546875 0.15613382899628253 0.559375 0.17100371747211895 0.5546875 0.1821561338289963 0.5515625 0.1821561338289963 0.55 0.1895910780669145 0.5359375 0.20074349442379183 0.53125 0.20074349442379183 0.5265625 0.20817843866171004 0.521875 0.20817843866171004 0.5171875 0.21933085501858737 0.5171875 0.22676579925650558 0.528125 0.22676579925650558 0.5328125 0.22304832713754646 0.534375 0.21561338289962825 0.5375 0.21189591078066913 0.559375 0.20817843866171004 0.571875 0.1970260223048327 0.5953125 0.19330855018587362 0.603125 0.18587360594795538 0.6078125 0.16728624535315986 0.6078125 0.15985130111524162 0.6046875 0.15613382899628253 0.58125 0.1524163568773234 0.5796875 0.1449814126394052 0.575 0.1412639405204461 0.5578125 0.137546468401487 0.55625 0.13382899628252787 0.5546875 0.13382899628252787 0.55 0.13382899628252787 0.54375 0.1412639405204461
2 0.115625 0.16356877323420074 0.0921875 0.16356877323420074 0.0859375 0.17100371747211895 0.0828125 0.17843866171003717 0.0828125 0.18587360594795538 0.0796875 0.1970260223048327 0.0796875 0.20817843866171004 0.0765625 0.21189591078066913 0.075 0.21933085501858737 0.075 0.24535315985130113 0.084375 0.27137546468401486 0.0921875 0.3048327137546468 0.1046875 0.3308550185873606 0.10625 0.3382899628252788 0.1234375 0.3643122676579926 0.1265625 0.3754646840148699 0.1328125 0.3828996282527881 0.1375 0.3940520446096654 0.1515625 0.40148698884758366 0.1625 0.3903345724907063 0.1578125 0.3828996282527881 0.15625 0.3754646840148699 0.159375 0.35315985130111527 0.1515625 0.3420074349442379 0.15 0.3271375464684015 0.1515625 0.31970260223048325 0.1578125 0.31226765799256506 0.1703125 0.31226765799256506 0.175 0.30855018587360594 0.1734375 0.30111524163568776 0.175 0.29739776951672864 0.175 0.2862453531598513 0.178125 0.2788104089219331 0.1875 0.2788104089219331 0.1890625 0.2825278810408922 0.190625 0.2788104089219331 0.1859375 0.26765799256505574 0.18125 0.26394052044609667 0.178125 0.2527881040892193 0.16875 0.24535315985130113 0.165625 0.2342007434944238 0.1734375 0.22304832713754646 0.1890625 0.22304832713754646 0.19375 0.23048327137546468 0.20625 0.22676579925650558 0.2078125 0.22304832713754646 0.215625 0.22676579925650558 0.2171875 0.21561338289962825 0.1984375 0.1895910780669145 0.1921875 0.1895910780669145 0.190625 0.1821561338289963 0.1828125 0.1821561338289963 0.178125 0.17472118959107807 0.1671875 0.17472118959107807 0.1578125 0.16728624535315986 0.15 0.16728624535315986 0.1484375 0.16356877323420074 0.134375 0.16356877323420074 0.128125 0.17100371747211895 0.125 0.16728624535315986 0.1234375 0.16728624535315986 0.1171875 0.16728624535315986 0.115625 0.16356877323420074
2 0.940625 0.5018587360594795 0.9359375 0.5018587360594795 0.9453125 0.5390334572490706 0.94375 0.5427509293680297 0.946875 0.5576208178438662 0.9515625 0.5576208178438662 0.953125 0.550185873605948 0.9578125 0.550185873605948 0.9671875 0.5353159851301115 0.971875 0.5353159851301115 0.9796875 0.5241635687732342 0.9859375 0.5204460966542751 0.9859375 0.5092936802973977 0.9828125 0.5092936802973977 0.975 0.49814126394052044 0.9671875 0.49814126394052044 0.9609375 0.49070631970260226 0.959375 0.49070631970260226 0.9484375 0.49070631970260226 0.940625 0.5018587360594795