1 0 0 0 0.00196078431372549 0 0.047058823529411764 0.00625 0.052941176470588235 0.0046875 0.056862745098039215 0.0109375 0.06274509803921569 0.0109375 0.07254901960784314 0.00625 0.07450980392156863 0.003125 0.08431372549019608 0 0.08431372549019608 0 0.09019607843137255 0.003125 0.09019607843137255 0.00625 0.09607843137254903 0.0109375 0.09803921568627451 0.009375 0.10392156862745099 0.0109375 0.10588235294117647 0.00625 0.10784313725490197 0.0015625 0.1 0.0015625 0.09607843137254903 0 0.09607843137254903 0 0.21372549019607842 0.003125 0.21568627450980393 0.0046875 0.22549019607843138 0.0125 0.23333333333333334 0.0140625 0.23921568627450981 0.0171875 0.23921568627450981 0.0265625 0.25098039215686274 0.0265625 0.2549019607843137 0.0328125 0.2607843137254902 0.034375 0.2725490196078431 0.0375 0.27450980392156865 0.0375 0.28627450980392155 0.034375 0.28823529411764703 0.034375 0.29411764705882354 0.0296875 0.3 0.0125 0.3058823529411765 0.0109375 0.30980392156862746 0 0.31176470588235294 0 0.32745098039215687 0.0046875 0.33137254901960783 0.0046875 0.33725490196078434 0 0.3431372549019608 0.003125 0.3431372549019608 0.00625 0.34901960784313724 0 0.3509803921568627 0.003125 0.35490196078431374 0 0.3568627450980392 0 0.36470588235294116 0.0046875 0.3686274509803922 0.003125 0.37254901960784315 0.00625 0.3803921568627451 0.003125 0.3980392156862745 0 0.4 0.003125 0.40588235294117647 0 0.40980392156862744 0.003125 0.4117647058823529 0.0046875 0.4196078431372549 0 0.4215686274509804 0 0.4235294117647059 0.0046875 0.42549019607843136 0.003125 0.42745098039215684 0.0046875 0.43333333333333335 0.003125 0.44313725490196076 0.0046875 0.44509803921568625 0.0046875 0.46862745098039216 0.0109375 0.4745098039215686 0.0046875 0.4764705882352941 0.003125 0.49607843137254903 0 0.4980392156862745 0 0.5137254901960784 0.0046875 0.515686274509804 0.003125 0.5549019607843138 0.0046875 0.5588235294117647 0.003125 0.5627450980392157 0.0046875 0.5647058823529412 0.0046875 0.5784313725490197 0.003125 0.5862745098039216 0 0.5882352941176471 0 0.6490196078431373 0.0046875 0.6549019607843137 0.003125 0.6647058823529411 0.00625 0.6705882352941176 0.0109375 0.6705882352941176 0.01875 0.6803921568627451 0.021875 0.6803921568627451 0.0234375 0.6725490196078432 0.0296875 0.6725490196078432 0.03125 0.6764705882352942 0.025 0.6784313725490196 0.025 0.6862745098039216 0.028125 0.6882352941176471 0.0265625 0.696078431372549 0.021875 0.7019607843137254 0.01875 0.7019607843137254 0.01875 0.7058823529411765 0.0125 0.7137254901960784 0 0.7176470588235294 0 0.7627450980392156 0.003125 0.7627450980392156 0.0046875 0.7666666666666667 0 0.7725490196078432 0.003125 0.7725490196078432 0.0046875 0.7764705882352941 0.0046875 0.7725490196078432 0.009375 0.7705882352941177 0.0109375 0.7666666666666667 0.015625 0.7705882352941177 0.021875 0.7666666666666667 0.021875 0.7627450980392156 0.0265625 0.7549019607843137 0.0390625 0.7392156862745098 0.0390625 0.7333333333333333 0.04375 0.7313725490196078 0.046875 0.707843137254902 0.0515625 0.703921568627451 0.0546875 0.696078431372549 0.0578125 0.696078431372549 0.0625 0.6803921568627451 0.0671875 0.6764705882352942 0.06875 0.6705882352941176 0.0734375 0.6647058823529411 0.0796875 0.6627450980392157 0.0859375 0.6647058823529411 0.0921875 0.6823529411764706 0.0921875 0.7 0.0953125 0.7019607843137254 0.0953125 0.7607843137254902 0.096875 0.7666666666666667 0.0953125 0.7764705882352941 0.096875 0.7784313725490196 0.096875 0.788235294117647 0.1 0.792156862745098 0.1 0.803921568627451 0.103125 0.8058823529411765 0.103125 0.8117647058823529 0.10625 0.8176470588235294 0.10625 0.8294117647058824 0.1109375 0.8352941176470589 0.1109375 0.8431372549019608 0.1140625 0.8529411764705882 0.1171875 0.8549019607843137 0.1203125 0.8745098039215686 0.1234375 0.8764705882352941 0.125 0.8941176470588236 0.128125 0.9019607843137255 0.13125 0.903921568627451 0.1328125 0.9117647058823529 0.1375 0.9156862745098039 0.1390625 0.9235294117647059 0.14375 0.9196078431372549 0.14375 0.9098039215686274 0.1453125 0.907843137254902 0.14375 0.8705882352941177 0.1453125 0.8686274509803922 0.1453125 0.8313725490196079 0.146875 0.8254901960784313 0.1453125 0.8235294117647058 0.14375 0.7450980392156863 0.1453125 0.7431372549019608 0.1453125 0.7254901960784313 0.14375 0.7196078431372549 0.146875 0.7156862745098039 0.1546875 0.7137254901960784 0.1578125 0.7156862745098039 0.1625 0.7313725490196078 0.175 0.7450980392156863 0.175 0.7490196078431373 0.178125 0.7529411764705882 0.18125 0.7529411764705882 0.1828125 0.7568627450980392 0.190625 0.7607843137254902 0.190625 0.7666666666666667 0.196875 0.7745098039215687 0.1984375 0.7843137254901961 0.203125 0.7901960784313725 0.20625 0.8019607843137255 0.2234375 0.8196078431372549 0.228125 0.8294117647058824 0.2375 0.8372549019607843 0.2375 0.8411764705882353 0.2453125 0.8509803921568627 0.25 0.8627450980392157 0.253125 0.8627450980392157 0.25625 0.8686274509803922 0.2625 0.8705882352941177 0.2640625 0.8745098039215686 0.2796875 0.8803921568627451 0.2890625 0.8921568627450981 0.3046875 0.8980392156862745 0.30625 0.9019607843137255 0.31875 0.907843137254902 0.3203125 0.9117647058823529 0.3390625 0.9156862745098039 0.340625 0.9196078431372549 0.3546875 0.9235294117647059 0.3984375 0.9254901960784314 0.4 0.9294117647058824 0.4171875 0.9333333333333333 0.41875 0.9372549019607843 0.4546875 0.9372549019607843 0.45625 0.9333333333333333 0.475 0.9333333333333333 0.4765625 0.9313725490196079 0.4953125 0.9294117647058824 0.496875 0.9254901960784314 0.5078125 0.9254901960784314 0.521875 0.9215686274509803 0.5265625 0.9156862745098039 0.5375 0.9117647058823529 0.5390625 0.907843137254902 0.58125 0.9019607843137255 0.5828125 0.8980392156862745 0.5890625 0.8980392156862745 0.603125 0.8921568627450981 0.6046875 0.888235294117647 0.615625 0.884313725490196 0.6203125 0.8784313725490196 0.6359375 0.8764705882352941 0.640625 0.8745098039215686 0.6421875 0.8705882352941177 0.6578125 0.8666666666666667 0.659375 0.8627450980392157 0.675 0.8568627450980392 0.678125 0.8509803921568627 0.6859375 0.8470588235294118 0.6953125 0.8352941176470589 0.703125 0.8313725490196079 0.70625 0.8254901960784313 0.715625 0.8215686274509804 0.734375 0.796078431372549 0.7390625 0.7941176470588235 0.740625 0.788235294117647 0.74375 0.788235294117647 0.7484375 0.7803921568627451 0.7515625 0.7803921568627451 0.75625 0.7725490196078432 0.7671875 0.7666666666666667 0.784375 0.7431372549019608 0.7984375 0.7313725490196078 0.8 0.7274509803921568 0.8078125 0.7254901960784313 0.8140625 0.7176470588235294 0.8234375 0.711764705882353 0.8265625 0.7019607843137254 0.8328125 0.696078431372549 0.8328125 0.6901960784313725 0.8359375 0.6882352941176471 0.8375 0.6803921568627451 0.8453125 0.6764705882352942 0.85 0.6686274509803921 0.853125 0.6686274509803921 0.859375 0.6607843137254902 0.8625 0.6509803921568628 0.8625 0.6431372549019608 0.865625 0.6411764705882353 0.86875 0.6294117647058823 0.871875 0.6274509803921569 0.875 0.6176470588235294 0.878125 0.6137254901960785 0.88125 0.6137254901960785 0.890625 0.6 0.89375 0.6 0.9078125 0.5823529411764706 0.9109375 0.5725490196078431 0.9109375 0.5529411764705883 0.909375 0.5509803921568628 0.909375 0.5215686274509804 0.9078125 0.515686274509804 0.9046875 0.5137254901960784 0.9015625 0.4980392156862745 0.8984375 0.49607843137254903 0.89375 0.48627450980392156 0.890625 0.48627450980392156 0.884375 0.4803921568627451 0.8828125 0.4745098039215686 0.875 0.4647058823529412 0.8703125 0.4627450980392157 0.86875 0.4588235294117647 0.8484375 0.45294117647058824 0.84375 0.4470588235294118 0.834375 0.44509803921568625 0.8328125 0.4411764705882353 0.828125 0.4411764705882353 0.821875 0.43529411764705883 0.81875 0.43529411764705883 0.803125 0.4137254901960784 0.7984375 0.4137254901960784 0.7890625 0.40784313725490196 0.7859375 0.4019607843137255 0.78125 0.4 0.7765625 0.3941176470588235 0.759375 0.39019607843137255 0.7578125 0.3862745098039216 0.7234375 0.38235294117647056 0.7171875 0.3803921568627451 0.715625 0.3764705882352941 0.7078125 0.37254901960784315 0.7 0.37254901960784315 0.6984375 0.3686274509803922 0.690625 0.3686274509803922 0.6890625 0.36666666666666664 0.6609375 0.3686274509803922 0.659375 0.36666666666666664 0.640625 0.36666666666666664 0.6390625 0.36470588235294116 0.61875 0.3627450980392157 0.6125 0.35490196078431374 0.6078125 0.3392156862745098 0.603125 0.3352941176470588 0.6015625 0.3196078431372549 0.5984375 0.3176470588235294 0.5953125 0.3058823529411765 0.571875 0.27647058823529413 0.5640625 0.2725490196078431 0.5578125 0.2607843137254902 0.5484375 0.2529411764705882 0.54375 0.2411764705882353 0.540625 0.2411764705882353 0.5359375 0.23333333333333334 0.528125 0.22941176470588234 0.521875 0.2196078431372549 0.51875 0.2196078431372549 0.515625 0.21372549019607842 0.5125 0.21372549019607842 0.5078125 0.20588235294117646 0.4984375 0.2019607843137255 0.4875 0.18823529411764706 0.475 0.18235294117647058 0.4734375 0.1784313725490196 0.46875 0.17647058823529413 0.45 0.17450980392156862 0.4484375 0.17058823529411765 0.4578125 0.16666666666666666 0.465625 0.1568627450980392 0.46875 0.14313725490196078 0.471875 0.1411764705882353 0.4765625 0.11372549019607843 0.4796875 0.11176470588235295 0.4828125 0.09607843137254903 0.4859375 0.09411764705882353 0.4890625 0.08627450980392157 0.4890625 0.0803921568627451 0.49375 0.07647058823529412 0.496875 0.06666666666666667 0.4953125 0.052941176470588235 0.484375 0.052941176470588235 0.4796875 0.058823529411764705 0.4625 0.06274509803921569 0.4609375 0.06666666666666667 0.4453125 0.07058823529411765 0.44375 0.07450980392156863 0.4375 0.07450980392156863 0.43125 0.0784313725490196 0.4109375 0.0803921568627451 0.4078125 0.08627450980392157 0.4 0.08823529411764706 0.39375 0.09607843137254903 0.390625 0.09607843137254903 0.3875 0.10196078431372549 0.375 0.10784313725490197 0.3671875 0.11960784313725491 0.3640625 0.11960784313725491 0.3609375 0.12352941176470589 0.3609375 0.12745098039215685 0.3546875 0.13333333333333333 0.3546875 0.13725490196078433 0.35 0.1411764705882353 0.3453125 0.15490196078431373 0.3390625 0.1607843137254902 0.3375 0.16666666666666666 0.3328125 0.16862745098039217 0.3109375 0.19607843137254902 0.3078125 0.19215686274509805 0.3078125 0.1784313725490196 0.3046875 0.17647058823529413 0.3015625 0.15098039215686274 0.296875 0.1450980392156863 0.29375 0.12549019607843137 0.2890625 0.12156862745098039 0.2859375 0.10784313725490197 0.2796875 0.1 0.2796875 0.09215686274509804 0.2765625 0.09019607843137255 0.2765625 0.0784313725490196 0.2609375 0.06470588235294118 0.2578125 0.052941176470588235 0.253125 0.047058823529411764 0.253125 0.041176470588235294 0.2484375 0.03725490196078431 0.24375 0.025490196078431372 0.2375 0.023529411764705882 0.234375 0.025490196078431372 0.2328125 0.045098039215686274 0.2296875 0.049019607843137254 0.2265625 0.049019607843137254 0.2234375 0.043137254901960784 0.215625 0.041176470588235294 0.1953125 0.0392156862745098 0.1890625 0.041176470588235294 0.1875 0.045098039215686274 0.203125 0.06274509803921569 0.203125 0.06666666666666667 0.2078125 0.06862745098039216 0.209375 0.07450980392156863 0.2203125 0.08431372549019608 0.2203125 0.09215686274509804 0.225 0.09607843137254903 0.2234375 0.12745098039215685 0.2203125 0.12941176470588237 0.21875 0.13725490196078433 0.215625 0.1411764705882353 0.2125 0.1411764705882353 0.2 0.13137254901960785 0.196875 0.12549019607843137 0.184375 0.11960784313725491 0.1828125 0.11568627450980393 0.1765625 0.11568627450980393 0.1734375 0.11960784313725491 0.171875 0.11568627450980393 0.1640625 0.11372549019607843 0.1609375 0.10784313725490197 0.15 0.10784313725490197 0.146875 0.11764705882352941 0.140625 0.12352941176470589 0.140625 0.12745098039215685 0.1375 0.13137254901960785 0.1375 0.13725490196078433 0.1328125 0.1411764705882353 0.13125 0.14901960784313725 0.1265625 0.15294117647058825 0.1234375 0.16862745098039217 0.1203125 0.17058823529411765 0.1203125 0.1803921568627451 0.1171875 0.18627450980392157 0.1171875 0.19215686274509805 0.1140625 0.19411764705882353 0.1140625 0.23137254901960785 0.1171875 0.23333333333333334 0.1171875 0.2529411764705882 0.1203125 0.2647058823529412 0.1203125 0.27450980392156865 0.1234375 0.27647058823529413 0.1234375 0.2823529411764706 0.11875 0.28431372549019607 0.115625 0.2784313725490196 0.1109375 0.27647058823529413 0.103125 0.2607843137254902 0.0953125 0.2529411764705882 0.0953125 0.24901960784313726 0.0828125 0.23529411764705882 0.08125 0.22941176470588234 0.0765625 0.22549019607843138 0.0734375 0.21568627450980393 0.06875 0.21176470588235294 0.065625 0.2019607843137255 0.0625 0.2 0.0578125 0.18823529411764706 0.053125 0.1843137254901961 0.0515625 0.16862745098039217 0.0484375 0.16666666666666666 0.04375 0.14901960784313725 0.04375 0.13725490196078433 0.040625 0.13529411764705881 0.040625 0.12156862745098039 0.0375 0.11372549019607843 0.0375 0.10784313725490197 0.0359375 0.10196078431372549 0.0328125 0.1 0.0296875 0.0784313725490196 0.0265625 0.07647058823529412 0.0234375 0.052941176470588235 0.021875 0.047058823529411764 0.01875 0.045098039215686274 0.015625 0.025490196078431372 0.0125 0.023529411764705882 0.0109375 0.00784313725490196 0.009375 0.00392156862745098 0.0046875 0.00392156862745098 0.003125 0 0 0
1 0.4359375 0.19411764705882353 0.428125 0.19607843137254902 0.425 0.19215686274509805 0.4203125 0.19215686274509805 0.4125 0.19607843137254902 0.4046875 0.20588235294117646 0.3953125 0.20588235294117646 0.3921875 0.20980392156862746 0.390625 0.20588235294117646 0.3890625 0.20980392156862746 0.3828125 0.21176470588235294 0.3734375 0.22156862745098038 0.3625 0.2196078431372549 0.3546875 0.2235294117647059 0.3484375 0.23333333333333334 0.334375 0.23333333333333334 0.3296875 0.23921568627450981 0.3140625 0.2411764705882353 0.303125 0.2549019607843137 0.2984375 0.2549019607843137 0.2953125 0.26666666666666666 0.2921875 0.26862745098039215 0.290625 0.27450980392156865 0.2875 0.3 0.284375 0.30196078431372547 0.2828125 0.3156862745098039 0.2765625 0.3235294117647059 0.2734375 0.34509803921568627 0.2703125 0.34705882352941175 0.2734375 0.3509803921568627 0.2734375 0.35490196078431374 0.28125 0.3588235294117647 0.278125 0.3627450980392157 0.278125 0.36666666666666664 0.28125 0.3686274509803922 0.28125 0.37254901960784315 0.26875 0.38235294117647056 0.26875 0.38823529411764707 0.2625 0.3941176470588235 0.2609375 0.4 0.25625 0.4019607843137255 0.253125 0.40784313725490196 0.240625 0.4137254901960784 0.234375 0.4215686274509804 0.2328125 0.42745098039215684 0.2265625 0.4294117647058823 0.2265625 0.43529411764705883 0.2234375 0.4392156862745098 0.2234375 0.44313725490196076 0.21875 0.4470588235294118 0.2171875 0.4549019607843137 0.2140625 0.4568627450980392 0.209375 0.4823529411764706 0.20625 0.4843137254901961 0.20625 0.49019607843137253 0.203125 0.4980392156862745 0.203125 0.5176470588235295 0.20625 0.5352941176470588 0.209375 0.5372549019607843 0.2140625 0.5627450980392157 0.2171875 0.5647058823529412 0.21875 0.5705882352941176 0.2203125 0.6078431372549019 0.2234375 0.6098039215686275 0.2234375 0.6196078431372549 0.2203125 0.6215686274509804 0.2203125 0.6431372549019608 0.2234375 0.6450980392156863 0.2203125 0.6470588235294118 0.2203125 0.6509803921568628 0.2234375 0.6549019607843137 0.2203125 0.6588235294117647 0.2234375 0.6607843137254902 0.2234375 0.6647058823529411 0.2203125 0.6666666666666666 0.21875 0.6725490196078432 0.2171875 0.6882352941176471 0.2140625 0.6901960784313725 0.2140625 0.707843137254902 0.209375 0.7215686274509804 0.20625 0.7235294117647059 0.203125 0.7392156862745098 0.1984375 0.7431372549019608 0.1953125 0.7568627450980392 0.1921875 0.7588235294117647 0.1921875 0.7666666666666667 0.196875 0.7725490196078432 0.2 0.7862745098039216 0.203125 0.788235294117647 0.203125 0.7941176470588235 0.209375 0.8 0.209375 0.803921568627451 0.2140625 0.8117647058823529 0.2203125 0.8176470588235294 0.2234375 0.8176470588235294 0.2375 0.8352941176470589 0.2375 0.8392156862745098 0.2421875 0.8450980392156863 0.2421875 0.8490196078431372 0.2453125 0.8509803921568627 0.2484375 0.8607843137254902 0.253125 0.8627450980392157 0.25625 0.8686274509803922 0.2625 0.8705882352941177 0.2640625 0.8745098039215686 0.2796875 0.8803921568627451 0.28125 0.884313725490196 0.2859375 0.8862745098039215 0.2921875 0.8941176470588236 0.303125 0.8960784313725491 0.30625 0.9019607843137255 0.309375 0.9019607843137255 0.3125 0.9058823529411765 0.321875 0.907843137254902 0.3234375 0.9117647058823529 0.328125 0.9137254901960784 0.3390625 0.9156862745098039 0.340625 0.9196078431372549 0.3578125 0.9215686274509803 0.359375 0.9235294117647059 0.375 0.9235294117647059 0.3765625 0.9254901960784314 0.4015625 0.9254901960784314 0.40625 0.9313725490196079 0.41875 0.9333333333333333 0.4203125 0.9372549019607843 0.453125 0.9372549019607843 0.4546875 0.9333333333333333 0.4859375 0.9313725490196079 0.4875 0.9294117647058824 0.4953125 0.9294117647058824 0.496875 0.9254901960784314 0.525 0.9196078431372549 0.5265625 0.9156862745098039 0.5296875 0.9156862745098039 0.5328125 0.9117647058823529 0.5375 0.9117647058823529 0.5390625 0.907843137254902 0.5453125 0.9058823529411765 0.58125 0.9019607843137255 0.5828125 0.8980392156862745 0.59375 0.8960784313725491 0.6015625 0.8921568627450981 0.60625 0.8862745098039215 0.615625 0.884313725490196 0.6203125 0.8784313725490196 0.6390625 0.8745098039215686 0.640625 0.8705882352941177 0.6578125 0.8666666666666667 0.659375 0.8627450980392157 0.675 0.8568627450980392 0.678125 0.8509803921568627 0.6859375 0.8470588235294118 0.6953125 0.8352941176470589 0.703125 0.8313725490196079 0.70625 0.8254901960784313 0.715625 0.8215686274509804 0.728125 0.8019607843137255 0.73125 0.8019607843137255 0.740625 0.788235294117647 0.74375 0.788235294117647 0.7484375 0.7803921568627451 0.7515625 0.7803921568627451 0.75625 0.7725490196078432 0.759375 0.7725490196078432 0.7671875 0.7627450980392156 0.771875 0.7607843137254902 0.7734375 0.7549019607843137 0.7796875 0.7509803921568627 0.784375 0.7431372549019608 0.7984375 0.7313725490196078 0.8 0.7274509803921568 0.8078125 0.7254901960784313 0.8140625 0.7176470588235294 0.821875 0.7137254901960784 0.8296875 0.703921568627451 0.8328125 0.6901960784313725 0.8359375 0.6882352941176471 0.8359375 0.6823529411764706 0.840625 0.6764705882352942 0.84375 0.6764705882352942 0.84375 0.6725490196078432 0.8484375 0.6686274509803921 0.846875 0.6647058823529411 0.859375 0.6588235294117647 0.8625 0.6392156862745098 0.86875 0.6313725490196078 0.86875 0.6215686274509804 0.878125 0.6098039215686275 0.88125 0.6098039215686275 0.8890625 0.6 0.89375 0.5980392156862745 0.9078125 0.5803921568627451 0.9078125 0.5745098039215686 0.9109375 0.5686274509803921 0.909375 0.5647058823529412 0.9109375 0.5568627450980392 0.909375 0.5549019607843138 0.909375 0.5274509803921569 0.9078125 0.5196078431372549 0.9046875 0.5176470588235295 0.9015625 0.4980392156862745 0.8984375 0.49607843137254903 0.89375 0.48627450980392156 0.890625 0.48627450980392156 0.884375 0.4803921568627451 0.88125 0.4725490196078431 0.875 0.4647058823529412 0.8703125 0.4627450980392157 0.86875 0.4588235294117647 0.8484375 0.4549019607843137 0.8453125 0.44901960784313727 0.8421875 0.44901960784313727 0.8390625 0.44509803921568625 0.834375 0.44509803921568625 0.8328125 0.4411764705882353 0.8265625 0.4411764705882353 0.8203125 0.4372549019607843 0.815625 0.4294117647058823 0.8109375 0.42745098039215684 0.809375 0.4215686274509804 0.803125 0.4137254901960784 0.7984375 0.4137254901960784 0.7890625 0.40784313725490196 0.7859375 0.4019607843137255 0.7734375 0.39215686274509803 0.759375 0.39019607843137255 0.7578125 0.3862745098039216 0.7234375 0.38235294117647056 0.71875 0.3803921568627451 0.7171875 0.3764705882352941 0.703125 0.37254901960784315 0.7015625 0.3686274509803922 0.6921875 0.3686274509803922 0.690625 0.36666666666666664 0.659375 0.3686274509803922 0.6578125 0.36666666666666664 0.625 0.36470588235294116 0.6203125 0.36666666666666664 0.6109375 0.35490196078431374 0.609375 0.34705882352941175 0.6046875 0.3431372549019608 0.603125 0.33137254901960783 0.5984375 0.3254901960784314 0.5984375 0.3176470588235294 0.59375 0.3058823529411765 0.571875 0.2784313725490196 0.565625 0.2725490196078431 0.5625 0.2725490196078431 0.5546875 0.2607843137254902 0.546875 0.2549019607843137 0.5390625 0.2549019607843137 0.5359375 0.24901960784313726 0.528125 0.24705882352941178 0.525 0.2411764705882353 0.5171875 0.23529411764705882 0.5171875 0.22745098039215686 0.5109375 0.22745098039215686 0.509375 0.2235294117647059 0.5046875 0.2235294117647059 0.503125 0.22156862745098038 0.50625 0.21764705882352942 0.5125 0.21764705882352942 0.5125 0.21568627450980393 0.503125 0.21372549019607842 0.496875 0.21568627450980393 0.496875 0.2196078431372549 0.5015625 0.2196078431372549 0.5046875 0.22549019607843138 0.503125 0.22745098039215686 0.490625 0.22745098039215686 0.4859375 0.22156862745098038 0.475 0.2196078431372549 0.4734375 0.21568627450980393 0.46875 0.21568627450980393 0.4640625 0.21176470588235294 0.4625 0.20980392156862746 0.465625 0.20588235294117646 0.4609375 0.2019607843137255 0.45625 0.20588235294117646 0.459375 0.20980392156862746 0.4578125 0.21176470588235294 0.45 0.21176470588235294 0.4453125 0.1980392156862745 0.4453125 0.2 0.4390625 0.2019607843137255 0.4359375 0.19411764705882353
5 0.0625 0.22549019607843138 0.0671875 0.23137254901960785 0.0703125 0.25882352941176473 0.0734375 0.2607843137254902 0.078125 0.29215686274509806 0.08125 0.29411764705882354 0.084375 0.30980392156862746 0.0921875 0.3196078431372549 0.0984375 0.3215686274509804 0.1 0.32745098039215687 0.1078125 0.33137254901960783 0.1109375 0.33725490196078434 0.115625 0.3392156862745098 0.1203125 0.34705882352941175 0.1234375 0.34705882352941175 0.125 0.35294117647058826 0.1296875 0.35490196078431374 0.1328125 0.3607843137254902 0.1453125 0.36666666666666664 0.146875 0.37254901960784315 0.153125 0.37450980392156863 0.15625 0.38235294117647056 0.1609375 0.3843137254901961 0.1640625 0.39019607843137255 0.171875 0.3941176470588235 0.175 0.4 0.1890625 0.4019607843137255 0.190625 0.396078431372549 0.1953125 0.39215686274509803 0.1953125 0.3862745098039216 0.19375 0.3803921568627451 0.190625 0.3784313725490196 0.1859375 0.3686274509803922 0.1765625 0.3607843137254902 0.171875 0.3509803921568627 0.1484375 0.32941176470588235 0.146875 0.3235294117647059 0.1390625 0.3156862745098039 0.1359375 0.3058823529411765 0.1265625 0.2980392156862745 0.1234375 0.28823529411764703 0.1125 0.27647058823529413 0.1078125 0.2647058823529412 0.0953125 0.2529411764705882 0.09375 0.24313725490196078 0.0890625 0.23921568627450981 0.0859375 0.22941176470588234 0.075 0.21764705882352942 0.065625 0.2019607843137255 0.0625 0.2019607843137255 0.0625 0.20392156862745098 0.0640625 0.22156862745098038 0.0625 0.22549019607843138
5 0 0 0 0.00196078431372549 0 0.07254901960784314 0.003125 0.07450980392156863 0.003125 0.09019607843137255 0.009375 0.09803921568627451 0.009375 0.11764705882352941 0.0140625 0.13725490196078433 0.0140625 0.1450980392156863 0.0171875 0.14705882352941177 0.0171875 0.1568627450980392 0.0203125 0.16862745098039217 0.01875 0.17647058823529413 0.0203125 0.1784313725490196 0.0203125 0.19019607843137254 0.0234375 0.19215686274509805 0.025 0.21372549019607842 0.028125 0.2235294117647059 0.028125 0.23137254901960785 0.03125 0.23333333333333334 0.034375 0.26666666666666666 0.0375 0.26862745098039215 0.040625 0.2901960784313726 0.053125 0.30392156862745096 0.059375 0.30392156862745096 0.0609375 0.307843137254902 0.071875 0.307843137254902 0.0734375 0.2784313725490196 0.071875 0.27647058823529413 0.071875 0.26666666666666666 0.06875 0.2647058823529412 0.065625 0.2529411764705882 0.065625 0.2411764705882353 0.0625 0.23921568627450981 0.0609375 0.1980392156862745 0.0578125 0.19019607843137254 0.0578125 0.1843137254901961 0.0546875 0.18235294117647058 0.0515625 0.17254901960784313 0.0515625 0.16470588235294117 0.0484375 0.1627450980392157 0.04375 0.12352941176470589 0.040625 0.12156862745098039 0.0359375 0.09411764705882353 0.0328125 0.09215686274509804 0.0296875 0.06862745098039216 0.0265625 0.06666666666666667 0.021875 0.0392156862745098 0.01875 0.03725490196078431 0.015625 0.01568627450980392 0.0125 0.013725490196078431 0.0109375 0 0 0
5 0 0 0 0.00196078431372549 0 0.09215686274509804 0.00625 0.09803921568627451 0.00625 0.11764705882352941 0.0109375 0.12156862745098039 0.0140625 0.1450980392156863 0.0171875 0.14705882352941177 0.0171875 0.1568627450980392 0.0203125 0.16862745098039217 0.01875 0.17058823529411765 0.01875 0.1803921568627451 0.0203125 0.18235294117647058 0.0203125 0.19215686274509805 0.0125 0.19411764705882353 0.00625 0.19215686274509805 0.0046875 0.18627450980392157 0 0.18627450980392157 0 0.19607843137254902 0.003125 0.19607843137254902 0.0046875 0.2019607843137255 0 0.20588235294117646 0 0.21764705882352942 0.00625 0.2235294117647059 0.00625 0.22745098039215686 0.009375 0.22941176470588234 0.0109375 0.23529411764705882 0.0265625 0.2549019607843137 0.03125 0.2568627450980392 0.034375 0.2647058823529412 0.034375 0.27058823529411763 0.0375 0.2725490196078431 0.0375 0.2803921568627451 0.040625 0.2901960784313726 0.05 0.30196078431372547 0.0609375 0.30392156862745096 0.0625 0.307843137254902 0.071875 0.30980392156862746 0.0734375 0.307843137254902 0.0734375 0.29411764705882354 0.0765625 0.29215686274509806 0.078125 0.2980392156862745 0.08125 0.3 0.0828125 0.307843137254902 0.0875 0.31176470588235294 0.0875 0.3156862745098039 0.09375 0.3196078431372549 0.0984375 0.32745098039215687 0.1078125 0.33137254901960783 0.1203125 0.34705882352941175 0.1234375 0.34705882352941175 0.1265625 0.35490196078431374 0.1296875 0.35490196078431374 0.134375 0.3627450980392157 0.1375 0.3627450980392157 0.1421875 0.37058823529411766 0.1515625 0.37450980392156863 0.1625 0.39019607843137255 0.165625 0.39019607843137255 0.1703125 0.3980392156862745 0.1734375 0.3980392156862745 0.178125 0.40588235294117647 0.1828125 0.40784313725490196 0.1890625 0.40588235294117647 0.190625 0.4 0.19375 0.3980392156862745 0.1953125 0.3862745098039216 0.190625 0.3803921568627451 0.190625 0.3764705882352941 0.1859375 0.3686274509803922 0.178125 0.36470588235294116 0.16875 0.35294117647058826 0.16875 0.34901960784313724 0.165625 0.34509803921568627 0.1625 0.34509803921568627 0.1578125 0.33725490196078434 0.1546875 0.33725490196078434 0.146875 0.32745098039215687 0.146875 0.3235294117647059 0.1390625 0.3156862745098039 0.1359375 0.3058823529411765 0.1265625 0.2980392156862745 0.121875 0.2901960784313726 0.121875 0.28627450980392155 0.1109375 0.27450980392156865 0.109375 0.26862745098039215 0.1046875 0.2647058823529412 0.1046875 0.2607843137254902 0.096875 0.2529411764705882 0.0859375 0.22941176470588234 0.075 0.21764705882352942 0.0734375 0.21176470588235294 0.065625 0.2019607843137255 0.065625 0.1980392156862745 0.0609375 0.19411764705882353 0.0578125 0.1843137254901961 0.0546875 0.18235294117647058 0.0515625 0.16666666666666666 0.0484375 0.16470588235294117 0.04375 0.12549019607843137 0.040625 0.12352941176470589 0.0390625 0.11764705882352941 0.0359375 0.09411764705882353 0.0328125 0.09215686274509804 0.0328125 0.08627450980392157 0.0296875 0.0784313725490196 0.0296875 0.06862745098039216 0.0265625 0.06666666666666667 0.021875 0.041176470588235294 0.01875 0.0392156862745098 0.015625 0.01568627450980392 0.0125 0.013725490196078431 0.009375 0 0 0
2 0.259375 0.2411764705882353 0.25625 0.2411764705882353 0.253125 0.24705882352941178 0.25 0.24705882352941178 0.2421875 0.2568627450980392 0.2390625 0.27058823529411763 0.23125 0.2784313725490196 0.23125 0.2823529411764706 0.225 0.28823529411764703 0.225 0.29215686274509806 0.2140625 0.30392156862745096 0.209375 0.33137254901960783 0.2109375 0.3333333333333333 0.2109375 0.37254901960784315 0.2140625 0.3843137254901961 0.21875 0.39019607843137255 0.225 0.39019607843137255 0.2296875 0.38823529411764707 0.234375 0.38235294117647056 0.2375 0.38235294117647056 0.240625 0.37450980392156863 0.2453125 0.37254901960784315 0.246875 0.36666666666666664 0.2515625 0.36470588235294116 0.25625 0.3568627450980392 0.2609375 0.35490196078431374 0.2625 0.34705882352941175 0.265625 0.34509803921568627 0.26875 0.3352941176470588 0.26875 0.32941176470588235 0.271875 0.32745098039215687 0.2765625 0.3058823529411765 0.2796875 0.30392156862745096 0.2828125 0.27647058823529413 0.2859375 0.27450980392156865 0.2875 0.2549019607843137 0.290625 0.24313725490196078 0.2828125 0.23333333333333334 0.2734375 0.23333333333333334 0.271875 0.23137254901960785 0.2703125 0.23137254901960785 0.2640625 0.23333333333333334 0.259375 0.2411764705882353
2 0 0.7862745098039216 0.0109375 0.7843137254901961 0.0328125 0.7568627450980392 0.0328125 0.7529411764705882 0.04375 0.7392156862745098 0.046875 0.7294117647058823 0.0515625 0.7254901960784313 0.0546875 0.7137254901960784 0.0578125 0.711764705882353 0.059375 0.6843137254901961 0.0625 0.6784313725490196 0.0625 0.6725490196078432 0.0546875 0.6705882352941176 0.053125 0.6666666666666666 0.0484375 0.6666666666666666 0.0484375 0.6686274509803921 0.040625 0.6725490196078432 0.009375 0.7137254901960784 0 0.7176470588235294 0 0.7862745098039216
2 0.1390625 0.12549019607843137 0.1390625 0.12941176470588237 0.134375 0.13333333333333333 0.13125 0.14705882352941177 0.1265625 0.15098039215686274 0.1234375 0.1627450980392157 0.1203125 0.16470588235294117 0.1171875 0.1843137254901961 0.1140625 0.18627450980392157 0.1125 0.19411764705882353 0.1140625 0.24901960784313726 0.1171875 0.25098039215686274 0.1203125 0.27058823529411763 0.1234375 0.2725490196078431 0.1265625 0.2901960784313726 0.13125 0.29411764705882354 0.13125 0.2980392156862745 0.1421875 0.31176470588235294 0.1453125 0.31176470588235294 0.1734375 0.27647058823529413 0.1875 0.2725490196078431 0.1953125 0.2627450980392157 0.1984375 0.24901960784313726 0.2015625 0.24705882352941178 0.2046875 0.2235294117647059 0.209375 0.21764705882352942 0.209375 0.20392156862745098 0.2109375 0.2019607843137255 0.2125 0.15098039215686274 0.2078125 0.13725490196078433 0.1984375 0.12549019607843137 0.1890625 0.11960784313725491 0.1875 0.11568627450980393 0.18125 0.11372549019607843 0.1765625 0.11568627450980393 0.175 0.11960784313725491 0.1703125 0.11960784313725491 0.159375 0.10588235294117647 0.1578125 0.10588235294117647 0.15 0.10784313725490197 0.1390625 0.12549019607843137
2 0 0.22549019607843138 0.0078125 0.22941176470588234 0.0109375 0.23333333333333334 0.0109375 0.2372549019607843 0.0171875 0.24509803921568626 0.021875 0.24705882352941178 0.025 0.2529411764705882 0.0265625 0.24901960784313726 0.0265625 0.22941176470588234 0.0234375 0.21764705882352942 0.0234375 0.20392156862745098 0.021875 0.1980392156862745 0.01875 0.19607843137254902 0.01875 0.18627450980392157 0.015625 0.17647058823529413 0.015625 0.1568627450980392 0.0125 0.15490196078431373 0.0078125 0.09803921568627451 0 0.08823529411764706 0 0.09019607843137255 0 0.22549019607843138
2 0 0.7862745098039216 0.0015625 0.7862745098039216 0.003125 0.7843137254901961 0.0109375 0.7843137254901961 0.0125 0.7803921568627451 0.015625 0.7803921568627451 0.0171875 0.7745098039215687 0.04375 0.7411764705882353 0.04375 0.7372549019607844 0.0515625 0.7274509803921568 0.0546875 0.7176470588235294 0.0578125 0.7156862745098039 0.0625 0.6843137254901961 0.06875 0.6784313725490196 0.06875 0.6745098039215687 0.0765625 0.6647058823529411 0.090625 0.6607843137254902 0.090625 0.6568627450980392 0.0953125 0.6529411764705882 0.0984375 0.6372549019607843 0.1015625 0.6352941176470588 0.1015625 0.6215686274509804 0.103125 0.6196078431372549 0.1015625 0.6176470588235294 0.1 0.6176470588235294 0.0875 0.6215686274509804 0.059375 0.6607843137254902 0.0484375 0.6607843137254902 0.04375 0.6647058823529411 0.034375 0.6627450980392157 0.0328125 0.6647058823529411 0.034375 0.6764705882352942 0.0328125 0.6803921568627451 0.0203125 0.696078431372549 0.0171875 0.703921568627451 0.0046875 0.7156862745098039 0 0.7137254901960784 0 0.7862745098039216
2 0.2140625 0.14705882352941177 0.2109375 0.21176470588235294 0.209375 0.21372549019607842 0.209375 0.22549019607843138 0.20625 0.22745098039215686 0.2046875 0.23333333333333334 0.203125 0.2568627450980392 0.2125 0.2529411764705882 0.2171875 0.24705882352941178 0.21875 0.2411764705882353 0.2296875 0.23921568627450981 0.2328125 0.23137254901960785 0.2515625 0.22745098039215686 0.253125 0.22156862745098038 0.2578125 0.21764705882352942 0.2578125 0.20392156862745098 0.2546875 0.2019607843137255 0.253125 0.1784313725490196 0.2484375 0.17254901960784313 0.24375 0.15098039215686274 0.2390625 0.1450980392156863 0.2390625 0.13725490196078433 0.2359375 0.12941176470588237 0.2328125 0.12745098039215685 0.23125 0.12156862745098039 0.2265625 0.11960784313725491 0.2203125 0.12352941176470589 0.2203125 0.12549019607843137 0.2171875 0.1450980392156863 0.2140625 0.14705882352941177
2 0 0 0 0.00196078431372549 0 0.09019607843137255 0.003125 0.09215686274509804 0.003125 0.09607843137254903 0 0.1 0.0046875 0.10196078431372549 0.0046875 0.12941176470588237 0.009375 0.13137254901960785 0.0109375 0.13725490196078433 0.0109375 0.14901960784313725 0.009375 0.15490196078431373 0.00625 0.1568627450980392 0.009375 0.1588235294117647 0.0109375 0.15490196078431373 0.0171875 0.1607843137254902 0.01875 0.19607843137254902 0.025 0.20980392156862746 0.0265625 0.23137254901960785 0.025 0.23529411764705882 0.0265625 0.2411764705882353 0.03125 0.24313725490196078 0.034375 0.27058823529411763 0.0375 0.2725490196078431 0.040625 0.29215686274509806 0.05 0.30196078431372547 0.059375 0.30392156862745096 0.0609375 0.307843137254902 0.06875 0.307843137254902 0.0734375 0.30196078431372547 0.0734375 0.27450980392156865 0.071875 0.2647058823529412 0.06875 0.2627450980392157 0.065625 0.2411764705882353 0.0625 0.23921568627450981 0.0609375 0.22941176470588234 0.0625 0.21372549019607842 0.0609375 0.21176470588235294 0.0609375 0.19411764705882353 0.0578125 0.1843137254901961 0.0546875 0.18235294117647058 0.053125 0.16862745098039217 0.0484375 0.1627450980392157 0.04375 0.12156862745098039 0.040625 0.11960784313725491 0.0359375 0.09215686274509804 0.0328125 0.09019607843137255 0.0296875 0.06862745098039216 0.0265625 0.06666666666666667 0.0234375 0.043137254901960784 0.01875 0.03725490196078431 0.015625 0.01568627450980392 0.0125 0.013725490196078431 0.0109375 0 0 0
2 0.159375 0.5254901960784314 0.15625 0.5274509803921569 0.153125 0.5431372549019607 0.146875 0.5490196078431373 0.146875 0.5529411764705883 0.1421875 0.5568627450980392 0.1421875 0.5607843137254902 0.1390625 0.5647058823529412 0.1375 0.592156862745098 0.134375 0.5941176470588235 0.1375 0.5980392156862745 0.1375 0.6254901960784314 0.1390625 0.6274509803921569 0.1375 0.6313725490196078 0.1390625 0.6333333333333333 0.140625 0.6588235294117647 0.146875 0.6666666666666666 0.15 0.6862745098039216 0.1546875 0.692156862745098 0.15625 0.7058823529411765 0.159375 0.707843137254902 0.1609375 0.7235294117647059 0.16875 0.7392156862745098 0.175 0.7450980392156863 0.1765625 0.7509803921568627 0.1828125 0.7509803921568627 0.1890625 0.7431372549019608 0.190625 0.7352941176470589 0.19375 0.7333333333333333 0.1953125 0.7254901960784313 0.1984375 0.7215686274509804 0.1984375 0.7098039215686275 0.2015625 0.707843137254902 0.203125 0.692156862745098 0.2078125 0.6862745098039216 0.2109375 0.6686274509803921 0.2125 0.5901960784313726 0.2109375 0.5882352941176471 0.2078125 0.5529411764705883 0.2046875 0.5509803921568628 0.2015625 0.5352941176470588 0.1984375 0.5333333333333333 0.196875 0.5117647058823529 0.19375 0.5019607843137255 0.1890625 0.49607843137254903 0.1859375 0.4764705882352941 0.1828125 0.4745098039215686 0.1796875 0.4627450980392157 0.175 0.4568627450980392 0.1625 0.4588235294117647 0.1625 0.46078431372549017 0.159375 0.47058823529411764 0.159375 0.5254901960784314
2 0.078125 0.33725490196078434 0.0890625 0.34705882352941175 0.0875 0.3803921568627451 0.0796875 0.39019607843137255 0.0703125 0.396078431372549 0.0671875 0.4019607843137255 0.06875 0.4117647058823529 0.0671875 0.4196078431372549 0.0640625 0.4215686274509804 0.0640625 0.43333333333333335 0.059375 0.4411764705882353 0.059375 0.44509803921568625 0.05625 0.4470588235294118 0.05625 0.45294117647058824 0.05 0.4588235294117647 0.046875 0.46862745098039216 0.040625 0.4764705882352941 0.0390625 0.49607843137254903 0.034375 0.4980392156862745 0.0328125 0.503921568627451 0.0328125 0.5235294117647059 0.028125 0.5294117647058824 0.0265625 0.5352941176470588 0.028125 0.5372549019607843 0.0265625 0.5431372549019607 0.0265625 0.5862745098039216 0.028125 0.596078431372549 0.03125 0.5980392156862745 0.0328125 0.6235294117647059 0.0375 0.6294117647058823 0.040625 0.6411764705882353 0.0453125 0.6450980392156863 0.0453125 0.6490196078431373 0.0546875 0.6509803921568628 0.059375 0.6490196078431373 0.084375 0.615686274509804 0.0890625 0.6137254901960785 0.0921875 0.6078431372549019 0.0984375 0.6058823529411764 0.0984375 0.6019607843137255 0.103125 0.5980392156862745 0.103125 0.5941176470588235 0.125 0.5705882352941176 0.1265625 0.5647058823529412 0.1296875 0.5647058823529412 0.1328125 0.5568627450980392 0.1359375 0.5549019607843138 0.140625 0.5392156862745098 0.146875 0.5333333333333333 0.1484375 0.5274509803921569 0.1484375 0.4764705882352941 0.1515625 0.4745098039215686 0.1546875 0.4627450980392157 0.1578125 0.46078431372549017 0.1578125 0.4568627450980392 0.1609375 0.45294117647058824 0.165625 0.45098039215686275 0.1671875 0.4470588235294118 0.1796875 0.44313725490196076 0.1796875 0.4392156862745098 0.1828125 0.43529411764705883 0.1859375 0.43529411764705883 0.1890625 0.4294117647058823 0.1859375 0.42549019607843136 0.1859375 0.4137254901960784 0.175 0.4117647058823529 0.1703125 0.40784313725490196 0.1625 0.396078431372549 0.1546875 0.39215686274509803 0.1546875 0.3862745098039216 0.1375 0.3803921568627451 0.1328125 0.36666666666666664 0.125 0.3627450980392157 0.1171875 0.3509803921568627 0.10625 0.34509803921568627 0.103125 0.3392156862745098 0.1 0.3392156862745098 0.0984375 0.3333333333333333 0.090625 0.33137254901960783 0.08125 0.3235294117647059 0.08125 0.3254901960784314 0.078125 0.32745098039215687 0.078125 0.33725490196078434
2 0.2296875 0.2372549019607843 0.21875 0.2411764705882353 0.209375 0.2549019607843137 0.2 0.25882352941176473 0.1984375 0.2647058823529412 0.1953125 0.26862745098039215 0.1921875 0.26862745098039215 0.1890625 0.27450980392156865 0.175 0.2784313725490196 0.171875 0.28431372549019607 0.1640625 0.28823529411764703 0.1609375 0.2980392156862745 0.1484375 0.3137254901960784 0.15 0.3254901960784314 0.1578125 0.33137254901960783 0.1640625 0.3431372549019608 0.1734375 0.3509803921568627 0.1734375 0.35490196078431374 0.178125 0.3607843137254902 0.1859375 0.36470588235294116 0.1921875 0.37254901960784315 0.203125 0.37058823529411766 0.2046875 0.36666666666666664 0.2046875 0.3411764705882353 0.2015625 0.3215686274509804 0.2046875 0.3137254901960784 0.2109375 0.307843137254902 0.2109375 0.30392156862745096 0.2171875 0.2980392156862745 0.21875 0.28823529411764703 0.2234375 0.28627450980392155 0.2265625 0.2803921568627451 0.2296875 0.2803921568627451 0.2328125 0.26862745098039215 0.2359375 0.26666666666666666 0.2390625 0.2568627450980392 0.24375 0.2529411764705882 0.246875 0.24313725490196078 0.2515625 0.23921568627450981 0.2515625 0.23137254901960785 0.2453125 0.22745098039215686 0.24375 0.22941176470588234 0.2328125 0.23137254901960785 0.2296875 0.2372549019607843
2 0 0.38235294117647056 0.0078125 0.38235294117647056 0.009375 0.3843137254901961 0.0609375 0.3843137254901961 0.0703125 0.3803921568627451 0.0796875 0.3803921568627451 0.0859375 0.37254901960784315 0.0875 0.3509803921568627 0.0859375 0.34509803921568627 0.0796875 0.33725490196078434 0.0796875 0.33137254901960783 0.0765625 0.32941176470588235 0.075 0.3215686274509804 0.0625 0.3176470588235294 0.0609375 0.3137254901960784 0.0546875 0.31176470588235294 0.0515625 0.3058823529411765 0.0484375 0.3058823529411765 0.0453125 0.30196078431372547 0.04375 0.30196078431372547 0.01875 0.3 0.009375 0.3058823529411765 0.0046875 0.3058823529411765 0 0.31176470588235294 0 0.38235294117647056
2 0.18125 0.045098039215686274 0.184375 0.049019607843137254 0.1875 0.049019607843137254 0.190625 0.054901960784313725 0.19375 0.054901960784313725 0.203125 0.06666666666666667 0.20625 0.07450980392156863 0.2125 0.0784313725490196 0.2125 0.08235294117647059 0.2171875 0.08431372549019608 0.2203125 0.09607843137254903 0.2234375 0.09803921568627451 0.2265625 0.11764705882352941 0.2390625 0.13333333333333333 0.240625 0.1450980392156863 0.2453125 0.15098039215686274 0.246875 0.16470588235294117 0.25 0.16862745098039217 0.25 0.17450980392156862 0.253125 0.17647058823529413 0.25625 0.2 0.259375 0.2019607843137255 0.2640625 0.21568627450980393 0.2640625 0.22156862745098038 0.26875 0.22745098039215686 0.28125 0.23137254901960785 0.2953125 0.23137254901960785 0.2984375 0.2196078431372549 0.3015625 0.21764705882352942 0.3015625 0.20588235294117646 0.3046875 0.2 0.3046875 0.1607843137254902 0.3015625 0.14901960784313725 0.2984375 0.14705882352941177 0.29375 0.12352941176470589 0.290625 0.12156862745098039 0.2859375 0.10784313725490197 0.2796875 0.1 0.2796875 0.09607843137254903 0.275 0.09215686274509804 0.271875 0.0803921568627451 0.26875 0.0784313725490196 0.265625 0.07058823529411765 0.2625 0.07058823529411765 0.259375 0.06666666666666667 0.259375 0.06274509803921569 0.25 0.06274509803921569 0.2421875 0.058823529411764705 0.2375 0.052941176470588235 0.225 0.047058823529411764 0.2234375 0.043137254901960784 0.21875 0.041176470588235294 0.1984375 0.0392156862745098 0.196875 0.03529411764705882 0.1921875 0.0392156862745098 0.190625 0.03529411764705882 0.1875 0.03529411764705882 0.1875 0.03725490196078431 0.18125 0.041176470588235294 0.18125 0.045098039215686274
2 0 0.6725490196078432 0.0046875 0.6725490196078432 0.00625 0.6764705882352942 0.0171875 0.6764705882352942 0.0234375 0.6686274509803921 0.0265625 0.6549019607843137 0.0296875 0.6529411764705882 0.0296875 0.615686274509804 0.0265625 0.6137254901960785 0.025 0.5941176470588235 0.0078125 0.5823529411764706 0.00625 0.5823529411764706 0 0.5843137254901961 0 0.6725490196078432
2 0.1828125 0.045098039215686274 0.190625 0.050980392156862744 0.20625 0.07058823529411765 0.20625 0.07450980392156863 0.209375 0.07450980392156863 0.2171875 0.08431372549019608 0.2203125 0.09411764705882353 0.2234375 0.09607843137254903 0.2265625 0.11764705882352941 0.2390625 0.13333333333333333 0.240625 0.14705882352941177 0.2453125 0.15294117647058825 0.25 0.17450980392156862 0.253125 0.17647058823529413 0.25625 0.20392156862745098 0.259375 0.20588235294117646 0.2609375 0.21176470588235294 0.259375 0.2372549019607843 0.253125 0.24313725490196078 0.25 0.24313725490196078 0.2453125 0.2529411764705882 0.240625 0.2568627450980392 0.2375 0.26666666666666666 0.234375 0.26862745098039215 0.234375 0.2725490196078431 0.23125 0.27647058823529413 0.23125 0.2803921568627451 0.21875 0.296078431372549 0.21875 0.3 0.2125 0.3058823529411765 0.209375 0.32745098039215687 0.20625 0.32941176470588235 0.20625 0.33725490196078434 0.209375 0.3392156862745098 0.209375 0.3627450980392157 0.2125 0.3803921568627451 0.2171875 0.38823529411764707 0.2234375 0.39019607843137255 0.228125 0.3843137254901961 0.2375 0.3803921568627451 0.2484375 0.36470588235294116 0.2515625 0.36470588235294116 0.2609375 0.35294117647058826 0.2625 0.34509803921568627 0.265625 0.3431372549019608 0.26875 0.3235294117647059 0.2734375 0.3176470588235294 0.2765625 0.30392156862745096 0.2796875 0.30196078431372547 0.2828125 0.27647058823529413 0.2859375 0.27450980392156865 0.2859375 0.2647058823529412 0.2890625 0.25098039215686274 0.29375 0.24705882352941178 0.29375 0.23921568627450981 0.2984375 0.22549019607843138 0.2984375 0.2196078431372549 0.3015625 0.21764705882352942 0.3046875 0.2019607843137255 0.3046875 0.1607843137254902 0.3015625 0.14901960784313725 0.2984375 0.14705882352941177 0.29375 0.12352941176470589 0.2890625 0.11960784313725491 0.2859375 0.10784313725490197 0.2796875 0.1 0.2796875 0.09607843137254903 0.275 0.09215686274509804 0.271875 0.0803921568627451 0.26875 0.0784313725490196 0.265625 0.07058823529411765 0.2625 0.07058823529411765 0.2578125 0.06274509803921569 0.25 0.06274509803921569 0.2390625 0.056862745098039215 0.2359375 0.050980392156862744 0.2265625 0.049019607843137254 0.221875 0.043137254901960784 0.209375 0.0392156862745098 0.2078125 0.0392156862745098 0.184375 0.0392156862745098 0.1828125 0.045098039215686274
2 0.48125 0.056862745098039215 0.4640625 0.060784313725490195 0.459375 0.06666666666666667 0.4453125 0.07058823529411765 0.44375 0.07450980392156863 0.4234375 0.07647058823529412 0.4109375 0.0803921568627451 0.409375 0.08431372549019608 0.3984375 0.08823529411764706 0.396875 0.09215686274509804 0.384375 0.09803921568627451 0.38125 0.10392156862745099 0.378125 0.10392156862745099 0.3734375 0.11176470588235295 0.3703125 0.11176470588235295 0.3609375 0.12352941176470589 0.3609375 0.12745098039215685 0.35 0.1411764705882353 0.3453125 0.15490196078431373 0.340625 0.1588235294117647 0.340625 0.1627450980392157 0.321875 0.18627450980392157 0.3171875 0.18823529411764706 0.3125 0.19411764705882353 0.309375 0.20392156862745098 0.30625 0.20588235294117646 0.303125 0.22549019607843138 0.2984375 0.23137254901960785 0.3 0.23921568627450981 0.3171875 0.23529411764705882 0.31875 0.23137254901960785 0.3359375 0.22745098039215686 0.340625 0.22156862745098038 0.3546875 0.21764705882352942 0.35625 0.21372549019607842 0.3640625 0.20980392156862746 0.375 0.20784313725490197 0.3765625 0.20392156862745098 0.38125 0.2019607843137255 0.39375 0.2 0.3953125 0.19607843137254902 0.4078125 0.19215686274509805 0.4125 0.18627450980392157 0.43125 0.1803921568627451 0.4328125 0.17647058823529413 0.4375 0.17647058823529413 0.4421875 0.17254901960784313 0.446875 0.17254901960784313 0.4484375 0.16862745098039217 0.4578125 0.16666666666666666 0.4671875 0.1568627450980392 0.46875 0.14901960784313725 0.471875 0.14705882352941177 0.4765625 0.12941176470588237 0.4765625 0.12156862745098039 0.4796875 0.11960784313725491 0.48125 0.10588235294117647 0.4859375 0.1 0.490625 0.0803921568627451 0.49375 0.0784313725490196 0.4984375 0.06470588235294118 0.496875 0.052941176470588235 0.490625 0.050980392156862744 0.4890625 0.052941176470588235 0.4828125 0.052941176470588235 0.48125 0.056862745098039215
2 0.1109375 0.6372549019607843 0.1046875 0.6450980392156863 0.103125 0.6549019607843137 0.1 0.6568627450980392 0.0953125 0.6666666666666666 0.096875 0.7862745098039216 0.1 0.796078431372549 0.1 0.8058823529411765 0.103125 0.807843137254902 0.10625 0.8313725490196079 0.1109375 0.8372549019607843 0.1140625 0.8568627450980392 0.1171875 0.8588235294117647 0.1203125 0.8764705882352941 0.1234375 0.8784313725490196 0.1234375 0.888235294117647 0.1265625 0.9019607843137255 0.13125 0.907843137254902 0.134375 0.9215686274509803 0.1375 0.9235294117647059 0.140625 0.9313725490196079 0.1453125 0.9254901960784314 0.1453125 0.8529411764705882 0.146875 0.8509803921568627 0.146875 0.792156862745098 0.1453125 0.7901960784313725 0.1453125 0.7607843137254902 0.14375 0.7588235294117647 0.14375 0.7176470588235294 0.140625 0.7156862745098039 0.140625 0.7019607843137254 0.1296875 0.6764705882352942 0.1296875 0.6647058823529411 0.1265625 0.6627450980392157 0.1265625 0.6568627450980392 0.121875 0.6431372549019608 0.1203125 0.6431372549019608 0.11875 0.6372549019607843 0.1109375 0.6372549019607843