1 0.59375 0.3860759493670886 0.59375 0.39029535864978904 0.5828125 0.4050632911392405 0.5796875 0.41561181434599154 0.5625 0.4388185654008439 0.5578125 0.47468354430379744 0.5546875 0.4767932489451477 0.553125 0.48523206751054854 0.553125 0.4957805907172996 0.5484375 0.5 0.5453125 0.510548523206751 0.540625 0.5147679324894515 0.540625 0.5316455696202531 0.5390625 0.5337552742616034 0.540625 0.5421940928270043 0.546875 0.5443037974683544 0.5484375 0.5485232067510548 0.5578125 0.5485232067510548 0.559375 0.5443037974683544 0.5765625 0.5379746835443038 0.58125 0.5274261603375527 0.5859375 0.5232067510548524 0.5875 0.5147679324894515 0.590625 0.5126582278481012 0.590625 0.5084388185654009 0.5953125 0.5 0.60625 0.48523206751054854 0.609375 0.47468354430379744 0.621875 0.4578059071729958 0.61875 0.43670886075949367 0.61875 0.3924050632911392 0.609375 0.379746835443038 0.6078125 0.379746835443038 0.603125 0.379746835443038 0.59375 0.3860759493670886
1 0.3203125 0.45569620253164556 0.3125 0.4578059071729958 0.2984375 0.4767932489451477 0.29375 0.4978902953586498 0.290625 0.5 0.2875 0.5126582278481012 0.284375 0.5147679324894515 0.2796875 0.5443037974683544 0.2765625 0.5464135021097046 0.275 0.569620253164557 0.2734375 0.5759493670886076 0.2703125 0.5780590717299579 0.2703125 0.5886075949367089 0.26875 0.5907172995780591 0.26875 0.6518987341772152 0.2703125 0.6624472573839663 0.2734375 0.6645569620253164 0.275 0.6729957805907173 0.2734375 0.6835443037974683 0.275 0.6856540084388185 0.275 0.7130801687763713 0.2765625 0.7215189873417721 0.2796875 0.7236286919831224 0.2796875 0.729957805907173 0.2828125 0.7341772151898734 0.2828125 0.7383966244725738 0.2890625 0.7447257383966245 0.2984375 0.7658227848101266 0.3015625 0.7679324894514767 0.3046875 0.7784810126582279 0.3078125 0.7805907172995781 0.3109375 0.7932489451476793 0.3171875 0.79957805907173 0.321875 0.79957805907173 0.325 0.8059071729957806 0.328125 0.8059071729957806 0.3359375 0.8164556962025317 0.3390625 0.8248945147679325 0.34375 0.8270042194092827 0.346875 0.8333333333333334 0.3546875 0.8354430379746836 0.35625 0.8396624472573839 0.390625 0.8417721518987342 0.3984375 0.8459915611814346 0.4 0.8502109704641351 0.4125 0.8544303797468354 0.4140625 0.8586497890295358 0.4421875 0.8607594936708861 0.44375 0.8586497890295358 0.4515625 0.8586497890295358 0.45625 0.8523206751054853 0.4671875 0.8502109704641351 0.46875 0.8459915611814346 0.4796875 0.8438818565400844 0.4859375 0.8354430379746836 0.49375 0.8312236286919831 0.4953125 0.8270042194092827 0.515625 0.8248945147679325 0.51875 0.8185654008438819 0.53125 0.8122362869198312 0.534375 0.8059071729957806 0.5375 0.8059071729957806 0.5421875 0.79957805907173 0.546875 0.7805907172995781 0.546875 0.7763713080168776 0.54375 0.7742616033755274 0.54375 0.770042194092827 0.546875 0.7658227848101266 0.546875 0.7531645569620253 0.54375 0.7362869198312236 0.54375 0.7109704641350211 0.5421875 0.7025316455696202 0.5390625 0.70042194092827 0.5375 0.6814345991561181 0.54375 0.6708860759493671 0.5453125 0.6582278481012658 0.55 0.6561181434599156 0.55 0.6497890295358649 0.546875 0.6455696202531646 0.55 0.6434599156118144 0.55 0.620253164556962 0.546875 0.6181434599156118 0.5453125 0.5928270042194093 0.55 0.5907172995780591 0.55 0.5886075949367089 0.546875 0.5864978902953587 0.5453125 0.580168776371308 0.546875 0.5654008438818565 0.5390625 0.5548523206751055 0.534375 0.5527426160337553 0.53125 0.5464135021097046 0.525 0.5421940928270043 0.5234375 0.5316455696202531 0.5203125 0.5316455696202531 0.5078125 0.5126582278481012 0.503125 0.510548523206751 0.5015625 0.5 0.471875 0.4978902953586498 0.46875 0.4936708860759494 0.4578125 0.4936708860759494 0.4515625 0.48523206751054854 0.41875 0.48523206751054854 0.4171875 0.4810126582278481 0.4015625 0.47890295358649787 0.390625 0.459915611814346 0.384375 0.459915611814346 0.3765625 0.45569620253164556 0.3609375 0.45569620253164556 0.35625 0.4472573839662447 0.3515625 0.4472573839662447 0.35 0.4430379746835443 0.3328125 0.4430379746835443 0.3328125 0.4451476793248945 0.321875 0.45147679324894513 0.3203125 0.45569620253164556
1 0.621875 0.1308016877637131 0.6203125 0.1350210970464135 0.6078125 0.14135021097046413 0.6046875 0.14767932489451477 0.596875 0.14978902953586498 0.5921875 0.15822784810126583 0.5890625 0.15822784810126583 0.5828125 0.16666666666666666 0.5828125 0.17088607594936708 0.578125 0.17721518987341772 0.5609375 0.16666666666666666 0.5125 0.16666666666666666 0.4921875 0.1540084388185654 0.490625 0.14978902953586498 0.4828125 0.14556962025316456 0.48125 0.14135021097046413 0.4484375 0.13924050632911392 0.446875 0.1371308016877637 0.4046875 0.14135021097046413 0.403125 0.14556962025316456 0.3921875 0.14978902953586498 0.3890625 0.15611814345991562 0.378125 0.16033755274261605 0.3671875 0.1751054852320675 0.365625 0.18354430379746836 0.3609375 0.1877637130801688 0.3578125 0.19831223628691982 0.35 0.20675105485232068 0.35 0.2109704641350211 0.3453125 0.21518987341772153 0.3421875 0.22784810126582278 0.3359375 0.23417721518987342 0.3359375 0.23839662447257384 0.3328125 0.24050632911392406 0.33125 0.2489451476793249 0.328125 0.25316455696202533 0.328125 0.25738396624472576 0.3234375 0.26371308016877637 0.321875 0.2869198312236287 0.31875 0.2890295358649789 0.31875 0.29957805907172996 0.3171875 0.30168776371308015 0.31875 0.3438818565400844 0.321875 0.3459915611814346 0.321875 0.35864978902953587 0.3171875 0.3628691983122363 0.3171875 0.37130801687763715 0.3078125 0.38396624472573837 0.3078125 0.3881856540084388 0.303125 0.39029535864978904 0.3015625 0.39662447257383965 0.2984375 0.3987341772151899 0.29375 0.4177215189873418 0.29375 0.4282700421940928 0.290625 0.43037974683544306 0.2890625 0.4388185654008439 0.2875 0.459915611814346 0.290625 0.47468354430379744 0.2953125 0.47890295358649787 0.2953125 0.49156118143459915 0.2875 0.5084388185654009 0.2875 0.5126582278481012 0.284375 0.5147679324894515 0.2796875 0.5443037974683544 0.2765625 0.5464135021097046 0.275 0.569620253164557 0.2734375 0.5759493670886076 0.2703125 0.5780590717299579 0.2703125 0.5907172995780591 0.26875 0.5928270042194093 0.26875 0.6561181434599156 0.2703125 0.6666666666666666 0.2734375 0.6687763713080169 0.2765625 0.7194092827004219 0.2796875 0.7215189873417721 0.2828125 0.7383966244725738 0.2890625 0.7447257383966245 0.290625 0.7510548523206751 0.29375 0.7531645569620253 0.2984375 0.7637130801687764 0.2984375 0.7679324894514767 0.3078125 0.7805907172995781 0.3109375 0.7932489451476793 0.3171875 0.79957805907173 0.3203125 0.79957805907173 0.3234375 0.8059071729957806 0.3265625 0.8059071729957806 0.3390625 0.8248945147679325 0.34375 0.8270042194092827 0.346875 0.8333333333333334 0.3546875 0.8354430379746836 0.35625 0.8396624472573839 0.3734375 0.8396624472573839 0.384375 0.8438818565400844 0.3921875 0.8438818565400844 0.3984375 0.8459915611814346 0.4 0.8502109704641351 0.4125 0.8544303797468354 0.4140625 0.8586497890295358 0.4453125 0.8607594936708861 0.4515625 0.8586497890295358 0.45625 0.8523206751054853 0.4671875 0.8502109704641351 0.46875 0.8459915611814346 0.48125 0.8438818565400844 0.4921875 0.8333333333333334 0.503125 0.8312236286919831 0.5046875 0.8270042194092827 0.5140625 0.8270042194092827 0.5203125 0.8185654008438819 0.53125 0.8122362869198312 0.5328125 0.8080168776371308 0.5421875 0.8037974683544303 0.5453125 0.79957805907173 0.5515625 0.8080168776371308 0.5546875 0.8185654008438819 0.5578125 0.820675105485232 0.5609375 0.8312236286919831 0.56875 0.8417721518987342 0.5765625 0.8459915611814346 0.59375 0.869198312236287 0.5984375 0.8713080168776371 0.603125 0.879746835443038 0.6125 0.8839662447257384 0.6171875 0.890295358649789 0.6203125 0.890295358649789 0.6234375 0.8966244725738397 0.6359375 0.9029535864978903 0.6421875 0.9029535864978903 0.64375 0.9071729957805907 0.6625 0.9071729957805907 0.6640625 0.9029535864978903 0.6953125 0.9029535864978903 0.696875 0.9071729957805907 0.709375 0.9071729957805907 0.7109375 0.9029535864978903 0.7515625 0.8966244725738397 0.75625 0.890295358649789 0.7640625 0.890295358649789 0.76875 0.8839662447257384 0.7875 0.8776371308016878 0.7890625 0.8734177215189873 0.796875 0.869198312236287 0.7984375 0.8649789029535865 0.8078125 0.8607594936708861 0.8296875 0.8312236286919831 0.8328125 0.8227848101265823 0.8359375 0.8227848101265823 0.8359375 0.8185654008438819 0.8421875 0.8122362869198312 0.8453125 0.8016877637130801 0.8484375 0.79957805907173 0.85 0.7911392405063291 0.8625 0.7742616033755274 0.865625 0.7616033755274262 0.86875 0.759493670886076 0.8734375 0.7447257383966245 0.8765625 0.7426160337552743 0.884375 0.7194092827004219 0.8859375 0.6856540084388185 0.8890625 0.6835443037974683 0.8859375 0.6814345991561181 0.8859375 0.6772151898734177 0.8890625 0.6751054852320675 0.8890625 0.6666666666666666 0.89375 0.6476793248945147 0.89375 0.6160337552742616 0.896875 0.6139240506329114 0.896875 0.6012658227848101 0.9 0.5864978902953587 0.9 0.5063291139240507 0.8984375 0.5042194092827004 0.896875 0.4810126582278481 0.89375 0.47890295358649787 0.89375 0.46835443037974683 0.890625 0.4578059071729958 0.8890625 0.43037974683544306 0.8859375 0.4282700421940928 0.884375 0.4177215189873418 0.878125 0.4092827004219409 0.8765625 0.4008438818565401 0.8734375 0.3987341772151899 0.8703125 0.38396624472573837 0.8640625 0.3755274261603376 0.85625 0.37130801687763715 0.8484375 0.36075949367088606 0.8484375 0.35654008438818563 0.8453125 0.35443037974683544 0.84375 0.32489451476793246 0.840625 0.3143459915611814 0.8375 0.31223628691983124 0.834375 0.3037974683544304 0.834375 0.29957805907172996 0.83125 0.2974683544303797 0.83125 0.27848101265822783 0.8265625 0.2616033755274262 0.8171875 0.2489451476793249 0.8140625 0.22362869198312235 0.8109375 0.22151898734177214 0.809375 0.2109704641350211 0.8078125 0.18565400843881857 0.803125 0.18143459915611815 0.8 0.16877637130801687 0.79375 0.16455696202531644 0.7921875 0.16033755274261605 0.7796875 0.1540084388185654 0.778125 0.14978902953586498 0.76875 0.14556962025316456 0.765625 0.13924050632911392 0.753125 0.1350210970464135 0.7515625 0.1308016877637131 0.7359375 0.1308016877637131 0.734375 0.1350210970464135 0.7203125 0.1350210970464135 0.71875 0.1308016877637131 0.7109375 0.12869198312236288 0.684375 0.12658227848101267 0.6828125 0.12236286919831224 0.65 0.12236286919831224 0.65 0.12447257383966245 0.6390625 0.12869198312236288 0.621875 0.1308016877637131
1 0.43125 0.13924050632911392 0.4078125 0.13924050632911392 0.4015625 0.14135021097046413 0.396875 0.14767932489451477 0.39375 0.14767932489451477 0.3890625 0.15611814345991562 0.3796875 0.15822784810126583 0.3765625 0.16455696202531644 0.3703125 0.16877637130801687 0.3703125 0.1729957805907173 0.365625 0.17721518987341772 0.365625 0.18354430379746836 0.353125 0.20042194092827004 0.3421875 0.22362869198312235 0.3390625 0.22573839662447256 0.3359375 0.23628691983122363 0.3328125 0.23839662447257384 0.328125 0.2552742616033755 0.3234375 0.2616033755274262 0.321875 0.27848101265822783 0.31875 0.2805907172995781 0.3171875 0.2911392405063291 0.31875 0.339662447257384 0.321875 0.34177215189873417 0.3234375 0.350210970464135 0.3296875 0.35443037974683544 0.33125 0.35864978902953587 0.340625 0.35864978902953587 0.3453125 0.35232067510548526 0.3546875 0.350210970464135 0.35625 0.33755274261603374 0.3609375 0.33122362869198313 0.3765625 0.3333333333333333 0.38125 0.34177215189873417 0.38125 0.350210970464135 0.3859375 0.35443037974683544 0.3984375 0.35443037974683544 0.4 0.35864978902953587 0.4046875 0.35864978902953587 0.4078125 0.3649789029535865 0.4109375 0.3649789029535865 0.4125 0.3691983122362869 0.4203125 0.37341772151898733 0.421875 0.3818565400843882 0.4265625 0.3881856540084388 0.43125 0.3881856540084388 0.434375 0.38396624472573837 0.4375 0.3924050632911392 0.440625 0.39451476793248946 0.440625 0.4029535864978903 0.4609375 0.4029535864978903 0.4671875 0.3987341772151899 0.46875 0.4008438818565401 0.4796875 0.4008438818565401 0.48125 0.3987341772151899 0.4953125 0.3987341772151899 0.5 0.3924050632911392 0.5078125 0.3881856540084388 0.521875 0.3691983122362869 0.5234375 0.3628691983122363 0.5296875 0.35443037974683544 0.5359375 0.350210970464135 0.5375 0.3438818565400844 0.546875 0.33122362869198313 0.546875 0.3270042194092827 0.5546875 0.31645569620253167 0.5578125 0.31645569620253167 0.5703125 0.29957805907172996 0.571875 0.2911392405063291 0.5828125 0.27637130801687765 0.5859375 0.27637130801687765 0.590625 0.270042194092827 0.5921875 0.2616033755274262 0.590625 0.24050632911392406 0.5875 0.23839662447257384 0.5875 0.22151898734177214 0.584375 0.21729957805907174 0.584375 0.20464135021097046 0.58125 0.20253164556962025 0.5796875 0.1877637130801688 0.5734375 0.17932489451476794 0.5703125 0.16877637130801687 0.565625 0.16666666666666666 0.540625 0.16666666666666666 0.5390625 0.16455696202531644 0.5125 0.16666666666666666 0.50625 0.16455696202531644 0.5046875 0.16033755274261605 0.4984375 0.15822784810126583 0.4953125 0.1540084388185654 0.4921875 0.1540084388185654 0.4828125 0.14135021097046413 0.475 0.13924050632911392 0.4734375 0.13924050632911392 0.4328125 0.1371308016877637 0.43125 0.13924050632911392
1 0.840625 0.39029535864978904 0.8328125 0.3924050632911392 0.8328125 0.39662447257383965 0.8359375 0.3987341772151899 0.8296875 0.4008438818565401 0.8296875 0.4029535864978903 0.8328125 0.4092827004219409 0.8328125 0.41561181434599154 0.828125 0.43037974683544306 0.825 0.43248945147679324 0.821875 0.4451476793248945 0.81875 0.4472573839662447 0.815625 0.4641350210970464 0.809375 0.4704641350210971 0.8078125 0.4767932489451477 0.8 0.4873417721518987 0.796875 0.4873417721518987 0.7890625 0.4978902953586498 0.76875 0.4978902953586498 0.7625 0.5042194092827004 0.7609375 0.5 0.7546875 0.4978902953586498 0.73125 0.4957805907172996 0.7265625 0.4936708860759494 0.7234375 0.4873417721518987 0.7171875 0.48523206751054854 0.715625 0.4810126582278481 0.690625 0.47468354430379744 0.6890625 0.4704641350210971 0.6828125 0.46835443037974683 0.6625 0.46624472573839665 0.6609375 0.4620253164556962 0.65625 0.4620253164556962 0.6546875 0.46624472573839665 0.6296875 0.46624472573839665 0.6234375 0.46835443037974683 0.61875 0.4767932489451477 0.615625 0.4767932489451477 0.6140625 0.4831223628691983 0.609375 0.4873417721518987 0.609375 0.49156118143459915 0.6015625 0.5 0.6 0.510548523206751 0.5953125 0.5147679324894515 0.5921875 0.5337552742616034 0.5890625 0.5358649789029536 0.5859375 0.5485232067510548 0.5796875 0.5527426160337553 0.5734375 0.5611814345991561 0.571875 0.5864978902953587 0.5734375 0.5886075949367089 0.5734375 0.6139240506329114 0.571875 0.6244725738396625 0.56875 0.6265822784810127 0.56875 0.6329113924050633 0.5734375 0.6371308016877637 0.571875 0.6476793248945147 0.56875 0.6497890295358649 0.5671875 0.6561181434599156 0.565625 0.7236286919831224 0.5609375 0.7257383966244726 0.559375 0.729957805907173 0.5609375 0.7320675105485233 0.559375 0.7468354430379747 0.5609375 0.7510548523206751 0.5578125 0.7573839662447257 0.5578125 0.7742616033755274 0.5609375 0.7763713080168776 0.5609375 0.7890295358649789 0.5578125 0.7974683544303798 0.5546875 0.79957805907173 0.5546875 0.8143459915611815 0.5578125 0.8164556962025317 0.5578125 0.8227848101265823 0.56875 0.8417721518987342 0.5765625 0.8438818565400844 0.58125 0.8523206751054853 0.584375 0.8523206751054853 0.5875 0.8565400843881856 0.5875 0.8607594936708861 0.590625 0.8607594936708861 0.603125 0.879746835443038 0.6125 0.8839662447257384 0.6140625 0.8881856540084389 0.6234375 0.8924050632911392 0.625 0.8966244725738397 0.628125 0.8966244725738397 0.63125 0.9008438818565401 0.6421875 0.9029535864978903 0.64375 0.9071729957805907 0.6609375 0.9071729957805907 0.6625 0.9029535864978903 0.68125 0.9008438818565401 0.6828125 0.9029535864978903 0.6921875 0.9029535864978903 0.69375 0.9071729957805907 0.7046875 0.9071729957805907 0.70625 0.9029535864978903 0.7375 0.9008438818565401 0.7515625 0.8966244725738397 0.753125 0.8924050632911392 0.7671875 0.8881856540084389 0.76875 0.8839662447257384 0.7875 0.8776371308016878 0.7890625 0.8734177215189873 0.79375 0.8734177215189873 0.7984375 0.8649789029535865 0.809375 0.8586497890295358 0.8265625 0.8354430379746836 0.83125 0.820675105485232 0.8421875 0.8122362869198312 0.8453125 0.8016877637130801 0.8515625 0.7932489451476793 0.8515625 0.7890295358649789 0.8625 0.7742616033755274 0.8625 0.770042194092827 0.865625 0.7658227848101266 0.865625 0.759493670886076 0.86875 0.7573839662447257 0.86875 0.7510548523206751 0.878125 0.7383966244725738 0.8796875 0.729957805907173 0.8828125 0.7278481012658228 0.884375 0.6645569620253164 0.890625 0.6540084388185654 0.89375 0.6392405063291139 0.8921875 0.609704641350211 0.89375 0.6033755274261603 0.896875 0.6012658227848101 0.896875 0.5886075949367089 0.9 0.5780590717299579 0.8984375 0.5527426160337553 0.9 0.5506329113924051 0.9 0.5126582278481012 0.8984375 0.510548523206751 0.896875 0.48945147679324896 0.89375 0.4873417721518987 0.8921875 0.4620253164556962 0.8890625 0.45358649789029537 0.8890625 0.4472573839662447 0.8859375 0.4451476793248945 0.884375 0.4219409282700422 0.8796875 0.41561181434599154 0.8796875 0.41139240506329117 0.8765625 0.4092827004219409 0.8765625 0.4029535864978903 0.871875 0.39662447257383965 0.8703125 0.3860759493670886 0.8625 0.3755274261603376 0.8578125 0.37341772151898733 0.85625 0.37341772151898733 0.846875 0.3755274261603376 0.840625 0.39029535864978904
4 0.2140625 0 0.2140625 0.002109704641350211 0.2 0.008438818565400843 0.1984375 0.02109704641350211 0.190625 0.03164556962025317 0.1875 0.03164556962025317 0.184375 0.035864978902953586 0.1828125 0.046413502109704644 0.16875 0.046413502109704644 0.1671875 0.052742616033755275 0.1640625 0.052742616033755275 0.1609375 0.05907172995780591 0.1578125 0.05907172995780591 0.1546875 0.06751054852320675 0.1515625 0.06962025316455696 0.1484375 0.08016877637130802 0.14375 0.08438818565400844 0.1484375 0.09071729957805907 0.1453125 0.09282700421940929 0.140625 0.10548523206751055 0.1296875 0.11814345991561181 0.1296875 0.12658227848101267 0.134375 0.12658227848101267 0.140625 0.1308016877637131 0.140625 0.13924050632911392 0.1359375 0.14135021097046413 0.134375 0.1540084388185654 0.1296875 0.15611814345991562 0.1265625 0.16455696202531644 0.115625 0.16455696202531644 0.109375 0.16877637130801687 0.109375 0.1729957805907173 0.1015625 0.18565400843881857 0.1015625 0.189873417721519 0.0953125 0.1962025316455696 0.096875 0.2088607594936709 0.09375 0.21308016877637131 0.0890625 0.21308016877637131 0.0875 0.22784810126582278 0.084375 0.2320675105485232 0.0765625 0.23417721518987342 0.0734375 0.2320675105485232 0.053125 0.2320675105485232 0.0515625 0.23839662447257384 0.046875 0.24261603375527427 0.04375 0.25316455696202533 0.04375 0.26582278481012656 0.0375 0.270042194092827 0.0375 0.2742616033755274 0.03125 0.2805907172995781 0.0234375 0.28270042194092826 0.0140625 0.29535864978902954 0.00625 0.29957805907172996 0.003125 0.31223628691983124 0 0.3143459915611814 0 0.33122362869198313 0.003125 0.33544303797468356 0 0.33755274261603374 0 0.540084388185654 0.003125 0.5421940928270043 0.0046875 0.5590717299578059 0 0.5611814345991561 0 0.6329113924050633 0.0046875 0.6392405063291139 0.003125 0.6455696202531646 0 0.6476793248945147 0.003125 0.6497890295358649 0.003125 0.6582278481012658 0 0.6603375527426161 0 0.8713080168776371 0.0046875 0.869198312236287 0.009375 0.8607594936708861 0.0078125 0.7890295358649789 0.0125 0.7805907172995781 0.01875 0.7742616033755274 0.021875 0.7742616033755274 0.025 0.7637130801687764 0.0359375 0.7510548523206751 0.0390625 0.7426160337552743 0.0390625 0.7341772151898734 0.0421875 0.7320675105485233 0.04375 0.7130801687763713 0.0421875 0.7109704641350211 0.0421875 0.6962025316455697 0.0390625 0.6940928270042194 0.0390625 0.6814345991561181 0.0421875 0.679324894514768 0.04375 0.6666666666666666 0.0546875 0.6561181434599156 0.0703125 0.6540084388185654 0.071875 0.6561181434599156 0.0734375 0.6540084388185654 0.075 0.6561181434599156 0.084375 0.6561181434599156 0.0921875 0.6455696202531646 0.0953125 0.6286919831223629 0.10625 0.6139240506329114 0.109375 0.6033755274261603 0.115625 0.5949367088607594 0.11875 0.5949367088607594 0.1203125 0.5907172995780591 0.121875 0.5822784810126582 0.11875 0.5738396624472574 0.1078125 0.5611814345991561 0.1078125 0.5443037974683544 0.109375 0.5421940928270043 0.109375 0.5316455696202531 0.1125 0.5295358649789029 0.115625 0.5147679324894515 0.115625 0.4978902953586498 0.11875 0.4957805907172996 0.121875 0.47890295358649787 0.1265625 0.47468354430379744 0.1296875 0.45569620253164556 0.1328125 0.45358649789029537 0.1328125 0.4409282700421941 0.1359375 0.4240506329113924 0.1390625 0.4219409282700422 0.1390625 0.4050632911392405 0.1359375 0.4029535864978903 0.140625 0.39662447257383965 0.1421875 0.3860759493670886 0.1515625 0.37341772151898733 0.15625 0.37130801687763715 0.1828125 0.37130801687763715 0.1890625 0.3691983122362869 0.1921875 0.3628691983122363 0.190625 0.34810126582278483 0.1984375 0.3291139240506329 0.203125 0.3270042194092827 0.2078125 0.31856540084388185 0.2140625 0.31223628691983124 0.2171875 0.31223628691983124 0.2234375 0.3037974683544304 0.2265625 0.29535864978902954 0.2296875 0.29324894514767935 0.23125 0.28270042194092826 0.2359375 0.27637130801687765 0.246875 0.2742616033755274 0.2484375 0.270042194092827 0.2515625 0.270042194092827 0.253125 0.2742616033755274 0.271875 0.2742616033755274 0.2734375 0.270042194092827 0.2796875 0.26582278481012656 0.2828125 0.25316455696202533 0.2875 0.2489451476793249 0.2890625 0.23839662447257384 0.2921875 0.23628691983122363 0.2921875 0.22573839662447256 0.29375 0.22362869198312235 0.2921875 0.22151898734177214 0.2921875 0.1962025316455696 0.2953125 0.1877637130801688 0.3140625 0.16455696202531644 0.3171875 0.14978902953586498 0.3203125 0.14767932489451477 0.3234375 0.13924050632911392 0.3234375 0.1308016877637131 0.3265625 0.12869198312236288 0.3265625 0.12025316455696203 0.3234375 0.11814345991561181 0.321875 0.10759493670886076 0.321875 0.08227848101265822 0.33125 0.06751054852320675 0.3359375 0.06751054852320675 0.3375 0.06329113924050633 0.3421875 0.06329113924050633 0.3484375 0.056962025316455694 0.3515625 0.04219409282700422 0.35625 0.0379746835443038 0.359375 0.027426160337552744 0.3640625 0.023206751054852322 0.3640625 0.016877637130801686 0.36875 0.010548523206751054 0.3703125 0.004219409282700422 0.36875 0 0.290625 0 0.2890625 0.004219409282700422 0.2703125 0.004219409282700422 0.26875 0 0.2140625 0
2 0.440625 0.8670886075949367 0.4390625 0.8713080168776371 0.434375 0.8734177215189873 0.4328125 0.8881856540084389 0.428125 0.8945147679324894 0.4265625 0.9071729957805907 0.4234375 0.9092827004219409 0.4234375 0.9156118143459916 0.4203125 0.9240506329113924 0.4203125 0.9641350210970464 0.4234375 0.9746835443037974 0.4328125 0.9873417721518988 0.4328125 0.9915611814345991 0.4359375 0.9957805907172996 0.440625 0.9915611814345991 0.4421875 0.9810126582278481 0.4484375 0.9746835443037974 0.4484375 0.9704641350210971 0.45625 0.959915611814346 0.4609375 0.9578059071729957 0.4625 0.9514767932489452 0.4890625 0.9177215189873418 0.490625 0.9092827004219409 0.49375 0.9071729957805907 0.49375 0.9008438818565401 0.4875 0.8924050632911392 0.4828125 0.8924050632911392 0.4796875 0.8860759493670886 0.471875 0.8839662447257384 0.465625 0.8755274261603375 0.4640625 0.8755274261603375 0.459375 0.8670886075949367 0.440625 0.8670886075949367
2 0.5859375 0.9367088607594937 0.58125 0.9388185654008439 0.578125 0.9472573839662447 0.578125 0.9641350210970464 0.575 0.9662447257383966 0.5734375 0.9767932489451476 0.575 0.9936708860759493 0.5828125 0.9978902953586498 0.634375 0.9957805907172996 0.6359375 0.9978902953586498 0.675 0.9978902953586498 0.675 0.9936708860759493 0.671875 0.9915611814345991 0.671875 0.9873417721518988 0.66875 0.9831223628691983 0.66875 0.9789029535864979 0.6546875 0.959915611814346 0.6515625 0.959915611814346 0.6484375 0.9556962025316456 0.6453125 0.9556962025316456 0.64375 0.9514767932489452 0.634375 0.9472573839662447 0.6328125 0.9430379746835443 0.6265625 0.9409282700421941 0.625 0.9409282700421941 0.609375 0.9367088607594937 0.5859375 0.9367088607594937
2 0.384375 0.8481012658227848 0.371875 0.8481012658227848 0.3703125 0.8544303797468354 0.3671875 0.8565400843881856 0.3640625 0.8966244725738397 0.3609375 0.8987341772151899 0.359375 0.9219409282700421 0.35625 0.9367088607594937 0.35 0.9409282700421941 0.3390625 0.9409282700421941 0.3375 0.9430379746835443 0.3375 0.9556962025316456 0.34375 0.9620253164556962 0.346875 0.9704641350210971 0.346875 0.9767932489451476 0.35 0.9789029535864979 0.3515625 0.9957805907172996 0.365625 0.9978902953586498 0.3765625 0.9936708860759493 0.3796875 0.9810126582278481 0.384375 0.9767932489451476 0.3859375 0.9683544303797469 0.3890625 0.9662447257383966 0.3890625 0.9620253164556962 0.39375 0.9556962025316456 0.39375 0.9514767932489452 0.396875 0.9493670886075949 0.4 0.9388185654008439 0.403125 0.9367088607594937 0.4078125 0.9219409282700421 0.4078125 0.9135021097046413 0.4109375 0.9113924050632911 0.4140625 0.8945147679324894 0.41875 0.8881856540084389 0.421875 0.8670886075949367 0.4171875 0.8628691983122363 0.40625 0.8607594936708861 0.4046875 0.8565400843881856 0.396875 0.8523206751054853 0.3953125 0.8523206751054853 0.3859375 0.8523206751054853 0.384375 0.8481012658227848
2 0.484375 0.9282700421940928 0.478125 0.9324894514767933 0.475 0.9409282700421941 0.4703125 0.9430379746835443 0.46875 0.9493670886075949 0.4640625 0.9514767932489452 0.44375 0.9789029535864979 0.440625 0.989451476793249 0.440625 0.9978902953586498 0.5578125 0.9978902953586498 0.5609375 0.9936708860759493 0.5609375 0.9873417721518988 0.5640625 0.9852320675105485 0.565625 0.9746835443037974 0.565625 0.9388185654008439 0.5609375 0.9367088607594937 0.55625 0.930379746835443 0.546875 0.9282700421940928 0.5453125 0.9240506329113924 0.5125 0.9219409282700421 0.5046875 0.9177215189873418 0.503125 0.9177215189873418 0.4953125 0.9135021097046413 0.484375 0.9282700421940928
2 0.496875 0.8523206751054853 0.4859375 0.8565400843881856 0.4859375 0.8607594936708861 0.4828125 0.8649789029535865 0.4859375 0.8839662447257384 0.5125 0.9177215189873418 0.528125 0.9177215189873418 0.5296875 0.919831223628692 0.53125 0.9177215189873418 0.54375 0.9177215189873418 0.55 0.9219409282700421 0.5515625 0.9261603375527426 0.5609375 0.930379746835443 0.5625 0.9345991561181435 0.578125 0.9367088607594937 0.58125 0.9261603375527426 0.58125 0.9135021097046413 0.5859375 0.9092827004219409 0.5875 0.9008438818565401 0.5984375 0.8881856540084389 0.5984375 0.8839662447257384 0.5921875 0.8776371308016878 0.5921875 0.8734177215189873 0.578125 0.8544303797468354 0.575 0.8544303797468354 0.571875 0.8481012658227848 0.5578125 0.8417721518987342 0.55625 0.8375527426160337 0.51875 0.8375527426160337 0.51875 0.8396624472573839 0.5 0.8459915611814346 0.496875 0.8523206751054853