1 0.36875 0.501187648456057 0.365625 0.5130641330166271 0.35625 0.5273159144893111 0.334375 0.5510688836104513 0.321875 0.5700712589073634 0.3125 0.5771971496437055 0.3078125 0.5795724465558195 0.284375 0.5795724465558195 0.2703125 0.5866983372921615 0.25625 0.5866983372921615 0.2453125 0.5795724465558195 0.228125 0.5795724465558195 0.2265625 0.5819477434679335 0.209375 0.5819477434679335 0.2046875 0.5866983372921615 0.203125 0.5914489311163895 0.203125 0.6152019002375297 0.196875 0.6318289786223278 0.1953125 0.6460807600950119 0.1984375 0.6532066508313539 0.2 0.669833729216152 0.2078125 0.6864608076009501 0.2078125 0.6959619952494062 0.2109375 0.7054631828978623 0.215625 0.7125890736342043 0.21875 0.7125890736342043 0.2515625 0.7387173396674585 0.275 0.7482185273159145 0.296875 0.7505938242280285 0.315625 0.7410926365795725 0.325 0.7244655581947743 0.3453125 0.7054631828978623 0.378125 0.6817102137767221 0.3921875 0.6603325415676959 0.4046875 0.6532066508313539 0.4109375 0.6437054631828979 0.4234375 0.5985748218527316 0.4125 0.5748218527315915 0.4109375 0.5391923990498813 0.40625 0.5201900237529691 0.4015625 0.5106888361045131 0.4015625 0.501187648456057 0.3984375 0.4916864608076009 0.3890625 0.47980997624703087 0.3875 0.47980997624703087 0.378125 0.48693586698337293 0.36875 0.501187648456057
5 0.9578125 0.166270783847981 0.9453125 0.166270783847981 0.9375 0.171021377672209 0.921875 0.17339667458432304 0.9203125 0.17577197149643706 0.8921875 0.17814726840855108 0.8859375 0.1828978622327791 0.86875 0.1876484560570071 0.8640625 0.19239904988123516 0.8390625 0.1995249406175772 0.8359375 0.2042755344418052 0.8375 0.21377672209026127 0.8546875 0.2161520190023753 0.85625 0.21377672209026127 0.8703125 0.21377672209026127 0.8828125 0.20902612826603326 0.90625 0.20665083135391923 0.940625 0.19239904988123516 0.9609375 0.19477434679334918 0.9625 0.19714964370546317 0.996875 0.19714964370546317 0.9984375 0.1995249406175772 0.9984375 0.16864608076009502 0.990625 0.16864608076009502 0.9890625 0.166270783847981 0.9875 0.166270783847981 0.959375 0.16389548693586697 0.9578125 0.166270783847981
5 0 0.32779097387173395 0.0203125 0.33016627078384797 0.0265625 0.3254156769596199 0.034375 0.31353919239904987 0.0359375 0.2992874109263658 0.0296875 0.2992874109263658 0.028125 0.29691211401425177 0 0.29691211401425177 0 0.2992874109263658 0 0.32779097387173395
5 0 0.8099762470308789 0.0015625 0.8099762470308789 0.003125 0.7980997624703088 0.0125 0.7695961995249406 0.015625 0.7529691211401425 0.0359375 0.7007125890736342 0.053125 0.6745843230403801 0.0609375 0.6532066508313539 0.078125 0.6223277909738717 0.08125 0.6057007125890737 0.0890625 0.5938242280285035 0.09375 0.5819477434679335 0.1140625 0.5510688836104513 0.14375 0.5154394299287411 0.146875 0.5083135391923991 0.146875 0.501187648456057 0.14375 0.49643705463182897 0.1421875 0.49643705463182897 0.1375 0.49643705463182897 0.1203125 0.5154394299287411 0.0875 0.5605700712589073 0.0625 0.6057007125890737 0.028125 0.6769596199524941 0.0109375 0.7220902612826603 0.003125 0.7458432304038005 0.003125 0.7505938242280285 0 0.7529691211401425 0 0.8099762470308789
5 0.4 0.12114014251781473 0.3828125 0.1543942992874109 0.3796875 0.166270783847981 0.3796875 0.1995249406175772 0.375 0.22327790973871733 0.3765625 0.25653206650831356 0.38125 0.2589073634204275 0.39375 0.24703087885985747 0.4015625 0.21140142517814728 0.4015625 0.1876484560570071 0.4296875 0.12826603325415678 0.4328125 0.10688836104513064 0.428125 0.1021377672209026 0.4265625 0.1021377672209026 0.4171875 0.10451306413301663 0.4 0.12114014251781473
5 0.2859375 0.009501187648456057 0.2734375 0.026128266033254157 0.275 0.0332541567695962 0.2921875 0.047505938242280284 0.296875 0.047505938242280284 0.3140625 0.06413301662707839 0.325 0.08076009501187649 0.3375 0.10926365795724466 0.35 0.12351543942992874 0.378125 0.14251781472684086 0.3828125 0.14251781472684086 0.3890625 0.1377672209026128 0.4046875 0.11401425178147269 0.4125 0.10688836104513064 0.4140625 0.1021377672209026 0.40625 0.09501187648456057 0.39375 0.09026128266033254 0.3765625 0.07600950118764846 0.3640625 0.07125890736342043 0.3390625 0.04513064133016627 0.3328125 0.04275534441805225 0.315625 0.019002375296912115 0.3046875 0.011876484560570071 0.303125 0.011876484560570071 0.296875 0.007125890736342043 0.2859375 0.009501187648456057
2 0.746875 0 0.74375 0.0023752969121140144 0.74375 0.007125890736342043 0.7546875 0.030878859857482184 0.75625 0.052256532066508314 0.7609375 0.0688836104513064 0.7984375 0.12351543942992874 0.803125 0.1330166270783848 0.803125 0.14014251781472684 0.80625 0.1496437054631829 0.809375 0.15201900237529692 0.825 0.15201900237529692 0.8390625 0.15914489311163896 0.8421875 0.15676959619952494 0.85625 0.16864608076009502 0.86875 0.16864608076009502 0.8765625 0.16152019002375298 0.8859375 0.15914489311163896 0.8984375 0.1496437054631829 0.91875 0.12351543942992874 0.9234375 0.10926365795724466 0.9265625 0.09738717339667459 0.9265625 0.05463182897862233 0.9234375 0.035629453681710214 0.9171875 0.0166270783847981 0.91875 0 0.8203125 0 0.8140625 0.011876484560570071 0.8125 0.0332541567695962 0.8078125 0.04513064133016627 0.8046875 0.047505938242280284 0.7875 0.047505938242280284 0.778125 0.04275534441805225 0.7734375 0.035629453681710214 0.7734375 0.009501187648456057 0.771875 0.004750593824228029 0.7625 0.0023752969121140144 0.7609375 0.004750593824228029 0.7515625 0.004750593824228029 0.7484375 0 0.746875 0
2 0.9234375 0 0.9234375 0.0023752969121140144 0.9328125 0.035629453681710214 0.93125 0.05463182897862233 0.9359375 0.0665083135391924 0.9484375 0.0855106888361045 0.9578125 0.09263657957244656 0.9734375 0.09501187648456057 0.99375 0.10688836104513064 0.9984375 0.10451306413301663 0.9984375 0.004750593824228029 0.9953125 0 0.9625 0 0.959375 0.004750593824228029 0.9546875 0.004750593824228029 0.9515625 0 0.9234375 0
2 0.5703125 0.27315914489311166 0.56875 0.27078384798099764 0.5640625 0.2755344418052256 0.5671875 0.28028503562945367 0.565625 0.28741092636579574 0.5671875 0.28978622327790976 0.5640625 0.29453681710213775 0.559375 0.2921615201900237 0.559375 0.2850356294536817 0.55625 0.2826603325415677 0.553125 0.28741092636579574 0.5484375 0.28741092636579574 0.54375 0.29453681710213775 0.5359375 0.28741092636579574 0.5296875 0.27078384798099764 0.521875 0.2684085510688836 0.515625 0.2589073634204275 0.515625 0.2517814726840855 0.5125 0.25415676959619954 0.5109375 0.2517814726840855 0.5125 0.24228028503562946 0.515625 0.24465558194774348 0.5171875 0.24228028503562946 0.515625 0.2327790973871734 0.5109375 0.23040380047505937 0.5171875 0.22802850356294538 0.5125 0.22327790973871733 0.5125 0.2161520190023753 0.50625 0.2161520190023753 0.5015625 0.22327790973871733 0.4953125 0.2209026128266033 0.490625 0.22565320665083136 0.4859375 0.2161520190023753 0.4875 0.21140142517814728 0.4828125 0.21140142517814728 0.48125 0.20665083135391923 0.4796875 0.21377672209026127 0.4828125 0.2209026128266033 0.48125 0.22327790973871733 0.475 0.21852731591448932 0.471875 0.21377672209026127 0.471875 0.20902612826603326 0.4640625 0.19714964370546317 0.4609375 0.19714964370546317 0.45625 0.19002375296912113 0.4546875 0.19239904988123516 0.4546875 0.1995249406175772 0.4515625 0.20902612826603326 0.44375 0.22327790973871733 0.4359375 0.22565320665083136 0.421875 0.21140142517814728 0.415625 0.21140142517814728 0.4109375 0.2161520190023753 0.4109375 0.22327790973871733 0.4015625 0.25415676959619954 0.4015625 0.26365795724465557 0.4046875 0.2755344418052256 0.4015625 0.2826603325415677 0.4015625 0.29691211401425177 0.3984375 0.3016627078384798 0.3984375 0.3159144893111639 0.39375 0.32779097387173395 0.390625 0.32779097387173395 0.3875 0.332541567695962 0.3875 0.34441805225653205 0.384375 0.34679334916864607 0.384375 0.3491686460807601 0.39375 0.3491686460807601 0.3953125 0.35629453681710216 0.3984375 0.3586698337292161 0.3984375 0.36342042755344417 0.39375 0.37054631828978624 0.390625 0.37054631828978624 0.384375 0.3586698337292161 0.3875 0.35629453681710216 0.384375 0.35629453681710216 0.3703125 0.37292161520190026 0.36875 0.3824228028503563 0.3625 0.3824228028503563 0.353125 0.38954869358669836 0.3484375 0.38954869358669836 0.3421875 0.3990498812351544 0.3375 0.3990498812351544 0.3328125 0.40617577197149646 0.325 0.40617577197149646 0.309375 0.37292161520190026 0.303125 0.37054631828978624 0.296875 0.36342042755344417 0.2765625 0.36104513064133015 0.275 0.36342042755344417 0.265625 0.36342042755344417 0.246875 0.3491686460807601 0.2375 0.33729216152019004 0.2375 0.332541567695962 0.23125 0.33016627078384797 0.2265625 0.332541567695962 0.21875 0.32779097387173395 0.2046875 0.33016627078384797 0.203125 0.32779097387173395 0.2 0.33016627078384797 0.1953125 0.3182897862232779 0.1890625 0.31116389548693585 0.1859375 0.31353919239904987 0.184375 0.31116389548693585 0.1828125 0.3016627078384798 0.171875 0.3087885985748218 0.165625 0.32066508313539194 0.15625 0.3254156769596199 0.1515625 0.33966745843230406 0.15 0.3681710213776722 0.1453125 0.38004750593824227 0.146875 0.40617577197149646 0.14375 0.42755344418052255 0.1359375 0.43942992874109266 0.13125 0.45368171021377673 0.1328125 0.47030878859857483 0.1421875 0.4845605700712589 0.15 0.4916864608076009 0.153125 0.4916864608076009 0.15625 0.49643705463182897 0.1546875 0.5225653206650831 0.153125 0.5249406175771971 0.1546875 0.5296912114014252 0.1703125 0.5439429928741093 0.178125 0.5463182897862233 0.196875 0.5748218527315915 0.24375 0.5724465558194775 0.253125 0.5771971496437055 0.2671875 0.5795724465558195 0.278125 0.5748218527315915 0.2875 0.5748218527315915 0.2890625 0.5724465558194775 0.3046875 0.5724465558194775 0.328125 0.5534441805225653 0.3390625 0.5368171021377672 0.346875 0.5296912114014252 0.353125 0.517814726840855 0.359375 0.5154394299287411 0.3640625 0.49643705463182897 0.375 0.47743467933491684 0.3828125 0.47268408551068886 0.3921875 0.47268408551068886 0.40625 0.49406175771971494 0.4078125 0.5154394299287411 0.415625 0.5439429928741093 0.4140625 0.5534441805225653 0.415625 0.5558194774346793 0.415625 0.5700712589073634 0.4203125 0.5819477434679335 0.428125 0.5938242280285035 0.4546875 0.6080760095011877 0.4671875 0.6199524940617577 0.471875 0.6223277909738717 0.4875 0.6223277909738717 0.49375 0.6175771971496437 0.4984375 0.6175771971496437 0.5265625 0.6365795724465558 0.5375 0.6365795724465558 0.54375 0.6342042755344418 0.546875 0.6294536817102138 0.553125 0.6294536817102138 0.5734375 0.6460807600950119 0.5890625 0.6460807600950119 0.603125 0.6318289786223278 0.6046875 0.6270783847980997 0.603125 0.6223277909738717 0.60625 0.6152019002375297 0.621875 0.6128266033254157 0.634375 0.5961995249406176 0.6375 0.5391923990498813 0.6359375 0.5368171021377672 0.6359375 0.5154394299287411 0.634375 0.5130641330166271 0.634375 0.48693586698337293 0.63125 0.47268408551068886 0.6296875 0.42042755344418054 0.6265625 0.4156769596199525 0.628125 0.41092636579572445 0.6265625 0.4085510688836104 0.6265625 0.38954869358669836 0.625 0.38717339667458434 0.6265625 0.37767220902612825 0.6234375 0.37292161520190026 0.625 0.3681710213776722 0.6234375 0.36104513064133015 0.61875 0.35629453681710216 0.6140625 0.37054631828978624 0.6171875 0.3824228028503563 0.621875 0.38717339667458434 0.61875 0.38954869358669836 0.61875 0.39429928741092635 0.6234375 0.40380047505938244 0.6140625 0.4156769596199525 0.6125 0.42280285035629456 0.6140625 0.4251781472684085 0.6109375 0.43942992874109266 0.6 0.4513064133016627 0.5875 0.4513064133016627 0.5796875 0.4418052256532066 0.578125 0.4346793349168646 0.578125 0.42042755344418054 0.5796875 0.4180522565320665 0.578125 0.4085510688836104 0.571875 0.4014251781472684 0.578125 0.39667458432304037 0.5796875 0.3919239904988123 0.578125 0.3657957244655582 0.58125 0.35391923990498814 0.5828125 0.31353919239904987 0.5859375 0.30641330166270786 0.584375 0.3016627078384798 0.584375 0.2850356294536817 0.575 0.29453681710213775 0.5703125 0.28978622327790976 0.578125 0.28028503562945367 0.5703125 0.2826603325415677 0.56875 0.27790973871733965 0.5703125 0.27315914489311166
2 0.746875 0.4845605700712589 0.7453125 0.505938242280285 0.74375 0.5083135391923991 0.74375 0.5581947743467933 0.746875 0.5676959619952494 0.746875 0.5748218527315915 0.74375 0.5866983372921615 0.74375 0.6057007125890737 0.740625 0.6199524940617577 0.740625 0.6579572446555819 0.7390625 0.667458432304038 0.73125 0.6817102137767221 0.721875 0.684085510688836 0.7171875 0.6912114014251781 0.7140625 0.7838479809976246 0.7125 0.7862232779097387 0.7140625 0.7980997624703088 0.7125 0.8004750593824228 0.7125 0.8598574821852731 0.7109375 0.8622327790973872 0.7109375 0.8764845605700713 0.7125 0.8788598574821853 0.7125 0.9358669833729216 0.7171875 0.9429928741092637 0.7296875 0.9429928741092637 0.740625 0.9334916864608076 0.7421875 0.9216152019002375 0.7453125 0.9144893111638955 0.753125 0.9239904988123515 0.7609375 0.9287410926365796 0.7765625 0.9287410926365796 0.784375 0.9239904988123515 0.7921875 0.9097387173396675 0.796875 0.8954869358669834 0.7984375 0.8764845605700713 0.803125 0.8669833729216152 0.828125 0.8693586698337292 0.834375 0.8598574821852731 0.8375 0.8479809976247031 0.8390625 0.8028503562945368 0.8421875 0.7933491686460807 0.8671875 0.7790973871733967 0.8703125 0.7719714964370546 0.871875 0.7624703087885986 0.871875 0.7149643705463183 0.8671875 0.7007125890736342 0.8671875 0.6864608076009501 0.884375 0.667458432304038 0.8875 0.6603325415676959 0.8875 0.6294536817102138 0.878125 0.5961995249406176 0.8796875 0.5843230403800475 0.884375 0.5748218527315915 0.884375 0.5605700712589073 0.8765625 0.5368171021377672 0.8609375 0.5225653206650831 0.85625 0.5225653206650831 0.846875 0.5154394299287411 0.84375 0.5106888361045131 0.8453125 0.501187648456057 0.8421875 0.4916864608076009 0.8328125 0.4821852731591449 0.815625 0.4750593824228028 0.803125 0.4750593824228028 0.7953125 0.47030878859857483 0.778125 0.4679334916864608 0.7765625 0.4655581947743468 0.775 0.4655581947743468 0.759375 0.46318289786223277 0.746875 0.4845605700712589
2 0.8984375 0.28741092636579574 0.8875 0.30403800475059384 0.8859375 0.31116389548693585 0.88125 0.3182897862232779 0.86875 0.3182897862232779 0.865625 0.3159144893111639 0.859375 0.32066508313539194 0.8578125 0.3254156769596199 0.8640625 0.32779097387173395 0.86875 0.32304038004750596 0.8734375 0.32304038004750596 0.878125 0.33016627078384797 0.8875 0.332541567695962 0.9046875 0.3491686460807601 0.925 0.38004750593824227 0.9359375 0.40380047505938244 0.9625 0.44655581947743467 0.9875 0.4845605700712589 0.9984375 0.49643705463182897 0.9984375 0.31353919239904987 0.9921875 0.30641330166270786 0.975 0.30403800475059384 0.9734375 0.3016627078384798 0.95 0.3016627078384798 0.9390625 0.29691211401425177 0.9203125 0.2992874109263658 0.9125 0.28741092636579574 0.9109375 0.28741092636579574 0.9015625 0.2850356294536817 0.8984375 0.28741092636579574
2 0.0484375 0 0.0484375 0.0023752969121140144 0.053125 0.026128266033254157 0.0609375 0.03800475059382423 0.0765625 0.047505938242280284 0.0890625 0.0665083135391924 0.1015625 0.07125890736342043 0.103125 0.0688836104513064 0.1171875 0.0665083135391924 0.125 0.07363420427553444 0.1421875 0.07600950118764846 0.15625 0.0688836104513064 0.1671875 0.0688836104513064 0.1765625 0.06175771971496437 0.190625 0.057007125890736345 0.196875 0.052256532066508314 0.203125 0.04275534441805225 0.2140625 0.035629453681710214 0.2359375 0.0332541567695962 0.2515625 0.023752969121140142 0.2671875 0.023752969121140142 0.2796875 0.011876484560570071 0.2859375 0 0.0484375 0
2 0.259375 0.035629453681710214 0.2515625 0.035629453681710214 0.234375 0.04513064133016627 0.2296875 0.04275534441805225 0.2125 0.04275534441805225 0.2015625 0.052256532066508314 0.1953125 0.0688836104513064 0.1921875 0.07125890736342043 0.178125 0.07125890736342043 0.16875 0.08076009501187649 0.165625 0.08788598574821853 0.1640625 0.1163895486935867 0.1609375 0.12589073634204276 0.1578125 0.12826603325415678 0.1359375 0.12826603325415678 0.1296875 0.1330166270783848 0.121875 0.14726840855106887 0.1234375 0.17577197149643706 0.1203125 0.18052256532066507 0.1 0.18527315914489312 0.0921875 0.19002375296912113 0.084375 0.1995249406175772 0.08125 0.21377672209026127 0.0765625 0.22327790973871733 0.0609375 0.2327790973871734 0.053125 0.24465558194774348 0.0515625 0.2517814726840855 0.05625 0.2755344418052256 0.0421875 0.2992874109263658 0.040625 0.30641330166270786 0.0234375 0.33966745843230406 0.0234375 0.34441805225653205 0.034375 0.3586698337292161 0.0234375 0.3824228028503563 0.0234375 0.3919239904988123 0.028125 0.39667458432304037 0.028125 0.40380047505938244 0.025 0.4085510688836104 0.0234375 0.42755344418052255 0.0265625 0.4323040380047506 0.034375 0.4346793349168646 0.0359375 0.43942992874109266 0.0515625 0.4489311163895487 0.0546875 0.45368171021377673 0.05625 0.4679334916864608 0.0640625 0.4750593824228028 0.0703125 0.47743467933491684 0.09375 0.47743467933491684 0.0953125 0.4750593824228028 0.109375 0.47268408551068886 0.121875 0.46318289786223277 0.13125 0.43705463182897863 0.1390625 0.42280285035629456 0.1390625 0.3824228028503563 0.1453125 0.3657957244655582 0.1421875 0.334916864608076 0.15 0.32066508313539194 0.159375 0.3159144893111639 0.1671875 0.30403800475059384 0.171875 0.27790973871733965 0.178125 0.2660332541567696 0.1875 0.2589073634204275 0.1921875 0.2589073634204275 0.2 0.2684085510688836 0.2140625 0.26365795724465557 0.2203125 0.2589073634204275 0.23125 0.24228028503562946 0.2390625 0.23515439429928742 0.2453125 0.22327790973871733 0.2546875 0.22327790973871733 0.259375 0.22802850356294538 0.2796875 0.2589073634204275 0.2890625 0.2589073634204275 0.29375 0.25415676959619954 0.2921875 0.23040380047505937 0.3 0.21852731591448932 0.3265625 0.2209026128266033 0.33125 0.2161520190023753 0.3328125 0.21852731591448932 0.3453125 0.21852731591448932 0.3546875 0.20902612826603326 0.3515625 0.17339667458432304 0.346875 0.15201900237529692 0.3421875 0.14014251781472684 0.3421875 0.13539192399049882 0.3390625 0.13064133016627077 0.3390625 0.12589073634204276 0.3203125 0.0855106888361045 0.3140625 0.07363420427553444 0.2984375 0.057007125890736345 0.2875 0.052256532066508314 0.26875 0.035629453681710214 0.2671875 0.035629453681710214 0.2609375 0.0332541567695962 0.259375 0.035629453681710214
2 0.2203125 0.2660332541567696 0.2109375 0.27078384798099764 0.2046875 0.28028503562945367 0.1796875 0.2826603325415677 0.175 0.28741092636579574 0.175 0.29453681710213775 0.16875 0.31116389548693585 0.1640625 0.3182897862232779 0.1515625 0.32779097387173395 0.15 0.334916864608076 0.15 0.36342042755344417 0.14375 0.38004750593824227 0.14375 0.42042755344418054 0.13125 0.4489311163895487 0.1296875 0.4655581947743468 0.14375 0.48931116389548696 0.153125 0.498812351543943 0.153125 0.5296912114014252 0.1578125 0.5368171021377672 0.165625 0.5391923990498813 0.16875 0.5439429928741093 0.175 0.5463182897862233 0.1953125 0.5748218527315915 0.2015625 0.5771971496437055 0.2234375 0.5771971496437055 0.225 0.5748218527315915 0.2390625 0.5724465558194775 0.2640625 0.5819477434679335 0.2828125 0.5748218527315915 0.30625 0.5724465558194775 0.321875 0.5629453681710214 0.3359375 0.5439429928741093 0.35625 0.5225653206650831 0.3625 0.5130641330166271 0.3671875 0.49643705463182897 0.384375 0.47268408551068886 0.3921875 0.47268408551068886 0.4078125 0.4916864608076009 0.4078125 0.5154394299287411 0.4109375 0.5201900237529691 0.4109375 0.5249406175771971 0.4171875 0.5344418052256532 0.421875 0.5296912114014252 0.425 0.5344418052256532 0.4265625 0.5296912114014252 0.4140625 0.5106888361045131 0.421875 0.505938242280285 0.428125 0.517814726840855 0.434375 0.517814726840855 0.4359375 0.5154394299287411 0.4359375 0.505938242280285 0.4328125 0.4916864608076009 0.4390625 0.47980997624703087 0.4421875 0.46080760095011875 0.446875 0.44655581947743467 0.4453125 0.4156769596199525 0.446875 0.41330166270783847 0.446875 0.39429928741092635 0.45 0.3847980997624703 0.45 0.3586698337292161 0.440625 0.334916864608076 0.428125 0.31353919239904987 0.4265625 0.29691211401425177 0.421875 0.27790973871733965 0.4125 0.2660332541567696 0.4078125 0.2660332541567696 0.4046875 0.2684085510688836 0.4 0.28028503562945367 0.396875 0.3087885985748218 0.390625 0.32304038004750596 0.3875 0.3254156769596199 0.3796875 0.35629453681710216 0.3640625 0.38004750593824227 0.353125 0.38717339667458434 0.3484375 0.39429928741092635 0.3453125 0.39429928741092635 0.34375 0.3990498812351544 0.33125 0.40617577197149646 0.325 0.40617577197149646 0.315625 0.38004750593824227 0.309375 0.37054631828978624 0.2984375 0.36104513064133015 0.29375 0.3586698337292161 0.2734375 0.3586698337292161 0.271875 0.36104513064133015 0.265625 0.36104513064133015 0.2609375 0.35629453681710216 0.259375 0.34679334916864607 0.25625 0.3515439429928741 0.246875 0.34441805225653205 0.23125 0.32066508313539194 0.2234375 0.3254156769596199 0.2203125 0.32066508313539194 0.20625 0.32304038004750596 0.2 0.32066508313539194 0.196875 0.31116389548693585 0.19375 0.31116389548693585 0.1890625 0.30403800475059384 0.2 0.2850356294536817 0.209375 0.2850356294536817 0.2109375 0.2826603325415677 0.215625 0.2850356294536817 0.21875 0.29691211401425177 0.234375 0.29691211401425177 0.2390625 0.2992874109263658 0.240625 0.29691211401425177 0.25 0.29691211401425177 0.2515625 0.28978622327790976 0.2484375 0.28978622327790976 0.2421875 0.28028503562945367 0.240625 0.27315914489311166 0.2359375 0.27315914489311166 0.2328125 0.2684085510688836 0.24375 0.2589073634204275 0.240625 0.2589073634204275 0.2390625 0.2589073634204275 0.2296875 0.2660332541567696 0.2203125 0.2660332541567696
2 0.834375 0.18052256532066507 0.834375 0.17339667458432304 0.828125 0.16152019002375298 0.8234375 0.15914489311163896 0.8125 0.15914489311163896 0.7953125 0.166270783847981 0.778125 0.19002375296912113 0.771875 0.2209026128266033 0.7625 0.2327790973871734 0.7609375 0.28741092636579574 0.75625 0.3087885985748218 0.75625 0.33016627078384797 0.753125 0.3491686460807601 0.7421875 0.3657957244655582 0.734375 0.37054631828978624 0.725 0.3657957244655582 0.7171875 0.3491686460807601 0.7234375 0.30641330166270786 0.721875 0.2850356294536817 0.71875 0.2755344418052256 0.709375 0.26128266033254155 0.69375 0.2494061757719715 0.690625 0.2660332541567696 0.6890625 0.3824228028503563 0.6875 0.3847980997624703 0.6875 0.42755344418052255 0.6859375 0.42992874109263657 0.6859375 0.45368171021377673 0.684375 0.4584323040380047 0.6859375 0.4679334916864608 0.690625 0.47268408551068886 0.6953125 0.4750593824228028 0.7109375 0.4750593824228028 0.7125 0.47268408551068886 0.7203125 0.47268408551068886 0.7296875 0.4655581947743468 0.740625 0.44418052256532065 0.746875 0.44418052256532065 0.7515625 0.4489311163895487 0.7609375 0.44655581947743467 0.775 0.4323040380047506 0.7921875 0.40617577197149646 0.8125 0.39429928741092635 0.828125 0.37054631828978624 0.825 0.3515439429928741 0.8265625 0.33966745843230406 0.840625 0.3254156769596199 0.84375 0.3254156769596199 0.8515625 0.3182897862232779 0.8609375 0.30403800475059384 0.8625 0.28028503562945367 0.853125 0.26365795724465557 0.846875 0.2589073634204275 0.846875 0.25415676959619954 0.8515625 0.24228028503562946 0.8515625 0.23040380047505937 0.8453125 0.2209026128266033 0.834375 0.2161520190023753 0.8328125 0.2161520190023753 0.8296875 0.19477434679334918 0.834375 0.18052256532066507
2 0.5453125 0 0.5453125 0.0023752969121140144 0.5375 0.007125890736342043 0.5390625 0.0332541567695962 0.534375 0.04275534441805225 0.525 0.0498812351543943 0.5171875 0.07125890736342043 0.515625 0.0831353919239905 0.51875 0.09263657957244656 0.528125 0.10688836104513064 0.5296875 0.1187648456057007 0.5328125 0.12351543942992874 0.5375 0.14251781472684086 0.5390625 0.15676959619952494 0.54375 0.16152019002375298 0.5515625 0.16152019002375298 0.553125 0.16389548693586697 0.5640625 0.15914489311163896 0.571875 0.14489311163895488 0.575 0.14489311163895488 0.571875 0.13064133016627077 0.56875 0.12589073634204276 0.565625 0.10688836104513064 0.565625 0.09026128266033254 0.5640625 0.0855106888361045 0.5671875 0.07363420427553444 0.578125 0.06413301662707839 0.5875 0.06413301662707839 0.5890625 0.0665083135391924 0.6046875 0.0688836104513064 0.6140625 0.07600950118764846 0.615625 0.08076009501187649 0.621875 0.08076009501187649 0.625 0.07125890736342043 0.6234375 0.06413301662707839 0.6265625 0.057007125890736345 0.6265625 0.028503562945368172 0.625 0.021377672209026127 0.6265625 0.011876484560570071 0.60625 0.004750593824228029 0.6046875 0.007125890736342043 0.5984375 0.007125890736342043 0.5921875 0.004750593824228029 0.5890625 0 0.5453125 0
2 0.6359375 0.035629453681710214 0.628125 0.06413301662707839 0.6265625 0.07838479809976247 0.63125 0.0855106888361045 0.6390625 0.0855106888361045 0.64375 0.08076009501187649 0.6546875 0.08076009501187649 0.665625 0.09501187648456057 0.671875 0.09501187648456057 0.684375 0.08788598574821853 0.690625 0.07125890736342043 0.6765625 0.04275534441805225 0.671875 0.03800475059382423 0.665625 0.040380047505938245 0.6546875 0.023752969121140142 0.653125 0.023752969121140142 0.646875 0.021377672209026127 0.6359375 0.035629453681710214
2 0.6390625 0.030878859857482184 0.6328125 0.04513064133016627 0.6328125 0.052256532066508314 0.6265625 0.08076009501187649 0.6203125 0.08788598574821853 0.6171875 0.08788598574821853 0.6109375 0.07600950118764846 0.596875 0.0688836104513064 0.575 0.0688836104513064 0.56875 0.07600950118764846 0.5671875 0.08076009501187649 0.5671875 0.0997624703087886 0.5703125 0.11163895486935867 0.5703125 0.12351543942992874 0.5734375 0.12589073634204276 0.575 0.1330166270783848 0.584375 0.1496437054631829 0.584375 0.166270783847981 0.58125 0.171021377672209 0.5859375 0.171021377672209 0.5875 0.17814726840855108 0.5828125 0.1828978622327791 0.58125 0.19239904988123516 0.584375 0.19239904988123516 0.5859375 0.19714964370546317 0.584375 0.1995249406175772 0.578125 0.19714964370546317 0.5765625 0.19239904988123516 0.571875 0.19239904988123516 0.565625 0.20190023752969122 0.5671875 0.21140142517814728 0.5640625 0.2161520190023753 0.578125 0.2327790973871734 0.5859375 0.2375296912114014 0.5921875 0.2375296912114014 0.590625 0.23515439429928742 0.5921875 0.2327790973871734 0.6109375 0.23515439429928742 0.609375 0.23040380047505937 0.6125 0.22327790973871733 0.615625 0.22802850356294538 0.6234375 0.22802850356294538 0.6265625 0.23515439429928742 0.6265625 0.24465558194774348 0.6234375 0.25415676959619954 0.6234375 0.2660332541567696 0.6328125 0.2921615201900237 0.6484375 0.31116389548693585 0.6640625 0.31353919239904987 0.6765625 0.3016627078384798 0.6828125 0.2921615201900237 0.6859375 0.27790973871733965 0.6859375 0.25415676959619954 0.6828125 0.24465558194774348 0.6890625 0.23515439429928742 0.6921875 0.23515439429928742 0.703125 0.2494061757719715 0.7109375 0.25415676959619954 0.725 0.25415676959619954 0.7390625 0.2589073634204275 0.75625 0.25653206650831356 0.759375 0.2517814726840855 0.759375 0.23040380047505937 0.7625 0.22327790973871733 0.765625 0.22327790973871733 0.76875 0.20902612826603326 0.7671875 0.20190023752969122 0.771875 0.19239904988123516 0.771875 0.18527315914489312 0.7796875 0.17814726840855108 0.7796875 0.171021377672209 0.7828125 0.16864608076009502 0.7828125 0.16389548693586697 0.7859375 0.15914489311163896 0.7953125 0.1496437054631829 0.7984375 0.14014251781472684 0.7984375 0.1330166270783848 0.7875 0.10926365795724466 0.7703125 0.09263657957244656 0.75625 0.0688836104513064 0.753125 0.06175771971496437 0.7515625 0.03800475059382423 0.7453125 0.026128266033254157 0.7296875 0.023752969121140142 0.7234375 0.026128266033254157 0.7171875 0.030878859857482184 0.7015625 0.057007125890736345 0.6953125 0.06175771971496437 0.6859375 0.06175771971496437 0.6734375 0.040380047505938245 0.6640625 0.03800475059382423 0.6578125 0.026128266033254157 0.6515625 0.021377672209026127 0.65 0.021377672209026127 0.64375 0.023752969121140142 0.6390625 0.030878859857482184
2 0.425 0 0.425 0.0023752969121140144 0.4234375 0.004750593824228029 0.4234375 0.0166270783847981 0.4296875 0.052256532066508314 0.4375 0.06413301662707839 0.4453125 0.0665083135391924 0.4515625 0.07363420427553444 0.4671875 0.07363420427553444 0.471875 0.08788598574821853 0.4765625 0.09263657957244656 0.484375 0.09263657957244656 0.4984375 0.08076009501187649 0.509375 0.07838479809976247 0.5171875 0.0665083135391924 0.5234375 0.04513064133016627 0.5359375 0.0332541567695962 0.5359375 0.026128266033254157 0.5328125 0.014251781472684086 0.534375 0 0.4890625 0 0.4875 0.004750593824228029 0.48125 0.004750593824228029 0.4765625 0 0.425 0
2 0.5609375 0.1995249406175772 0.5609375 0.21377672209026127 0.5640625 0.2209026128266033 0.5859375 0.23990498812351543 0.6140625 0.24228028503562946 0.6203125 0.22802850356294538 0.6171875 0.21852731591448932 0.6171875 0.20665083135391923 0.6203125 0.19239904988123516 0.61875 0.19002375296912113 0.61875 0.17814726840855108 0.6125 0.166270783847981 0.5953125 0.15914489311163896 0.59375 0.15914489311163896 0.5859375 0.15914489311163896 0.5609375 0.1995249406175772
2 0.428125 0.6033254156769596 0.425 0.6080760095011877 0.4140625 0.6413301662707839 0.4140625 0.6460807600950119 0.40625 0.6579572446555819 0.39375 0.665083135391924 0.3828125 0.6817102137767221 0.38125 0.6888361045130641 0.3859375 0.6959619952494062 0.375 0.7125890736342043 0.3734375 0.7220902612826603 0.375 0.7268408551068883 0.39375 0.7410926365795725 0.4046875 0.7410926365795725 0.4078125 0.7458432304038005 0.4078125 0.7648456057007126 0.409375 0.7695961995249406 0.4203125 0.7767220902612827 0.4453125 0.7790973871733967 0.4515625 0.7743467933491687 0.459375 0.7624703087885986 0.4671875 0.7410926365795725 0.484375 0.7434679334916865 0.4921875 0.7292161520190024 0.503125 0.7007125890736342 0.5046875 0.6864608076009501 0.5078125 0.6793349168646081 0.5078125 0.6532066508313539 0.5140625 0.6389548693586699 0.5078125 0.6294536817102138 0.4953125 0.6223277909738717 0.484375 0.6294536817102138 0.4734375 0.6294536817102138 0.446875 0.6080760095011877 0.4453125 0.6080760095011877 0.4359375 0.6033254156769596 0.428125 0.6033254156769596
2 0.4921875 0.12589073634204276 0.4859375 0.12589073634204276 0.471875 0.14014251781472684 0.46875 0.1543942992874109 0.4625 0.16389548693586697 0.4625 0.171021377672209 0.46875 0.17814726840855108 0.46875 0.1828978622327791 0.4734375 0.19002375296912113 0.478125 0.19239904988123516 0.4734375 0.19477434679334918 0.4734375 0.1995249406175772 0.4703125 0.2042755344418052 0.46875 0.1995249406175772 0.4625 0.19714964370546317 0.45625 0.1876484560570071 0.453125 0.19239904988123516 0.453125 0.1995249406175772 0.4484375 0.2161520190023753 0.4421875 0.22327790973871733 0.434375 0.22327790973871733 0.4234375 0.21140142517814728 0.415625 0.21140142517814728 0.4109375 0.2161520190023753 0.4046875 0.2375296912114014 0.4046875 0.2494061757719715 0.4109375 0.2517814726840855 0.428125 0.2755344418052256 0.428125 0.2850356294536817 0.43125 0.28978622327790976 0.4328125 0.30641330166270786 0.4375 0.32066508313539194 0.4484375 0.33966745843230406 0.45625 0.36342042755344417 0.4546875 0.38717339667458434 0.4515625 0.3990498812351544 0.453125 0.4513064133016627 0.44375 0.4821852731591449 0.44375 0.49406175771971494 0.440625 0.5083135391923991 0.4421875 0.5225653206650831 0.4375 0.5320665083135392 0.4328125 0.5344418052256532 0.428125 0.5415676959619953 0.428125 0.5581947743467933 0.4265625 0.5605700712589073 0.421875 0.5605700712589073 0.41875 0.5558194774346793 0.4171875 0.5700712589073634 0.421875 0.5819477434679335 0.4296875 0.5938242280285035 0.4421875 0.6009501187648456 0.446875 0.6009501187648456 0.4671875 0.6199524940617577 0.484375 0.6223277909738717 0.4984375 0.6152019002375297 0.521875 0.6342042755344418 0.53125 0.6342042755344418 0.5328125 0.6365795724465558 0.540625 0.6342042755344418 0.5453125 0.6270783847980997 0.5515625 0.6247030878859857 0.575 0.6460807600950119 0.5828125 0.6460807600950119 0.5953125 0.6389548693586699 0.6015625 0.6294536817102138 0.6015625 0.6199524940617577 0.6046875 0.6152019002375297 0.615625 0.6152019002375297 0.6265625 0.6080760095011877 0.634375 0.5961995249406176 0.6359375 0.5890736342042755 0.634375 0.5581947743467933 0.6375 0.5463182897862233 0.6375 0.5344418052256532 0.6359375 0.5320665083135392 0.6359375 0.5130641330166271 0.634375 0.5106888361045131 0.63125 0.44655581947743467 0.6296875 0.44418052256532065 0.6296875 0.4180522565320665 0.6265625 0.4085510688836104 0.6265625 0.38954869358669836 0.625 0.38717339667458434 0.6265625 0.3847980997624703 0.6265625 0.3752969121140142 0.621875 0.3586698337292161 0.6171875 0.3586698337292161 0.6140625 0.3657957244655582 0.615625 0.37292161520190026 0.6140625 0.37767220902612825 0.61875 0.38717339667458434 0.61875 0.39667458432304037 0.6234375 0.40617577197149646 0.6125 0.4180522565320665 0.6140625 0.4251781472684085 0.609375 0.4418052256532066 0.5984375 0.4513064133016627 0.5890625 0.4513064133016627 0.584375 0.4489311163895487 0.5796875 0.4418052256532066 0.578125 0.42042755344418054 0.5796875 0.4180522565320665 0.578125 0.4156769596199525 0.5796875 0.41092636579572445 0.578125 0.40617577197149646 0.58125 0.39429928741092635 0.5796875 0.3752969121140142 0.58125 0.37292161520190026 0.5796875 0.37054631828978624 0.5796875 0.36104513064133015 0.58125 0.3586698337292161 0.58125 0.33729216152019004 0.584375 0.3254156769596199 0.584375 0.31116389548693585 0.5859375 0.3087885985748218 0.5859375 0.26365795724465557 0.58125 0.2517814726840855 0.58125 0.24465558194774348 0.559375 0.2209026128266033 0.5546875 0.20665083135391923 0.55625 0.1995249406175772 0.5609375 0.19239904988123516 0.559375 0.18527315914489312 0.5609375 0.1828978622327791 0.5640625 0.18527315914489312 0.5671875 0.1828978622327791 0.5671875 0.17814726840855108 0.55625 0.16864608076009502 0.5359375 0.16389548693586697 0.5328125 0.15914489311163896 0.5328125 0.14014251781472684 0.5296875 0.12826603325415678 0.5234375 0.1187648456057007 0.51875 0.1163895486935867 0.5171875 0.1163895486935867 0.509375 0.1163895486935867 0.4921875 0.12589073634204276
2 0.6 0.0688836104513064 0.578125 0.0665083135391924 0.5671875 0.07600950118764846 0.565625 0.09501187648456057 0.5671875 0.09738717339667459 0.5671875 0.11163895486935867 0.5703125 0.12351543942992874 0.578125 0.14014251781472684 0.584375 0.14726840855106887 0.590625 0.14726840855106887 0.596875 0.15201900237529692 0.6125 0.15201900237529692 0.6171875 0.14726840855106887 0.6171875 0.13539192399049882 0.6203125 0.12826603325415678 0.6296875 0.1163895486935867 0.63125 0.10926365795724466 0.6296875 0.1021377672209026 0.628125 0.1021377672209026 0.609375 0.07363420427553444 0.6 0.0688836104513064