1 0.453125 0.29107981220657275 0.4453125 0.29107981220657275 0.4390625 0.29577464788732394 0.434375 0.29577464788732394 0.428125 0.3004694835680751 0.4234375 0.30985915492957744 0.4046875 0.3145539906103286 0.3890625 0.3286384976525822 0.3875 0.3380281690140845 0.3734375 0.3591549295774648 0.36875 0.3826291079812207 0.3625 0.392018779342723 0.3546875 0.41784037558685444 0.353125 0.4413145539906103 0.35 0.45305164319248825 0.3515625 0.45539906103286387 0.3453125 0.4788732394366197 0.3484375 0.48826291079812206 0.346875 0.49295774647887325 0.3484375 0.4953051643192488 0.346875 0.49765258215962443 0.34375 0.5305164319248826 0.346875 0.5516431924882629 0.353125 0.568075117370892 0.353125 0.5868544600938967 0.35 0.5985915492957746 0.3515625 0.6572769953051644 0.3578125 0.6807511737089202 0.36875 0.7018779342723005 0.36875 0.7089201877934272 0.378125 0.7347417840375586 0.390625 0.7464788732394366 0.4078125 0.7723004694835681 0.4265625 0.7863849765258216 0.4359375 0.7887323943661971 0.440625 0.7934272300469484 0.4515625 0.7934272300469484 0.4734375 0.8028169014084507 0.4890625 0.8028169014084507 0.4921875 0.8004694835680751 0.49375 0.8028169014084507 0.4953125 0.8004694835680751 0.50625 0.8004694835680751 0.51875 0.7934272300469484 0.5296875 0.7934272300469484 0.54375 0.7863849765258216 0.55625 0.7746478873239436 0.5609375 0.7746478873239436 0.58125 0.7535211267605634 0.5984375 0.7417840375586855 0.6140625 0.7183098591549296 0.634375 0.676056338028169 0.634375 0.6666666666666666 0.6421875 0.6408450704225352 0.6546875 0.6220657276995305 0.6609375 0.5985915492957746 0.665625 0.5892018779342723 0.66875 0.5704225352112676 0.66875 0.5539906103286385 0.6703125 0.5516431924882629 0.66875 0.5211267605633803 0.6703125 0.5140845070422535 0.665625 0.4859154929577465 0.6578125 0.4671361502347418 0.6578125 0.45539906103286387 0.646875 0.4272300469483568 0.6453125 0.41784037558685444 0.63125 0.38967136150234744 0.6265625 0.3732394366197183 0.6234375 0.37089201877934275 0.6140625 0.34976525821596244 0.60625 0.3380281690140845 0.5703125 0.3028169014084507 0.5453125 0.3004694835680751 0.5375 0.29577464788732394 0.496875 0.2863849765258216 0.4953125 0.284037558685446 0.4765625 0.2863849765258216 0.475 0.284037558685446 0.4734375 0.284037558685446 0.4625 0.284037558685446 0.453125 0.29107981220657275
5 0 0.9976525821596244 0.0140625 0.9976525821596244 0.0296875 0.960093896713615 0.034375 0.9436619718309859 0.0609375 0.8849765258215962 0.0828125 0.8427230046948356 0.10625 0.8051643192488263 0.1703125 0.7112676056338029 0.1828125 0.6971830985915493 0.1859375 0.6901408450704225 0.190625 0.687793427230047 0.221875 0.647887323943662 0.2328125 0.6384976525821596 0.25 0.6173708920187794 0.2890625 0.5892018779342723 0.3 0.5657276995305164 0.3109375 0.5610328638497653 0.315625 0.5539906103286385 0.31875 0.5422535211267606 0.3171875 0.5352112676056338 0.315625 0.5352112676056338 0.3046875 0.5352112676056338 0.2796875 0.5446009389671361 0.259375 0.5563380281690141 0.2390625 0.5727699530516432 0.2359375 0.5727699530516432 0.23125 0.57981220657277 0.20625 0.6009389671361502 0.1984375 0.6126760563380281 0.18125 0.6291079812206573 0.1765625 0.6384976525821596 0.15 0.6666666666666666 0.1390625 0.6854460093896714 0.0984375 0.7394366197183099 0.05 0.8192488262910798 0.01875 0.8826291079812206 0.003125 0.9225352112676056 0 0.9248826291079812 0 0.9976525821596244
5 0.684375 0.8896713615023474 0.684375 0.9154929577464789 0.678125 0.9389671361502347 0.6640625 0.971830985915493 0.6484375 0.9976525821596244 0.6765625 0.9976525821596244 0.6890625 0.9765258215962441 0.7 0.9507042253521126 0.715625 0.8943661971830986 0.715625 0.8873239436619719 0.703125 0.8873239436619719 0.6984375 0.8826291079812206 0.696875 0.8826291079812206 0.6875 0.8849765258215962 0.684375 0.8896713615023474
5 0.721875 0.5328638497652582 0.715625 0.5516431924882629 0.7046875 0.5704225352112676 0.696875 0.5915492957746479 0.675 0.6291079812206573 0.665625 0.6502347417840375 0.6109375 0.7323943661971831 0.5890625 0.7605633802816901 0.584375 0.7629107981220657 0.5390625 0.823943661971831 0.53125 0.8309859154929577 0.4109375 0.9953051643192489 0.4109375 0.9976525821596244 0.44375 0.9976525821596244 0.484375 0.9436619718309859 0.5125 0.9014084507042254 0.53125 0.8779342723004695 0.5375 0.8661971830985915 0.6296875 0.7488262910798122 0.6671875 0.6901408450704225 0.6703125 0.6737089201877934 0.70625 0.6291079812206573 0.7109375 0.6150234741784038 0.728125 0.5892018779342723 0.7328125 0.5751173708920188 0.7453125 0.5539906103286385 0.7515625 0.5375586854460094 0.753125 0.5328638497652582 0.7515625 0.5234741784037559 0.7453125 0.5140845070422535 0.74375 0.5140845070422535 0.7328125 0.5164319248826291 0.721875 0.5328638497652582
2 0.3375 0.715962441314554 0.3375 0.7629107981220657 0.334375 0.7769953051643192 0.3328125 0.8098591549295775 0.33125 0.812206572769953 0.3328125 0.8615023474178404 0.33125 0.863849765258216 0.33125 0.8849765258215962 0.325 0.9131455399061033 0.30625 0.9460093896713615 0.3171875 0.9460093896713615 0.33125 0.9389671361502347 0.3453125 0.92018779342723 0.35625 0.8967136150234741 0.3625 0.8661971830985915 0.3625 0.8474178403755869 0.3640625 0.8450704225352113 0.365625 0.7605633802816901 0.3640625 0.7582159624413145 0.3625 0.7347417840375586 0.353125 0.7065727699530516 0.3421875 0.6924882629107981 0.334375 0.6901408450704225 0.334375 0.6924882629107981 0.3359375 0.7136150234741784 0.3375 0.715962441314554
2 0.7078125 0.2746478873239437 0.7078125 0.3333333333333333 0.7046875 0.3474178403755869 0.703125 0.3779342723004695 0.7015625 0.38028169014084506 0.7015625 0.38497652582159625 0.7046875 0.38967136150234744 0.703125 0.3967136150234742 0.7046875 0.39906103286384975 0.7140625 0.39906103286384975 0.7234375 0.39436619718309857 0.734375 0.3779342723004695 0.734375 0.36384976525821594 0.7359375 0.3615023474178404 0.7328125 0.34976525821596244 0.734375 0.3474178403755869 0.73125 0.3403755868544601 0.728125 0.29107981220657275 0.7171875 0.2652582159624413 0.715625 0.2652582159624413 0.7125 0.26291079812206575 0.7078125 0.2746478873239437
2 0.846875 0.6338028169014085 0.84375 0.6314553990610329 0.8421875 0.6338028169014085 0.825 0.636150234741784 0.796875 0.6549295774647887 0.7796875 0.6737089201877934 0.778125 0.6924882629107981 0.7796875 0.6971830985915493 0.8078125 0.715962441314554 0.8125 0.7253521126760564 0.8125 0.7370892018779343 0.803125 0.7511737089201878 0.7765625 0.7699530516431925 0.7671875 0.784037558685446 0.765625 0.8051643192488263 0.76875 0.8098591549295775 0.784375 0.795774647887324 0.7875 0.795774647887324 0.803125 0.784037558685446 0.8203125 0.7652582159624414 0.8328125 0.7464788732394366 0.85625 0.6995305164319249 0.8640625 0.6713615023474179 0.8765625 0.6431924882629108 0.8765625 0.6384976525821596 0.875 0.6384976525821596 0.8640625 0.6314553990610329 0.846875 0.6338028169014085
2 0.69375 0.6901408450704225 0.6921875 0.6948356807511737 0.6921875 0.7253521126760564 0.6953125 0.744131455399061 0.7015625 0.7629107981220657 0.7125 0.7863849765258216 0.7171875 0.7910798122065728 0.7234375 0.8075117370892019 0.73125 0.8075117370892019 0.734375 0.812206572769953 0.7375 0.8098591549295775 0.7421875 0.8004694835680751 0.75625 0.7934272300469484 0.75625 0.7863849765258216 0.765625 0.7723004694835681 0.7984375 0.7511737089201878 0.809375 0.7347417840375586 0.8078125 0.7206572769953051 0.7921875 0.7065727699530516 0.7875 0.7065727699530516 0.78125 0.7018779342723005 0.759375 0.7018779342723005 0.746875 0.7089201877934272 0.7453125 0.704225352112676 0.746875 0.6971830985915493 0.740625 0.6854460093896714 0.728125 0.6784037558685446 0.7125 0.6784037558685446 0.7109375 0.676056338028169 0.709375 0.6784037558685446 0.6984375 0.6830985915492958 0.69375 0.6901408450704225
2 0.1984375 0.3591549295774648 0.190625 0.36384976525821594 0.178125 0.36384976525821594 0.171875 0.3685446009389671 0.1609375 0.38967136150234744 0.159375 0.4084507042253521 0.1609375 0.4107981220657277 0.1890625 0.4131455399061033 0.20625 0.4225352112676056 0.2203125 0.42488262910798125 0.2265625 0.4295774647887324 0.2375 0.4295774647887324 0.2390625 0.431924882629108 0.2484375 0.4272300469483568 0.2578125 0.41784037558685444 0.26875 0.4154929577464789 0.2703125 0.41784037558685444 0.2875 0.42018779342723006 0.3140625 0.43661971830985913 0.3171875 0.431924882629108 0.3203125 0.431924882629108 0.3203125 0.4225352112676056 0.3140625 0.4061032863849765 0.3078125 0.3967136150234742 0.290625 0.3826291079812207 0.2734375 0.3732394366197183 0.2453125 0.36384976525821594 0.2359375 0.36384976525821594 0.234375 0.3615023474178404 0.2328125 0.3615023474178404 0.2015625 0.3615023474178404 0.1984375 0.3591549295774648
2 0 0.08450704225352113 0.0015625 0.08450704225352113 0.0140625 0.07511737089201878 0.0265625 0.07042253521126761 0.04375 0.07276995305164319 0.0484375 0.06807511737089202 0.0484375 0.06103286384976526 0.040625 0.04929577464788732 0.0265625 0.046948356807511735 0.0109375 0.03990610328638498 0.009375 0.03990610328638498 0 0.04225352112676056 0 0.08450704225352113
2 0.3125 0.7875586854460094 0.05 0.20187793427230047
2 0.2765625 0.6995305164319249 0.2671875 0.704225352112676 0.2609375 0.7018779342723005 0.2515625 0.687793427230047 0.2625 0.6666666666666666 0.2546875 0.6690140845070423 0.225 0.6901408450704225 0.2046875 0.6924882629107981 0.203125 0.6948356807511737 0.1921875 0.6924882629107981 0.196875 0.7112676056338029 0.203125 0.7206572769953051 0.2125 0.7276995305164319 0.2171875 0.7300469483568075 0.2453125 0.7300469483568075 0.271875 0.7206572769953051 0.290625 0.704225352112676 0.3015625 0.6854460093896714 0.303125 0.676056338028169 0.3015625 0.676056338028169 0.2921875 0.6807511737089202 0.2765625 0.6995305164319249
2 0 0.24178403755868544 0.025 0.24178403755868544 0.0390625 0.2347417840375587 0.0515625 0.22300469483568075 0.08125 0.17370892018779344 0.0890625 0.15023474178403756 0.090625 0.13849765258215962 0.08125 0.13145539906103287 0.0734375 0.13145539906103287 0.0609375 0.12441314553990611 0.0515625 0.12441314553990611 0.05 0.12206572769953052 0.053125 0.11502347417840375 0.06875 0.1056338028169014 0.0734375 0.1056338028169014 0.0765625 0.10093896713615023 0.0765625 0.09624413145539906 0.065625 0.08450704225352113 0.046875 0.07746478873239436 0.0421875 0.07042253521126761 0.046875 0.06807511737089202 0.046875 0.06103286384976526 0.04375 0.0539906103286385 0.015625 0.04225352112676056 0 0.04225352112676056 0 0.04460093896713615 0 0.07746478873239436 0.0046875 0.07746478873239436 0.00625 0.08215962441314555 0 0.0892018779342723 0 0.24178403755868544
2 0.2890625 0.6173708920187794 0.2828125 0.6267605633802817 0.2828125 0.6314553990610329 0.2765625 0.647887323943662 0.265625 0.6643192488262911 0.225 0.6901408450704225 0.203125 0.6924882629107981 0.2015625 0.6948356807511737 0.1921875 0.6924882629107981 0.1921875 0.6971830985915493 0.196875 0.7112676056338029 0.203125 0.7206572769953051 0.2171875 0.7300469483568075 0.24375 0.7300469483568075 0.2453125 0.7276995305164319 0.2625 0.7253521126760564 0.2875 0.7065727699530516 0.3 0.687793427230047 0.303125 0.6737089201877934 0.31875 0.6572769953051644 0.3265625 0.6338028169014085 0.325 0.5985915492957746 0.31875 0.5821596244131455 0.315625 0.5774647887323944 0.309375 0.5751173708920188 0.3078125 0.5774647887323944 0.3015625 0.5774647887323944 0.296875 0.5821596244131455 0.296875 0.5845070422535211 0.29375 0.5892018779342723 0.2890625 0.6173708920187794
2 0.74375 0.715962441314554 0.74375 0.7253521126760564 0.7453125 0.7276995305164319 0.74375 0.7300469483568075 0.74375 0.7488262910798122 0.7484375 0.7605633802816901 0.7484375 0.7793427230046949 0.7578125 0.7816901408450704 0.765625 0.7723004694835681 0.8 0.7511737089201878 0.809375 0.7370892018779343 0.809375 0.7230046948356808 0.8015625 0.7136150234741784 0.7984375 0.7136150234741784 0.7921875 0.7065727699530516 0.775 0.6995305164319249 0.7734375 0.6995305164319249 0.753125 0.704225352112676 0.74375 0.715962441314554
2 0.296875 0.5821596244131455 0.290625 0.6032863849765259 0.290625 0.6103286384976526 0.2765625 0.647887323943662 0.253125 0.6854460093896714 0.253125 0.6901408450704225 0.2625 0.6995305164319249 0.271875 0.6995305164319249 0.278125 0.6971830985915493 0.290625 0.6807511737089202 0.315625 0.6619718309859155 0.321875 0.6525821596244131 0.3265625 0.6384976525821596 0.328125 0.6150234741784038 0.3265625 0.6126760563380281 0.3265625 0.6032863849765259 0.3203125 0.5892018779342723 0.3203125 0.5845070422535211 0.3125 0.5751173708920188 0.3109375 0.5751173708920188 0.3015625 0.5774647887323944 0.296875 0.5821596244131455
2 0.8109375 0.2511737089201878 0.8 0.2676056338028169 0.7890625 0.29107981220657275 0.7796875 0.323943661971831 0.7796875 0.33098591549295775 0.775 0.3427230046948357 0.775 0.352112676056338 0.771875 0.3615023474178404 0.771875 0.3755868544600939 0.784375 0.3873239436619718 0.7953125 0.4084507042253521 0.8 0.4084507042253521 0.8140625 0.39436619718309857 0.821875 0.3826291079812207 0.8296875 0.36384976525821594 0.84375 0.3427230046948357 0.846875 0.33098591549295775 0.853125 0.3215962441314554 0.853125 0.31690140845070425 0.859375 0.3004694835680751 0.8625 0.2887323943661972 0.8625 0.2605633802816901 0.859375 0.24647887323943662 0.8484375 0.22769953051643194 0.846875 0.22769953051643194 0.8296875 0.2347417840375587 0.8109375 0.2511737089201878
2 0.7078125 0.6455399061032864 0.709375 0.647887323943662 0.709375 0.6713615023474179 0.7109375 0.6737089201877934 0.7265625 0.676056338028169 0.728125 0.6737089201877934 0.728125 0.6572769953051644 0.7234375 0.6244131455399061 0.7234375 0.6103286384976526 0.7203125 0.6056338028169014 0.7203125 0.607981220657277 0.709375 0.6244131455399061 0.7078125 0.6455399061032864
2 0.315625 0.1431924882629108 0.31875 0.1572769953051643 0.31875 0.19248826291079812 0.3171875 0.19483568075117372 0.3171875 0.215962441314554 0.315625 0.21830985915492956 0.315625 0.2863849765258216 0.31875 0.3004694835680751 0.31875 0.30985915492957744 0.325 0.33098591549295775 0.325 0.3380281690140845 0.334375 0.3685446009389671 0.33125 0.3826291079812207 0.3328125 0.39436619718309857 0.33125 0.3967136150234742 0.33125 0.4061032863849765 0.334375 0.4084507042253521 0.3390625 0.4061032863849765 0.3484375 0.4107981220657277 0.353125 0.4061032863849765 0.35625 0.39436619718309857 0.3671875 0.37089201877934275 0.3703125 0.3591549295774648 0.3703125 0.3474178403755869 0.3671875 0.3286384976525822 0.3640625 0.3215962441314554 0.359375 0.2793427230046948 0.35625 0.2676056338028169 0.3546875 0.23943661971830985 0.346875 0.19014084507042253 0.346875 0.1784037558685446 0.340625 0.14553990610328638 0.340625 0.13380281690140844 0.328125 0.11032863849765258 0.3203125 0.1056338028169014 0.31875 0.1056338028169014 0.315625 0.107981220657277 0.315625 0.1431924882629108
2 0.90625 0.32629107981220656 0.8921875 0.32629107981220656 0.878125 0.33098591549295775 0.8546875 0.34976525821596244 0.834375 0.38967136150234744 0.825 0.42488262910798125 0.825 0.43427230046948356 0.8296875 0.4413145539906103 0.8296875 0.45305164319248825 0.83125 0.45539906103286387 0.8359375 0.45539906103286387 0.8421875 0.4460093896713615 0.85625 0.43661971830985913 0.8734375 0.42018779342723006 0.9046875 0.3732394366197183 0.9296875 0.3427230046948357 0.9375 0.3286384976525822 0.9359375 0.32629107981220656 0.9078125 0.323943661971831 0.90625 0.32629107981220656
2 0.690625 0.6572769953051644 0.6796875 0.6643192488262911 0.675 0.6713615023474179 0.6671875 0.6948356807511737 0.634375 0.7464788732394366 0.634375 0.7652582159624414 0.6390625 0.7934272300469484 0.6453125 0.8028169014084507 0.6515625 0.8028169014084507 0.6546875 0.7981220657276995 0.665625 0.795774647887324 0.66875 0.7910798122065728 0.6734375 0.7723004694835681 0.6890625 0.7347417840375586 0.6875 0.6995305164319249 0.690625 0.6901408450704225 0.6984375 0.6784037558685446 0.703125 0.676056338028169 0.7046875 0.6713615023474179 0.7046875 0.6455399061032864 0.703125 0.6431924882629108 0.7015625 0.6431924882629108 0.696875 0.6455399061032864 0.690625 0.6572769953051644
2 0.64375 0.647887323943662 0.6375 0.6666666666666666 0.6359375 0.6854460093896714 0.6390625 0.6854460093896714 0.665625 0.647887323943662 0.671875 0.6291079812206573 0.6828125 0.6126760563380281 0.6828125 0.6032863849765259 0.6796875 0.5985915492957746 0.66875 0.607981220657277 0.6609375 0.607981220657277 0.6609375 0.6103286384976526 0.6546875 0.6291079812206573 0.64375 0.647887323943662
2 0.728125 0.22300469483568075 0.7296875 0.28169014084507044 0.728125 0.284037558685446 0.7234375 0.2793427230046948 0.7171875 0.2652582159624413 0.7125 0.2652582159624413 0.709375 0.2699530516431925 0.7078125 0.2981220657276995 0.709375 0.3075117370892019 0.7078125 0.30985915492957744 0.7078125 0.3333333333333333 0.70625 0.33568075117370894 0.7046875 0.3591549295774648 0.7 0.36619718309859156 0.6953125 0.36619718309859156 0.696875 0.38497652582159625 0.7 0.39436619718309857 0.703125 0.39906103286384975 0.7140625 0.39906103286384975 0.715625 0.3967136150234742 0.721875 0.3967136150234742 0.734375 0.38497652582159625 0.7390625 0.3779342723004695 0.7421875 0.36384976525821594 0.7484375 0.34976525821596244 0.7484375 0.3286384976525822 0.7515625 0.3145539906103286 0.7515625 0.2676056338028169 0.7421875 0.23708920187793428 0.734375 0.22300469483568075 0.7328125 0.22300469483568075 0.7296875 0.22065727699530516 0.728125 0.22300469483568075
2 0.728125 0.22065727699530516 0.728125 0.284037558685446 0.7296875 0.2863849765258216 0.73125 0.3215962441314554 0.740625 0.352112676056338 0.740625 0.36619718309859156 0.7484375 0.34976525821596244 0.7484375 0.3403755868544601 0.746875 0.3380281690140845 0.753125 0.31220657276995306 0.7515625 0.26291079812206575 0.7453125 0.24882629107981222 0.7421875 0.2347417840375587 0.740625 0.2347417840375587 0.73125 0.21830985915492956 0.728125 0.22065727699530516
2 0.77265625 0.28169014084507044 0.0453125 0.15023474178403756
2 0.2546875 0.4225352112676056 0.240625 0.4413145539906103 0.2390625 0.45305164319248825 0.24375 0.460093896713615 0.25 0.4835680751173709 0.259375 0.49765258215962443 0.275 0.5093896713615024 0.2921875 0.5140845070422535 0.309375 0.5234741784037559 0.3234375 0.5234741784037559 0.328125 0.5093896713615024 0.3296875 0.48826291079812206 0.3234375 0.45774647887323944 0.303125 0.431924882629108 0.278125 0.42018779342723006 0.2765625 0.42018779342723006 0.259375 0.42018779342723006 0.2546875 0.4225352112676056
2 0.8515625 0.4413145539906103 0.8421875 0.4460093896713615 0.834375 0.45539906103286387 0.8328125 0.45774647887323944 0.8328125 0.47417840375586856 0.8359375 0.47417840375586856 0.85625 0.45774647887323944 0.8765625 0.43661971830985913 0.8796875 0.431924882629108 0.8734375 0.4272300469483568 0.871875 0.4272300469483568 0.8671875 0.4272300469483568 0.8515625 0.4413145539906103
2 0.7546875 0.5563380281690141 0.7546875 0.5727699530516432 0.7515625 0.5845070422535211 0.7515625 0.6009389671361502 0.7484375 0.6197183098591549 0.7484375 0.6291079812206573 0.753125 0.636150234741784 0.753125 0.6431924882629108 0.7484375 0.6713615023474179 0.7453125 0.6784037558685446 0.7484375 0.6948356807511737 0.753125 0.6995305164319249 0.7578125 0.6995305164319249 0.759375 0.6971830985915493 0.765625 0.6971830985915493 0.771875 0.6901408450704225 0.7765625 0.6666666666666666 0.7765625 0.636150234741784 0.7703125 0.6032863849765259 0.7703125 0.5868544600938967 0.765625 0.5657276995305164 0.765625 0.5516431924882629 0.7640625 0.5516431924882629 0.7578125 0.5492957746478874 0.7546875 0.5563380281690141