2 0.6224899598393574 0.2453125 0.6224899598393574 0.2515625 0.6325301204819277 0.25625 0.6325301204819277 0.259375 0.6365461847389559 0.2625 0.642570281124498 0.2640625 0.642570281124498 0.2671875 0.6465863453815262 0.2703125 0.6526104417670683 0.271875 0.6526104417670683 0.275 0.6566265060240963 0.2765625 0.6566265060240963 0.2828125 0.6606425702811245 0.2828125 0.6626506024096386 0.2859375 0.6767068273092369 0.2859375 0.678714859437751 0.290625 0.6867469879518072 0.290625 0.6927710843373494 0.2953125 0.6927710843373494 0.2984375 0.6987951807228916 0.3 0.6987951807228916 0.303125 0.7028112449799196 0.30625 0.7088353413654619 0.3078125 0.7088353413654619 0.3109375 0.7128514056224899 0.3140625 0.7188755020080321 0.315625 0.7188755020080321 0.31875 0.7269076305220884 0.31875 0.7329317269076305 0.3234375 0.7329317269076305 0.3265625 0.7369477911646586 0.3265625 0.7429718875502008 0.33125 0.7429718875502008 0.3375 0.748995983935743 0.3390625 0.748995983935743 0.3421875 0.7570281124497992 0.3421875 0.7590361445783133 0.3453125 0.7771084337349398 0.3453125 0.7831325301204819 0.353125 0.7891566265060241 0.3546875 0.7891566265060241 0.3578125 0.7971887550200804 0.3578125 0.8032128514056225 0.3625 0.8032128514056225 0.365625 0.8072289156626506 0.365625 0.8092369477911646 0.36875 0.8172690763052208 0.36875 0.8192771084337349 0.3734375 0.8313253012048193 0.3734375 0.8333333333333334 0.3765625 0.8473895582329317 0.3765625 0.8493975903614458 0.38125 0.857429718875502 0.38125 0.8594377510040161 0.3765625 0.8634538152610441 0.3765625 0.8634538152610441 0.359375 0.8594377510040161 0.359375 0.8534136546184738 0.3515625 0.8473895582329317 0.35 0.8473895582329317 0.346875 0.8393574297188755 0.346875 0.8373493975903614 0.34375 0.8333333333333334 0.34375 0.8273092369477911 0.3359375 0.8192771084337349 0.3359375 0.8172690763052208 0.33125 0.8132530120481928 0.33125 0.8072289156626506 0.3265625 0.8072289156626506 0.3234375 0.8032128514056225 0.3234375 0.7971887550200804 0.31875 0.7971887550200804 0.315625 0.7911646586345381 0.3140625 0.7911646586345381 0.3078125 0.7811244979919679 0.303125 0.7771084337349398 0.2953125 0.7730923694779116 0.2953125 0.7710843373493976 0.2921875 0.7630522088353414 0.2921875 0.7570281124497992 0.284375 0.748995983935743 0.284375 0.7469879518072289 0.2796875 0.7429718875502008 0.2796875 0.7409638554216867 0.2765625 0.7329317269076305 0.2765625 0.7309236947791165 0.271875 0.7208835341365462 0.2671875 0.7208835341365462 0.2640625 0.7168674698795181 0.2609375 0.7108433734939759 0.259375 0.7108433734939759 0.25625 0.7028112449799196 0.25625 0.7008032128514057 0.253125 0.6927710843373494 0.253125 0.6907630522088354 0.2484375 0.6827309236947792 0.2484375 0.6807228915662651 0.2453125 0.6726907630522089 0.2453125 0.6706827309236948 0.240625 0.6526104417670683 0.240625 0.6506024096385542 0.2375 0.6445783132530121 0.2359375 0.6445783132530121 0.2328125 0.6365461847389559 0.2328125 0.6345381526104418 0.2296875 0.6164658634538153 0.2296875 0.6164658634538153 0.23125 0.6164658634538153 0.24375 0.6224899598393574 0.2453125
2 0 0.9484375 0.020080321285140562 0.9484375 0.02208835341365462 0.9515625 0.050200803212851405 0.9515625 0.05421686746987952 0.9484375 0.05421686746987952 0.9421875 0.060240963855421686 0.940625 0.060240963855421686 0.91875 0.05421686746987952 0.9171875 0.05421686746987952 0.8859375 0.050200803212851405 0.884375 0.050200803212851405 0.8515625 0.04618473895582329 0.8515625 0.040160642570281124 0.84375 0.03413654618473896 0.8421875 0.03413654618473896 0.8390625 0.012048192771084338 0.8390625 0.012048192771084338 0.840625 0.010040160642570281 0.84375 0 0.84375 0 0.9484375
2 0 0.9984375 0.05421686746987952 0.9984375 0.05622489959839357 0.9953125 0.060240963855421686 0.9953125 0.060240963855421686 0.9890625 0.0642570281124498 0.9875 0.0642570281124498 0.984375 0.07429718875502007 0.9796875 0.07630522088353414 0.975 0.08032128514056225 0.975 0.08032128514056225 0.96875 0.07630522088353414 0.96875 0.07429718875502007 0.965625 0.06626506024096386 0.965625 0.0642570281124498 0.9609375 0.05622489959839357 0.9609375 0.05421686746987952 0.9578125 0.03614457831325301 0.9578125 0.03413654618473896 0.953125 0 0.953125 0 0.9546875 0 0.9984375
2 0.22088353413654618 0.146875 0.20883534136546184 0.146875 0.20682730923694778 0.15 0.20281124497991967 0.15 0.20080321285140562 0.1546875 0.1927710843373494 0.1546875 0.19076305220883535 0.1578125 0.1827309236947791 0.1578125 0.1827309236947791 0.1609375 0.17670682730923695 0.165625 0.16666666666666666 0.165625 0.16666666666666666 0.16875 0.1606425702811245 0.1734375 0.1465863453815261 0.1734375 0.14457831325301204 0.178125 0.13654618473895583 0.178125 0.13052208835341367 0.1859375 0.12650602409638553 0.1859375 0.12650602409638553 0.1953125 0.13253012048192772 0.196875 0.13253012048192772 0.2046875 0.142570281124498 0.209375 0.142570281124498 0.2125 0.1465863453815261 0.215625 0.15261044176706828 0.2171875 0.15261044176706828 0.2203125 0.1566265060240964 0.2234375 0.1646586345381526 0.2234375 0.16666666666666666 0.228125 0.20080321285140562 0.228125 0.20281124497991967 0.23125 0.24096385542168675 0.23125 0.2429718875502008 0.228125 0.26706827309236947 0.228125 0.26907630522088355 0.2234375 0.2971887550200803 0.2234375 0.2991967871485944 0.2203125 0.3433734939759036 0.2203125 0.3453815261044177 0.215625 0.3674698795180723 0.215625 0.36947791164658633 0.2125 0.37751004016064255 0.2125 0.37751004016064255 0.20625 0.3674698795180723 0.2046875 0.3674698795180723 0.18125 0.3634538152610442 0.1796875 0.3634538152610442 0.1578125 0.35943775100401604 0.1578125 0.357429718875502 0.1546875 0.3493975903614458 0.1546875 0.3473895582329317 0.15 0.3393574297188755 0.15 0.3373493975903614 0.146875 0.3232931726907631 0.146875 0.321285140562249 0.1421875 0.3032128514056225 0.1421875 0.30120481927710846 0.1390625 0.23293172690763053 0.1390625 0.23293172690763053 0.140625 0.22289156626506024 0.1421875 0.22088353413654618 0.146875
2 0.3654618473895582 0.08125 0.35943775100401604 0.0828125 0.35943775100401604 0.109375 0.35542168674698793 0.1109375 0.3534136546184739 0.115625 0.3493975903614458 0.115625 0.3493975903614458 0.121875 0.3433734939759036 0.1265625 0.3393574297188755 0.1265625 0.3393574297188755 0.1328125 0.3333333333333333 0.134375 0.3333333333333333 0.1453125 0.3373493975903614 0.1453125 0.3393574297188755 0.1484375 0.3473895582329317 0.1484375 0.3493975903614458 0.153125 0.357429718875502 0.153125 0.35943775100401604 0.15625 0.3654618473895582 0.1578125 0.3654618473895582 0.16875 0.36947791164658633 0.1703125 0.36947791164658633 0.1875 0.37349397590361444 0.1875 0.3755020080321285 0.1921875 0.3795180722891566 0.19375 0.3795180722891566 0.2 0.38755020080321284 0.2 0.3895582329317269 0.2046875 0.39759036144578314 0.2046875 0.39959839357429716 0.2125 0.4036144578313253 0.2125 0.40562248995983935 0.215625 0.42369477911646586 0.215625 0.42570281124497994 0.2203125 0.44779116465863456 0.2203125 0.4497991967871486 0.215625 0.4578313253012048 0.215625 0.4598393574297189 0.2125 0.4678714859437751 0.2125 0.4678714859437751 0.209375 0.4738955823293173 0.2078125 0.4759036144578313 0.2046875 0.4839357429718876 0.2046875 0.4839357429718876 0.1890625 0.4799196787148594 0.1890625 0.4738955823293173 0.184375 0.4738955823293173 0.18125 0.46987951807228917 0.18125 0.463855421686747 0.1765625 0.463855421686747 0.1734375 0.4598393574297189 0.1734375 0.4538152610441767 0.16875 0.4538152610441767 0.165625 0.4497991967871486 0.165625 0.44377510040160645 0.1609375 0.44377510040160645 0.1578125 0.4397590361445783 0.1578125 0.43775100401606426 0.1546875 0.42971887550200805 0.1546875 0.42369477911646586 0.146875 0.41767068273092367 0.1453125 0.41767068273092367 0.1421875 0.40963855421686746 0.1421875 0.4036144578313253 0.1375 0.4036144578313253 0.134375 0.39959839357429716 0.134375 0.39759036144578314 0.13125 0.38755020080321284 0.1296875 0.38755020080321284 0.1265625 0.38353413654618473 0.125 0.38353413654618473 0.11875 0.37751004016064255 0.1171875 0.37751004016064255 0.071875 0.36947791164658633 0.071875 0.36947791164658633 0.0734375 0.3654618473895582 0.075 0.3654618473895582 0.08125
2 0.4598393574297189 0.2171875 0.4598393574297189 0.2234375 0.45582329317269077 0.225 0.45582329317269077 0.2359375 0.4497991967871486 0.2375 0.4497991967871486 0.2546875 0.45582329317269077 0.25625 0.45582329317269077 0.2671875 0.46586345381526106 0.271875 0.46586345381526106 0.275 0.46987951807228917 0.278125 0.4759036144578313 0.2796875 0.4759036144578313 0.2828125 0.4839357429718876 0.2828125 0.4899598393574297 0.2875 0.4899598393574297 0.290625 0.4939759036144578 0.290625 0.4959839357429719 0.29375 0.5040160642570282 0.29375 0.5060240963855421 0.2984375 0.5120481927710844 0.3 0.5120481927710844 0.303125 0.5160642570281124 0.30625 0.5220883534136547 0.3078125 0.5220883534136547 0.3109375 0.5301204819277109 0.3109375 0.5321285140562249 0.3140625 0.5441767068273092 0.3140625 0.5461847389558233 0.31875 0.5502008032128514 0.31875 0.5522088353413654 0.321875 0.5602409638554217 0.321875 0.5622489959839357 0.3265625 0.5742971887550201 0.3265625 0.5763052208835341 0.3296875 0.5943775100401606 0.3296875 0.5963855421686747 0.334375 0.6144578313253012 0.334375 0.6144578313253012 0.33125 0.6204819277108434 0.3296875 0.6265060240963856 0.321875 0.6305220883534136 0.321875 0.6345381526104418 0.31875 0.6365461847389559 0.3140625 0.6405622489959839 0.3140625 0.6405622489959839 0.3078125 0.6445783132530121 0.30625 0.6445783132530121 0.2765625 0.6405622489959839 0.275 0.6405622489959839 0.26875 0.6365461847389559 0.26875 0.6345381526104418 0.2640625 0.6244979919678715 0.259375 0.6244979919678715 0.25625 0.6204819277108434 0.253125 0.6144578313253012 0.2515625 0.6144578313253012 0.2484375 0.6104417670682731 0.2453125 0.6044176706827309 0.24375 0.6044176706827309 0.240625 0.6004016064257028 0.2390625 0.6004016064257028 0.2328125 0.5963855421686747 0.2328125 0.5903614457831325 0.228125 0.5903614457831325 0.225 0.5823293172690763 0.225 0.5803212851405622 0.221875 0.5662650602409639 0.221875 0.5642570281124498 0.2171875 0.5522088353413654 0.2171875 0.5502008032128514 0.2140625 0.536144578313253 0.2140625 0.5341365461847389 0.209375 0.4759036144578313 0.209375 0.4759036144578313 0.2109375 0.4678714859437751 0.2171875 0.4598393574297189 0.2171875
2 0.5461847389558233 0.1609375 0.5421686746987951 0.1625 0.5421686746987951 0.16875 0.5321285140562249 0.1703125 0.5321285140562249 0.1765625 0.5261044176706827 0.178125 0.5261044176706827 0.184375 0.5220883534136547 0.1859375 0.5220883534136547 0.1921875 0.5160642570281124 0.19375 0.5160642570281124 0.2046875 0.5200803212851406 0.2046875 0.5220883534136547 0.2078125 0.5642570281124498 0.2078125 0.5662650602409639 0.2125 0.5803212851405622 0.2125 0.5823293172690763 0.215625 0.5903614457831325 0.215625 0.5903614457831325 0.18125 0.5843373493975904 0.1796875 0.5843373493975904 0.1734375 0.5742971887550201 0.16875 0.5742971887550201 0.165625 0.570281124497992 0.1625 0.5642570281124498 0.1609375 0.5642570281124498 0.1578125 0.5602409638554217 0.1546875 0.5522088353413654 0.1546875 0.5522088353413654 0.15625 0.5461847389558233 0.1578125 0.5461847389558233 0.1609375
2 0.678714859437751 0.1625 0.6767068273092369 0.165625 0.6526104417670683 0.165625 0.6506024096385542 0.1703125 0.6325301204819277 0.1703125 0.6305220883534136 0.1734375 0.6224899598393574 0.1734375 0.6204819277108434 0.178125 0.6124497991967871 0.178125 0.6104417670682731 0.18125 0.606425702811245 0.18125 0.6044176706827309 0.1859375 0.5963855421686747 0.1859375 0.5923694779116466 0.1890625 0.5923694779116466 0.2046875 0.5963855421686747 0.20625 0.5963855421686747 0.2125 0.6004016064257028 0.2125 0.6024096385542169 0.215625 0.6104417670682731 0.215625 0.6124497991967871 0.2203125 0.6345381526104418 0.2203125 0.6365461847389559 0.2234375 0.6506024096385542 0.2234375 0.6526104417670683 0.228125 0.751004016064257 0.228125 0.7530120481927711 0.2234375 0.7570281124497992 0.2234375 0.7610441767068273 0.2203125 0.7610441767068273 0.2140625 0.7670682730923695 0.2125 0.7670682730923695 0.2015625 0.7710843373493976 0.2 0.7710843373493976 0.1703125 0.7670682730923695 0.16875 0.7670682730923695 0.1578125 0.6987951807228916 0.1578125 0.6987951807228916 0.159375 0.6967871485943775 0.1625 0.678714859437751 0.1625
2 0.8333333333333334 0.225 0.8313253012048193 0.2296875 0.6526104417670683 0.2296875 0.6526104417670683 0.2359375 0.6646586345381527 0.2359375 0.6666666666666666 0.2390625 0.6726907630522089 0.240625 0.6726907630522089 0.24375 0.6867469879518072 0.24375 0.6887550200803213 0.246875 0.7068273092369478 0.246875 0.7088353413654619 0.2515625 0.7108433734939759 0.2515625 0.7128514056224899 0.246875 0.8433734939759037 0.246875 0.8453815261044176 0.24375 0.8534136546184738 0.24375 0.8534136546184738 0.240625 0.8594377510040161 0.2359375 0.8634538152610441 0.2359375 0.8634538152610441 0.2328125 0.8674698795180723 0.23125 0.8674698795180723 0.221875 0.8493975903614458 0.221875 0.8493975903614458 0.2234375 0.8473895582329317 0.225 0.8333333333333334 0.225
1 0.2991967871485944 0.240625 0.2971887550200803 0.2453125 0.2891566265060241 0.2453125 0.2891566265060241 0.2515625 0.2791164658634538 0.25625 0.27710843373493976 0.2609375 0.26907630522088355 0.2609375 0.26706827309236947 0.2640625 0.26305220883534136 0.2640625 0.26305220883534136 0.2671875 0.2570281124497992 0.271875 0.25301204819277107 0.271875 0.25301204819277107 0.278125 0.24899598393574296 0.2796875 0.2469879518072289 0.284375 0.2429718875502008 0.284375 0.2429718875502008 0.290625 0.23694779116465864 0.2953125 0.23293172690763053 0.2953125 0.23293172690763053 0.303125 0.22690763052208834 0.3078125 0.22289156626506024 0.3078125 0.22289156626506024 0.3109375 0.21686746987951808 0.315625 0.21285140562248997 0.315625 0.21285140562248997 0.3265625 0.20883534136546184 0.328125 0.20883534136546184 0.3421875 0.20281124497991967 0.34375 0.20281124497991967 0.3578125 0.19879518072289157 0.359375 0.19879518072289157 0.36875 0.1927710843373494 0.3703125 0.1927710843373494 0.3765625 0.18875502008032127 0.378125 0.18875502008032127 0.396875 0.1827309236947791 0.3984375 0.1827309236947791 0.409375 0.178714859437751 0.4109375 0.178714859437751 0.428125 0.1827309236947791 0.4296875 0.1827309236947791 0.440625 0.178714859437751 0.44375 0.1827309236947791 0.4453125 0.1827309236947791 0.4484375 0.178714859437751 0.45 0.178714859437751 0.459375 0.1827309236947791 0.4609375 0.1827309236947791 0.515625 0.18875502008032127 0.5171875 0.18875502008032127 0.546875 0.1927710843373494 0.5484375 0.1927710843373494 0.5578125 0.19879518072289157 0.559375 0.19879518072289157 0.565625 0.20281124497991967 0.5671875 0.20281124497991967 0.578125 0.20883534136546184 0.5796875 0.20883534136546184 0.5890625 0.21285140562248997 0.590625 0.21285140562248997 0.6140625 0.21887550200803213 0.615625 0.21887550200803213 0.6296875 0.22289156626506024 0.6328125 0.22690763052208834 0.6328125 0.23092369477911648 0.6296875 0.23293172690763053 0.6375 0.2389558232931727 0.6390625 0.2389558232931727 0.6484375 0.23293172690763053 0.65 0.23293172690763053 0.653125 0.2389558232931727 0.6546875 0.2389558232931727 0.684375 0.2429718875502008 0.6859375 0.2429718875502008 0.6953125 0.24899598393574296 0.696875 0.24899598393574296 0.715625 0.25301204819277107 0.7171875 0.25301204819277107 0.7359375 0.25903614457831325 0.7375 0.25903614457831325 0.759375 0.26305220883534136 0.7609375 0.26305220883534136 0.7703125 0.26907630522088355 0.771875 0.26907630522088355 0.7828125 0.27309236947791166 0.784375 0.27309236947791166 0.79375 0.2791164658634538 0.7953125 0.2791164658634538 0.803125 0.28313253012048195 0.8046875 0.28313253012048195 0.81875 0.2891566265060241 0.8203125 0.2891566265060241 0.8265625 0.2931726907630522 0.8296875 0.2991967871485944 0.83125 0.2991967871485944 0.8375 0.3032128514056225 0.8390625 0.3032128514056225 0.8421875 0.3092369477911647 0.84375 0.3092369477911647 0.85 0.3132530120481928 0.8515625 0.3132530120481928 0.8578125 0.3313253012048193 0.8578125 0.3333333333333333 0.8609375 0.3393574297188755 0.8625 0.3393574297188755 0.86875 0.3473895582329317 0.86875 0.3493975903614458 0.8734375 0.3534136546184739 0.8734375 0.35542168674698793 0.8765625 0.3634538152610442 0.8765625 0.3654618473895582 0.88125 0.36947791164658633 0.884375 0.37349397590361444 0.884375 0.3755020080321285 0.8890625 0.3795180722891566 0.890625 0.3795180722891566 0.896875 0.38353413654618473 0.896875 0.3895582329317269 0.9046875 0.39558232931726905 0.90625 0.39558232931726905 0.909375 0.42771084337349397 0.909375 0.42971887550200805 0.9125 0.463855421686747 0.9125 0.46586345381526106 0.909375 0.4939759036144578 0.909375 0.4959839357429719 0.9046875 0.5100401606425703 0.9046875 0.5160642570281124 0.896875 0.5240963855421686 0.896875 0.5261044176706827 0.8890625 0.5341365461847389 0.8890625 0.5341365461847389 0.8859375 0.5441767068273092 0.88125 0.5461847389558233 0.8765625 0.5502008032128514 0.8765625 0.5502008032128514 0.8703125 0.5562248995983936 0.865625 0.5602409638554217 0.865625 0.5602409638554217 0.8625 0.5642570281124498 0.8609375 0.5642570281124498 0.8546875 0.570281124497992 0.853125 0.570281124497992 0.846875 0.5763052208835341 0.8421875 0.5803212851405622 0.8421875 0.5803212851405622 0.8390625 0.5863453815261044 0.834375 0.5903614457831325 0.834375 0.5903614457831325 0.83125 0.5943775100401606 0.8296875 0.5943775100401606 0.8234375 0.6004016064257028 0.821875 0.6004016064257028 0.815625 0.606425702811245 0.8109375 0.6104417670682731 0.8109375 0.6104417670682731 0.8046875 0.6144578313253012 0.803125 0.6144578313253012 0.7953125 0.6204819277108434 0.79375 0.6204819277108434 0.7875 0.6244979919678715 0.7859375 0.6244979919678715 0.7765625 0.6305220883534136 0.775 0.6305220883534136 0.76875 0.6345381526104418 0.7671875 0.6345381526104418 0.75625 0.6405622489959839 0.7546875 0.6405622489959839 0.7484375 0.6465863453815262 0.74375 0.6506024096385542 0.74375 0.6506024096385542 0.7375 0.6546184738955824 0.7359375 0.6546184738955824 0.7328125 0.6606425702811245 0.73125 0.6606425702811245 0.721875 0.6646586345381527 0.7203125 0.6646586345381527 0.7171875 0.6706827309236948 0.715625 0.6726907630522089 0.7125 0.6767068273092369 0.7125 0.6767068273092369 0.70625 0.6807228915662651 0.7046875 0.6827309236947792 0.7 0.6867469879518072 0.7 0.6867469879518072 0.69375 0.6907630522088354 0.6921875 0.6927710843373494 0.6875 0.6967871485943775 0.6875 0.6967871485943775 0.678125 0.7008032128514057 0.6765625 0.7008032128514057 0.665625 0.7068273092369478 0.6640625 0.7068273092369478 0.6578125 0.7108433734939759 0.65625 0.7108433734939759 0.65 0.7168674698795181 0.6484375 0.7168674698795181 0.634375 0.7208835341365462 0.6328125 0.7208835341365462 0.6234375 0.7269076305220884 0.621875 0.7269076305220884 0.61875 0.7309236947791165 0.6171875 0.7309236947791165 0.6109375 0.7409638554216867 0.60625 0.7409638554216867 0.5875 0.7469879518072289 0.5859375 0.7469879518072289 0.575 0.751004016064257 0.5734375 0.751004016064257 0.5671875 0.7610441767068273 0.5625 0.7630522088353414 0.5578125 0.7670682730923695 0.5578125 0.7670682730923695 0.5515625 0.7710843373493976 0.55 0.7710843373493976 0.54375 0.7811244979919679 0.5390625 0.7811244979919679 0.528125 0.7871485943775101 0.5265625 0.7871485943775101 0.5125 0.7911646586345381 0.5109375 0.7911646586345381 0.4921875 0.7971887550200804 0.490625 0.7971887550200804 0.41875 0.7911646586345381 0.4171875 0.7911646586345381 0.4140625 0.7971887550200804 0.4125 0.7971887550200804 0.4109375 0.7911646586345381 0.409375 0.7911646586345381 0.3984375 0.7871485943775101 0.396875 0.7871485943775101 0.390625 0.7811244979919679 0.3890625 0.7811244979919679 0.3703125 0.7771084337349398 0.36875 0.7771084337349398 0.3625 0.7730923694779116 0.3625 0.7670682730923695 0.3578125 0.7670682730923695 0.3546875 0.7630522088353414 0.3546875 0.7610441767068273 0.3515625 0.7530120481927711 0.3515625 0.751004016064257 0.346875 0.7409638554216867 0.3421875 0.7409638554216867 0.3390625 0.7369477911646586 0.3359375 0.7309236947791165 0.334375 0.7309236947791165 0.33125 0.7269076305220884 0.328125 0.7208835341365462 0.3265625 0.7208835341365462 0.3234375 0.7168674698795181 0.3203125 0.7108433734939759 0.31875 0.7108433734939759 0.315625 0.7068273092369478 0.3125 0.7008032128514057 0.3109375 0.7008032128514057 0.3078125 0.6967871485943775 0.3046875 0.6907630522088354 0.303125 0.6907630522088354 0.3 0.6807228915662651 0.2984375 0.6807228915662651 0.2953125 0.6726907630522089 0.2953125 0.6706827309236948 0.2921875 0.6566265060240963 0.2921875 0.6526104417670683 0.2953125 0.6526104417670683 0.3109375 0.6465863453815262 0.3125 0.6405622489959839 0.3203125 0.6365461847389559 0.3203125 0.6325301204819277 0.3234375 0.6325301204819277 0.3296875 0.6265060240963856 0.33125 0.6265060240963856 0.334375 0.6204819277108434 0.3390625 0.5823293172690763 0.3390625 0.5803212851405622 0.3359375 0.5662650602409639 0.3359375 0.5602409638554217 0.328125 0.5522088353413654 0.328125 0.5502008032128514 0.3234375 0.5461847389558233 0.3234375 0.5441767068273092 0.3203125 0.5321285140562249 0.3203125 0.5301204819277109 0.315625 0.5160642570281124 0.315625 0.5100401606425703 0.3109375 0.5100401606425703 0.3078125 0.5060240963855421 0.3078125 0.5040160642570282 0.3046875 0.4979919678714859 0.303125 0.4939759036144578 0.2953125 0.4859437751004016 0.2953125 0.4839357429718876 0.2921875 0.4799196787148594 0.2921875 0.4779116465863454 0.2875 0.4678714859437751 0.2828125 0.4678714859437751 0.2796875 0.463855421686747 0.2765625 0.4578313253012048 0.275 0.4578313253012048 0.271875 0.4538152610441767 0.2703125 0.4538152610441767 0.2640625 0.44779116465863456 0.2625 0.44779116465863456 0.25625 0.44377510040160645 0.253125 0.4357429718875502 0.253125 0.43373493975903615 0.25625 0.42570281124497994 0.25625 0.42369477911646586 0.2609375 0.40562248995983935 0.2609375 0.4036144578313253 0.25625 0.39357429718875503 0.2546875 0.39357429718875503 0.2453125 0.3855421686746988 0.2453125 0.38353413654618473 0.2484375 0.3795180722891566 0.2484375 0.3755020080321285 0.2453125 0.37349397590361444 0.2484375 0.36947791164658633 0.2484375 0.36947791164658633 0.259375 0.3654618473895582 0.2609375 0.3654618473895582 0.275 0.35943775100401604 0.2765625 0.3534136546184739 0.284375 0.3493975903614458 0.284375 0.3453815261044177 0.2875 0.3433734939759036 0.2796875 0.3373493975903614 0.278125 0.3393574297188755 0.275 0.3433734939759036 0.275 0.3433734939759036 0.2640625 0.3473895582329317 0.2625 0.3473895582329317 0.25625 0.3433734939759036 0.2546875 0.3433734939759036 0.2328125 0.3132530120481928 0.2328125 0.3132530120481928 0.234375 0.3072289156626506 0.240625 0.2991967871485944 0.240625
1 0.07630522088353414 0.5953125 0.07228915662650602 0.5984375 0.07228915662650602 0.60625 0.06224899598393574 0.6109375 0.060240963855421686 0.615625 0.05622489959839357 0.615625 0.05622489959839357 0.621875 0.05220883534136546 0.6234375 0.05220883534136546 0.6296875 0.04618473895582329 0.63125 0.04618473895582329 0.640625 0.04216867469879518 0.6421875 0.04216867469879518 0.6953125 0.03614457831325301 0.696875 0.03614457831325301 0.715625 0.04216867469879518 0.7171875 0.04216867469879518 0.73125 0.04618473895582329 0.7328125 0.04618473895582329 0.7546875 0.04216867469879518 0.75625 0.04216867469879518 0.7703125 0.04618473895582329 0.771875 0.04618473895582329 0.821875 0.05220883534136546 0.8234375 0.05220883534136546 0.834375 0.05622489959839357 0.8359375 0.05622489959839357 0.85 0.06224899598393574 0.8515625 0.06224899598393574 0.88125 0.06626506024096386 0.8828125 0.06626506024096386 0.9015625 0.07228915662650602 0.903125 0.07228915662650602 0.925 0.07630522088353414 0.9265625 0.07630522088353414 0.9359375 0.0823293172690763 0.9375 0.0823293172690763 0.95625 0.08634538152610442 0.9578125 0.08634538152610442 0.9828125 0.09236947791164658 0.984375 0.09236947791164658 0.9953125 0.10040160642570281 0.9953125 0.10240963855421686 0.9984375 0.12449799196787148 0.9984375 0.12650602409638553 0.9953125 0.14457831325301204 0.9953125 0.1465863453815261 0.9984375 0.17670682730923695 0.9984375 0.178714859437751 0.9953125 0.20682730923694778 0.9953125 0.20883534136546184 0.9984375 0.3112449799196787 0.9984375 0.3132530120481928 0.9953125 0.321285140562249 0.9953125 0.3232931726907631 0.9984375 0.3313253012048193 0.9984375 0.3333333333333333 0.9953125 0.3433734939759036 0.9953125 0.3453815261044177 0.9984375 0.39357429718875503 0.9984375 0.39759036144578314 0.9953125 0.39959839357429716 0.9984375 0.6204819277108434 0.9984375 0.6224899598393574 0.9953125 0.6345381526104418 0.9953125 0.6365461847389559 0.9984375 0.6405622489959839 0.9984375 0.642570281124498 0.9953125 0.6767068273092369 0.9953125 0.6767068273092369 0.9921875 0.6706827309236948 0.990625 0.6706827309236948 0.984375 0.6666666666666666 0.984375 0.6606425702811245 0.9796875 0.6606425702811245 0.9765625 0.6546184738955824 0.975 0.6546184738955824 0.965625 0.6465863453815262 0.965625 0.6445783132530121 0.9609375 0.6405622489959839 0.959375 0.6405622489959839 0.9421875 0.6445783132530121 0.940625 0.6445783132530121 0.9265625 0.6405622489959839 0.925 0.6405622489959839 0.921875 0.6445783132530121 0.91875 0.6405622489959839 0.9171875 0.6405622489959839 0.90625 0.6325301204819277 0.90625 0.6204819277108434 0.896875 0.6204819277108434 0.89375 0.6265060240963856 0.8890625 0.6305220883534136 0.8890625 0.6305220883534136 0.8828125 0.6224899598393574 0.8828125 0.6204819277108434 0.878125 0.6164658634538153 0.878125 0.6164658634538153 0.88125 0.6124497991967871 0.8828125 0.6104417670682731 0.878125 0.606425702811245 0.878125 0.6044176706827309 0.875 0.5863453815261044 0.875 0.5843373493975904 0.878125 0.5763052208835341 0.878125 0.5763052208835341 0.884375 0.5662650602409639 0.8859375 0.5662650602409639 0.8890625 0.5602409638554217 0.89375 0.5562248995983936 0.89375 0.5522088353413654 0.9015625 0.5421686746987951 0.90625 0.5401606425702812 0.9109375 0.5321285140562249 0.9109375 0.5301204819277109 0.9140625 0.5220883534136547 0.9140625 0.5200803212851406 0.91875 0.5060240963855421 0.91875 0.5040160642570282 0.921875 0.5 0.921875 0.5 0.925 0.4939759036144578 0.9296875 0.46987951807228917 0.9296875 0.4678714859437751 0.934375 0.4598393574297189 0.934375 0.4578313253012048 0.9375 0.4497991967871486 0.9375 0.44779116465863456 0.9421875 0.41967871485943775 0.9421875 0.41767068273092367 0.934375 0.40562248995983935 0.934375 0.4036144578313253 0.9296875 0.39558232931726905 0.9296875 0.39357429718875503 0.934375 0.3895582329317269 0.934375 0.38755020080321284 0.9296875 0.3795180722891566 0.9296875 0.37349397590361444 0.925 0.37349397590361444 0.921875 0.36947791164658633 0.921875 0.3634538152610442 0.9171875 0.3634538152610442 0.9140625 0.35943775100401604 0.9140625 0.3534136546184739 0.909375 0.3534136546184739 0.903125 0.3473895582329317 0.9015625 0.3433734939759036 0.89375 0.3393574297188755 0.89375 0.3373493975903614 0.8984375 0.3293172690763052 0.8984375 0.3273092369477912 0.903125 0.3192771084337349 0.903125 0.3172690763052209 0.8984375 0.3112449799196787 0.896875 0.3112449799196787 0.8828125 0.3072289156626506 0.88125 0.3072289156626506 0.878125 0.3032128514056225 0.878125 0.2971887550200803 0.8734375 0.2971887550200803 0.8703125 0.29116465863453816 0.86875 0.29116465863453816 0.8625 0.28714859437751006 0.8609375 0.28714859437751006 0.8546875 0.28112449799196787 0.853125 0.28112449799196787 0.846875 0.27710843373493976 0.8453125 0.27710843373493976 0.8359375 0.2710843373493976 0.834375 0.2710843373493976 0.8203125 0.26706827309236947 0.81875 0.26706827309236947 0.7953125 0.26104417670682734 0.79375 0.26104417670682734 0.7875 0.2570281124497992 0.7859375 0.2570281124497992 0.7765625 0.25100401606425704 0.775 0.25100401606425704 0.7640625 0.2469879518072289 0.7625 0.2469879518072289 0.7453125 0.24096385542168675 0.74375 0.24096385542168675 0.721875 0.23694779116465864 0.7203125 0.23694779116465864 0.7171875 0.23092369477911648 0.715625 0.23092369477911648 0.70625 0.22690763052208834 0.7046875 0.22690763052208834 0.6859375 0.22088353413654618 0.684375 0.22088353413654618 0.6703125 0.21686746987951808 0.66875 0.21686746987951808 0.6578125 0.21285140562248997 0.6578125 0.20682730923694778 0.653125 0.20682730923694778 0.646875 0.20080321285140562 0.6453125 0.20080321285140562 0.6265625 0.19678714859437751 0.625 0.19678714859437751 0.61875 0.19076305220883535 0.6171875 0.19076305220883535 0.6078125 0.18674698795180722 0.60625 0.18674698795180722 0.5984375 0.178714859437751 0.5984375 0.17670682730923695 0.5953125 0.1706827309236948 0.59375 0.1706827309236948 0.590625 0.08634538152610442 0.590625 0.08634538152610442 0.5921875 0.08433734939759036 0.5953125 0.07630522088353414 0.5953125
1 0.8995983935742972 0 0.8995983935742972 0.0015625 0.8955823293172691 0.0046875 0.8955823293172691 0.0078125 0.8995983935742972 0.0109375 0.9076305220883534 0.0109375 0.9096385542168675 0.015625 0.9377510040160643 0.015625 0.9397590361445783 0.01875 0.9538152610441767 0.01875 0.9558232931726908 0.0234375 0.963855421686747 0.0234375 0.9658634538152611 0.0265625 0.9979919678714859 0.0265625 0.9979919678714859 0.009375 0.9939759036144579 0.0078125 0.9939759036144579 0 0.8995983935742972 0
1 0.16265060240963855 0.0953125 0.1606425702811245 0.0984375 0.15261044176706828 0.0984375 0.15261044176706828 0.1015625 0.1465863453815261 0.103125 0.14457831325301204 0.1078125 0.13654618473895583 0.1078125 0.13052208835341367 0.115625 0.12650602409638553 0.115625 0.12650602409638553 0.121875 0.12248995983935743 0.1234375 0.12248995983935743 0.1296875 0.11646586345381527 0.13125 0.11646586345381527 0.1375 0.11244979919678715 0.1390625 0.11244979919678715 0.16875 0.12248995983935743 0.1734375 0.12248995983935743 0.1765625 0.13453815261044177 0.1765625 0.13654618473895583 0.171875 0.15060240963855423 0.171875 0.15261044176706828 0.16875 0.1606425702811245 0.16875 0.1606425702811245 0.165625 0.16666666666666666 0.1609375 0.17670682730923695 0.1609375 0.178714859437751 0.15625 0.18674698795180722 0.15625 0.1927710843373494 0.1484375 0.20080321285140562 0.1484375 0.20281124497991967 0.1453125 0.21084337349397592 0.1453125 0.21285140562248997 0.140625 0.22088353413654618 0.140625 0.22289156626506024 0.1375 0.22690763052208834 0.1375 0.2289156626506024 0.1328125 0.24096385542168675 0.1328125 0.2429718875502008 0.1296875 0.2469879518072289 0.1296875 0.24899598393574296 0.1328125 0.29116465863453816 0.1328125 0.2931726907630522 0.1375 0.321285140562249 0.1375 0.3232931726907631 0.1296875 0.3313253012048193 0.1296875 0.3313253012048193 0.115625 0.3273092369477912 0.1140625 0.3273092369477912 0.1078125 0.3192771084337349 0.1078125 0.3172690763052209 0.103125 0.2931726907630522 0.103125 0.29116465863453816 0.0984375 0.26907630522088355 0.0984375 0.26706827309236947 0.0953125 0.2429718875502008 0.0953125 0.24096385542168675 0.090625 0.178714859437751 0.090625 0.178714859437751 0.0921875 0.17670682730923695 0.0953125 0.16265060240963855 0.0953125
1 0.01606425702811245 0 0.01606425702811245 0.0015625 0.014056224899598393 0.0046875 0 0.0046875 0 0.1171875 0.004016064257028112 0.1171875 0.006024096385542169 0.121875 0.024096385542168676 0.121875 0.02610441767068273 0.125 0.03413654618473896 0.125 0.04417670682730924 0.1171875 0.04618473895582329 0.121875 0.060240963855421686 0.121875 0.06224899598393574 0.125 0.06626506024096386 0.121875 0.07028112449799197 0.121875 0.07228915662650602 0.125 0.09036144578313253 0.125 0.09236947791164658 0.121875 0.10040160642570281 0.121875 0.10441767068273092 0.125 0.10642570281124498 0.121875 0.11044176706827309 0.121875 0.11044176706827309 0.11875 0.11646586345381527 0.1140625 0.12048192771084337 0.1140625 0.12048192771084337 0.1109375 0.12650602409638553 0.10625 0.13453815261044177 0.10625 0.13453815261044177 0.103125 0.14056224899598393 0.1015625 0.142570281124498 0.096875 0.15060240963855423 0.096875 0.15261044176706828 0.09375 0.1606425702811245 0.09375 0.16265060240963855 0.0890625 0.17670682730923695 0.0890625 0.178714859437751 0.0859375 0.19678714859437751 0.0859375 0.19678714859437751 0.0828125 0.20281124497991967 0.078125 0.21084337349397592 0.078125 0.21285140562248997 0.0734375 0.21686746987951808 0.0734375 0.22088353413654618 0.0703125 0.22088353413654618 0.0640625 0.22690763052208834 0.0625 0.22690763052208834 0.05625 0.23092369477911648 0.0546875 0.23293172690763053 0.05 0.23694779116465864 0.05 0.23694779116465864 0.040625 0.24096385542168675 0.0390625 0.24096385542168675 0.0328125 0.2469879518072289 0.03125 0.2469879518072289 0.025 0.25100401606425704 0.0234375 0.25100401606425704 0.0125 0.2570281124497992 0.0109375 0.2570281124497992 0 0.08634538152610442 0 0.08634538152610442 0.003125 0.0823293172690763 0.0046875 0.08032128514056225 0 0.01606425702811245 0
1 0.8092369477911646 0.39375 0.8092369477911646 0.428125 0.8132530120481928 0.4296875 0.8132530120481928 0.45625 0.8092369477911646 0.4578125 0.8092369477911646 0.490625 0.8032128514056225 0.4921875 0.8032128514056225 0.503125 0.7991967871485943 0.5046875 0.7991967871485943 0.51875 0.7931726907630522 0.5203125 0.7931726907630522 0.534375 0.7891566265060241 0.5359375 0.7871485943775101 0.540625 0.7831325301204819 0.540625 0.7831325301204819 0.546875 0.7791164658634538 0.5484375 0.7791164658634538 0.5625 0.7730923694779116 0.5640625 0.7730923694779116 0.5703125 0.7690763052208835 0.571875 0.7690763052208835 0.5859375 0.7630522088353414 0.5875 0.7630522088353414 0.59375 0.7570281124497992 0.5984375 0.7530120481927711 0.5984375 0.7530120481927711 0.6140625 0.748995983935743 0.615625 0.748995983935743 0.625 0.7429718875502008 0.6265625 0.7429718875502008 0.6375 0.7389558232931727 0.6390625 0.7389558232931727 0.6484375 0.7429718875502008 0.65 0.7429718875502008 0.653125 0.7570281124497992 0.653125 0.7590361445783133 0.65625 0.7670682730923695 0.65625 0.7690763052208835 0.653125 0.8433734939759037 0.653125 0.8453815261044176 0.65625 0.8674698795180723 0.65625 0.8694779116465864 0.6609375 0.8775100401606426 0.6609375 0.8795180722891566 0.6640625 0.8835341365461847 0.6640625 0.8855421686746988 0.66875 0.9337349397590361 0.66875 0.9357429718875502 0.671875 0.9437751004016064 0.671875 0.9457831325301205 0.6765625 0.9558232931726908 0.68125 0.9558232931726908 0.684375 0.9598393574297188 0.6875 0.9879518072289156 0.6875 0.9899598393574297 0.684375 0.9939759036144579 0.684375 0.9939759036144579 0.678125 0.9979919678714859 0.6765625 0.9979919678714859 0.6734375 0.9939759036144579 0.6703125 0.9979919678714859 0.66875 0.9979919678714859 0.434375 0.9939759036144579 0.4328125 0.9939759036144579 0.4265625 0.9859437751004017 0.4265625 0.9839357429718876 0.421875 0.9738955823293173 0.4203125 0.9738955823293173 0.4140625 0.9698795180722891 0.4140625 0.963855421686747 0.409375 0.963855421686747 0.40625 0.9598393574297188 0.40625 0.9538152610441767 0.4015625 0.9538152610441767 0.3984375 0.9457831325301205 0.3984375 0.9437751004016064 0.39375 0.9357429718875502 0.39375 0.9337349397590361 0.390625 0.9257028112449799 0.390625 0.9236947791164659 0.3859375 0.9056224899598394 0.3859375 0.9036144578313253 0.3828125 0.8694779116465864 0.3828125 0.8674698795180723 0.3859375 0.8333333333333334 0.3859375 0.8313253012048193 0.3828125 0.8032128514056225 0.3828125 0.8032128514056225 0.384375 0.8032128514056225 0.3921875 0.8092369477911646 0.39375
1 0 0.990625 0.004016064257028112 0.990625 0.004016064257028112 0.953125 0.006024096385542169 0.9515625 0.05421686746987952 0.9515625 0.05622489959839357 0.9484375 0.060240963855421686 0.9484375 0.060240963855421686 0.921875 0.05421686746987952 0.9203125 0.05421686746987952 0.8546875 0.050200803212851405 0.853125 0.050200803212851405 0.846875 0.04618473895582329 0.846875 0.040160642570281124 0.8421875 0.040160642570281124 0.8390625 0.03614457831325301 0.8390625 0.030120481927710843 0.834375 0.030120481927710843 0.83125 0.02610441767068273 0.83125 0.020080321285140562 0.8265625 0.020080321285140562 0.8234375 0.01606425702811245 0.8234375 0.010040160642570281 0.81875 0.010040160642570281 0.815625 0 0.815625 0 0.8171875 0 0.990625
1 0.7730923694779116 0.6625 0.7710843373493976 0.665625 0.7630522088353414 0.665625 0.7610441767068273 0.6703125 0.7530120481927711 0.6703125 0.751004016064257 0.6734375 0.7429718875502008 0.6734375 0.7429718875502008 0.6796875 0.7389558232931727 0.68125 0.7389558232931727 0.684375 0.7329317269076305 0.6859375 0.7269076305220884 0.69375 0.7228915662650602 0.69375 0.7188755020080321 0.696875 0.7168674698795181 0.7015625 0.7128514056224899 0.7015625 0.7128514056224899 0.7078125 0.7088353413654619 0.709375 0.7088353413654619 0.7125 0.7028112449799196 0.7140625 0.6967871485943775 0.721875 0.6927710843373494 0.721875 0.6887550200803213 0.725 0.6867469879518072 0.7296875 0.6827309236947792 0.7296875 0.678714859437751 0.7328125 0.6767068273092369 0.7375 0.6726907630522089 0.7375 0.6726907630522089 0.74375 0.6666666666666666 0.7453125 0.6666666666666666 0.7515625 0.6626506024096386 0.753125 0.6626506024096386 0.7625 0.6566265060240963 0.7640625 0.6566265060240963 0.775 0.6526104417670683 0.7765625 0.6526104417670683 0.7859375 0.6465863453815262 0.7875 0.6465863453815262 0.790625 0.642570281124498 0.7921875 0.642570281124498 0.8453125 0.6465863453815262 0.846875 0.6465863453815262 0.8609375 0.6526104417670683 0.8625 0.6526104417670683 0.8734375 0.6566265060240963 0.875 0.6566265060240963 0.884375 0.6626506024096386 0.8859375 0.6626506024096386 0.909375 0.6666666666666666 0.9109375 0.6666666666666666 0.9203125 0.6726907630522089 0.921875 0.6726907630522089 0.928125 0.6767068273092369 0.928125 0.678714859437751 0.9328125 0.6827309236947792 0.934375 0.6827309236947792 0.95625 0.6887550200803213 0.9578125 0.6887550200803213 0.9671875 0.6927710843373494 0.96875 0.6927710843373494 0.9796875 0.6987951807228916 0.98125 0.6987951807228916 0.9953125 0.7108433734939759 0.9953125 0.7128514056224899 0.9984375 0.7469879518072289 0.9984375 0.748995983935743 0.9953125 0.7871485943775101 0.9953125 0.7891566265060241 0.9984375 0.8112449799196787 0.9984375 0.8132530120481928 0.9953125 0.8433734939759037 0.9953125 0.8453815261044176 0.9984375 0.927710843373494 0.9984375 0.929718875502008 0.9953125 0.9477911646586346 0.9953125 0.9497991967871486 0.9984375 0.9839357429718876 0.9984375 0.9899598393574297 0.990625 0.9939759036144579 0.990625 0.9939759036144579 0.984375 0.9979919678714859 0.9828125 0.9979919678714859 0.953125 0.9939759036144579 0.9515625 0.9939759036144579 0.9421875 0.9979919678714859 0.940625 0.9979919678714859 0.8859375 0.9939759036144579 0.884375 0.9939759036144579 0.8671875 0.9979919678714859 0.865625 0.9979919678714859 0.8515625 0.9939759036144579 0.85 0.9939759036144579 0.828125 0.9979919678714859 0.8265625 0.9979919678714859 0.7921875 0.9939759036144579 0.790625 0.9939759036144579 0.7765625 0.9979919678714859 0.775 0.9979919678714859 0.7015625 0.9939759036144579 0.7 0.9939759036144579 0.696875 0.9799196787148594 0.696875 0.9779116465863453 0.7015625 0.9497991967871486 0.7015625 0.9477911646586346 0.696875 0.9377510040160643 0.6921875 0.9377510040160643 0.6890625 0.9337349397590361 0.6859375 0.9257028112449799 0.6859375 0.9236947791164659 0.68125 0.9056224899598394 0.68125 0.9036144578313253 0.678125 0.8895582329317269 0.678125 0.8835341365461847 0.6703125 0.8775100401606426 0.66875 0.8775100401606426 0.665625 0.8654618473895582 0.665625 0.8634538152610441 0.6625 0.8092369477911646 0.6625 0.8072289156626506 0.6578125 0.8032128514056225 0.6578125 0.8032128514056225 0.659375 0.8012048192771084 0.6625 0.7730923694779116 0.6625
1 0 0.15625 0.014056224899598393 0.15625 0.01606425702811245 0.1609375 0.030120481927710843 0.1609375 0.0321285140562249 0.1640625 0.040160642570281124 0.1640625 0.04216867469879518 0.16875 0.050200803212851405 0.16875 0.05220883534136546 0.171875 0.07028112449799197 0.171875 0.07630522088353414 0.1796875 0.09437751004016064 0.1796875 0.09437751004016064 0.1734375 0.10040160642570281 0.171875 0.10040160642570281 0.15 0.09437751004016064 0.1484375 0.09437751004016064 0.1421875 0.08433734939759036 0.1375 0.08433734939759036 0.134375 0.07630522088353414 0.134375 0.07429718875502007 0.13125 0.06224899598393574 0.13125 0.060240963855421686 0.1265625 0.05622489959839357 0.1265625 0.05421686746987952 0.1234375 0.04216867469879518 0.1234375 0.04216867469879518 0.125 0.0321285140562249 0.1265625 0.030120481927710843 0.13125 0.012048192771084338 0.13125 0.010040160642570281 0.1265625 0 0.1265625 0 0.15625
1 0.28313253012048195 0 0.28313253012048195 0.0015625 0.27710843373493976 0.009375 0.27309236947791166 0.009375 0.27309236947791166 0.0234375 0.26907630522088355 0.025 0.26907630522088355 0.034375 0.26305220883534136 0.0359375 0.26305220883534136 0.05 0.25903614457831325 0.0515625 0.25903614457831325 0.0625 0.25301204819277107 0.0640625 0.25301204819277107 0.0859375 0.26104417670682734 0.0859375 0.26305220883534136 0.0890625 0.2710843373493976 0.0890625 0.27309236947791166 0.09375 0.29116465863453816 0.09375 0.2931726907630522 0.096875 0.321285140562249 0.096875 0.3232931726907631 0.1015625 0.3333333333333333 0.103125 0.3333333333333333 0.10625 0.3473895582329317 0.10625 0.3493975903614458 0.1015625 0.3534136546184739 0.1015625 0.3534136546184739 0.0828125 0.357429718875502 0.08125 0.357429718875502 0.075 0.3674698795180723 0.0703125 0.36947791164658633 0.065625 0.38755020080321284 0.065625 0.3895582329317269 0.0671875 0.3895582329317269 0.0859375 0.3855421686746988 0.0875 0.3855421686746988 0.10625 0.3895582329317269 0.1078125 0.3895582329317269 0.1140625 0.39558232931726905 0.115625 0.39558232931726905 0.121875 0.4036144578313253 0.121875 0.40963855421686746 0.1265625 0.40963855421686746 0.1296875 0.41767068273092367 0.1296875 0.41967871485943775 0.1328125 0.42570281124497994 0.134375 0.42570281124497994 0.1375 0.43373493975903615 0.1375 0.43775100401606426 0.140625 0.4397590361445783 0.1375 0.4779116465863454 0.1375 0.4799196787148594 0.140625 0.4859437751004016 0.1421875 0.4859437751004016 0.1453125 0.4939759036144578 0.1453125 0.4959839357429719 0.1484375 0.5200803212851406 0.1484375 0.5220883534136547 0.153125 0.5301204819277109 0.153125 0.5301204819277109 0.15 0.5341365461847389 0.1484375 0.5341365461847389 0.1234375 0.5301204819277109 0.121875 0.5301204819277109 0.0953125 0.5240963855421686 0.09375 0.5240963855421686 0.0671875 0.5200803212851406 0.065625 0.5200803212851406 0.009375 0.5240963855421686 0.0078125 0.5240963855421686 0 0.4759036144578313 0 0.4759036144578313 0.003125 0.46987951807228917 0.0046875 0.4678714859437751 0 0.3654618473895582 0 0.3654618473895582 0.0078125 0.3634538152610442 0.009375 0.3453815261044177 0.009375 0.3433734939759036 0.0046875 0.3293172690763052 0.0046875 0.3273092369477912 0 0.28313253012048195 0
1 0 0.7546875 0.006024096385542169 0.75625 0.006024096385542169 0.7625 0.014056224899598393 0.7625 0.014056224899598393 0.7484375 0.010040160642570281 0.7453125 0.014056224899598393 0.74375 0.014056224899598393 0.7328125 0.024096385542168676 0.728125 0.024096385542168676 0.7171875 0.020080321285140562 0.715625 0.020080321285140562 0.7015625 0.014056224899598393 0.7 0.014056224899598393 0.69375 0.020080321285140562 0.6921875 0.020080321285140562 0.68125 0.024096385542168676 0.6796875 0.020080321285140562 0.6765625 0.020080321285140562 0.646875 0.030120481927710843 0.6453125 0.030120481927710843 0.634375 0.03413654618473896 0.6328125 0.03413654618473896 0.6234375 0.040160642570281124 0.621875 0.040160642570281124 0.61875 0.04417670682730924 0.6171875 0.04417670682730924 0.6078125 0.050200803212851405 0.60625 0.050200803212851405 0.5984375 0.05622489959839357 0.59375 0.0642570281124498 0.59375 0.0642570281124498 0.590625 0.07028112449799197 0.5890625 0.07228915662650602 0.5859375 0.08032128514056225 0.5859375 0.0823293172690763 0.58125 0.09036144578313253 0.58125 0.09236947791164658 0.578125 0.10441767068273092 0.578125 0.10642570281124498 0.5734375 0.1144578313253012 0.5734375 0.11646586345381527 0.5703125 0.12048192771084337 0.5703125 0.12048192771084337 0.5671875 0.12650602409638553 0.5625 0.13052208835341367 0.5625 0.13052208835341367 0.55625 0.12449799196787148 0.5546875 0.12449799196787148 0.5484375 0.12048192771084337 0.546875 0.12048192771084337 0.5359375 0.1144578313253012 0.534375 0.1144578313253012 0.5171875 0.11044176706827309 0.515625 0.11044176706827309 0.509375 0.10441767068273092 0.5078125 0.10441767068273092 0.45 0.10040160642570281 0.4484375 0.10040160642570281 0.434375 0.10441767068273092 0.4328125 0.10642570281124498 0.428125 0.11044176706827309 0.428125 0.11044176706827309 0.421875 0.11646586345381527 0.4171875 0.12048192771084337 0.4171875 0.12248995983935743 0.4125 0.13052208835341367 0.4125 0.13654618473895583 0.4046875 0.14056224899598393 0.4046875 0.14457831325301204 0.4015625 0.14457831325301204 0.39375 0.15060240963855423 0.3921875 0.1566265060240964 0.384375 0.1606425702811245 0.384375 0.1646586345381526 0.38125 0.16666666666666666 0.3765625 0.1706827309236948 0.3765625 0.1706827309236948 0.3671875 0.17670682730923695 0.365625 0.17670682730923695 0.359375 0.1706827309236948 0.3578125 0.1706827309236948 0.34375 0.1646586345381526 0.3421875 0.1646586345381526 0.33125 0.1606425702811245 0.3296875 0.1606425702811245 0.3125 0.15461847389558234 0.3109375 0.15461847389558234 0.3 0.15060240963855423 0.2984375 0.15060240963855423 0.284375 0.14457831325301204 0.2828125 0.14457831325301204 0.271875 0.14056224899598393 0.2703125 0.14056224899598393 0.25625 0.13453815261044177 0.2546875 0.13453815261044177 0.2484375 0.13052208835341367 0.246875 0.13052208835341367 0.240625 0.12449799196787148 0.2390625 0.12449799196787148 0.2328125 0.12048192771084337 0.23125 0.12048192771084337 0.225 0.1144578313253012 0.2234375 0.1144578313253012 0.2171875 0.10441767068273092 0.2125 0.10441767068273092 0.20625 0.10040160642570281 0.2046875 0.10040160642570281 0.196875 0.0963855421686747 0.196875 0.09036144578313253 0.1921875 0.09036144578313253 0.1890625 0.08634538152610442 0.1890625 0.08032128514056225 0.184375 0.08032128514056225 0.18125 0.07630522088353414 0.18125 0.07429718875502007 0.178125 0.06626506024096386 0.178125 0.0642570281124498 0.1734375 0.05220883534136546 0.1734375 0.050200803212851405 0.1703125 0.04216867469879518 0.1703125 0.040160642570281124 0.165625 0.0321285140562249 0.165625 0.030120481927710843 0.1625 0 0.1625 0 0.1640625 0 0.74375 0.006024096385542169 0.7453125 0.006024096385542169 0.7515625 0 0.753125 0 0.7546875
1 0.1606425702811245 0.390625 0.1566265060240964 0.390625 0.15261044176706828 0.39375 0.15060240963855423 0.3984375 0.1465863453815261 0.3984375 0.1465863453815261 0.4015625 0.14056224899598393 0.40625 0.13654618473895583 0.40625 0.13654618473895583 0.409375 0.13052208835341367 0.4140625 0.12248995983935743 0.4140625 0.12048192771084337 0.41875 0.11646586345381527 0.41875 0.11244979919678715 0.421875 0.11244979919678715 0.428125 0.10642570281124498 0.4296875 0.10642570281124498 0.503125 0.11244979919678715 0.5046875 0.11244979919678715 0.515625 0.11646586345381527 0.5171875 0.11646586345381527 0.5265625 0.12248995983935743 0.528125 0.12248995983935743 0.534375 0.12650602409638553 0.5359375 0.12650602409638553 0.546875 0.13253012048192772 0.5484375 0.13253012048192772 0.578125 0.14457831325301204 0.578125 0.1465863453815261 0.58125 0.15060240963855423 0.58125 0.15261044176706828 0.578125 0.1606425702811245 0.578125 0.16265060240963855 0.58125 0.17670682730923695 0.58125 0.1827309236947791 0.5734375 0.18674698795180722 0.5734375 0.18674698795180722 0.559375 0.18072289156626506 0.5578125 0.18072289156626506 0.5171875 0.17670682730923695 0.515625 0.17670682730923695 0.4609375 0.1706827309236948 0.459375 0.1706827309236948 0.4109375 0.17670682730923695 0.409375 0.17670682730923695 0.390625 0.18072289156626506 0.3890625 0.18072289156626506 0.3859375 0.17670682730923695 0.3828125 0.16666666666666666 0.3828125 0.16666666666666666 0.384375 0.16265060240963855 0.3859375 0.1606425702811245 0.390625
1 0.16666666666666666 0.0953125 0.1646586345381526 0.0984375 0.1566265060240964 0.0984375 0.15461847389558234 0.103125 0.1465863453815261 0.103125 0.14457831325301204 0.1078125 0.13654618473895583 0.1078125 0.13052208835341367 0.115625 0.12650602409638553 0.115625 0.12650602409638553 0.121875 0.12248995983935743 0.1234375 0.12248995983935743 0.1296875 0.11646586345381527 0.13125 0.11646586345381527 0.140625 0.11244979919678715 0.1421875 0.11244979919678715 0.16875 0.12248995983935743 0.1734375 0.12248995983935743 0.1765625 0.13453815261044177 0.1765625 0.13654618473895583 0.171875 0.15060240963855423 0.171875 0.15261044176706828 0.16875 0.1606425702811245 0.16875 0.1606425702811245 0.165625 0.16666666666666666 0.1609375 0.17670682730923695 0.1609375 0.178714859437751 0.15625 0.18674698795180722 0.15625 0.18875502008032127 0.153125 0.19678714859437751 0.153125 0.19678714859437751 0.15 0.20281124497991967 0.1453125 0.21084337349397592 0.1453125 0.21285140562248997 0.140625 0.22088353413654618 0.140625 0.22289156626506024 0.1375 0.22690763052208834 0.1375 0.2289156626506024 0.1328125 0.29116465863453816 0.1328125 0.2931726907630522 0.1375 0.321285140562249 0.1375 0.3232931726907631 0.1328125 0.3273092369477912 0.1328125 0.3313253012048193 0.1296875 0.3313253012048193 0.1234375 0.3373493975903614 0.121875 0.3373493975903614 0.115625 0.3333333333333333 0.115625 0.3313253012048193 0.1109375 0.3273092369477912 0.109375 0.3273092369477912 0.103125 0.3092369477911647 0.103125 0.3072289156626506 0.0984375 0.27309236947791166 0.0984375 0.2710843373493976 0.0953125 0.24899598393574296 0.0953125 0.2469879518072289 0.090625 0.1827309236947791 0.090625 0.1827309236947791 0.0921875 0.18072289156626506 0.0953125 0.16666666666666666 0.0953125
1 0 0.9875 0.006024096385542169 0.9890625 0.006024096385542169 0.9953125 0.024096385542168676 0.9953125 0.02610441767068273 0.9984375 0.05421686746987952 0.9984375 0.05622489959839357 0.9953125 0.0642570281124498 0.9953125 0.06626506024096386 0.990625 0.07028112449799197 0.990625 0.07429718875502007 0.9875 0.07429718875502007 0.9734375 0.08032128514056225 0.971875 0.08032128514056225 0.96875 0.07630522088353414 0.96875 0.07028112449799197 0.9640625 0.07028112449799197 0.9609375 0.05622489959839357 0.9609375 0.05421686746987952 0.9578125 0.03614457831325301 0.9578125 0.03413654618473896 0.953125 0.012048192771084338 0.953125 0.010040160642570281 0.95 0.006024096385542169 0.95 0.006024096385542169 0.9515625 0 0.953125 0 0.9875
1 0.5421686746987951 0 0.5421686746987951 0.0015625 0.5321285140562249 0.009375 0.5321285140562249 0.01875 0.5261044176706827 0.0203125 0.5261044176706827 0.0390625 0.5321285140562249 0.040625 0.5321285140562249 0.0625 0.536144578313253 0.0640625 0.536144578313253 0.0734375 0.5421686746987951 0.075 0.5421686746987951 0.08125 0.5461847389558233 0.078125 0.5642570281124498 0.078125 0.5662650602409639 0.08125 0.572289156626506 0.0828125 0.570281124497992 0.0875 0.5461847389558233 0.0875 0.5461847389558233 0.096875 0.5522088353413654 0.0984375 0.5522088353413654 0.109375 0.5562248995983936 0.1109375 0.5562248995983936 0.1171875 0.5602409638554217 0.1171875 0.5622489959839357 0.121875 0.5662650602409639 0.1234375 0.5662650602409639 0.1296875 0.570281124497992 0.1296875 0.5763052208835341 0.134375 0.5763052208835341 0.1375 0.5803212851405622 0.1375 0.5863453815261044 0.1421875 0.5863453815261044 0.1453125 0.5903614457831325 0.1453125 0.5963855421686747 0.15 0.5963855421686747 0.153125 0.6104417670682731 0.153125 0.6164658634538153 0.1578125 0.6164658634538153 0.1609375 0.6606425702811245 0.1609375 0.6626506024096386 0.15625 0.6907630522088354 0.15625 0.6927710843373494 0.153125 0.751004016064257 0.153125 0.7530120481927711 0.1484375 0.7610441767068273 0.1484375 0.7630522088353414 0.153125 0.7670682730923695 0.153125 0.7730923694779116 0.1578125 0.7730923694779116 0.1640625 0.7791164658634538 0.165625 0.7791164658634538 0.2 0.7730923694779116 0.2015625 0.7730923694779116 0.215625 0.7791164658634538 0.2171875 0.7791164658634538 0.2203125 0.7911646586345381 0.2203125 0.7931726907630522 0.2234375 0.821285140562249 0.2234375 0.8232931726907631 0.2203125 0.8433734939759037 0.2203125 0.8453815261044176 0.215625 0.857429718875502 0.215625 0.8594377510040161 0.2125 0.8634538152610441 0.2125 0.8654618473895582 0.215625 0.8755020080321285 0.2171875 0.8755020080321285 0.23125 0.8975903614457831 0.23125 0.8995983935742972 0.228125 0.9076305220883534 0.228125 0.9096385542168675 0.2234375 0.9236947791164659 0.2234375 0.929718875502008 0.215625 0.9738955823293173 0.215625 0.9759036144578314 0.2125 0.9839357429718876 0.2125 0.9859437751004017 0.2078125 0.9939759036144579 0.2078125 0.9979919678714859 0.2046875 0.9979919678714859 0.075 0.9939759036144579 0.0734375 0.9939759036144579 0.040625 0.9698795180722891 0.040625 0.9678714859437751 0.0359375 0.9558232931726908 0.0359375 0.9538152610441767 0.0328125 0.9457831325301205 0.0328125 0.9437751004016064 0.028125 0.9397590361445783 0.028125 0.9377510040160643 0.025 0.9196787148594378 0.025 0.9176706827309237 0.0203125 0.9056224899598394 0.0203125 0.9036144578313253 0.0171875 0.8493975903614458 0.0171875 0.8473895582329317 0.0125 0.8092369477911646 0.0125 0.8072289156626506 0.009375 0.7931726907630522 0.009375 0.7911646586345381 0.0046875 0.7329317269076305 0.0046875 0.7329317269076305 0.0078125 0.7269076305220884 0.0125 0.7228915662650602 0.0125 0.7168674698795181 0.0078125 0.7168674698795181 0.0046875 0.7028112449799196 0.0046875 0.7008032128514057 0 0.6887550200803213 0 0.6867469879518072 0.0046875 0.678714859437751 0.0046875 0.6767068273092369 0 0.5923694779116466 0 0.5903614457831325 0.0046875 0.5662650602409639 0.0046875 0.5642570281124498 0 0.5421686746987951 0
1 0.8755020080321285 0.2640625 0.8755020080321285 0.2671875 0.8795180722891566 0.2703125 0.8855421686746988 0.271875 0.8855421686746988 0.275 0.8755020080321285 0.2796875 0.8734939759036144 0.2875 0.8694779116465864 0.2875 0.8694779116465864 0.3265625 0.8755020080321285 0.328125 0.8755020080321285 0.3421875 0.8795180722891566 0.34375 0.8795180722891566 0.3578125 0.8855421686746988 0.359375 0.8855421686746988 0.365625 0.8955823293172691 0.3703125 0.8955823293172691 0.3734375 0.8995983935742972 0.3765625 0.9176706827309237 0.3765625 0.9196787148594378 0.38125 0.9337349397590361 0.38125 0.9357429718875502 0.384375 0.9437751004016064 0.384375 0.9457831325301205 0.3890625 0.9538152610441767 0.3890625 0.9598393574297188 0.39375 0.9598393574297188 0.396875 0.9658634538152611 0.3984375 0.9658634538152611 0.4015625 0.9698795180722891 0.4046875 0.9759036144578314 0.40625 0.9759036144578314 0.409375 0.9799196787148594 0.4125 0.9859437751004017 0.4140625 0.9859437751004017 0.4171875 0.9979919678714859 0.4171875 0.9979919678714859 0.2140625 0.9959839357429718 0.2140625 0.9959839357429718 0.215625 0.9939759036144579 0.2171875 0.9799196787148594 0.2171875 0.9779116465863453 0.221875 0.9698795180722891 0.221875 0.9678714859437751 0.225 0.9397590361445783 0.225 0.9377510040160643 0.2296875 0.929718875502008 0.2296875 0.9257028112449799 0.2328125 0.9236947791164659 0.2375 0.9156626506024096 0.2375 0.9156626506024096 0.246875 0.9136546184738956 0.2484375 0.8995983935742972 0.2484375 0.8995983935742972 0.2515625 0.8955823293172691 0.253125 0.8955823293172691 0.259375 0.8855421686746988 0.2640625 0.8835341365461847 0.26875 0.8795180722891566 0.26875 0.8775100401606426 0.2640625 0.8755020080321285 0.2640625
1 0.3654618473895582 0.15625 0.35943775100401604 0.1578125 0.357429718875502 0.1625 0.3534136546184739 0.1609375 0.3534136546184739 0.1546875 0.3473895582329317 0.153125 0.3473895582329317 0.15 0.3433734939759036 0.146875 0.2991967871485944 0.146875 0.2971887550200803 0.1421875 0.26907630522088355 0.1421875 0.26706827309236947 0.1390625 0.2429718875502008 0.1390625 0.24096385542168675 0.1421875 0.2289156626506024 0.1421875 0.22690763052208834 0.146875 0.21887550200803213 0.146875 0.21686746987951808 0.15 0.20883534136546184 0.15 0.20682730923694778 0.1546875 0.19879518072289157 0.1546875 0.19678714859437751 0.1578125 0.1927710843373494 0.1578125 0.19076305220883535 0.1625 0.1827309236947791 0.1625 0.18072289156626506 0.165625 0.17269076305220885 0.165625 0.17269076305220885 0.16875 0.16265060240963855 0.1734375 0.1606425702811245 0.178125 0.1465863453815261 0.178125 0.14457831325301204 0.18125 0.13654618473895583 0.18125 0.13654618473895583 0.184375 0.13253012048192772 0.1859375 0.13253012048192772 0.1953125 0.1465863453815261 0.20625 0.1465863453815261 0.2125 0.15461847389558234 0.2125 0.1566265060240964 0.215625 0.1646586345381526 0.215625 0.16666666666666666 0.2203125 0.19678714859437751 0.2203125 0.19678714859437751 0.196875 0.19879518072289157 0.1953125 0.20281124497991967 0.196875 0.20281124497991967 0.2125 0.20883534136546184 0.2140625 0.20682730923694778 0.2171875 0.20281124497991967 0.2171875 0.20281124497991967 0.2203125 0.20682730923694778 0.2203125 0.20883534136546184 0.2234375 0.22088353413654618 0.2234375 0.22289156626506024 0.2203125 0.23092369477911648 0.2203125 0.23092369477911648 0.20625 0.23293172690763053 0.2046875 0.2389558232931727 0.20625 0.2389558232931727 0.2234375 0.2469879518072289 0.2234375 0.24899598393574296 0.215625 0.25301204819277107 0.2171875 0.25301204819277107 0.2203125 0.2570281124497992 0.2203125 0.25903614457831325 0.215625 0.2710843373493976 0.215625 0.27309236947791166 0.2125 0.28112449799196787 0.2125 0.28112449799196787 0.209375 0.28714859437751006 0.2078125 0.28714859437751006 0.20625 0.27710843373493976 0.2046875 0.27710843373493976 0.196875 0.2791164658634538 0.1953125 0.28714859437751006 0.1953125 0.2891566265060241 0.2 0.2931726907630522 0.2015625 0.2931726907630522 0.215625 0.30120481927710846 0.215625 0.3032128514056225 0.2125 0.3112449799196787 0.2125 0.3132530120481928 0.2078125 0.3192771084337349 0.209375 0.3192771084337349 0.2125 0.3433734939759036 0.2125 0.3433734939759036 0.209375 0.3393574297188755 0.209375 0.3373493975903614 0.20625 0.3433734939759036 0.2046875 0.3433734939759036 0.2015625 0.3373493975903614 0.2 0.3373493975903614 0.196875 0.3473895582329317 0.1953125 0.3493975903614458 0.196875 0.3493975903614458 0.2046875 0.357429718875502 0.2046875 0.35943775100401604 0.2 0.3674698795180723 0.2 0.36947791164658633 0.2078125 0.3755020080321285 0.209375 0.3755020080321285 0.2125 0.38353413654618473 0.2125 0.3895582329317269 0.2171875 0.3895582329317269 0.2203125 0.38353413654618473 0.225 0.3654618473895582 0.225 0.3634538152610442 0.2296875 0.35943775100401604 0.2296875 0.357429718875502 0.225 0.35542168674698793 0.225 0.3534136546184739 0.2296875 0.3232931726907631 0.2296875 0.321285140562249 0.2328125 0.3092369477911647 0.2328125 0.3092369477911647 0.2359375 0.3032128514056225 0.2375 0.30120481927710846 0.240625 0.2931726907630522 0.240625 0.2931726907630522 0.24375 0.28714859437751006 0.2484375 0.28313253012048195 0.2484375 0.28313253012048195 0.2515625 0.27710843373493976 0.25625 0.27309236947791166 0.25625 0.27309236947791166 0.259375 0.26706827309236947 0.2640625 0.26305220883534136 0.2640625 0.26305220883534136 0.2671875 0.2570281124497992 0.271875 0.25301204819277107 0.271875 0.25301204819277107 0.275 0.2469879518072289 0.2796875 0.2429718875502008 0.2796875 0.2429718875502008 0.2859375 0.2389558232931727 0.2875 0.2389558232931727 0.29375 0.2289156626506024 0.2953125 0.2289156626506024 0.303125 0.21887550200803213 0.3078125 0.21686746987951808 0.3125 0.21285140562248997 0.3125 0.21285140562248997 0.31875 0.20883534136546184 0.3203125 0.20883534136546184 0.334375 0.20281124497991967 0.3359375 0.20281124497991967 0.353125 0.19879518072289157 0.3546875 0.19879518072289157 0.36875 0.1927710843373494 0.3703125 0.1927710843373494 0.3765625 0.18875502008032127 0.378125 0.18875502008032127 0.3890625 0.1827309236947791 0.390625 0.1827309236947791 0.4046875 0.178714859437751 0.40625 0.178714859437751 0.4640625 0.1827309236947791 0.465625 0.1827309236947791 0.475 0.178714859437751 0.4765625 0.178714859437751 0.490625 0.1827309236947791 0.4921875 0.1827309236947791 0.51875 0.18875502008032127 0.5203125 0.18875502008032127 0.55 0.1927710843373494 0.5515625 0.1927710843373494 0.5578125 0.19879518072289157 0.559375 0.19879518072289157 0.565625 0.20281124497991967 0.5671875 0.20281124497991967 0.58125 0.20883534136546184 0.5828125 0.20883534136546184 0.60625 0.21285140562248997 0.6078125 0.21285140562248997 0.625 0.21887550200803213 0.6265625 0.21887550200803213 0.6328125 0.22289156626506024 0.634375 0.22289156626506024 0.6375 0.23293172690763053 0.6390625 0.23293172690763053 0.6796875 0.2389558232931727 0.68125 0.2389558232931727 0.6921875 0.2429718875502008 0.69375 0.2429718875502008 0.7125 0.24899598393574296 0.7140625 0.24899598393574296 0.7234375 0.25301204819277107 0.725 0.25301204819277107 0.7515625 0.25903614457831325 0.753125 0.25903614457831325 0.7625 0.26305220883534136 0.7640625 0.26305220883534136 0.775 0.26907630522088355 0.7765625 0.26907630522088355 0.7859375 0.27309236947791166 0.7875 0.27309236947791166 0.7984375 0.2791164658634538 0.8 0.2791164658634538 0.80625 0.28313253012048195 0.8078125 0.28313253012048195 0.8265625 0.2891566265060241 0.828125 0.2891566265060241 0.8375 0.2931726907630522 0.8390625 0.2931726907630522 0.8421875 0.2971887550200803 0.8421875 0.3032128514056225 0.846875 0.3032128514056225 0.853125 0.3072289156626506 0.853125 0.3092369477911647 0.8578125 0.3132530120481928 0.859375 0.3132530120481928 0.86875 0.3192771084337349 0.8703125 0.3192771084337349 0.8765625 0.3232931726907631 0.8734375 0.3273092369477912 0.8734375 0.3293172690763052 0.86875 0.3373493975903614 0.86875 0.3393574297188755 0.8765625 0.3433734939759036 0.8765625 0.3473895582329317 0.8734375 0.3493975903614458 0.8765625 0.35542168674698793 0.878125 0.35542168674698793 0.88125 0.3634538152610442 0.88125 0.36947791164658633 0.8859375 0.36947791164658633 0.8921875 0.3755020080321285 0.89375 0.3795180722891566 0.9015625 0.38353413654618473 0.9015625 0.3895582329317269 0.90625 0.3895582329317269 0.909375 0.40763052208835343 0.909375 0.40963855421686746 0.9125 0.43373493975903615 0.9125 0.4357429718875502 0.9171875 0.4538152610441767 0.9171875 0.45582329317269077 0.9125 0.4839357429718876 0.9125 0.4859437751004016 0.909375 0.5040160642570282 0.909375 0.5060240963855421 0.9046875 0.5140562248995983 0.9046875 0.5160642570281124 0.9015625 0.5200803212851406 0.9015625 0.5200803212851406 0.8984375 0.5240963855421686 0.896875 0.5261044176706827 0.8921875 0.5301204819277109 0.8921875 0.5341365461847389 0.8890625 0.536144578313253 0.884375 0.5401606425702812 0.884375 0.5441767068273092 0.88125 0.5461847389558233 0.8765625 0.5502008032128514 0.8765625 0.5542168674698795 0.8734375 0.5562248995983936 0.86875 0.5602409638554217 0.86875 0.5642570281124498 0.865625 0.5662650602409639 0.8609375 0.570281124497992 0.8609375 0.570281124497992 0.8546875 0.5763052208835341 0.85 0.5803212851405622 0.85 0.5803212851405622 0.846875 0.5843373493975904 0.8453125 0.5843373493975904 0.8390625 0.5903614457831325 0.8375 0.5903614457831325 0.83125 0.5963855421686747 0.8265625 0.6004016064257028 0.8265625 0.6004016064257028 0.8203125 0.6044176706827309 0.81875 0.606425702811245 0.8140625 0.6104417670682731 0.8140625 0.6104417670682731 0.8078125 0.6144578313253012 0.80625 0.6144578313253012 0.8 0.6204819277108434 0.7984375 0.6204819277108434 0.7921875 0.6244979919678715 0.790625 0.6244979919678715 0.784375 0.6305220883534136 0.7828125 0.6305220883534136 0.771875 0.6345381526104418 0.7703125 0.6345381526104418 0.7609375 0.6405622489959839 0.759375 0.6405622489959839 0.753125 0.6445783132530121 0.7515625 0.6445783132530121 0.7453125 0.6506024096385542 0.74375 0.6506024096385542 0.740625 0.6546184738955824 0.7390625 0.6546184738955824 0.7328125 0.6606425702811245 0.73125 0.6606425702811245 0.725 0.6666666666666666 0.7203125 0.6706827309236948 0.7203125 0.6726907630522089 0.715625 0.6767068273092369 0.715625 0.6767068273092369 0.709375 0.6827309236947792 0.7046875 0.6867469879518072 0.7046875 0.6867469879518072 0.696875 0.6907630522088354 0.6953125 0.6907630522088354 0.6890625 0.7008032128514057 0.684375 0.7008032128514057 0.6703125 0.7068273092369478 0.66875 0.7068273092369478 0.6625 0.7108433734939759 0.6609375 0.7108433734939759 0.65 0.7168674698795181 0.6484375 0.7168674698795181 0.6390625 0.7208835341365462 0.6375 0.7208835341365462 0.6265625 0.7269076305220884 0.625 0.7269076305220884 0.61875 0.7329317269076305 0.6140625 0.7369477911646586 0.6140625 0.7369477911646586 0.6109375 0.7409638554216867 0.609375 0.7409638554216867 0.5953125 0.7469879518072289 0.59375 0.7469879518072289 0.5796875 0.751004016064257 0.578125 0.751004016064257 0.571875 0.7570281124497992 0.5703125 0.7570281124497992 0.5671875 0.7630522088353414 0.5625 0.7670682730923695 0.5625 0.7670682730923695 0.55625 0.7710843373493976 0.5546875 0.7710843373493976 0.5484375 0.7771084337349398 0.546875 0.7771084337349398 0.540625 0.7811244979919679 0.5390625 0.7811244979919679 0.5328125 0.7871485943775101 0.53125 0.7871485943775101 0.5171875 0.7911646586345381 0.515625 0.7911646586345381 0.496875 0.7971887550200804 0.4953125 0.7971887550200804 0.4765625 0.8012048192771084 0.475 0.8012048192771084 0.453125 0.7971887550200804 0.4515625 0.7971887550200804 0.403125 0.7911646586345381 0.4015625 0.7911646586345381 0.390625 0.7871485943775101 0.3890625 0.7871485943775101 0.375 0.7811244979919679 0.3734375 0.7811244979919679 0.3625 0.7710843373493976 0.3578125 0.7710843373493976 0.3515625 0.7630522088353414 0.3515625 0.7610441767068273 0.346875 0.751004016064257 0.3453125 0.751004016064257 0.3390625 0.7570281124497992 0.3375 0.7590361445783133 0.334375 0.7630522088353414 0.3359375 0.7630522088353414 0.3421875 0.7670682730923695 0.3421875 0.7690763052208835 0.3375 0.7771084337349398 0.3375 0.7791164658634538 0.3296875 0.7971887550200804 0.3296875 0.7971887550200804 0.3234375 0.7911646586345381 0.321875 0.7911646586345381 0.3125 0.7831325301204819 0.3125 0.7811244979919679 0.3078125 0.7771084337349398 0.30625 0.7771084337349398 0.3 0.7690763052208835 0.3 0.7670682730923695 0.2953125 0.7630522088353414 0.2953125 0.7570281124497992 0.290625 0.7570281124497992 0.2875 0.7530120481927711 0.2875 0.751004016064257 0.284375 0.7429718875502008 0.284375 0.7409638554216867 0.2796875 0.7309236947791165 0.275 0.7309236947791165 0.271875 0.7269076305220884 0.26875 0.7208835341365462 0.2671875 0.7208835341365462 0.2640625 0.7128514056224899 0.2640625 0.7108433734939759 0.25625 0.7028112449799196 0.25625 0.6967871485943775 0.2515625 0.6967871485943775 0.2484375 0.6887550200803213 0.2484375 0.6867469879518072 0.2453125 0.6726907630522089 0.2453125 0.6706827309236948 0.24375 0.6726907630522089 0.2390625 0.6907630522088354 0.2390625 0.6927710843373494 0.24375 0.6967871485943775 0.24375 0.6987951807228916 0.2390625 0.7108433734939759 0.2390625 0.7128514056224899 0.24375 0.7168674698795181 0.24375 0.7168674698795181 0.240625 0.7208835341365462 0.2375 0.7088353413654619 0.2375 0.7068273092369478 0.2328125 0.7168674698795181 0.23125 0.7168674698795181 0.2296875 0.7108433734939759 0.228125 0.7108433734939759 0.225 0.7168674698795181 0.2234375 0.7168674698795181 0.209375 0.7188755020080321 0.2078125 0.7228915662650602 0.209375 0.7228915662650602 0.2125 0.7369477911646586 0.2125 0.7409638554216867 0.215625 0.7429718875502008 0.2125 0.751004016064257 0.2125 0.7530120481927711 0.215625 0.7570281124497992 0.215625 0.7570281124497992 0.19375 0.7610441767068273 0.1921875 0.7610441767068273 0.1890625 0.7570281124497992 0.1875 0.7570281124497992 0.18125 0.7610441767068273 0.1796875 0.7610441767068273 0.1734375 0.7570281124497992 0.171875 0.7570281124497992 0.165625 0.7530120481927711 0.165625 0.751004016064257 0.1625 0.7429718875502008 0.1625 0.7409638554216867 0.165625 0.7329317269076305 0.165625 0.7289156626506024 0.1625 0.7269076305220884 0.165625 0.7228915662650602 0.165625 0.7208835341365462 0.1625 0.7088353413654619 0.1625 0.7068273092369478 0.165625 0.6827309236947792 0.165625 0.6807228915662651 0.1703125 0.6626506024096386 0.1703125 0.6606425702811245 0.1734375 0.642570281124498 0.1734375 0.6405622489959839 0.178125 0.6325301204819277 0.178125 0.6305220883534136 0.18125 0.6124497991967871 0.18125 0.6104417670682731 0.1859375 0.6024096385542169 0.1859375 0.6004016064257028 0.1890625 0.5863453815261044 0.1890625 0.5843373493975904 0.18125 0.5803212851405622 0.178125 0.572289156626506 0.178125 0.570281124497992 0.1734375 0.5642570281124498 0.171875 0.5642570281124498 0.165625 0.5522088353413654 0.165625 0.5502008032128514 0.1734375 0.536144578313253 0.1734375 0.536144578313253 0.184375 0.5321285140562249 0.1859375 0.5321285140562249 0.1921875 0.5261044176706827 0.19375 0.5261044176706827 0.2 0.5220883534136547 0.2015625 0.5220883534136547 0.2046875 0.5120481927710844 0.20625 0.5100401606425703 0.209375 0.5 0.209375 0.4979919678714859 0.20625 0.4859437751004016 0.20625 0.4839357429718876 0.2015625 0.4779116465863454 0.2 0.4779116465863454 0.196875 0.4738955823293173 0.19375 0.4678714859437751 0.1921875 0.4678714859437751 0.1890625 0.4497991967871486 0.1890625 0.44377510040160645 0.184375 0.44377510040160645 0.178125 0.43775100401606426 0.1765625 0.43775100401606426 0.1734375 0.4357429718875502 0.1734375 0.43373493975903615 0.178125 0.41967871485943775 0.178125 0.41767068273092367 0.1703125 0.41365461847389556 0.16875 0.41365461847389556 0.1625 0.40763052208835343 0.1609375 0.40763052208835343 0.1546875 0.3895582329317269 0.1546875 0.38755020080321284 0.15 0.38353413654618473 0.1484375 0.38353413654618473 0.134375 0.37751004016064255 0.1328125 0.37751004016064255 0.11875 0.37349397590361444 0.1171875 0.37349397590361444 0.1109375 0.36947791164658633 0.1109375 0.36947791164658633 0.1125 0.3654618473895582 0.115625 0.3654618473895582 0.15625
1 0.7188755020080321 0.253125 0.7188755020080321 0.259375 0.7289156626506024 0.2640625 0.7289156626506024 0.2671875 0.7329317269076305 0.2703125 0.7389558232931727 0.271875 0.7389558232931727 0.275 0.7429718875502008 0.278125 0.751004016064257 0.278125 0.7530120481927711 0.2828125 0.7610441767068273 0.2828125 0.7630522088353414 0.2859375 0.7690763052208835 0.2875 0.7690763052208835 0.290625 0.7771084337349398 0.290625 0.7831325301204819 0.2953125 0.7831325301204819 0.2984375 0.7891566265060241 0.3 0.7891566265060241 0.30625 0.7931726907630522 0.3078125 0.7931726907630522 0.3140625 0.7971887550200804 0.3140625 0.8032128514056225 0.321875 0.8092369477911646 0.3234375 0.8092369477911646 0.3265625 0.8132530120481928 0.3296875 0.821285140562249 0.3296875 0.8232931726907631 0.334375 0.8313253012048193 0.334375 0.8333333333333334 0.3375 0.8433734939759037 0.3375 0.8453815261044176 0.3421875 0.8534136546184738 0.3421875 0.8534136546184738 0.3234375 0.8473895582329317 0.321875 0.8473895582329317 0.3125 0.8433734939759037 0.3109375 0.8433734939759037 0.3046875 0.8373493975903614 0.303125 0.8373493975903614 0.2953125 0.8313253012048193 0.29375 0.8313253012048193 0.2875 0.8273092369477911 0.2859375 0.8273092369477911 0.2796875 0.8232931726907631 0.2796875 0.8172690763052208 0.275 0.8172690763052208 0.271875 0.8132530120481928 0.271875 0.8072289156626506 0.2671875 0.8072289156626506 0.2640625 0.8032128514056225 0.2640625 0.8012048192771084 0.2609375 0.7931726907630522 0.2609375 0.7871485943775101 0.253125 0.7690763052208835 0.253125 0.7670682730923695 0.2484375 0.7289156626506024 0.2484375 0.7289156626506024 0.25 0.7269076305220884 0.253125 0.7188755020080321 0.253125