5 0.8578125 0.25260960334029225 0.8578125 0.2567849686847599 0.8546875 0.2588726513569937 0.8546875 0.267223382045929 0.85 0.26931106471816285 0.85 0.2776617954070981 0.846875 0.2797494780793319 0.846875 0.2881002087682672 0.8421875 0.29018789144050106 0.8421875 0.2985386221294363 0.8390625 0.30062630480167013 0.8390625 0.3089770354906054 0.834375 0.31106471816283926 0.834375 0.31941544885177453 0.83125 0.32150313152400833 0.83125 0.3298538622129436 0.8234375 0.33611691022964507 0.821875 0.3465553235908142 0.81875 0.3465553235908142 0.815625 0.35073068893528186 0.815625 0.3757828810020877 0.81875 0.37995824634655534 0.8328125 0.37995824634655534 0.834375 0.3757828810020877 0.8375 0.3757828810020877 0.8375 0.37160751565762007 0.8421875 0.3653444676409186 0.8453125 0.3653444676409186 0.8453125 0.3569937369519833 0.8484375 0.35490605427974947 0.8484375 0.3465553235908142 0.853125 0.3444676409185804 0.853125 0.33194154488517746 0.85625 0.3298538622129436 0.85625 0.32150313152400833 0.8609375 0.31941544885177453 0.8609375 0.31106471816283926 0.8640625 0.3089770354906054 0.8640625 0.29436325678496866 0.8671875 0.29227557411273486 0.8671875 0.2797494780793319 0.871875 0.2776617954070981 0.871875 0.26931106471816285 0.875 0.267223382045929 0.875 0.25260960334029225 0.8796875 0.25052192066805845 0.8796875 0.24425887265135698 0.865625 0.24425887265135698 0.865625 0.24634655532359082 0.8609375 0.25260960334029225 0.8578125 0.25260960334029225
5 0.096875 0.07933194154488518 0.09375 0.08350730688935282 0.09375 0.0918580375782881 0.0890625 0.09394572025052192 0.0890625 0.1127348643006263 0.0859375 0.11482254697286012 0.0859375 0.1440501043841336 0.08125 0.14613778705636743 0.08125 0.17954070981210857 0.078125 0.18162839248434237 0.078125 0.24634655532359082 0.08125 0.24843423799582465 0.08125 0.267223382045929 0.0859375 0.26931106471816285 0.0859375 0.2881002087682672 0.0890625 0.29018789144050106 0.0890625 0.2985386221294363 0.09375 0.30062630480167013 0.09375 0.3089770354906054 0.096875 0.31315240083507306 0.1 0.31315240083507306 0.103125 0.3089770354906054 0.103125 0.30062630480167013 0.1078125 0.2985386221294363 0.1078125 0.29018789144050106 0.1109375 0.2881002087682672 0.1109375 0.2797494780793319 0.1078125 0.2776617954070981 0.1078125 0.2630480167014614 0.103125 0.2609603340292276 0.103125 0.25260960334029225 0.1 0.25052192066805845 0.1 0.23799582463465555 0.0953125 0.2359081419624217 0.0953125 0.16075156576200417 0.1 0.15866388308977036 0.1 0.11899791231732777 0.103125 0.11691022964509394 0.103125 0.09394572025052192 0.1078125 0.0918580375782881 0.1078125 0.07306889352818371 0.1015625 0.07306889352818371 0.1015625 0.07515657620041753 0.1 0.07933194154488518 0.096875 0.07933194154488518
5 0.278125 0.08768267223382047 0.278125 0.0918580375782881 0.2734375 0.09812108559498957 0.2703125 0.09812108559498957 0.2703125 0.1022964509394572 0.2640625 0.10855949895615867 0.2640625 0.1127348643006263 0.259375 0.11482254697286012 0.2546875 0.12526096033402923 0.2515625 0.12526096033402923 0.2484375 0.12943632567849686 0.246875 0.13569937369519833 0.24375 0.13569937369519833 0.24375 0.1440501043841336 0.2390625 0.15031315240083507 0.2359375 0.15031315240083507 0.2359375 0.1544885177453027 0.23125 0.16075156576200417 0.228125 0.16075156576200417 0.228125 0.16910229645093947 0.2390625 0.16910229645093947 0.2421875 0.1649269311064718 0.2421875 0.16075156576200417 0.246875 0.15866388308977036 0.2515625 0.14822546972860126 0.2546875 0.14822546972860126 0.2578125 0.1440501043841336 0.259375 0.13778705636743216 0.2625 0.13778705636743216 0.265625 0.1336116910229645 0.265625 0.12943632567849686 0.2703125 0.12317327766179541 0.2734375 0.12317327766179541 0.2734375 0.11899791231732777 0.278125 0.1127348643006263 0.28125 0.1127348643006263 0.28125 0.10438413361169102 0.284375 0.1022964509394572 0.284375 0.09812108559498957 0.2921875 0.0918580375782881 0.2921875 0.07933194154488518 0.2859375 0.07933194154488518 0.2859375 0.081419624217119 0.28125 0.08768267223382047 0.278125 0.08768267223382047
2 0.8578125 0.25260960334029225 0.8578125 0.2567849686847599 0.8546875 0.2588726513569937 0.8546875 0.267223382045929 0.85 0.26931106471816285 0.85 0.2776617954070981 0.846875 0.2797494780793319 0.846875 0.2881002087682672 0.8421875 0.29018789144050106 0.8421875 0.2985386221294363 0.8390625 0.30062630480167013 0.8390625 0.3089770354906054 0.834375 0.31106471816283926 0.834375 0.31941544885177453 0.83125 0.32150313152400833 0.83125 0.3298538622129436 0.8234375 0.33611691022964507 0.821875 0.3465553235908142 0.81875 0.3465553235908142 0.81875 0.3695198329853862 0.8234375 0.37160751565762007 0.8234375 0.3757828810020877 0.8265625 0.37995824634655534 0.8328125 0.37995824634655534 0.834375 0.3757828810020877 0.8375 0.3757828810020877 0.8375 0.37160751565762007 0.840625 0.3695198329853862 0.840625 0.36116910229645094 0.8453125 0.35908141962421714 0.8453125 0.35073068893528186 0.8484375 0.348643006263048 0.8484375 0.34029227557411273 0.853125 0.33820459290187893 0.853125 0.33194154488517746 0.85625 0.3298538622129436 0.85625 0.32150313152400833 0.8609375 0.31941544885177453 0.8609375 0.31106471816283926 0.8640625 0.3089770354906054 0.8640625 0.29436325678496866 0.8671875 0.29227557411273486 0.8671875 0.2797494780793319 0.871875 0.2776617954070981 0.871875 0.2630480167014614 0.875 0.2609603340292276 0.875 0.25260960334029225 0.8796875 0.25052192066805845 0.8796875 0.24425887265135698 0.865625 0.24425887265135698 0.865625 0.24634655532359082 0.8609375 0.25260960334029225 0.8578125 0.25260960334029225
2 0.8234375 0.4759916492693111 0.8234375 0.5031315240083507 0.8265625 0.5052192066805845 0.8265625 0.524008350730689 0.83125 0.5260960334029228 0.83125 0.5511482254697286 0.834375 0.5532359081419624 0.834375 0.5657620041753654 0.8390625 0.5678496868475992 0.8390625 0.5908141962421712 0.8421875 0.592901878914405 0.8421875 0.5970772442588727 0.8390625 0.5991649269311065 0.8390625 0.6430062630480167 0.8421875 0.6388308977035491 0.8453125 0.6388308977035491 0.8453125 0.6346555323590815 0.8484375 0.6325678496868476 0.8484375 0.6200417536534447 0.853125 0.6179540709812108 0.853125 0.6033402922755741 0.85625 0.6012526096033403 0.85625 0.5887265135699373 0.8609375 0.5866388308977035 0.8609375 0.5427974947807933 0.85625 0.5407098121085595 0.85625 0.5156576200417536 0.853125 0.5135699373695198 0.853125 0.5010438413361169 0.8484375 0.4989561586638831 0.8484375 0.4906054279749478 0.8453125 0.48851774530271397 0.8453125 0.4801670146137787 0.840625 0.4780793319415449 0.840625 0.4697286012526096 0.8375 0.46555323590814196 0.83125 0.46555323590814196 0.8296875 0.4592901878914405 0.81875 0.4592901878914405 0.81875 0.4613778705636743 0.81875 0.47390396659707723 0.8234375 0.4759916492693111
2 0.8734375 0.5636743215031316 0.8734375 0.5720250521920668 0.86875 0.5741127348643006 0.86875 0.5762004175365344 0.8734375 0.5782881002087683 0.8734375 0.5970772442588727 0.8765625 0.5991649269311065 0.8765625 0.6221294363256785 0.88125 0.6242171189979123 0.88125 0.6325678496868476 0.884375 0.6346555323590815 0.884375 0.6388308977035491 0.8890625 0.6409185803757829 0.8890625 0.6534446764091858 0.8921875 0.6555323590814196 0.8921875 0.6597077244258872 0.8984375 0.6597077244258872 0.9 0.6638830897703549 0.9046875 0.6659707724425887 0.9046875 0.6743215031315241 0.9125 0.6805845511482255 0.9125 0.6847599164926931 0.915625 0.6868475991649269 0.915625 0.6951983298538622 0.91875 0.6951983298538622 0.9234375 0.7014613778705637 0.9234375 0.7098121085594989 0.928125 0.7118997912317327 0.928125 0.7160751565762005 0.9328125 0.7098121085594989 0.9328125 0.6450939457202505 0.9296875 0.6430062630480167 0.9296875 0.6304801670146137 0.9265625 0.6283924843423799 0.9265625 0.6200417536534447 0.921875 0.6179540709812108 0.921875 0.6096033402922756 0.91875 0.6075156576200418 0.91875 0.5991649269311065 0.9140625 0.5970772442588727 0.9140625 0.592901878914405 0.9109375 0.5908141962421712 0.9109375 0.5845511482254697 0.9078125 0.5845511482254697 0.903125 0.5741127348643006 0.8984375 0.5720250521920668 0.8984375 0.5678496868475992 0.8921875 0.5678496868475992 0.890625 0.5636743215031316 0.884375 0.5636743215031316 0.8828125 0.55741127348643 0.86875 0.55741127348643 0.86875 0.5594989561586639 0.86875 0.5615866388308977 0.8734375 0.5636743215031316
2 0.66875 0.29436325678496866 0.6671875 0.30062630480167013 0.653125 0.30062630480167013 0.6515625 0.3048016701461378 0.634375 0.3048016701461378 0.6328125 0.31106471816283926 0.6265625 0.31106471816283926 0.6265625 0.31941544885177453 0.65625 0.31941544885177453 0.6578125 0.3235908141962422 0.6859375 0.3235908141962422 0.6875 0.3298538622129436 0.725 0.3298538622129436 0.7265625 0.33402922755741127 0.7796875 0.33402922755741127 0.7796875 0.31524008350730687 0.7765625 0.31524008350730687 0.775 0.31106471816283926 0.765625 0.31106471816283926 0.7640625 0.3048016701461378 0.73125 0.3048016701461378 0.7296875 0.30062630480167013 0.7109375 0.30062630480167013 0.709375 0.29436325678496866 0.6921875 0.29436325678496866 0.690625 0.29018789144050106 0.6796875 0.29018789144050106 0.6796875 0.29227557411273486 0.678125 0.29436325678496866 0.66875 0.29436325678496866
2 0.2515625 0.21294363256784968 0.2484375 0.21711899791231734 0.246875 0.22338204592901878 0.24375 0.22338204592901878 0.240625 0.22755741127348644 0.2390625 0.23382045929018788 0.2328125 0.23382045929018788 0.23125 0.23799582463465555 0.228125 0.23799582463465555 0.228125 0.24634655532359082 0.225 0.25052192066805845 0.2390625 0.25052192066805845 0.240625 0.24634655532359082 0.2546875 0.24634655532359082 0.25625 0.24217118997912318 0.265625 0.24217118997912318 0.2671875 0.2359081419624217 0.28125 0.2359081419624217 0.2828125 0.23173277661795408 0.3046875 0.23173277661795408 0.30625 0.2254697286012526 0.315625 0.2254697286012526 0.3171875 0.22129436325678498 0.3203125 0.22129436325678498 0.3203125 0.21294363256784968 0.30625 0.21294363256784968 0.3046875 0.20668058455114824 0.25625 0.20668058455114824 0.25625 0.20876826722338204 0.2546875 0.21294363256784968 0.2515625 0.21294363256784968
2 0.0859375 0.40083507306889354 0.08125 0.40292275574112735 0.08125 0.407098121085595 0.078125 0.4091858037578288 0.078125 0.4321503131524008 0.08125 0.4342379958246347 0.08125 0.453027139874739 0.078125 0.4551148225469729 0.078125 0.46346555323590816 0.0734375 0.46555323590814196 0.0734375 0.47390396659707723 0.0703125 0.4759916492693111 0.0703125 0.49478079331941544 0.0671875 0.4968684759916493 0.0671875 0.5198329853862212 0.0625 0.5219206680584552 0.0625 0.5302713987473904 0.059375 0.5323590814196242 0.059375 0.5448851774530271 0.0546875 0.5469728601252609 0.0546875 0.6116910229645094 0.0578125 0.6116910229645094 0.0609375 0.6075156576200418 0.0609375 0.5782881002087683 0.065625 0.5762004175365344 0.065625 0.5469728601252609 0.06875 0.5448851774530271 0.06875 0.5323590814196242 0.078125 0.5198329853862212 0.0875 0.5198329853862212 0.0890625 0.5135699373695198 0.0921875 0.5135699373695198 0.0921875 0.5010438413361169 0.0953125 0.4989561586638831 0.0953125 0.4906054279749478 0.1 0.48851774530271397 0.1 0.4759916492693111 0.103125 0.47390396659707723 0.103125 0.46555323590814196 0.1078125 0.46346555323590816 0.1078125 0.44467640918580376 0.1109375 0.44258872651356995 0.1109375 0.4133611691022965 0.103125 0.407098121085595 0.103125 0.40292275574112735 0.1 0.3987473903966597 0.0953125 0.3966597077244259 0.0953125 0.3883089770354906 0.0890625 0.3883089770354906 0.0890625 0.3903966597077244 0.0859375 0.3924843423799583 0.0859375 0.40083507306889354
2 0.871875 0.5448851774530271 0.8734375 0.5511482254697286 0.8796875 0.5511482254697286 0.884375 0.55741127348643 0.884375 0.5615866388308977 0.8984375 0.5615866388308977 0.9 0.5657620041753654 0.9265625 0.5657620041753654 0.928125 0.5720250521920668 0.9453125 0.5720250521920668 0.946875 0.5762004175365344 0.9609375 0.5762004175365344 0.9625 0.5824634655532359 0.9796875 0.5824634655532359 0.9796875 0.5782881002087683 0.9734375 0.5782881002087683 0.971875 0.5741127348643006 0.965625 0.5741127348643006 0.9640625 0.5678496868475992 0.9578125 0.5678496868475992 0.95625 0.5636743215031316 0.946875 0.5636743215031316 0.9453125 0.55741127348643 0.934375 0.55741127348643 0.9328125 0.5532359081419624 0.9203125 0.5532359081419624 0.91875 0.5469728601252609 0.9046875 0.5469728601252609 0.903125 0.5427974947807933 0.8890625 0.5427974947807933 0.8875 0.5365344467640919 0.8765625 0.5365344467640919 0.875 0.5323590814196242 0.86875 0.5323590814196242 0.8671875 0.5260960334029228 0.865625 0.5260960334029228 0.865625 0.5281837160751566 0.865625 0.5448851774530271 0.871875 0.5448851774530271
2 0.1125 0.4133611691022965 0.1125 0.4363256784968685 0.1171875 0.4384133611691023 0.1171875 0.4572025052192067 0.1203125 0.4592901878914405 0.1203125 0.46764091858037576 0.125 0.4697286012526096 0.125 0.47390396659707723 0.128125 0.4780793319415449 0.134375 0.4780793319415449 0.1359375 0.48434237995824636 0.1421875 0.48434237995824636 0.14375 0.48851774530271397 0.15 0.48851774530271397 0.1546875 0.4989561586638831 0.1609375 0.4989561586638831 0.1625 0.5031315240083507 0.165625 0.5031315240083507 0.1703125 0.5135699373695198 0.1765625 0.5135699373695198 0.178125 0.5198329853862212 0.18125 0.5198329853862212 0.1828125 0.524008350730689 0.1890625 0.524008350730689 0.1890625 0.511482254697286 0.184375 0.5093945720250522 0.184375 0.5010438413361169 0.18125 0.4968684759916493 0.1765625 0.49478079331941544 0.1765625 0.4801670146137787 0.1734375 0.4780793319415449 0.1734375 0.4697286012526096 0.16875 0.46764091858037576 0.16875 0.4592901878914405 0.165625 0.4551148225469729 0.1609375 0.453027139874739 0.1609375 0.4384133611691023 0.153125 0.4321503131524008 0.153125 0.42379958246346555 0.15 0.42171189979123175 0.15 0.4133611691022965 0.14375 0.4133611691022965 0.1421875 0.4091858037578288 0.1359375 0.4091858037578288 0.134375 0.40292275574112735 0.128125 0.40292275574112735 0.1265625 0.3987473903966597 0.1171875 0.3987473903966597 0.1171875 0.40083507306889354 0.1171875 0.4112734864300626 0.1125 0.4133611691022965
2 0.1328125 0.34029227557411273 0.1328125 0.348643006263048 0.128125 0.35073068893528186 0.128125 0.3695198329853862 0.125 0.37160751565762007 0.125 0.3903966597077244 0.13125 0.3903966597077244 0.1328125 0.3966597077244259 0.1375 0.3966597077244259 0.1390625 0.40083507306889354 0.14375 0.40292275574112735 0.14375 0.407098121085595 0.15 0.407098121085595 0.1515625 0.4112734864300626 0.1578125 0.4112734864300626 0.1625 0.4175365344467641 0.1625 0.42171189979123175 0.16875 0.42171189979123175 0.1703125 0.42588726513569936 0.18125 0.42588726513569936 0.1828125 0.4321503131524008 0.1921875 0.4321503131524008 0.19375 0.42588726513569936 0.2109375 0.42588726513569936 0.2125 0.42171189979123175 0.21875 0.42171189979123175 0.2203125 0.4154488517745303 0.2265625 0.4154488517745303 0.228125 0.4112734864300626 0.2390625 0.4112734864300626 0.240625 0.407098121085595 0.246875 0.407098121085595 0.246875 0.3987473903966597 0.25 0.3966597077244259 0.25 0.3883089770354906 0.246875 0.3862212943632568 0.246875 0.36116910229645094 0.24375 0.36116910229645094 0.2421875 0.3569937369519833 0.2359375 0.3569937369519833 0.234375 0.35073068893528186 0.228125 0.35073068893528186 0.2234375 0.3444676409185804 0.2234375 0.34029227557411273 0.2125 0.34029227557411273 0.2109375 0.33611691022964507 0.2015625 0.33611691022964507 0.2 0.33194154488517746 0.14375 0.33194154488517746 0.14375 0.33402922755741127 0.1359375 0.33611691022964507 0.1328125 0.34029227557411273
2 0.784375 0.3883089770354906 0.7828125 0.3924843423799583 0.7734375 0.3924843423799583 0.771875 0.3987473903966597 0.765625 0.3987473903966597 0.765625 0.4154488517745303 0.7609375 0.4175365344467641 0.7609375 0.453027139874739 0.75625 0.4592901878914405 0.753125 0.4592901878914405 0.753125 0.47390396659707723 0.7671875 0.47390396659707723 0.7671875 0.4697286012526096 0.771875 0.46764091858037576 0.7734375 0.46346555323590816 0.7796875 0.46346555323590816 0.78125 0.4572025052192067 0.7953125 0.4572025052192067 0.796875 0.453027139874739 0.80625 0.453027139874739 0.80625 0.44467640918580376 0.809375 0.44258872651356995 0.809375 0.4279749478079332 0.8140625 0.42588726513569936 0.8140625 0.3883089770354906 0.809375 0.3862212943632568 0.809375 0.38204592901878914 0.7921875 0.38204592901878914 0.7921875 0.38413361169102295 0.790625 0.3883089770354906 0.784375 0.3883089770354906
2 0.278125 0.0918580375782881 0.2734375 0.09812108559498957 0.2703125 0.09812108559498957 0.2703125 0.1022964509394572 0.2640625 0.10855949895615867 0.2640625 0.1127348643006263 0.259375 0.11482254697286012 0.2546875 0.12526096033402923 0.2515625 0.12526096033402923 0.2484375 0.12943632567849686 0.2484375 0.13778705636743216 0.24375 0.13987473903966596 0.24375 0.1440501043841336 0.2390625 0.15031315240083507 0.2359375 0.15031315240083507 0.2359375 0.1544885177453027 0.23125 0.16075156576200417 0.225 0.16075156576200417 0.2234375 0.16701461377870563 0.2125 0.16701461377870563 0.2078125 0.17536534446764093 0.2046875 0.17536534446764093 0.2046875 0.17954070981210857 0.1984375 0.18580375782881003 0.196875 0.19206680584551147 0.19375 0.19206680584551147 0.1921875 0.19624217118997914 0.1859375 0.19624217118997914 0.184375 0.20250521920668058 0.1703125 0.20250521920668058 0.16875 0.20668058455114824 0.1625 0.20668058455114824 0.1625 0.21085594989561587 0.1578125 0.21711899791231734 0.1546875 0.21711899791231734 0.1546875 0.2254697286012526 0.1515625 0.22755741127348644 0.15 0.23799582463465555 0.14375 0.23799582463465555 0.14375 0.24217118997912318 0.1390625 0.24425887265135698 0.134375 0.25260960334029225 0.128125 0.25260960334029225 0.128125 0.2609603340292276 0.125 0.2630480167014614 0.125 0.2818371607515658 0.128125 0.2839248434237996 0.128125 0.2881002087682672 0.1421875 0.2881002087682672 0.14375 0.29227557411273486 0.1890625 0.29227557411273486 0.190625 0.2881002087682672 0.196875 0.2881002087682672 0.1984375 0.2818371607515658 0.203125 0.2818371607515658 0.203125 0.27348643006263046 0.2109375 0.267223382045929 0.2125 0.2609603340292276 0.21875 0.2609603340292276 0.2203125 0.2567849686847599 0.2234375 0.2567849686847599 0.225 0.25052192066805845 0.23125 0.25052192066805845 0.2328125 0.24634655532359082 0.25 0.24634655532359082 0.2515625 0.24217118997912318 0.2578125 0.24217118997912318 0.259375 0.2359081419624217 0.2734375 0.2359081419624217 0.275 0.23173277661795408 0.2921875 0.23173277661795408 0.29375 0.2254697286012526 0.3125 0.2254697286012526 0.3125 0.21711899791231734 0.309375 0.21711899791231734 0.3078125 0.21294363256784968 0.275 0.21294363256784968 0.2734375 0.20668058455114824 0.2671875 0.20668058455114824 0.2625 0.20041753653444677 0.2625 0.19206680584551147 0.265625 0.18997912317327767 0.265625 0.18162839248434237 0.26875 0.17954070981210857 0.26875 0.17536534446764093 0.2734375 0.1732776617954071 0.278125 0.1649269311064718 0.28125 0.1649269311064718 0.28125 0.16075156576200417 0.284375 0.15657620041753653 0.275 0.15657620041753653 0.2734375 0.16075156576200417 0.2703125 0.16075156576200417 0.26875 0.16701461377870563 0.25625 0.16701461377870563 0.2546875 0.17118997912317327 0.24375 0.17118997912317327 0.2421875 0.16910229645093947 0.2421875 0.16075156576200417 0.246875 0.15866388308977036 0.2515625 0.14822546972860126 0.2546875 0.14822546972860126 0.2578125 0.1440501043841336 0.259375 0.13778705636743216 0.2625 0.13778705636743216 0.265625 0.1336116910229645 0.265625 0.12943632567849686 0.2703125 0.12317327766179541 0.2734375 0.12317327766179541 0.2734375 0.11899791231732777 0.2765625 0.11691022964509394 0.2765625 0.10855949895615867 0.284375 0.1022964509394572 0.284375 0.09394572025052192 0.2890625 0.0918580375782881 0.2890625 0.08350730688935282 0.2828125 0.08350730688935282 0.2828125 0.08559498956158663 0.278125 0.08768267223382047 0.278125 0.0918580375782881
2 0.60625 0.20668058455114824 0.60625 0.21085594989561587 0.609375 0.21085594989561587 0.6109375 0.2150313152400835 0.6171875 0.2150313152400835 0.61875 0.22129436325678498 0.625 0.22129436325678498 0.6265625 0.2254697286012526 0.6359375 0.2254697286012526 0.6375 0.23173277661795408 0.64375 0.23173277661795408 0.6453125 0.2359081419624217 0.6515625 0.2359081419624217 0.653125 0.24217118997912318 0.659375 0.24217118997912318 0.6609375 0.24634655532359082 0.6671875 0.24634655532359082 0.66875 0.25052192066805845 0.675 0.25052192066805845 0.6796875 0.2609603340292276 0.6859375 0.2609603340292276 0.6875 0.267223382045929 0.690625 0.267223382045929 0.6953125 0.27348643006263046 0.6953125 0.2776617954070981 0.7 0.2797494780793319 0.7 0.29227557411273486 0.7140625 0.29227557411273486 0.715625 0.2985386221294363 0.7296875 0.2985386221294363 0.73125 0.302713987473904 0.7640625 0.302713987473904 0.765625 0.3089770354906054 0.775 0.3089770354906054 0.775 0.30062630480167013 0.76875 0.30062630480167013 0.7671875 0.29436325678496866 0.7609375 0.29436325678496866 0.759375 0.29018789144050106 0.753125 0.29018789144050106 0.7515625 0.2839248434237996 0.7375 0.2839248434237996 0.7359375 0.2797494780793319 0.73125 0.2797494780793319 0.7296875 0.27348643006263046 0.7234375 0.27348643006263046 0.721875 0.26931106471816285 0.7171875 0.267223382045929 0.7171875 0.2630480167014614 0.7109375 0.2630480167014614 0.70625 0.2567849686847599 0.70625 0.25260960334029225 0.703125 0.25260960334029225 0.6984375 0.24425887265135698 0.69375 0.24217118997912318 0.69375 0.23799582463465555 0.690625 0.23382045929018788 0.684375 0.23382045929018788 0.6828125 0.22755741127348644 0.6796875 0.22755741127348644 0.678125 0.22338204592901878 0.671875 0.22338204592901878 0.6703125 0.21711899791231734 0.665625 0.21711899791231734 0.6640625 0.21294363256784968 0.6578125 0.21294363256784968 0.65625 0.20668058455114824 0.6453125 0.20668058455114824 0.64375 0.20250521920668058 0.61875 0.20250521920668058 0.61875 0.2045929018789144 0.6171875 0.20668058455114824 0.60625 0.20668058455114824
2 0.6109375 0.2150313152400835 0.6171875 0.2150313152400835 0.61875 0.22129436325678498 0.625 0.22129436325678498 0.6265625 0.2254697286012526 0.6359375 0.2254697286012526 0.6375 0.23173277661795408 0.64375 0.23173277661795408 0.6453125 0.2359081419624217 0.6515625 0.2359081419624217 0.653125 0.24217118997912318 0.659375 0.24217118997912318 0.6609375 0.24634655532359082 0.6703125 0.24634655532359082 0.671875 0.25052192066805845 0.6765625 0.25260960334029225 0.6765625 0.2567849686847599 0.6828125 0.2567849686847599 0.684375 0.2609603340292276 0.690625 0.2609603340292276 0.6921875 0.267223382045929 0.6984375 0.267223382045929 0.7 0.27139874739039666 0.7140625 0.27139874739039666 0.7140625 0.2630480167014614 0.7109375 0.2630480167014614 0.70625 0.2567849686847599 0.70625 0.25260960334029225 0.703125 0.25260960334029225 0.6984375 0.24425887265135698 0.6953125 0.24425887265135698 0.69375 0.23799582463465555 0.6875 0.23799582463465555 0.6828125 0.23173277661795408 0.6828125 0.22755741127348644 0.6796875 0.22755741127348644 0.678125 0.22338204592901878 0.671875 0.22338204592901878 0.6703125 0.21711899791231734 0.665625 0.21711899791231734 0.6640625 0.21294363256784968 0.6578125 0.21294363256784968 0.65625 0.20668058455114824 0.6453125 0.20668058455114824 0.64375 0.20250521920668058 0.61875 0.20250521920668058 0.61875 0.2045929018789144 0.6109375 0.20668058455114824 0.6109375 0.2150313152400835
2 0.71875 0.33611691022964507 0.7171875 0.34029227557411273 0.7109375 0.34029227557411273 0.7109375 0.3444676409185804 0.7078125 0.3465553235908142 0.7078125 0.35490605427974947 0.7 0.36116910229645094 0.6984375 0.37160751565762007 0.6953125 0.37160751565762007 0.6953125 0.37995824634655534 0.7015625 0.37995824634655534 0.703125 0.3862212943632568 0.7171875 0.3862212943632568 0.71875 0.3903966597077244 0.7828125 0.3903966597077244 0.784375 0.3862212943632568 0.7875 0.3862212943632568 0.7890625 0.37995824634655534 0.7953125 0.37995824634655534 0.7984375 0.3757828810020877 0.7984375 0.37160751565762007 0.8015625 0.3695198329853862 0.8015625 0.35073068893528186 0.790625 0.33611691022964507 0.7421875 0.33611691022964507 0.740625 0.33194154488517746 0.734375 0.33194154488517746 0.734375 0.33402922755741127 0.7328125 0.33611691022964507 0.71875 0.33611691022964507
2 0.159375 0.30062630480167013 0.1578125 0.3048016701461378 0.1546875 0.3048016701461378 0.153125 0.30062630480167013 0.146875 0.30062630480167013 0.14375 0.3048016701461378 0.1421875 0.31524008350730687 0.1359375 0.31524008350730687 0.1359375 0.3235908141962422 0.1390625 0.325678496868476 0.1390625 0.3298538622129436 0.13125 0.34029227557411273 0.128125 0.34029227557411273 0.128125 0.348643006263048 0.125 0.35073068893528186 0.125 0.3757828810020877 0.1203125 0.3778705636743215 0.1203125 0.3903966597077244 0.125 0.3924843423799583 0.125 0.3966597077244259 0.13125 0.3966597077244259 0.1328125 0.40083507306889354 0.1375 0.40083507306889354 0.1390625 0.407098121085595 0.1453125 0.407098121085595 0.146875 0.4112734864300626 0.1578125 0.4112734864300626 0.1625 0.4175365344467641 0.1625 0.42171189979123175 0.16875 0.42171189979123175 0.1703125 0.42588726513569936 0.18125 0.42588726513569936 0.1828125 0.4321503131524008 0.1921875 0.4321503131524008 0.19375 0.42588726513569936 0.2109375 0.42588726513569936 0.2125 0.42171189979123175 0.21875 0.42171189979123175 0.2203125 0.4154488517745303 0.23125 0.4154488517745303 0.2328125 0.4112734864300626 0.2390625 0.4112734864300626 0.240625 0.407098121085595 0.246875 0.407098121085595 0.246875 0.3987473903966597 0.25 0.3966597077244259 0.25 0.3778705636743215 0.2515625 0.3757828810020877 0.2546875 0.3757828810020877 0.25625 0.37995824634655534 0.28125 0.37995824634655534 0.28125 0.37160751565762007 0.278125 0.37160751565762007 0.2765625 0.3674321503131524 0.2703125 0.3674321503131524 0.265625 0.3569937369519833 0.2578125 0.35490605427974947 0.2578125 0.35073068893528186 0.2515625 0.35073068893528186 0.246875 0.3444676409185804 0.246875 0.34029227557411273 0.24375 0.34029227557411273 0.2390625 0.33194154488517746 0.2328125 0.33194154488517746 0.23125 0.325678496868476 0.228125 0.325678496868476 0.2234375 0.31941544885177453 0.2234375 0.31524008350730687 0.2203125 0.31524008350730687 0.215625 0.3089770354906054 0.215625 0.3048016701461378 0.2125 0.3048016701461378 0.2109375 0.30062630480167013 0.2046875 0.30062630480167013 0.203125 0.29436325678496866 0.178125 0.29436325678496866 0.178125 0.2964509394572025 0.1765625 0.30062630480167013 0.159375 0.30062630480167013
2 0.8234375 0.4321503131524008 0.81875 0.4342379958246347 0.81875 0.44676409185803756 0.8234375 0.4488517745302714 0.8234375 0.453027139874739 0.8265625 0.4572025052192067 0.8328125 0.4572025052192067 0.834375 0.46346555323590816 0.8375 0.46346555323590816 0.8421875 0.4697286012526096 0.8421875 0.4780793319415449 0.846875 0.4801670146137787 0.846875 0.48851774530271397 0.85 0.4906054279749478 0.85 0.4989561586638831 0.8546875 0.5010438413361169 0.8546875 0.5093945720250522 0.875 0.5093945720250522 0.8765625 0.5031315240083507 0.8875 0.5031315240083507 0.890625 0.4989561586638831 0.890625 0.48643006263048016 0.8875 0.48434237995824636 0.8875 0.4801670146137787 0.884375 0.4801670146137787 0.8796875 0.47390396659707723 0.8796875 0.4697286012526096 0.8765625 0.4697286012526096 0.871875 0.46346555323590816 0.871875 0.4592901878914405 0.86875 0.4592901878914405 0.8640625 0.453027139874739 0.8640625 0.4488517745302714 0.8609375 0.44467640918580376 0.8546875 0.44467640918580376 0.853125 0.4384133611691023 0.85 0.4384133611691023 0.8484375 0.4342379958246347 0.8421875 0.4342379958246347 0.840625 0.4279749478079332 0.83125 0.4279749478079332 0.8296875 0.42379958246346555 0.81875 0.42379958246346555 0.81875 0.42588726513569936 0.8234375 0.4279749478079332 0.8234375 0.4321503131524008
2 0.8765625 0.6847599164926931 0.88125 0.6868475991649269 0.88125 0.7098121085594989 0.884375 0.7118997912317327 0.884375 0.7369519832985386 0.8875 0.7369519832985386 0.8875 0.732776617954071 0.890625 0.7306889352818372 0.890625 0.6868475991649269 0.8875 0.6847599164926931 0.8875 0.6659707724425887 0.884375 0.6659707724425887 0.88125 0.6617954070981211 0.88125 0.6638830897703549 0.8765625 0.6659707724425887 0.8765625 0.6847599164926931
1 0.628125 0.2150313152400835 0.6296875 0.22129436325678498 0.6359375 0.22129436325678498 0.6375 0.2254697286012526 0.6484375 0.2254697286012526 0.65 0.23173277661795408 0.65625 0.23173277661795408 0.6578125 0.2359081419624217 0.6640625 0.2359081419624217 0.66875 0.24634655532359082 0.675 0.24634655532359082 0.6765625 0.25052192066805845 0.6828125 0.25052192066805845 0.6875 0.2609603340292276 0.6921875 0.2630480167014614 0.690625 0.26931106471816285 0.671875 0.26931106471816285 0.6703125 0.27348643006263046 0.6609375 0.27348643006263046 0.659375 0.26931106471816285 0.5921875 0.26931106471816285 0.590625 0.27348643006263046 0.584375 0.27348643006263046 0.5828125 0.26931106471816285 0.5796875 0.26931106471816285 0.578125 0.27348643006263046 0.5484375 0.27348643006263046 0.546875 0.2797494780793319 0.5375 0.2797494780793319 0.5359375 0.2839248434237996 0.5296875 0.2839248434237996 0.5296875 0.2881002087682672 0.525 0.29436325678496866 0.51875 0.29436325678496866 0.5171875 0.30062630480167013 0.50625 0.30062630480167013 0.5015625 0.31106471816283926 0.4984375 0.31106471816283926 0.496875 0.31524008350730687 0.490625 0.31524008350730687 0.490625 0.31941544885177453 0.4859375 0.325678496868476 0.4828125 0.325678496868476 0.4828125 0.3298538622129436 0.478125 0.33611691022964507 0.475 0.33611691022964507 0.4734375 0.3465553235908142 0.4671875 0.3465553235908142 0.459375 0.36116910229645094 0.45625 0.36116910229645094 0.4546875 0.3674321503131524 0.4484375 0.3674321503131524 0.4484375 0.3757828810020877 0.44375 0.38204592901878914 0.440625 0.38204592901878914 0.440625 0.3862212943632568 0.4359375 0.3924843423799583 0.4296875 0.3924843423799583 0.4296875 0.40083507306889354 0.425 0.40292275574112735 0.425 0.4112734864300626 0.421875 0.4133611691022965 0.421875 0.42588726513569936 0.4171875 0.4279749478079332 0.4171875 0.4321503131524008 0.4140625 0.4342379958246347 0.4140625 0.44258872651356995 0.409375 0.44467640918580376 0.409375 0.4572025052192067 0.40625 0.4592901878914405 0.40625 0.46764091858037576 0.4015625 0.4697286012526096 0.4015625 0.48851774530271397 0.3984375 0.4906054279749478 0.3984375 0.5093945720250522 0.3953125 0.511482254697286 0.3953125 0.5302713987473904 0.390625 0.5323590814196242 0.390625 0.5448851774530271 0.3875 0.5469728601252609 0.3875 0.5657620041753654 0.3828125 0.5678496868475992 0.3828125 0.5970772442588727 0.3875 0.5991649269311065 0.3875 0.6325678496868476 0.3828125 0.6346555323590815 0.3828125 0.6388308977035491 0.3796875 0.6409185803757829 0.3796875 0.6680584551148225 0.3828125 0.6701461377870563 0.3828125 0.6743215031315241 0.3796875 0.6764091858037579 0.3796875 0.6951983298538622 0.375 0.697286012526096 0.375 0.7056367432150313 0.371875 0.7077244258872651 0.371875 0.7160751565762005 0.3671875 0.7181628392484343 0.3671875 0.7306889352818372 0.3640625 0.732776617954071 0.3640625 0.7411273486430062 0.359375 0.7432150313152401 0.359375 0.7620041753653445 0.35625 0.7640918580375783 0.35625 0.7828810020876826 0.3515625 0.7849686847599165 0.3515625 0.8643006263048016 0.35625 0.8663883089770354 0.35625 0.8810020876826722 0.359375 0.8830897703549061 0.359375 0.8914405010438413 0.3640625 0.8935281837160751 0.3640625 0.906054279749478 0.3671875 0.9081419624217119 0.3671875 0.9123173277661796 0.3703125 0.9123173277661796 0.375 0.9206680584551148 0.378125 0.9206680584551148 0.3796875 0.9311064718162839 0.3859375 0.9311064718162839 0.3875 0.9373695198329853 0.3953125 0.9436325678496869 0.3953125 0.9478079331941545 0.3984375 0.9519832985386222 0.40625 0.954070981210856 0.40625 0.9582463465553236 0.415625 0.9582463465553236 0.4171875 0.9624217118997912 0.4359375 0.9624217118997912 0.4375 0.9686847599164927 0.446875 0.9686847599164927 0.4484375 0.9624217118997912 0.4734375 0.9624217118997912 0.475 0.9582463465553236 0.4890625 0.9582463465553236 0.490625 0.9519832985386222 0.509375 0.9519832985386222 0.5109375 0.9478079331941545 0.5328125 0.9478079331941545 0.534375 0.941544885177453 0.5671875 0.941544885177453 0.56875 0.9373695198329853 0.6046875 0.9373695198329853 0.60625 0.941544885177453 0.678125 0.941544885177453 0.6796875 0.9373695198329853 0.690625 0.9373695198329853 0.6921875 0.9311064718162839 0.709375 0.9311064718162839 0.7109375 0.9269311064718163 0.721875 0.9269311064718163 0.7234375 0.9206680584551148 0.7328125 0.9206680584551148 0.7375 0.9123173277661796 0.74375 0.9123173277661796 0.7453125 0.906054279749478 0.7515625 0.906054279749478 0.753125 0.9018789144050104 0.759375 0.9018789144050104 0.7609375 0.8956158663883089 0.7671875 0.8956158663883089 0.76875 0.8914405010438413 0.775 0.8914405010438413 0.775 0.8872651356993737 0.7828125 0.8810020876826722 0.784375 0.8747390396659708 0.790625 0.8747390396659708 0.7921875 0.8705636743215032 0.7953125 0.8705636743215032 0.7953125 0.8663883089770354 0.8015625 0.860125260960334 0.803125 0.8538622129436325 0.809375 0.8538622129436325 0.8109375 0.8496868475991649 0.8140625 0.8496868475991649 0.8140625 0.8455114822546973 0.81875 0.8392484342379958 0.821875 0.8392484342379958 0.821875 0.8350730688935282 0.8265625 0.8288100208768268 0.8296875 0.8288100208768268 0.8328125 0.824634655532359 0.8328125 0.8162839248434238 0.8375 0.81419624217119 0.8375 0.8100208768267223 0.8421875 0.8037578288100209 0.8453125 0.8037578288100209 0.8453125 0.7954070981210856 0.8484375 0.7933194154488518 0.85 0.7870563674321504 0.853125 0.7870563674321504 0.853125 0.778705636743215 0.85625 0.7766179540709812 0.85625 0.7682672233820459 0.8609375 0.7661795407098121 0.8609375 0.7536534446764092 0.8640625 0.7515657620041754 0.8640625 0.732776617954071 0.8671875 0.7306889352818372 0.8671875 0.7077244258872651 0.871875 0.7056367432150313 0.871875 0.6868475991649269 0.875 0.6847599164926931 0.875 0.6764091858037579 0.8796875 0.6743215031315241 0.88125 0.6638830897703549 0.8875 0.6638830897703549 0.8890625 0.6597077244258872 0.8984375 0.6597077244258872 0.9 0.6638830897703549 0.90625 0.6638830897703549 0.9078125 0.6743215031315241 0.9109375 0.6743215031315241 0.915625 0.6805845511482255 0.915625 0.6847599164926931 0.9203125 0.6868475991649269 0.9203125 0.6951983298538622 0.9234375 0.6993736951983298 0.9296875 0.6993736951983298 0.9328125 0.6951983298538622 0.9328125 0.6910229645093946 0.9296875 0.6889352818371608 0.9296875 0.6409185803757829 0.9265625 0.6388308977035491 0.9265625 0.6242171189979123 0.9234375 0.6242171189979123 0.91875 0.6179540709812108 0.91875 0.6096033402922756 0.9140625 0.6075156576200418 0.9140625 0.5991649269311065 0.9109375 0.5970772442588727 0.9109375 0.5887265135699373 0.9078125 0.5887265135699373 0.903125 0.5824634655532359 0.903125 0.5782881002087683 0.8984375 0.5762004175365344 0.8984375 0.5636743215031316 0.9 0.5615866388308977 0.921875 0.5615866388308977 0.921875 0.55741127348643 0.91875 0.5532359081419624 0.9046875 0.5532359081419624 0.903125 0.5469728601252609 0.8921875 0.5469728601252609 0.890625 0.5427974947807933 0.88125 0.5427974947807933 0.8796875 0.5365344467640919 0.8734375 0.5365344467640919 0.871875 0.5323590814196242 0.86875 0.5323590814196242 0.8671875 0.5260960334029228 0.8609375 0.5198329853862212 0.8609375 0.5156576200417536 0.8671875 0.5093945720250522 0.86875 0.5031315240083507 0.8796875 0.5031315240083507 0.88125 0.4989561586638831 0.8875 0.4989561586638831 0.8875 0.48643006263048016 0.884375 0.48643006263048016 0.8828125 0.4801670146137787 0.875 0.47390396659707723 0.875 0.4697286012526096 0.871875 0.46555323590814196 0.8671875 0.46346555323590816 0.8671875 0.4592901878914405 0.8609375 0.453027139874739 0.8609375 0.4488517745302714 0.8578125 0.4488517745302714 0.853125 0.44258872651356995 0.853125 0.4384133611691023 0.85 0.4384133611691023 0.8453125 0.4321503131524008 0.8453125 0.42379958246346555 0.840625 0.42171189979123175 0.840625 0.4175365344467641 0.8375 0.4154488517745303 0.8375 0.4091858037578288 0.8328125 0.407098121085595 0.8328125 0.3987473903966597 0.8296875 0.3966597077244259 0.8296875 0.38204592901878914 0.8328125 0.37995824634655534 0.8328125 0.37160751565762007 0.840625 0.3653444676409186 0.8421875 0.35490605427974947 0.8453125 0.35490605427974947 0.8453125 0.3465553235908142 0.8484375 0.3444676409185804 0.8484375 0.33194154488517746 0.853125 0.3298538622129436 0.853125 0.32150313152400833 0.85625 0.31941544885177453 0.85625 0.31106471816283926 0.8609375 0.3089770354906054 0.8609375 0.30062630480167013 0.8640625 0.2985386221294363 0.8640625 0.2839248434237996 0.8671875 0.2818371607515658 0.8671875 0.26931106471816285 0.871875 0.267223382045929 0.871875 0.24843423799582465 0.865625 0.24843423799582465 0.8609375 0.2588726513569937 0.8578125 0.2588726513569937 0.8578125 0.267223382045929 0.853125 0.27348643006263046 0.85 0.27348643006263046 0.85 0.2881002087682672 0.846875 0.29018789144050106 0.846875 0.2985386221294363 0.8421875 0.30062630480167013 0.8421875 0.3089770354906054 0.8390625 0.31106471816283926 0.8390625 0.31941544885177453 0.83125 0.325678496868476 0.83125 0.33402922755741127 0.8234375 0.34029227557411273 0.8234375 0.348643006263048 0.81875 0.35073068893528186 0.8171875 0.3569937369519833 0.8078125 0.3569937369519833 0.80625 0.35073068893528186 0.803125 0.35073068893528186 0.7984375 0.3444676409185804 0.7984375 0.34029227557411273 0.7953125 0.33611691022964507 0.7921875 0.33611691022964507 0.7875 0.3298538622129436 0.7875 0.325678496868476 0.7828125 0.3235908141962422 0.7828125 0.31524008350730687 0.7796875 0.31315240083507306 0.7796875 0.3048016701461378 0.7734375 0.3048016701461378 0.771875 0.30062630480167013 0.7671875 0.2985386221294363 0.7671875 0.29436325678496866 0.7578125 0.29436325678496866 0.75625 0.29018789144050106 0.7453125 0.29018789144050106 0.74375 0.2839248434237996 0.734375 0.2839248434237996 0.7328125 0.2797494780793319 0.7265625 0.2797494780793319 0.725 0.27348643006263046 0.71875 0.27348643006263046 0.7140625 0.267223382045929 0.7140625 0.2630480167014614 0.7078125 0.2630480167014614 0.70625 0.2588726513569937 0.703125 0.2588726513569937 0.6984375 0.24843423799582465 0.6921875 0.24843423799582465 0.690625 0.24425887265135698 0.6875 0.24425887265135698 0.6828125 0.23382045929018788 0.678125 0.23173277661795408 0.678125 0.22755741127348644 0.671875 0.22755741127348644 0.6703125 0.22338204592901878 0.665625 0.22338204592901878 0.6640625 0.21711899791231734 0.653125 0.21711899791231734 0.6515625 0.21294363256784968 0.6375 0.21294363256784968 0.6359375 0.20668058455114824 0.6265625 0.20668058455114824 0.6265625 0.20876826722338204 0.621875 0.2150313152400835 0.628125 0.2150313152400835
1 0.09375 0.09394572025052192 0.09375 0.1127348643006263 0.0890625 0.11482254697286012 0.0890625 0.1440501043841336 0.0859375 0.14613778705636743 0.0859375 0.1732776617954071 0.08125 0.17536534446764093 0.08125 0.25052192066805845 0.0859375 0.25260960334029225 0.0859375 0.2776617954070981 0.0890625 0.2797494780793319 0.0890625 0.2985386221294363 0.09375 0.30062630480167013 0.09375 0.31315240083507306 0.096875 0.31524008350730687 0.096875 0.3653444676409186 0.09375 0.3674321503131524 0.09375 0.37995824634655534 0.0890625 0.38204592901878914 0.0890625 0.3903966597077244 0.0859375 0.3924843423799583 0.0859375 0.40083507306889354 0.08125 0.40292275574112735 0.08125 0.4112734864300626 0.078125 0.4133611691022965 0.078125 0.42588726513569936 0.08125 0.4279749478079332 0.08125 0.4572025052192067 0.078125 0.4592901878914405 0.078125 0.47390396659707723 0.0734375 0.4759916492693111 0.0734375 0.48851774530271397 0.0703125 0.4906054279749478 0.0703125 0.524008350730689 0.0734375 0.5198329853862212 0.084375 0.5198329853862212 0.0890625 0.5260960334029228 0.0890625 0.5407098121085595 0.09375 0.5427974947807933 0.09375 0.5615866388308977 0.096875 0.5636743215031316 0.096875 0.5720250521920668 0.1015625 0.5741127348643006 0.1015625 0.5908141962421712 0.1046875 0.592901878914405 0.1046875 0.6075156576200418 0.109375 0.6096033402922756 0.109375 0.6179540709812108 0.1125 0.6200417536534447 0.1125 0.6283924843423799 0.1171875 0.6304801670146137 0.1171875 0.6388308977035491 0.1203125 0.6409185803757829 0.1203125 0.6492693110647182 0.125 0.651356993736952 0.125 0.6597077244258872 0.1328125 0.6659707724425887 0.1328125 0.6784968684759917 0.1359375 0.6805845511482255 0.1359375 0.6889352818371608 0.1390625 0.6910229645093946 0.1390625 0.6993736951983298 0.1421875 0.6993736951983298 0.146875 0.7098121085594989 0.1515625 0.7118997912317327 0.1515625 0.7160751565762005 0.1578125 0.7160751565762005 0.159375 0.7202505219206681 0.165625 0.7202505219206681 0.1703125 0.7306889352818372 0.1765625 0.7306889352818372 0.178125 0.7369519832985386 0.18125 0.7369519832985386 0.1859375 0.7432150313152401 0.1859375 0.7473903966597077 0.1890625 0.7473903966597077 0.19375 0.755741127348643 0.2 0.755741127348643 0.2015625 0.7620041753653445 0.2109375 0.7620041753653445 0.2125 0.7661795407098121 0.2234375 0.7661795407098121 0.225 0.7724425887265136 0.3046875 0.7724425887265136 0.30625 0.7661795407098121 0.33125 0.7661795407098121 0.3328125 0.7620041753653445 0.3390625 0.7620041753653445 0.3390625 0.7578288100208769 0.34375 0.7515657620041754 0.346875 0.7515657620041754 0.35 0.7473903966597077 0.35 0.7390396659707724 0.3546875 0.7369519832985386 0.3546875 0.7286012526096033 0.3578125 0.7265135699373695 0.3578125 0.7181628392484343 0.3625 0.7160751565762005 0.3625 0.7014613778705637 0.365625 0.6993736951983298 0.365625 0.6868475991649269 0.3703125 0.6847599164926931 0.3703125 0.6304801670146137 0.3734375 0.6283924843423799 0.375 0.6221294363256785 0.378125 0.6221294363256785 0.378125 0.5887265135699373 0.375 0.5887265135699373 0.3734375 0.5845511482254697 0.378125 0.5824634655532359 0.378125 0.55741127348643 0.38125 0.5553235908141962 0.38125 0.5323590814196242 0.3859375 0.5302713987473904 0.3859375 0.5156576200417536 0.3890625 0.5135699373695198 0.3890625 0.4968684759916493 0.39375 0.49478079331941544 0.39375 0.4801670146137787 0.396875 0.4780793319415449 0.396875 0.46555323590814196 0.4 0.46346555323590816 0.4 0.44467640918580376 0.4046875 0.44258872651356995 0.4046875 0.4342379958246347 0.4078125 0.4321503131524008 0.4078125 0.4175365344467641 0.4125 0.4154488517745303 0.4125 0.40292275574112735 0.4171875 0.3966597077244259 0.4203125 0.3966597077244259 0.4203125 0.3924843423799583 0.425 0.3862212943632568 0.428125 0.3862212943632568 0.428125 0.38204592901878914 0.4328125 0.3757828810020877 0.4359375 0.3757828810020877 0.4359375 0.37160751565762007 0.440625 0.3653444676409186 0.44375 0.3653444676409186 0.44375 0.36116910229645094 0.4484375 0.35490605427974947 0.4515625 0.35490605427974947 0.4515625 0.3465553235908142 0.4546875 0.3444676409185804 0.4546875 0.34029227557411273 0.4625 0.33820459290187893 0.4671875 0.3298538622129436 0.4703125 0.3298538622129436 0.471875 0.3235908141962422 0.478125 0.3235908141962422 0.478125 0.31524008350730687 0.4828125 0.3089770354906054 0.4859375 0.3089770354906054 0.4859375 0.3048016701461378 0.490625 0.2985386221294363 0.49375 0.2985386221294363 0.49375 0.2797494780793319 0.4890625 0.2776617954070981 0.4890625 0.26931106471816285 0.4859375 0.267223382045929 0.4859375 0.2630480167014614 0.48125 0.2609603340292276 0.48125 0.25260960334029225 0.478125 0.25052192066805845 0.478125 0.24425887265135698 0.475 0.24425887265135698 0.4703125 0.23382045929018788 0.465625 0.23173277661795408 0.465625 0.22755741127348644 0.459375 0.22129436325678498 0.459375 0.21294363256784968 0.4546875 0.21085594989561587 0.4546875 0.20668058455114824 0.4484375 0.20668058455114824 0.44375 0.20041753653444677 0.44375 0.19624217118997914 0.440625 0.19624217118997914 0.4359375 0.18997912317327767 0.4359375 0.18580375782881003 0.4296875 0.18580375782881003 0.428125 0.18162839248434237 0.421875 0.18162839248434237 0.4203125 0.17536534446764093 0.4140625 0.17536534446764093 0.4125 0.17118997912317327 0.40625 0.17118997912317327 0.4046875 0.16701461377870563 0.3984375 0.16701461377870563 0.396875 0.16075156576200417 0.3875 0.16075156576200417 0.3859375 0.15657620041753653 0.371875 0.15657620041753653 0.3703125 0.15031315240083507 0.34375 0.15031315240083507 0.3421875 0.15657620041753653 0.30625 0.15657620041753653 0.3046875 0.15031315240083507 0.3015625 0.15031315240083507 0.3015625 0.1544885177453027 0.2984375 0.15657620041753653 0.296875 0.15031315240083507 0.29375 0.15031315240083507 0.2921875 0.15657620041753653 0.278125 0.15657620041753653 0.2765625 0.16075156576200417 0.2703125 0.16075156576200417 0.26875 0.16701461377870563 0.2640625 0.16701461377870563 0.2625 0.17118997912317327 0.2484375 0.17118997912317327 0.246875 0.16701461377870563 0.2421875 0.1649269311064718 0.2421875 0.16075156576200417 0.246875 0.15866388308977036 0.2515625 0.14822546972860126 0.2546875 0.14822546972860126 0.2578125 0.1440501043841336 0.2578125 0.13569937369519833 0.2625 0.1336116910229645 0.2625 0.12943632567849686 0.26875 0.12317327766179541 0.26875 0.11899791231732777 0.2765625 0.1127348643006263 0.2765625 0.10438413361169102 0.28125 0.1022964509394572 0.28125 0.09394572025052192 0.278125 0.09394572025052192 0.275 0.09812108559498957 0.275 0.1022964509394572 0.2671875 0.10855949895615867 0.2671875 0.1127348643006263 0.2625 0.11899791231732777 0.259375 0.11899791231732777 0.259375 0.12317327766179541 0.2546875 0.12943632567849686 0.2515625 0.12943632567849686 0.2515625 0.1336116910229645 0.2484375 0.13569937369519833 0.2484375 0.1440501043841336 0.240625 0.15031315240083507 0.2390625 0.15657620041753653 0.2359375 0.15657620041753653 0.234375 0.16075156576200417 0.228125 0.16075156576200417 0.2265625 0.16701461377870563 0.2203125 0.16701461377870563 0.21875 0.17118997912317327 0.2125 0.17118997912317327 0.2078125 0.18162839248434237 0.2046875 0.18162839248434237 0.2015625 0.18580375782881003 0.2 0.19206680584551147 0.19375 0.19206680584551147 0.190625 0.19624217118997914 0.1890625 0.20250521920668058 0.178125 0.20250521920668058 0.1765625 0.20668058455114824 0.1671875 0.20668058455114824 0.1671875 0.21085594989561587 0.159375 0.21711899791231734 0.1578125 0.22338204592901878 0.1546875 0.22338204592901878 0.1515625 0.22755741127348644 0.1515625 0.2359081419624217 0.146875 0.23799582463465555 0.1453125 0.24425887265135698 0.1390625 0.24425887265135698 0.1328125 0.25260960334029225 0.13125 0.2588726513569937 0.128125 0.2588726513569937 0.125 0.2630480167014614 0.1234375 0.26931106471816285 0.1203125 0.26931106471816285 0.1171875 0.27348643006263046 0.115625 0.2797494780793319 0.1125 0.2797494780793319 0.1078125 0.26931106471816285 0.103125 0.267223382045929 0.103125 0.2588726513569937 0.1 0.2567849686847599 0.1 0.24843423799582465 0.0953125 0.24634655532359082 0.0953125 0.22755741127348644 0.0921875 0.2254697286012526 0.0921875 0.17118997912317327 0.0953125 0.16910229645093947 0.0953125 0.12526096033402923 0.1 0.12317327766179541 0.1 0.09812108559498957 0.103125 0.09603340292275574 0.103125 0.08350730688935282 0.096875 0.08350730688935282 0.096875 0.08559498956158663 0.096875 0.0918580375782881 0.09375 0.09394572025052192