5 0.8215962441314554 0.92109375 0.011737089201877934 0.0140625
5 0.30985915492957744 0.2453125 0.3028169014084507 0.2640625 0.29107981220657275 0.2734375 0.2887323943661972 0.2859375 0.3004694835680751 0.2875 0.31690140845070425 0.2828125 0.323943661971831 0.2765625 0.323943661971831 0.26875 0.3286384976525822 0.2625 0.3286384976525822 0.2578125 0.3333333333333333 0.25625 0.3380281690140845 0.2484375 0.33568075117370894 0.2421875 0.32629107981220656 0.240625 0.323943661971831 0.240625 0.31690140845070425 0.240625 0.30985915492957744 0.2453125
2 0.7910798122065728 0.9109375 0.8028169014084507 0.91875 0.812206572769953 0.9203125 0.8145539906103286 0.91875 0.8169014084507042 0.90625 0.812206572769953 0.8984375 0.8004694835680751 0.890625 0.7887323943661971 0.890625 0.7887323943661971 0.8921875 0.7863849765258216 0.903125 0.7910798122065728 0.9109375
2 0.3004694835680751 0.7171875 0.2793427230046948 0.7171875 0.2746478873239437 0.715625 0.2676056338028169 0.71875 0.2652582159624413 0.7234375 0.25821596244131456 0.728125 0.25821596244131456 0.740625 0.2605633802816901 0.7421875 0.2746478873239437 0.7421875 0.284037558685446 0.740625 0.30985915492957744 0.73125 0.323943661971831 0.721875 0.323943661971831 0.71875 0.31220657276995306 0.715625 0.30985915492957744 0.715625 0.3051643192488263 0.7140625 0.3004694835680751 0.7171875
2 0.19953051643192488 0.6234375 0.20657276995305165 0.6234375 0.22065727699530516 0.63125 0.2323943661971831 0.634375 0.2323943661971831 0.628125 0.22535211267605634 0.6234375 0.22065727699530516 0.615625 0.2136150234741784 0.6125 0.20892018779342722 0.6109375 0.19718309859154928 0.6125 0.18779342723004694 0.6109375 0.18779342723004694 0.6125 0.18779342723004694 0.615625 0.19953051643192488 0.6234375
2 0.8380281690140845 0.9140625 0.8262910798122066 0.9203125 0.823943661971831 0.9265625 0.8262910798122066 0.928125 0.8474178403755869 0.93125 0.863849765258216 0.928125 0.8708920187793427 0.9234375 0.8732394366197183 0.91875 0.8685446009389671 0.915625 0.8661971830985915 0.915625 0.863849765258216 0.9140625 0.8380281690140845 0.9140625
2 0.06807511737089202 0.5265625 0.06338028169014084 0.5296875 0.07511737089201878 0.5296875 0.11502347417840375 0.5453125 0.11737089201877934 0.5484375 0.13380281690140844 0.553125 0.14084507042253522 0.553125 0.1643192488262911 0.56875 0.17136150234741784 0.56875 0.17136150234741784 0.5640625 0.1619718309859155 0.546875 0.15258215962441316 0.5453125 0.13849765258215962 0.5390625 0.13145539906103287 0.5390625 0.11971830985915492 0.5328125 0.107981220657277 0.53125 0.10093896713615023 0.528125 0.09859154929577464 0.528125 0.07746478873239436 0.525 0.06807511737089202 0.5265625
2 0.2676056338028169 0.7140625 0.2981220657276995 0.7171875 0.3075117370892019 0.7125 0.3004694835680751 0.6953125 0.2746478873239437 0.6953125 0.25586854460093894 0.703125 0.25821596244131456 0.7046875 0.2676056338028169 0.7109375 0.2676056338028169 0.7140625
2 0.176056338028169 0.6640625 0.1619718309859155 0.684375 0.1572769953051643 0.6875 0.15492957746478872 0.69375 0.1572769953051643 0.6953125 0.1784037558685446 0.6953125 0.21830985915492956 0.6890625 0.22535211267605634 0.6859375 0.24178403755868544 0.6859375 0.2676056338028169 0.675 0.2699530516431925 0.6671875 0.2676056338028169 0.6640625 0.24178403755868544 0.64375 0.23943661971830985 0.64375 0.20892018779342722 0.6484375 0.176056338028169 0.6640625
2 0.09389671361502347 0.565625 0.09154929577464789 0.5671875 0.07981220657276995 0.5671875 0.05868544600938967 0.5734375 0.056338028169014086 0.58125 0.05868544600938967 0.584375 0.07981220657276995 0.5890625 0.08450704225352113 0.5921875 0.11032863849765258 0.5953125 0.14788732394366197 0.60625 0.19248826291079812 0.609375 0.20187793427230047 0.6125 0.20892018779342722 0.6125 0.20422535211267606 0.6015625 0.1807511737089202 0.578125 0.17370892018779344 0.5734375 0.1431924882629108 0.5671875 0.14084507042253522 0.5671875 0.13380281690140844 0.565625 0.09389671361502347 0.565625
2 0.3028169014084507 0.6921875 0.3004694835680751 0.6953125 0.2793427230046948 0.6953125 0.25821596244131456 0.703125 0.2699530516431925 0.7125 0.2699530516431925 0.7171875 0.25821596244131456 0.728125 0.25821596244131456 0.740625 0.2699530516431925 0.7421875 0.27230046948356806 0.740625 0.284037558685446 0.740625 0.30985915492957744 0.73125 0.33568075117370894 0.7140625 0.33568075117370894 0.7015625 0.33098591549295775 0.6953125 0.31220657276995306 0.6828125 0.29107981220657275 0.6796875 0.29107981220657275 0.68125 0.29107981220657275 0.684375 0.3028169014084507 0.6921875
1 0.28169014084507044 0.2890625 0.24647887323943662 0.290625 0.22065727699530516 0.2984375 0.19953051643192488 0.3 0.19483568075117372 0.2984375 0.176056338028169 0.3046875 0.17370892018779344 0.3078125 0.16666666666666666 0.3078125 0.1572769953051643 0.3125 0.15023474178403756 0.3125 0.14084507042253522 0.315625 0.107981220657277 0.3375 0.10328638497652583 0.3453125 0.11267605633802817 0.35 0.13145539906103287 0.353125 0.16901408450704225 0.353125 0.19014084507042253 0.3578125 0.22065727699530516 0.3578125 0.22300469483568075 0.359375 0.24882629107981222 0.3609375 0.2652582159624413 0.3640625 0.2746478873239437 0.38125 0.2863849765258216 0.38125 0.31220657276995306 0.36875 0.3145539906103286 0.365625 0.323943661971831 0.365625 0.3286384976525822 0.3625 0.3380281690140845 0.3609375 0.3403755868544601 0.3625 0.3591549295774648 0.3625 0.38028169014084506 0.3578125 0.4084507042253521 0.3578125 0.4413145539906103 0.35 0.4413145539906103 0.3390625 0.43661971830985913 0.33125 0.4295774647887324 0.3265625 0.4272300469483568 0.3203125 0.4225352112676056 0.31875 0.4131455399061033 0.3078125 0.392018779342723 0.290625 0.3685446009389671 0.284375 0.36619718309859156 0.284375 0.3075117370892019 0.28125 0.28169014084507044 0.2890625
1 0.7910798122065728 0.9078125 0.7910798122065728 0.9109375 0.8028169014084507 0.9171875 0.8028169014084507 0.9203125 0.8004694835680751 0.921875 0.7793427230046949 0.921875 0.7652582159624414 0.9328125 0.7629107981220657 0.94375 0.7676056338028169 0.9515625 0.7676056338028169 0.9671875 0.7652582159624414 0.971875 0.7769953051643192 0.9671875 0.7863849765258216 0.9671875 0.795774647887324 0.9640625 0.8098591549295775 0.9640625 0.8215962441314554 0.959375 0.8309859154929577 0.946875 0.8309859154929577 0.9421875 0.823943661971831 0.9296875 0.8309859154929577 0.928125 0.8380281690140845 0.93125 0.852112676056338 0.93125 0.863849765258216 0.928125 0.8708920187793427 0.9234375 0.8708920187793427 0.9171875 0.863849765258216 0.9140625 0.8380281690140845 0.9140625 0.8262910798122066 0.9171875 0.8169014084507042 0.9109375 0.8145539906103286 0.9 0.8028169014084507 0.8921875 0.7887323943661971 0.890625 0.7887323943661971 0.8921875 0.7863849765258216 0.9046875 0.7910798122065728 0.9078125
1 0.92018779342723 0.578125 0.9178403755868545 0.584375 0.9131455399061033 0.5859375 0.8967136150234741 0.6046875 0.8967136150234741 0.6125 0.8873239436619719 0.6296875 0.8849765258215962 0.646875 0.8755868544600939 0.66875 0.8708920187793427 0.7171875 0.8732394366197183 0.71875 0.8732394366197183 0.7296875 0.8826291079812206 0.7421875 0.8849765258215962 0.753125 0.8967136150234741 0.765625 0.8967136150234741 0.76875 0.9131455399061033 0.7796875 0.9178403755868545 0.7796875 0.9342723004694836 0.7875 0.9530516431924883 0.7875 0.9671361502347418 0.790625 0.9976525821596244 0.7875 0.9976525821596244 0.5421875 0.9812206572769953 0.5421875 0.9694835680751174 0.546875 0.9647887323943662 0.546875 0.9366197183098591 0.5625 0.9366197183098591 0.5640625 0.9248826291079812 0.5765625 0.92018779342723 0.578125
1 0 0.3109375 0.03051643192488263 0.30625 0.035211267605633804 0.303125 0.04460093896713615 0.303125 0.0539906103286385 0.296875 0.06807511737089202 0.29375 0.07981220657276995 0.2859375 0.08685446009389672 0.275 0.09154929577464789 0.271875 0.09154929577464789 0.2578125 0.0892018779342723 0.25625 0.0892018779342723 0.25 0.07981220657276995 0.240625 0.07981220657276995 0.2375 0.06807511737089202 0.23125 0.06807511737089202 0.228125 0.046948356807511735 0.2140625 0.04460093896713615 0.209375 0.02112676056338028 0.190625 0.009389671361502348 0.1859375 0.009389671361502348 0.1828125 0 0.1796875 0 0.18125 0 0.3109375
1 0.676056338028169 0.2703125 0.6502347417840375 0.26875 0.6220657276995305 0.2796875 0.5985915492957746 0.2765625 0.5845070422535211 0.28125 0.5774647887323944 0.2875 0.5704225352112676 0.2890625 0.5586854460093896 0.296875 0.5539906103286385 0.3140625 0.5375586854460094 0.325 0.5328638497652582 0.33125 0.5352112676056338 0.3359375 0.5492957746478874 0.3421875 0.607981220657277 0.3421875 0.636150234741784 0.35 0.647887323943662 0.35 0.6666666666666666 0.3578125 0.6784037558685446 0.3578125 0.6924882629107981 0.3640625 0.7089201877934272 0.3671875 0.7676056338028169 0.40625 0.7676056338028169 0.409375 0.7793427230046949 0.421875 0.7793427230046949 0.425 0.7910798122065728 0.440625 0.7910798122065728 0.4484375 0.795774647887324 0.4546875 0.795774647887324 0.4609375 0.8004694835680751 0.4703125 0.823943661971831 0.475 0.8591549295774648 0.475 0.9014084507042254 0.4671875 0.9342723004694836 0.4515625 0.9389671361502347 0.44375 0.9389671361502347 0.4328125 0.9295774647887324 0.4125 0.8943661971830986 0.3796875 0.8943661971830986 0.375 0.8849765258215962 0.36875 0.8802816901408451 0.359375 0.8732394366197183 0.35625 0.8685446009389671 0.3484375 0.8497652582159625 0.334375 0.8450704225352113 0.321875 0.8356807511737089 0.3140625 0.8309859154929577 0.30625 0.784037558685446 0.2765625 0.7676056338028169 0.271875 0.7629107981220657 0.26875 0.7535211267605634 0.26875 0.7511737089201878 0.2671875 0.7488262910798122 0.2671875 0.6971830985915493 0.265625 0.676056338028169 0.2703125
1 0.2934272300469484 0.725 0.2981220657276995 0.7234375 0.3028169014084507 0.7265625 0.3075117370892019 0.7265625 0.31220657276995306 0.71875 0.3215962441314554 0.7140625 0.3215962441314554 0.7109375 0.3286384976525822 0.709375 0.3286384976525822 0.7046875 0.3333333333333333 0.7015625 0.3380281690140845 0.7015625 0.34976525821596244 0.709375 0.3544600938967136 0.709375 0.36384976525821594 0.715625 0.37089201877934275 0.7171875 0.3755868544600939 0.721875 0.3967136150234742 0.73125 0.4107981220657277 0.7328125 0.431924882629108 0.7390625 0.4460093896713615 0.7359375 0.4765258215962441 0.734375 0.4788732394366197 0.7328125 0.5046948356807511 0.7328125 0.5422535211267606 0.725 0.5563380281690141 0.725 0.5610328638497653 0.721875 0.568075117370892 0.721875 0.5727699530516432 0.71875 0.5868544600938967 0.7171875 0.6009389671361502 0.7125 0.6150234741784038 0.7046875 0.6267605633802817 0.6890625 0.6384976525821596 0.6828125 0.6384976525821596 0.6796875 0.6643192488262911 0.6625 0.6737089201877934 0.653125 0.6737089201877934 0.65 0.6807511737089202 0.6453125 0.6854460093896714 0.6359375 0.6924882629107981 0.63125 0.7112676056338029 0.603125 0.7206572769953051 0.59375 0.7206572769953051 0.5890625 0.7323943661971831 0.5765625 0.7323943661971831 0.571875 0.744131455399061 0.5609375 0.744131455399061 0.55625 0.755868544600939 0.5390625 0.7605633802816901 0.5359375 0.7605633802816901 0.5328125 0.7652582159624414 0.5296875 0.7652582159624414 0.525 0.7699530516431925 0.521875 0.7863849765258216 0.49375 0.7887323943661971 0.4875 0.7887323943661971 0.45 0.784037558685446 0.44375 0.784037558685446 0.4390625 0.7629107981220657 0.409375 0.755868544600939 0.4046875 0.7535211267605634 0.4 0.744131455399061 0.3953125 0.7417840375586855 0.390625 0.7370892018779343 0.390625 0.7276995305164319 0.3828125 0.7230046948356808 0.3828125 0.7136150234741784 0.375 0.6995305164319249 0.371875 0.6901408450704225 0.3671875 0.676056338028169 0.365625 0.6643192488262911 0.359375 0.6525821596244131 0.359375 0.6338028169014085 0.3515625 0.6173708920187794 0.3515625 0.5985915492957746 0.3484375 0.596244131455399 0.3484375 0.568075117370892 0.346875 0.5610328638497653 0.35 0.5469483568075117 0.3515625 0.5375586854460094 0.3484375 0.5164319248826291 0.3484375 0.5046948356807511 0.3515625 0.4859154929577465 0.3515625 0.47417840375586856 0.3546875 0.43896713615023475 0.35625 0.4295774647887324 0.359375 0.3755868544600939 0.3625 0.3591549295774648 0.3671875 0.33098591549295775 0.3671875 0.3145539906103286 0.371875 0.31220657276995306 0.375 0.3028169014084507 0.3765625 0.2934272300469484 0.3828125 0.284037558685446 0.384375 0.2605633802816901 0.3984375 0.25586854460093894 0.3984375 0.24413145539906103 0.40625 0.23943661971830985 0.40625 0.2300469483568075 0.4125 0.215962441314554 0.4171875 0.19248826291079812 0.4328125 0.18779342723004694 0.4375 0.18779342723004694 0.4421875 0.1784037558685446 0.4484375 0.17136150234741784 0.459375 0.16666666666666666 0.4625 0.1619718309859155 0.4984375 0.1596244131455399 0.5 0.1596244131455399 0.521875 0.1643192488262911 0.528125 0.1643192488262911 0.5484375 0.1619718309859155 0.55 0.15492957746478872 0.546875 0.14084507042253522 0.546875 0.1431924882629108 0.5515625 0.14084507042253522 0.553125 0.14084507042253522 0.5609375 0.15023474178403756 0.5609375 0.1572769953051643 0.5671875 0.15258215962441316 0.56875 0.15023474178403756 0.5671875 0.13380281690140844 0.5671875 0.12441314553990611 0.5703125 0.12206572769953052 0.56875 0.09859154929577464 0.5671875 0.0892018779342723 0.5703125 0.08450704225352113 0.56875 0.08215962441314555 0.5703125 0.07042253521126761 0.5703125 0.05868544600938967 0.578125 0.05868544600938967 0.58125 0.09389671361502347 0.5921875 0.1056338028169014 0.5921875 0.11267605633802817 0.5953125 0.12206572769953052 0.5953125 0.13145539906103287 0.6 0.15023474178403756 0.603125 0.1643192488262911 0.603125 0.16666666666666666 0.60625 0.18544600938967137 0.6078125 0.19718309859154928 0.615625 0.20657276995305165 0.61875 0.2112676056338028 0.6234375 0.21830985915492956 0.6234375 0.22300469483568075 0.628125 0.22769953051643194 0.628125 0.2347417840375587 0.6328125 0.24647887323943662 0.6453125 0.25586854460093894 0.6515625 0.25586854460093894 0.6546875 0.2605633802816901 0.6578125 0.25821596244131456 0.6625 0.26291079812206575 0.6640625 0.2652582159624413 0.6703125 0.27230046948356806 0.6671875 0.2746478873239437 0.6703125 0.3004694835680751 0.6828125 0.3051643192488263 0.6875 0.3051643192488263 0.6921875 0.3145539906103286 0.6953125 0.3145539906103286 0.703125 0.31220657276995306 0.7046875 0.3028169014084507 0.7046875 0.3004694835680751 0.6984375 0.2981220657276995 0.7 0.29107981220657275 0.6953125 0.2793427230046948 0.703125 0.2676056338028169 0.7 0.2699530516431925 0.703125 0.2676056338028169 0.709375 0.27699530516431925 0.7109375 0.27699530516431925 0.7140625 0.27230046948356806 0.7171875 0.2793427230046948 0.71875 0.2793427230046948 0.7203125 0.28169014084507044 0.71875 0.2863849765258216 0.7203125 0.2887323943661972 0.71875 0.2934272300469484 0.725
1 0.20657276995305165 0.03125 0.19718309859154928 0.0515625 0.176056338028169 0.071875 0.176056338028169 0.0765625 0.16901408450704225 0.084375 0.1643192488262911 0.0859375 0.1643192488262911 0.0890625 0.1572769953051643 0.09375 0.14084507042253522 0.0953125 0.13849765258215962 0.1140625 0.12910798122065728 0.1375 0.12910798122065728 0.16875 0.14084507042253522 0.1890625 0.1572769953051643 0.2015625 0.17370892018779344 0.209375 0.19014084507042253 0.2109375 0.19248826291079812 0.209375 0.2112676056338028 0.2140625 0.24178403755868544 0.2171875 0.2699530516431925 0.225 0.2887323943661972 0.2265625 0.2934272300469484 0.2296875 0.3145539906103286 0.2328125 0.3333333333333333 0.2390625 0.3568075117370892 0.240625 0.3615023474178404 0.24375 0.3826291079812207 0.2484375 0.39906103286384975 0.2484375 0.4154929577464789 0.24375 0.42488262910798125 0.2328125 0.4295774647887324 0.20625 0.43427230046948356 0.2015625 0.43427230046948356 0.196875 0.4413145539906103 0.1859375 0.4460093896713615 0.14375 0.4413145539906103 0.13125 0.4413145539906103 0.121875 0.43661971830985913 0.109375 0.4295774647887324 0.1015625 0.4295774647887324 0.096875 0.4061032863849765 0.075 0.4061032863849765 0.071875 0.392018779342723 0.0625 0.3873239436619718 0.0625 0.3779342723004695 0.0546875 0.34507042253521125 0.046875 0.3028169014084507 0.046875 0.284037558685446 0.05 0.27699530516431925 0.0453125 0.2746478873239437 0.0390625 0.2652582159624413 0.034375 0.2652582159624413 0.03125 0.2323943661971831 0.025 0.2300469483568075 0.025 0.2136150234741784 0.0265625 0.20657276995305165 0.03125
1 0.7629107981220657 0.9375 0.7629107981220657 0.94375 0.7676056338028169 0.95 0.7676056338028169 0.96875 0.7652582159624414 0.9703125 0.7676056338028169 0.971875 0.7746478873239436 0.9671875 0.784037558685446 0.9671875 0.7910798122065728 0.9640625 0.8098591549295775 0.9640625 0.8215962441314554 0.959375 0.8309859154929577 0.9453125 0.823943661971831 0.93125 0.8169014084507042 0.9265625 0.8028169014084507 0.921875 0.7793427230046949 0.921875 0.7793427230046949 0.9234375 0.7676056338028169 0.9296875 0.7629107981220657 0.9375
1 0.002347417840375587 0 0.002347417840375587 0.0015625 0 0.003125 0 0.115625 0.04460093896713615 0.115625 0.06338028169014084 0.1078125 0.07981220657276995 0.090625 0.07981220657276995 0.0859375 0.0892018779342723 0.075 0.09154929577464789 0.0640625 0.10328638497652583 0.0453125 0.1056338028169014 0 0.002347417840375587 0