2 0.3109375 0.8511904761904762 0.3203125 0.8660714285714286 0.3203125 0.8809523809523809 0.325 0.8809523809523809 0.3265625 0.8869047619047619 0.334375 0.8869047619047619 0.3359375 0.8928571428571429 0.34375 0.8928571428571429 0.346875 0.8869047619047619 0.346875 0.8660714285714286 0.3375 0.8482142857142857 0.3328125 0.8482142857142857 0.328125 0.8392857142857143 0.328125 0.8303571428571429 0.3203125 0.8303571428571429 0.31875 0.8244047619047619 0.3140625 0.8244047619047619 0.3140625 0.8273809523809523 0.3109375 0.8303571428571429 0.3109375 0.8511904761904762
2 0.659375 0.5238095238095238 0.6578125 0.5297619047619048 0.653125 0.5297619047619048 0.6515625 0.5357142857142857 0.6484375 0.5357142857142857 0.6328125 0.5684523809523809 0.6359375 0.5744047619047619 0.640625 0.5744047619047619 0.6421875 0.5803571428571429 0.6703125 0.5803571428571429 0.675 0.5684523809523809 0.6796875 0.5684523809523809 0.6796875 0.5595238095238095 0.6890625 0.5446428571428571 0.6890625 0.5238095238095238 0.684375 0.5238095238095238 0.6828125 0.5178571428571429 0.665625 0.5178571428571429 0.665625 0.5208333333333334 0.6640625 0.5238095238095238 0.659375 0.5238095238095238
2 0 0.6190476190476191 0.028125 0.6190476190476191 0.03125 0.6130952380952381 0.03125 0.5952380952380952 0.028125 0.5922619047619048 0.028125 0.5357142857142857 0.01875 0.5178571428571429 0.0140625 0.5178571428571429 0.009375 0.5059523809523809 0.0046875 0.5059523809523809 0.003125 0.49702380952380953 0 0.49702380952380953 0 0.5 0 0.6190476190476191
2 0.18125 0 0.18125 0.002976190476190476 0.18125 0.017857142857142856 0.184375 0.020833333333333332 0.184375 0.03571428571428571 0.1953125 0.03571428571428571 0.196875 0.041666666666666664 0.20625 0.041666666666666664 0.209375 0.047619047619047616 0.2109375 0.041666666666666664 0.215625 0.041666666666666664 0.2171875 0.03571428571428571 0.221875 0.03571428571428571 0.225 0.02976190476190476 0.225 0.01488095238095238 0.23125 0.005952380952380952 0.23125 0 0.18125 0
2 0.1109375 0.5178571428571429 0.109375 0.5238095238095238 0.1046875 0.5238095238095238 0.0984375 0.5357142857142857 0.09375 0.5357142857142857 0.090625 0.5416666666666666 0.09375 0.5476190476190477 0.09375 0.5803571428571429 0.096875 0.5833333333333334 0.096875 0.6011904761904762 0.1 0.6071428571428571 0.1125 0.6071428571428571 0.1140625 0.6130952380952381 0.128125 0.6130952380952381 0.1296875 0.6071428571428571 0.14375 0.6071428571428571 0.1453125 0.6011904761904762 0.1515625 0.6011904761904762 0.153125 0.5922619047619048 0.1578125 0.5922619047619048 0.159375 0.5863095238095238 0.1640625 0.5863095238095238 0.1671875 0.5803571428571429 0.1671875 0.5714285714285714 0.1703125 0.5684523809523809 0.1703125 0.5595238095238095 0.1734375 0.5565476190476191 0.1734375 0.5357142857142857 0.16875 0.5357142857142857 0.1671875 0.5297619047619048 0.159375 0.5297619047619048 0.1578125 0.5238095238095238 0.1390625 0.5238095238095238 0.1375 0.5178571428571429 0.1328125 0.5178571428571429 0.13125 0.5119047619047619 0.1171875 0.5119047619047619 0.1171875 0.5148809523809523 0.115625 0.5178571428571429 0.1109375 0.5178571428571429
2 0 0.7410714285714286 0.00625 0.7410714285714286 0.0078125 0.7470238095238095 0.0125 0.7470238095238095 0.0140625 0.7529761904761905 0.01875 0.7529761904761905 0.0203125 0.7589285714285714 0.034375 0.7589285714285714 0.0359375 0.7529761904761905 0.040625 0.7529761904761905 0.0484375 0.7351190476190477 0.0515625 0.7351190476190477 0.0515625 0.7202380952380952 0.0546875 0.7172619047619048 0.0546875 0.7083333333333334 0.0578125 0.7053571428571429 0.0578125 0.6696428571428571 0.0546875 0.6666666666666666 0.0546875 0.6517857142857143 0.0515625 0.6488095238095238 0.0515625 0.6398809523809523 0.0484375 0.6398809523809523 0.04375 0.6279761904761905 0.0109375 0.6279761904761905 0.0109375 0.6309523809523809 0.009375 0.6339285714285714 0.0046875 0.6339285714285714 0.003125 0.6398809523809523 0 0.6398809523809523 0 0.7410714285714286
2 0.2078125 0.35714285714285715 0.203125 0.36904761904761907 0.2 0.36904761904761907 0.2 0.37797619047619047 0.196875 0.38095238095238093 0.196875 0.3958333333333333 0.19375 0.39880952380952384 0.19375 0.4166666666666667 0.190625 0.41964285714285715 0.190625 0.4523809523809524 0.1875 0.4583333333333333 0.1953125 0.4583333333333333 0.196875 0.4523809523809524 0.20625 0.4523809523809524 0.2078125 0.44642857142857145 0.2125 0.44642857142857145 0.2140625 0.44047619047619047 0.21875 0.44047619047619047 0.228125 0.4226190476190476 0.228125 0.41369047619047616 0.23125 0.4107142857142857 0.23125 0.39880952380952384 0.234375 0.3958333333333333 0.234375 0.3869047619047619 0.225 0.37202380952380953 0.225 0.3630952380952381 0.221875 0.35714285714285715 0.2171875 0.35714285714285715 0.2140625 0.35119047619047616 0.2140625 0.3541666666666667 0.2125 0.35714285714285715 0.2078125 0.35714285714285715
2 0 0.5565476190476191 0.003125 0.5565476190476191 0.00625 0.5505952380952381 0.0078125 0.5565476190476191 0.01875 0.5565476190476191 0.0203125 0.5625 0.025 0.5625 0.028125 0.5565476190476191 0.028125 0.5357142857142857 0.015625 0.5119047619047619 0.0109375 0.5119047619047619 0.00625 0.5029761904761905 0.00625 0.49702380952380953 0 0.49702380952380953 0 0.5 0 0.5565476190476191
2 0.2484375 0.03869047619047619 0.246875 0.044642857142857144 0.2390625 0.044642857142857144 0.2390625 0.047619047619047616 0.2421875 0.05357142857142857 0.246875 0.05357142857142857 0.2484375 0.05952380952380952 0.2515625 0.05952380952380952 0.253125 0.06547619047619048 0.2578125 0.06547619047619048 0.259375 0.07142857142857142 0.2734375 0.07142857142857142 0.275 0.06547619047619048 0.2796875 0.06547619047619048 0.2828125 0.05952380952380952 0.2828125 0.044642857142857144 0.2796875 0.03869047619047619 0.275 0.03869047619047619 0.2734375 0.03273809523809524 0.259375 0.03273809523809524 0.259375 0.03571428571428571 0.2578125 0.03869047619047619 0.2484375 0.03869047619047619
2 0.184375 0.050595238095238096 0.184375 0.05952380952380952 0.18125 0.0625 0.18125 0.07142857142857142 0.1796875 0.0744047619047619 0.175 0.0744047619047619 0.16875 0.08630952380952381 0.16875 0.09523809523809523 0.171875 0.09821428571428571 0.171875 0.11011904761904762 0.1765625 0.11011904761904762 0.178125 0.11607142857142858 0.1859375 0.11607142857142858 0.1875 0.11011904761904762 0.1921875 0.11011904761904762 0.1953125 0.10416666666666667 0.196875 0.09523809523809523 0.203125 0.09523809523809523 0.20625 0.08928571428571429 0.20625 0.08035714285714286 0.209375 0.07738095238095238 0.209375 0.044642857142857144 0.190625 0.044642857142857144 0.190625 0.047619047619047616 0.1890625 0.050595238095238096 0.184375 0.050595238095238096
2 0.296875 0.17857142857142858 0.296875 0.1875 0.3 0.19047619047619047 0.3 0.20238095238095238 0.30625 0.20238095238095238 0.3109375 0.21428571428571427 0.315625 0.21428571428571427 0.3171875 0.22023809523809523 0.321875 0.22023809523809523 0.3234375 0.2261904761904762 0.328125 0.2261904761904762 0.334375 0.21428571428571427 0.334375 0.20535714285714285 0.3375 0.20238095238095238 0.3375 0.18452380952380953 0.33125 0.17261904761904762 0.3078125 0.17261904761904762 0.3078125 0.17559523809523808 0.30625 0.17857142857142858 0.296875 0.17857142857142858
2 0.053125 0.6339285714285714 0.053125 0.6428571428571429 0.05625 0.6458333333333334 0.05625 0.6547619047619048 0.059375 0.6577380952380952 0.059375 0.6666666666666666 0.065625 0.6785714285714286 0.0703125 0.6785714285714286 0.071875 0.6845238095238095 0.0765625 0.6845238095238095 0.08125 0.6964285714285714 0.0859375 0.6964285714285714 0.090625 0.7113095238095238 0.0953125 0.7113095238095238 0.096875 0.7172619047619048 0.103125 0.7172619047619048 0.1109375 0.7321428571428571 0.1109375 0.7410714285714286 0.1140625 0.7470238095238095 0.11875 0.7470238095238095 0.121875 0.7380952380952381 0.11875 0.7351190476190477 0.11875 0.7202380952380952 0.115625 0.7172619047619048 0.115625 0.7083333333333334 0.1125 0.7053571428571429 0.1125 0.6755952380952381 0.109375 0.6726190476190477 0.109375 0.6636904761904762 0.10625 0.6607142857142857 0.10625 0.6517857142857143 0.103125 0.6458333333333334 0.1 0.6458333333333334 0.0984375 0.6398809523809523 0.08125 0.6398809523809523 0.0796875 0.6339285714285714 0.075 0.6339285714285714 0.0703125 0.6220238095238095 0.0625 0.6220238095238095 0.0609375 0.6160714285714286 0.0484375 0.6160714285714286 0.0484375 0.6190476190476191 0.0484375 0.6309523809523809 0.053125 0.6339285714285714
2 0.296875 0.49702380952380953 0.2953125 0.5059523809523809 0.290625 0.5059523809523809 0.2890625 0.5119047619047619 0.28125 0.5119047619047619 0.278125 0.5208333333333334 0.2875 0.5386904761904762 0.2921875 0.5386904761904762 0.29375 0.5446428571428571 0.30625 0.5446428571428571 0.3078125 0.5386904761904762 0.3125 0.5386904761904762 0.315625 0.5327380952380952 0.315625 0.5238095238095238 0.31875 0.5208333333333334 0.31875 0.5059523809523809 0.315625 0.5029761904761905 0.315625 0.49107142857142855 0.3046875 0.49107142857142855 0.3046875 0.49404761904761907 0.303125 0.49702380952380953 0.296875 0.49702380952380953
2 0.2875 0.33630952380952384 0.284375 0.3392857142857143 0.284375 0.36607142857142855 0.2875 0.36904761904761907 0.2875 0.38392857142857145 0.2921875 0.38392857142857145 0.29375 0.3869047619047619 0.29375 0.3958333333333333 0.2984375 0.3958333333333333 0.3 0.40476190476190477 0.303125 0.40476190476190477 0.3046875 0.4107142857142857 0.309375 0.4107142857142857 0.3109375 0.4166666666666667 0.315625 0.4166666666666667 0.3171875 0.4107142857142857 0.321875 0.4107142857142857 0.321875 0.39880952380952384 0.334375 0.37797619047619047 0.334375 0.35714285714285715 0.325 0.34226190476190477 0.325 0.3333333333333333 0.31875 0.32142857142857145 0.290625 0.32142857142857145 0.290625 0.3244047619047619 0.2875 0.3273809523809524 0.2875 0.33630952380952384
2 0.753125 0.5208333333333334 0.759375 0.5327380952380952 0.7640625 0.5327380952380952 0.76875 0.5446428571428571 0.7734375 0.5446428571428571 0.775 0.5505952380952381 0.7921875 0.5505952380952381 0.79375 0.5446428571428571 0.7984375 0.5446428571428571 0.8 0.5386904761904762 0.803125 0.5386904761904762 0.803125 0.5178571428571429 0.8 0.5178571428571429 0.7984375 0.5119047619047619 0.79375 0.5119047619047619 0.7921875 0.5059523809523809 0.7875 0.5059523809523809 0.7859375 0.49702380952380953 0.75625 0.49702380952380953 0.75625 0.5 0.753125 0.5059523809523809 0.753125 0.5208333333333334
2 0.7 0.5476190476190477 0.7 0.5744047619047619 0.696875 0.5773809523809523 0.696875 0.6071428571428571 0.7 0.6130952380952381 0.709375 0.6130952380952381 0.7125 0.6190476190476191 0.7140625 0.6130952380952381 0.721875 0.6130952380952381 0.721875 0.6041666666666666 0.725 0.6011904761904762 0.725 0.5833333333333334 0.728125 0.5803571428571429 0.728125 0.5654761904761905 0.725 0.5625 0.725 0.5416666666666666 0.721875 0.5357142857142857 0.7046875 0.5357142857142857 0.7046875 0.5386904761904762 0.703125 0.5476190476190477 0.7 0.5476190476190477
2 0.084375 0.44345238095238093 0.071875 0.46726190476190477 0.071875 0.4880952380952381 0.06875 0.49107142857142855 0.06875 0.5089285714285714 0.071875 0.5119047619047619 0.071875 0.5327380952380952 0.075 0.5386904761904762 0.0921875 0.5386904761904762 0.096875 0.5267857142857143 0.103125 0.5267857142857143 0.1078125 0.5148809523809523 0.1125 0.5148809523809523 0.1140625 0.5089285714285714 0.125 0.5089285714285714 0.125 0.49107142857142855 0.128125 0.4851190476190476 0.125 0.48214285714285715 0.125 0.4494047619047619 0.11875 0.4375 0.1 0.4375 0.1 0.44047619047619047 0.0984375 0.44345238095238093 0.084375 0.44345238095238093
2 0.0296875 0.5386904761904762 0.0328125 0.5416666666666666 0.0328125 0.5625 0.0421875 0.5773809523809523 0.0421875 0.5863095238095238 0.0453125 0.5922619047619048 0.0515625 0.5922619047619048 0.053125 0.5952380952380952 0.053125 0.6011904761904762 0.05625 0.6071428571428571 0.0640625 0.6071428571428571 0.065625 0.6130952380952381 0.0703125 0.6130952380952381 0.071875 0.6190476190476191 0.0765625 0.6190476190476191 0.08125 0.6309523809523809 0.0859375 0.6309523809523809 0.0890625 0.625 0.0890625 0.6160714285714286 0.0921875 0.6130952380952381 0.0921875 0.5892857142857143 0.0953125 0.5833333333333334 0.0921875 0.5803571428571429 0.0921875 0.5595238095238095 0.0859375 0.5476190476190477 0.08125 0.5476190476190477 0.0796875 0.5416666666666666 0.071875 0.5416666666666666 0.0703125 0.5357142857142857 0.065625 0.5357142857142857 0.0640625 0.5297619047619048 0.05625 0.5297619047619048 0.0546875 0.5238095238095238 0.0484375 0.5238095238095238 0.046875 0.5178571428571429 0.0390625 0.5178571428571429 0.0375 0.5119047619047619 0.0328125 0.5119047619047619 0.0328125 0.5148809523809523 0.0296875 0.5178571428571429 0.0296875 0.5386904761904762
2 0.678125 0.8898809523809523 0.6765625 0.8958333333333334 0.671875 0.8958333333333334 0.671875 0.9017857142857143 0.66875 0.9047619047619048 0.66875 0.9136904761904762 0.6734375 0.9136904761904762 0.675 0.9196428571428571 0.6828125 0.9196428571428571 0.684375 0.9255952380952381 0.6953125 0.9255952380952381 0.696875 0.9196428571428571 0.709375 0.9196428571428571 0.7109375 0.9136904761904762 0.725 0.9136904761904762 0.7265625 0.9077380952380952 0.73125 0.9077380952380952 0.73125 0.8839285714285714 0.6875 0.8839285714285714 0.6875 0.8869047619047619 0.6859375 0.8898809523809523 0.678125 0.8898809523809523
2 0.2296875 0 0.2296875 0.002976190476190476 0.2296875 0.03571428571428571 0.234375 0.03571428571428571 0.2359375 0.041666666666666664 0.246875 0.041666666666666664 0.2484375 0.03571428571428571 0.2578125 0.03571428571428571 0.259375 0.02976190476190476 0.2640625 0.02976190476190476 0.2734375 0.011904761904761904 0.2734375 0 0.2296875 0
2 0.1296875 0.05357142857142857 0.1328125 0.05654761904761905 0.1328125 0.06547619047619048 0.1390625 0.0744047619047619 0.1390625 0.08333333333333333 0.1421875 0.08630952380952381 0.1421875 0.09523809523809523 0.146875 0.09523809523809523 0.1484375 0.10416666666666667 0.1640625 0.10416666666666667 0.165625 0.09523809523809523 0.1703125 0.09523809523809523 0.1703125 0.08630952380952381 0.175 0.07738095238095238 0.1796875 0.07738095238095238 0.1828125 0.07142857142857142 0.1828125 0.044642857142857144 0.1796875 0.03869047619047619 0.1625 0.03869047619047619 0.1609375 0.03273809523809524 0.153125 0.03273809523809524 0.1515625 0.026785714285714284 0.1453125 0.026785714285714284 0.14375 0.020833333333333332 0.1328125 0.020833333333333332 0.1328125 0.023809523809523808 0.1296875 0.026785714285714284 0.1296875 0.05357142857142857
2 0.696875 0.9226190476190477 0.6953125 0.9285714285714286 0.690625 0.9285714285714286 0.6796875 0.9523809523809523 0.675 0.9523809523809523 0.675 0.9613095238095238 0.671875 0.9642857142857143 0.671875 0.9732142857142857 0.6828125 0.9732142857142857 0.684375 0.9672619047619048 0.6953125 0.9672619047619048 0.696875 0.9613095238095238 0.70625 0.9613095238095238 0.7109375 0.9494047619047619 0.715625 0.9494047619047619 0.715625 0.9404761904761905 0.721875 0.9315476190476191 0.721875 0.9226190476190477 0.725 0.9166666666666666 0.7078125 0.9166666666666666 0.7078125 0.9196428571428571 0.70625 0.9226190476190477 0.696875 0.9226190476190477
2 0.7265625 0.5357142857142857 0.7265625 0.5625 0.7296875 0.5654761904761905 0.7296875 0.5863095238095238 0.7359375 0.5952380952380952 0.7359375 0.6011904761904762 0.7421875 0.6130952380952381 0.7515625 0.6130952380952381 0.7546875 0.6071428571428571 0.7546875 0.5476190476190477 0.7515625 0.5446428571428571 0.7515625 0.5297619047619048 0.746875 0.5267857142857143 0.746875 0.5178571428571429 0.7234375 0.5178571428571429 0.7234375 0.5208333333333334 0.7234375 0.5327380952380952 0.7265625 0.5357142857142857
2 0.2484375 0.39880952380952384 0.246875 0.40773809523809523 0.2421875 0.40773809523809523 0.2390625 0.41369047619047616 0.2390625 0.4226190476190476 0.234375 0.43154761904761907 0.2296875 0.43154761904761907 0.221875 0.4494047619047619 0.2171875 0.4494047619047619 0.2109375 0.46130952380952384 0.2109375 0.4880952380952381 0.215625 0.4880952380952381 0.2171875 0.49404761904761907 0.221875 0.49404761904761907 0.2265625 0.5089285714285714 0.23125 0.5089285714285714 0.2328125 0.5148809523809523 0.240625 0.5148809523809523 0.2421875 0.5208333333333334 0.2578125 0.5208333333333334 0.259375 0.5148809523809523 0.2796875 0.5148809523809523 0.28125 0.5089285714285714 0.2921875 0.5089285714285714 0.29375 0.5029761904761905 0.2984375 0.5029761904761905 0.3 0.49404761904761907 0.30625 0.49404761904761907 0.309375 0.4880952380952381 0.309375 0.46726190476190477 0.3125 0.4642857142857143 0.3125 0.44345238095238093 0.309375 0.44047619047619047 0.309375 0.4255952380952381 0.303125 0.41369047619047616 0.296875 0.41369047619047616 0.2953125 0.40773809523809523 0.284375 0.40773809523809523 0.2796875 0.39285714285714285 0.259375 0.39285714285714285 0.259375 0.3958333333333333 0.2578125 0.39880952380952384 0.2484375 0.39880952380952384
2 0.3421875 0.01488095238095238 0.3390625 0.020833333333333332 0.3390625 0.02976190476190476 0.3359375 0.03273809523809524 0.3359375 0.041666666666666664 0.340625 0.041666666666666664 0.3421875 0.047619047619047616 0.3546875 0.047619047619047616 0.35625 0.05357142857142857 0.3640625 0.05357142857142857 0.3671875 0.047619047619047616 0.3703125 0.05357142857142857 0.3703125 0.03273809523809524 0.3671875 0.02976190476190476 0.3671875 0.020833333333333332 0.3640625 0.01488095238095238 0.359375 0.01488095238095238 0.3578125 0.008928571428571428 0.3484375 0.008928571428571428 0.3484375 0.011904761904761904 0.346875 0.01488095238095238 0.3421875 0.01488095238095238
1 0 0.17559523809523808 0.003125 0.17559523809523808 0.0046875 0.18154761904761904 0.0375 0.18154761904761904 0.0390625 0.1875 0.046875 0.1875 0.0484375 0.19345238095238096 0.0578125 0.19345238095238096 0.059375 0.20238095238095238 0.0640625 0.20238095238095238 0.0640625 0.19642857142857142 0.0671875 0.19345238095238096 0.0671875 0.17857142857142858 0.0640625 0.17559523809523808 0.0640625 0.16666666666666666 0.0578125 0.15773809523809523 0.0578125 0.1488095238095238 0.0546875 0.14583333333333334 0.0546875 0.13690476190476192 0.0515625 0.13392857142857142 0.0515625 0.125 0.046875 0.12202380952380952 0.046875 0.09821428571428571 0.04375 0.09523809523809523 0.04375 0.08630952380952381 0.040625 0.08333333333333333 0.040625 0.0744047619047619 0.0359375 0.0744047619047619 0.0359375 0.07738095238095238 0.0359375 0.08333333333333333 0.0265625 0.09821428571428571 0.0265625 0.11011904761904762 0.0203125 0.11904761904761904 0.0203125 0.12797619047619047 0.00625 0.15476190476190477 0 0.15476190476190477 0 0.17559523809523808
1 0.6171875 0.020833333333333332 0.6171875 0.02976190476190476 0.6109375 0.03869047619047619 0.6109375 0.06547619047619048 0.6171875 0.0744047619047619 0.6171875 0.08333333333333333 0.6234375 0.09226190476190477 0.6234375 0.11607142857142858 0.6265625 0.11904761904761904 0.6265625 0.12797619047619047 0.6296875 0.13095238095238096 0.6296875 0.15178571428571427 0.6328125 0.15476190476190477 0.6328125 0.1875 0.6296875 0.19345238095238096 0.6328125 0.19642857142857142 0.6328125 0.23214285714285715 0.6359375 0.23511904761904762 0.6359375 0.25 0.6453125 0.26785714285714285 0.6515625 0.26785714285714285 0.653125 0.27380952380952384 0.6609375 0.27380952380952384 0.6625 0.27976190476190477 0.6703125 0.27976190476190477 0.675 0.2916666666666667 0.6796875 0.2916666666666667 0.68125 0.29464285714285715 0.68125 0.3005952380952381 0.6953125 0.3005952380952381 0.696875 0.30357142857142855 0.696875 0.3125 0.703125 0.3125 0.7046875 0.31845238095238093 0.725 0.31845238095238093 0.725 0.30952380952380953 0.7265625 0.30654761904761907 0.73125 0.30654761904761907 0.73125 0.29464285714285715 0.7328125 0.2916666666666667 0.7375 0.2916666666666667 0.740625 0.2857142857142857 0.7375 0.27976190476190477 0.7375 0.2708333333333333 0.7328125 0.2708333333333333 0.73125 0.2648809523809524 0.7328125 0.2619047619047619 0.74375 0.2619047619047619 0.7484375 0.25 0.7515625 0.25 0.7515625 0.23511904761904762 0.7546875 0.23214285714285715 0.7546875 0.21726190476190477 0.7578125 0.21428571428571427 0.7578125 0.18452380952380953 0.7609375 0.18154761904761904 0.7609375 0.16666666666666666 0.7640625 0.1636904761904762 0.7640625 0.15476190476190477 0.7703125 0.14583333333333334 0.7703125 0.13690476190476192 0.7640625 0.125 0.7453125 0.125 0.74375 0.11904761904761904 0.7328125 0.11904761904761904 0.73125 0.1130952380952381 0.7265625 0.1130952380952381 0.725 0.10714285714285714 0.7203125 0.10714285714285714 0.71875 0.09821428571428571 0.7140625 0.09821428571428571 0.709375 0.08630952380952381 0.7046875 0.08630952380952381 0.703125 0.08035714285714286 0.696875 0.08035714285714286 0.6953125 0.0744047619047619 0.690625 0.0744047619047619 0.6890625 0.06845238095238096 0.684375 0.06845238095238096 0.6828125 0.0625 0.678125 0.0625 0.6765625 0.05654761904761905 0.671875 0.05654761904761905 0.6703125 0.050595238095238096 0.6625 0.050595238095238096 0.6609375 0.044642857142857144 0.65625 0.044642857142857144 0.6546875 0.03869047619047619 0.6484375 0.03869047619047619 0.646875 0.03273809523809524 0.6421875 0.03273809523809524 0.640625 0.02976190476190476 0.640625 0.020833333333333332 0.6359375 0.020833333333333332 0.634375 0.01488095238095238 0.6296875 0.01488095238095238 0.6265625 0.008928571428571428 0.6265625 0.011904761904761904 0.621875 0.020833333333333332 0.6171875 0.020833333333333332
1 0.6046875 0.5833333333333334 0.603125 0.5892857142857143 0.6 0.5892857142857143 0.6 0.6130952380952381 0.5984375 0.6160714285714286 0.590625 0.6160714285714286 0.5890625 0.6220238095238095 0.578125 0.6220238095238095 0.571875 0.6339285714285714 0.571875 0.6607142857142857 0.575 0.6636904761904762 0.575 0.6845238095238095 0.578125 0.6875 0.578125 0.6964285714285714 0.58125 0.6994047619047619 0.58125 0.7172619047619048 0.584375 0.7202380952380952 0.584375 0.7291666666666666 0.5875 0.7321428571428571 0.5875 0.7410714285714286 0.59375 0.75 0.59375 0.7589285714285714 0.596875 0.7619047619047619 0.596875 0.7708333333333334 0.6 0.7738095238095238 0.6 0.7827380952380952 0.603125 0.7827380952380952 0.6078125 0.7916666666666666 0.6078125 0.8035714285714286 0.6109375 0.8065476190476191 0.6109375 0.8154761904761905 0.6171875 0.8244047619047619 0.6171875 0.8333333333333334 0.6390625 0.875 0.64375 0.875 0.6484375 0.8869047619047619 0.6546875 0.8869047619047619 0.659375 0.8958333333333334 0.659375 0.9017857142857143 0.6640625 0.9017857142857143 0.665625 0.9077380952380952 0.6703125 0.9017857142857143 0.671875 0.8928571428571429 0.6765625 0.8928571428571429 0.678125 0.8869047619047619 0.6859375 0.8869047619047619 0.6875 0.8809523809523809 0.709375 0.8809523809523809 0.7109375 0.875 0.715625 0.875 0.715625 0.8601190476190477 0.71875 0.8571428571428571 0.71875 0.8422619047619048 0.721875 0.8392857142857143 0.721875 0.8303571428571429 0.7234375 0.8273809523809523 0.728125 0.8273809523809523 0.7296875 0.8333333333333334 0.734375 0.8333333333333334 0.7359375 0.8392857142857143 0.740625 0.8392857142857143 0.7421875 0.8333333333333334 0.746875 0.8333333333333334 0.746875 0.7976190476190477 0.74375 0.7946428571428571 0.74375 0.7619047619047619 0.740625 0.7589285714285714 0.740625 0.75 0.74375 0.7470238095238095 0.74375 0.7261904761904762 0.7453125 0.7232142857142857 0.7609375 0.7232142857142857 0.7640625 0.7172619047619048 0.7640625 0.6994047619047619 0.7609375 0.6964285714285714 0.7609375 0.6875 0.7515625 0.6696428571428571 0.7484375 0.6696428571428571 0.746875 0.6636904761904762 0.7421875 0.6636904761904762 0.7375 0.6517857142857143 0.7328125 0.6517857142857143 0.73125 0.6458333333333334 0.7265625 0.6458333333333334 0.721875 0.6339285714285714 0.7140625 0.6339285714285714 0.7125 0.6279761904761905 0.7046875 0.6279761904761905 0.703125 0.6220238095238095 0.696875 0.6220238095238095 0.6953125 0.6160714285714286 0.6875 0.6160714285714286 0.6859375 0.6101190476190477 0.675 0.6101190476190477 0.6734375 0.6041666666666666 0.665625 0.6041666666666666 0.6640625 0.5952380952380952 0.65625 0.5952380952380952 0.6546875 0.5892857142857143 0.6421875 0.5892857142857143 0.640625 0.5833333333333334 0.6265625 0.5833333333333334 0.625 0.5773809523809523 0.6109375 0.5773809523809523 0.6109375 0.5803571428571429 0.609375 0.5833333333333334 0.6046875 0.5833333333333334
1 0 0.48214285714285715 0.034375 0.48214285714285715 0.0359375 0.47619047619047616 0.0546875 0.47619047619047616 0.05625 0.47023809523809523 0.0609375 0.47023809523809523 0.0703125 0.4523809523809524 0.0703125 0.44345238095238093 0.0734375 0.44047619047619047 0.0734375 0.41964285714285715 0.0703125 0.4166666666666667 0.0703125 0.39285714285714285 0.0671875 0.3898809523809524 0.0671875 0.34523809523809523 0.0640625 0.34226190476190477 0.0640625 0.28273809523809523 0.0609375 0.27976190476190477 0.0609375 0.2708333333333333 0.0640625 0.2648809523809524 0.0609375 0.2619047619047619 0.0609375 0.22321428571428573 0.0640625 0.21726190476190477 0.0578125 0.20535714285714285 0.053125 0.20535714285714285 0.0515625 0.19642857142857142 0.0453125 0.19642857142857142 0.04375 0.19047619047619047 0 0.19047619047619047 0 0.19345238095238096 0 0.48214285714285715
1 0.49375 0.020833333333333332 0.4890625 0.03273809523809524 0.484375 0.03273809523809524 0.4765625 0.050595238095238096 0.471875 0.050595238095238096 0.471875 0.06547619047619048 0.48125 0.08035714285714286 0.48125 0.08928571428571429 0.4875 0.09821428571428571 0.4875 0.10416666666666667 0.4921875 0.10416666666666667 0.49375 0.09523809523809523 0.4984375 0.09523809523809523 0.5046875 0.08333333333333333 0.509375 0.08333333333333333 0.509375 0.0744047619047619 0.5125 0.07142857142857142 0.5125 0.0625 0.5140625 0.05952380952380952 0.521875 0.05952380952380952 0.5234375 0.05357142857142857 0.528125 0.05357142857142857 0.5296875 0.047619047619047616 0.534375 0.047619047619047616 0.5359375 0.041666666666666664 0.540625 0.041666666666666664 0.540625 0.03273809523809524 0.54375 0.02976190476190476 0.54375 0.020833333333333332 0.540625 0.01488095238095238 0.5 0.01488095238095238 0.5 0.017857142857142856 0.4984375 0.020833333333333332 0.49375 0.020833333333333332
1 0.9265625 0 0.9265625 0.002976190476190476 0.925 0.008928571428571428 0.9140625 0.008928571428571428 0.909375 0.020833333333333332 0.9 0.020833333333333332 0.8953125 0.03273809523809524 0.884375 0.03273809523809524 0.8765625 0.050595238095238096 0.871875 0.050595238095238096 0.8703125 0.05654761904761905 0.865625 0.05654761904761905 0.8640625 0.0625 0.859375 0.0625 0.859375 0.07142857142857142 0.853125 0.08035714285714286 0.853125 0.08928571428571429 0.8484375 0.09226190476190477 0.8484375 0.10416666666666667 0.853125 0.10714285714285714 0.853125 0.11607142857142858 0.8609375 0.11607142857142858 0.8625 0.12202380952380952 0.8671875 0.12202380952380952 0.86875 0.12797619047619047 0.8734375 0.12797619047619047 0.88125 0.14285714285714285 0.88125 0.15178571428571427 0.8859375 0.15178571428571427 0.8875 0.15773809523809523 0.8921875 0.15773809523809523 0.89375 0.1636904761904762 0.8984375 0.1636904761904762 0.9 0.16666666666666666 0.9 0.17559523809523808 0.9046875 0.17857142857142858 0.9046875 0.1875 0.9 0.19047619047619047 0.9 0.20238095238095238 0.896875 0.20535714285714285 0.896875 0.22023809523809523 0.8953125 0.22321428571428573 0.890625 0.22321428571428573 0.8875 0.22916666666666666 0.8875 0.27380952380952384 0.89375 0.2857142857142857 0.8984375 0.2857142857142857 0.9 0.27976190476190477 0.903125 0.27976190476190477 0.903125 0.2708333333333333 0.9109375 0.25595238095238093 0.928125 0.25595238095238093 0.9328125 0.2648809523809524 0.9328125 0.27380952380952384 0.9296875 0.2767857142857143 0.9296875 0.3005952380952381 0.9328125 0.30654761904761907 0.9375 0.30654761904761907 0.9390625 0.3125 0.9515625 0.3125 0.953125 0.30654761904761907 0.9671875 0.30654761904761907 0.96875 0.3005952380952381 0.9796875 0.3005952380952381 0.98125 0.2916666666666667 0.9921875 0.2916666666666667 0.99375 0.2857142857142857 0.9984375 0.2857142857142857 0.9984375 0.2113095238095238 0.9953125 0.20535714285714285 0.9984375 0.20238095238095238 0.9984375 0.19642857142857142 0.9953125 0.19345238095238096 0.9953125 0.18452380952380953 0.9921875 0.17857142857142858 0.9953125 0.17559523809523808 0.9953125 0.16666666666666666 0.9984375 0.1636904761904762 0.9984375 0.14285714285714285 0.9953125 0.13690476190476192 0.9984375 0.13392857142857142 0.9984375 0.08035714285714286 0.9953125 0.07738095238095238 0.9953125 0.0625 0.9984375 0.05952380952380952 0.9984375 0.008928571428571428 0.9953125 0.005952380952380952 0.9953125 0 0.9421875 0 0.940625 0.008928571428571428 0.9296875 0.008928571428571428 0.928125 0 0.9265625 0
1 0.8328125 0 0.8328125 0.002976190476190476 0.8328125 0.041666666666666664 0.8359375 0.047619047619047616 0.8328125 0.050595238095238096 0.8328125 0.05952380952380952 0.8359375 0.06547619047619048 0.8515625 0.06547619047619048 0.8546875 0.07142857142857142 0.859375 0.05952380952380952 0.8640625 0.05952380952380952 0.865625 0.05357142857142857 0.8703125 0.05357142857142857 0.875 0.041666666666666664 0.8796875 0.041666666666666664 0.88125 0.03571428571428571 0.8890625 0.03571428571428571 0.890625 0.02976190476190476 0.8984375 0.02976190476190476 0.8984375 0.020833333333333332 0.903125 0.017857142857142856 0.9046875 0.011904761904761904 0.9125 0.011904761904761904 0.9140625 0.005952380952380952 0.91875 0.011904761904761904 0.9203125 0.005952380952380952 0.934375 0.005952380952380952 0.934375 0 0.9140625 0 0.9125 0.008928571428571428 0.896875 0.008928571428571428 0.8953125 0 0.8328125 0
1 0.296875 0 0.296875 0.002976190476190476 0.3 0.011904761904761904 0.30625 0.011904761904761904 0.3140625 0.02976190476190476 0.325 0.02976190476190476 0.3265625 0.03571428571428571 0.334375 0.03571428571428571 0.3375 0.02976190476190476 0.3375 0.020833333333333332 0.3421875 0.011904761904761904 0.346875 0.011904761904761904 0.3484375 0.005952380952380952 0.3515625 0.005952380952380952 0.3515625 0 0.296875 0
1 0.9078125 0.7797619047619048 0.9078125 0.8035714285714286 0.9046875 0.8065476190476191 0.9046875 0.8154761904761905 0.903125 0.8184523809523809 0.9 0.8184523809523809 0.9 0.8392857142857143 0.896875 0.8422619047619048 0.896875 0.8511904761904762 0.89375 0.8541666666666666 0.89375 0.8630952380952381 0.8921875 0.8660714285714286 0.8875 0.8660714285714286 0.8734375 0.8958333333333334 0.86875 0.8958333333333334 0.86875 0.9017857142857143 0.8640625 0.9107142857142857 0.8203125 0.9107142857142857 0.81875 0.9166666666666666 0.8078125 0.9166666666666666 0.80625 0.9107142857142857 0.8 0.9107142857142857 0.7984375 0.9166666666666666 0.79375 0.9166666666666666 0.784375 0.9345238095238095 0.784375 0.9553571428571429 0.78125 0.9583333333333334 0.78125 0.9910714285714286 0.784375 0.9970238095238095 0.815625 0.9970238095238095 0.8171875 0.9910714285714286 0.821875 0.9910714285714286 0.8234375 0.9970238095238095 0.8578125 0.9970238095238095 0.859375 0.9910714285714286 0.8640625 0.9910714285714286 0.865625 0.9970238095238095 0.9375 0.9970238095238095 0.9390625 0.9910714285714286 0.9515625 0.9910714285714286 0.9515625 0.8601190476190477 0.946875 0.8571428571428571 0.946875 0.8422619047619048 0.94375 0.8363095238095238 0.9390625 0.8363095238095238 0.9375 0.8333333333333334 0.9375 0.8184523809523809 0.934375 0.8154761904761905 0.934375 0.7976190476190477 0.93125 0.7946428571428571 0.93125 0.7857142857142857 0.925 0.7738095238095238 0.9140625 0.7738095238095238 0.9140625 0.7767857142857143 0.9125 0.7797619047619048 0.9078125 0.7797619047619048
1 0.8265625 0.10416666666666667 0.821875 0.1130952380952381 0.8171875 0.1130952380952381 0.8125 0.125 0.8078125 0.125 0.80625 0.13095238095238096 0.8 0.13095238095238096 0.7953125 0.14285714285714285 0.790625 0.14285714285714285 0.7890625 0.1488095238095238 0.784375 0.1488095238095238 0.7828125 0.15476190476190477 0.778125 0.15476190476190477 0.775 0.16071428571428573 0.775 0.16964285714285715 0.765625 0.18452380952380953 0.765625 0.20238095238095238 0.7625 0.20535714285714285 0.7625 0.22023809523809523 0.759375 0.22321428571428573 0.759375 0.23214285714285715 0.75625 0.23511904761904762 0.75625 0.25 0.753125 0.25297619047619047 0.753125 0.27976190476190477 0.7484375 0.28273809523809523 0.7484375 0.37797619047619047 0.753125 0.38095238095238093 0.753125 0.3958333333333333 0.75625 0.39880952380952384 0.75625 0.40476190476190477 0.7609375 0.40476190476190477 0.7625 0.4107142857142857 0.7984375 0.4107142857142857 0.8 0.40476190476190477 0.80625 0.40476190476190477 0.80625 0.39880952380952384 0.8109375 0.3898809523809524 0.815625 0.3898809523809524 0.8171875 0.38392857142857145 0.821875 0.38392857142857145 0.8234375 0.37797619047619047 0.828125 0.37797619047619047 0.8296875 0.37202380952380953 0.834375 0.37202380952380953 0.8359375 0.36607142857142855 0.840625 0.36607142857142855 0.8484375 0.3482142857142857 0.8515625 0.3482142857142857 0.853125 0.34226190476190477 0.8578125 0.34226190476190477 0.8671875 0.3244047619047619 0.8671875 0.31547619047619047 0.8734375 0.30654761904761907 0.8734375 0.29464285714285715 0.8765625 0.2916666666666667 0.8765625 0.28273809523809523 0.8796875 0.27976190476190477 0.8796875 0.25892857142857145 0.8828125 0.25595238095238093 0.8796875 0.25 0.8828125 0.24107142857142858 0.8796875 0.23809523809523808 0.8796875 0.22321428571428573 0.88125 0.22023809523809523 0.8859375 0.22023809523809523 0.8875 0.21428571428571427 0.8921875 0.21428571428571427 0.8921875 0.20535714285714285 0.8953125 0.20238095238095238 0.8953125 0.19047619047619047 0.8984375 0.1875 0.8984375 0.17261904761904762 0.89375 0.17261904761904762 0.8921875 0.16666666666666666 0.884375 0.16666666666666666 0.8828125 0.16071428571428573 0.878125 0.16071428571428573 0.8765625 0.15773809523809523 0.8765625 0.14285714285714285 0.8734375 0.13690476190476192 0.86875 0.13690476190476192 0.8671875 0.13095238095238096 0.8625 0.13095238095238096 0.8609375 0.125 0.853125 0.125 0.8515625 0.11904761904761904 0.8453125 0.11904761904761904 0.840625 0.11011904761904762 0.840625 0.09226190476190477 0.8375 0.08630952380952381 0.8328125 0.08630952380952381 0.8328125 0.08928571428571429 0.8265625 0.09821428571428571 0.8265625 0.10416666666666667
1 0.971875 0.30952380952380953 0.9703125 0.31547619047619047 0.95625 0.31547619047619047 0.9546875 0.32142857142857145 0.9421875 0.32142857142857145 0.940625 0.3273809523809524 0.9359375 0.3273809523809524 0.934375 0.32142857142857145 0.9265625 0.32142857142857145 0.921875 0.30952380952380953 0.9109375 0.30952380952380953 0.9109375 0.3244047619047619 0.9140625 0.31845238095238093 0.921875 0.31845238095238093 0.9234375 0.32142857142857145 0.9234375 0.33035714285714285 0.921875 0.3333333333333333 0.9171875 0.3333333333333333 0.9171875 0.34226190476190477 0.915625 0.34523809523809523 0.9046875 0.34523809523809523 0.903125 0.35119047619047616 0.896875 0.35119047619047616 0.8953125 0.35714285714285715 0.8875 0.35714285714285715 0.8859375 0.3630952380952381 0.88125 0.3630952380952381 0.865625 0.39285714285714285 0.865625 0.40476190476190477 0.8625 0.40773809523809523 0.8625 0.4166666666666667 0.859375 0.41964285714285715 0.859375 0.44642857142857145 0.85625 0.4494047619047619 0.85625 0.48214285714285715 0.853125 0.4880952380952381 0.85625 0.49107142857142855 0.85625 0.5505952380952381 0.859375 0.5535714285714286 0.859375 0.5803571428571429 0.8625 0.5833333333333334 0.8625 0.6011904761904762 0.865625 0.6041666666666666 0.865625 0.625 0.86875 0.6279761904761905 0.86875 0.6369047619047619 0.871875 0.6398809523809523 0.871875 0.6488095238095238 0.875 0.6517857142857143 0.875 0.6666666666666666 0.878125 0.6696428571428571 0.878125 0.6845238095238095 0.88125 0.6875 0.88125 0.6964285714285714 0.884375 0.6994047619047619 0.884375 0.7053571428571429 0.8875 0.7083333333333334 0.8875 0.7172619047619048 0.8921875 0.7172619047619048 0.89375 0.7202380952380952 0.89375 0.7291666666666666 0.8984375 0.7291666666666666 0.9 0.7351190476190477 0.91875 0.7351190476190477 0.9234375 0.7232142857142857 0.928125 0.7232142857142857 0.9296875 0.7172619047619048 0.934375 0.7172619047619048 0.9359375 0.7113095238095238 0.940625 0.7113095238095238 0.9484375 0.6904761904761905 0.9515625 0.6904761904761905 0.9609375 0.6726190476190477 0.9609375 0.6636904761904762 0.965625 0.6547619047619048 0.9703125 0.6547619047619048 0.9703125 0.6458333333333334 0.9828125 0.625 0.9828125 0.6160714285714286 0.9859375 0.6130952380952381 0.9859375 0.6041666666666666 0.9890625 0.6011904761904762 0.9890625 0.5892857142857143 0.9921875 0.5863095238095238 0.9921875 0.5773809523809523 0.9953125 0.5744047619047619 0.9953125 0.5535714285714286 0.9984375 0.5505952380952381 0.9984375 0.5178571428571429 0.9953125 0.5119047619047619 0.9984375 0.5089285714285714 0.9984375 0.4375 0.9953125 0.43452380952380953 0.9953125 0.41964285714285715 0.9984375 0.4166666666666667 0.9984375 0.36904761904761907 0.9921875 0.35714285714285715 0.98125 0.35714285714285715 0.9796875 0.35119047619047616 0.965625 0.35119047619047616 0.9609375 0.34226190476190477 0.9625 0.33630952380952384 0.9828125 0.33630952380952384 0.984375 0.34226190476190477 0.9890625 0.34226190476190477 0.990625 0.33630952380952384 0.9953125 0.33630952380952384 0.9953125 0.3333333333333333 0.990625 0.3333333333333333 0.9890625 0.33035714285714285 0.9921875 0.32142857142857145 0.9890625 0.31547619047619047 0.990625 0.3125 0.9953125 0.3125 0.9953125 0.30952380952380953 0.9921875 0.30357142857142855 0.984375 0.30357142857142855 0.984375 0.30654761904761907 0.9828125 0.30952380952380953 0.971875 0.30952380952380953
1 0.559375 0.3005952380952381 0.55625 0.30357142857142855 0.55625 0.31845238095238093 0.553125 0.32142857142857145 0.553125 0.37202380952380953 0.5484375 0.375 0.5484375 0.40476190476190477 0.5453125 0.40773809523809523 0.5453125 0.4166666666666667 0.5421875 0.41964285714285715 0.5421875 0.44047619047619047 0.5328125 0.45535714285714285 0.5328125 0.47023809523809523 0.5359375 0.47619047619047616 0.540625 0.47619047619047616 0.5421875 0.47023809523809523 0.5609375 0.47023809523809523 0.56875 0.4851190476190476 0.56875 0.49404761904761907 0.571875 0.49702380952380953 0.571875 0.5029761904761905 0.5765625 0.5029761904761905 0.58125 0.5148809523809523 0.5890625 0.5148809523809523 0.590625 0.5208333333333334 0.6375 0.5208333333333334 0.6390625 0.5148809523809523 0.6546875 0.5148809523809523 0.65625 0.5089285714285714 0.6640625 0.5089285714285714 0.665625 0.5029761904761905 0.6734375 0.5029761904761905 0.675 0.49404761904761907 0.6828125 0.49404761904761907 0.684375 0.4880952380952381 0.6890625 0.4880952380952381 0.690625 0.48214285714285715 0.6984375 0.48214285714285715 0.7 0.47619047619047616 0.70625 0.47619047619047616 0.7109375 0.4642857142857143 0.715625 0.4642857142857143 0.7171875 0.4583333333333333 0.721875 0.4583333333333333 0.73125 0.44047619047619047 0.73125 0.4255952380952381 0.734375 0.4226190476190476 0.734375 0.40773809523809523 0.73125 0.40476190476190477 0.73125 0.3869047619047619 0.728125 0.38392857142857145 0.728125 0.375 0.71875 0.35714285714285715 0.7140625 0.35714285714285715 0.6953125 0.32142857142857145 0.690625 0.32142857142857145 0.6890625 0.31547619047619047 0.684375 0.31547619047619047 0.6796875 0.30357142857142855 0.675 0.30357142857142855 0.6703125 0.28869047619047616 0.6625 0.28869047619047616 0.6609375 0.28273809523809523 0.65625 0.28273809523809523 0.6546875 0.2767857142857143 0.6453125 0.2767857142857143 0.64375 0.2708333333333333 0.6359375 0.2708333333333333 0.634375 0.2648809523809524 0.6203125 0.2648809523809524 0.61875 0.25892857142857145 0.5875 0.25892857142857145 0.5859375 0.25297619047619047 0.578125 0.25297619047619047 0.578125 0.25595238095238093 0.559375 0.28869047619047616 0.559375 0.3005952380952381
1 0.4328125 0 0.4328125 0.002976190476190476 0.4359375 0.011904761904761904 0.440625 0.011904761904761904 0.4484375 0.02976190476190476 0.4546875 0.02976190476190476 0.459375 0.041666666666666664 0.4734375 0.041666666666666664 0.4921875 0.005952380952380952 0.4921875 0 0.4328125 0
1 0.0484375 0 0.0484375 0.002976190476190476 0.0484375 0.017857142857142856 0.053125 0.020833333333333332 0.053125 0.02976190476190476 0.0484375 0.03273809523809524 0.0484375 0.047619047619047616 0.0453125 0.050595238095238096 0.0453125 0.08333333333333333 0.0484375 0.08630952380952381 0.0484375 0.10416666666666667 0.053125 0.10714285714285714 0.053125 0.12202380952380952 0.05625 0.125 0.05625 0.13988095238095238 0.059375 0.14285714285714285 0.059375 0.15178571428571427 0.075 0.17857142857142858 0.075 0.1875 0.0859375 0.1875 0.0875 0.19345238095238096 0.10625 0.19345238095238096 0.1078125 0.20238095238095238 0.125 0.20238095238095238 0.1265625 0.20833333333333334 0.14375 0.20833333333333334 0.1484375 0.19345238095238096 0.1515625 0.19345238095238096 0.1515625 0.16666666666666666 0.146875 0.1636904761904762 0.146875 0.1488095238095238 0.1515625 0.14583333333333334 0.1515625 0.125 0.1546875 0.12202380952380952 0.1546875 0.1130952380952381 0.1484375 0.1130952380952381 0.14375 0.10416666666666667 0.14375 0.09821428571428571 0.1375 0.08928571428571429 0.1375 0.0744047619047619 0.128125 0.05952380952380952 0.128125 0.020833333333333332 0.1296875 0.017857142857142856 0.146875 0.017857142857142856 0.1484375 0.023809523809523808 0.1578125 0.023809523809523808 0.159375 0.02976190476190476 0.1734375 0.02976190476190476 0.1765625 0.023809523809523808 0.1765625 0 0.0484375 0
1 0.3484375 0.7738095238095238 0.3359375 0.7976190476190477 0.3359375 0.8095238095238095 0.3390625 0.8154761904761905 0.3328125 0.8244047619047619 0.3328125 0.8333333333333334 0.3296875 0.8392857142857143 0.3484375 0.875 0.3796875 0.875 0.3796875 0.8660714285714286 0.3765625 0.8630952380952381 0.3765625 0.8541666666666666 0.3703125 0.8452380952380952 0.3703125 0.8363095238095238 0.3671875 0.8333333333333334 0.3671875 0.8065476190476191 0.3640625 0.8035714285714286 0.3640625 0.7678571428571429 0.3609375 0.7619047619047619 0.35625 0.7619047619047619 0.35625 0.7648809523809523 0.3515625 0.7738095238095238 0.3484375 0.7738095238095238
1 0.0078125 0 0.0078125 0.002976190476190476 0.00625 0.008928571428571428 0 0.008928571428571428 0 0.05952380952380952 0.0046875 0.0625 0.0046875 0.07142857142857142 0 0.0744047619047619 0 0.15178571428571427 0.00625 0.15178571428571427 0.01875 0.12797619047619047 0.01875 0.11904761904761904 0.028125 0.10416666666666667 0.028125 0.09226190476190477 0.03125 0.08928571428571429 0.03125 0.08035714285714286 0.034375 0.07738095238095238 0.034375 0.05654761904761905 0.040625 0.047619047619047616 0.040625 0.026785714285714284 0.04375 0.023809523809523808 0.04375 0 0.0078125 0
1 0.990625 0.6934523809523809 0.9875 0.6994047619047619 0.9875 0.7172619047619048 0.98125 0.7261904761904762 0.98125 0.7351190476190477 0.975 0.7440476190476191 0.975 0.7529761904761905 0.96875 0.7619047619047619 0.96875 0.7708333333333334 0.965625 0.7738095238095238 0.965625 0.7886904761904762 0.9625 0.7916666666666666 0.9625 0.8154761904761905 0.959375 0.8184523809523809 0.959375 0.8392857142857143 0.95625 0.8422619047619048 0.95625 0.9791666666666666 0.959375 0.9821428571428571 0.959375 0.9910714285714286 0.9625 0.9970238095238095 0.9890625 0.9970238095238095 0.990625 0.9910714285714286 0.9984375 0.9910714285714286 0.9984375 0.8839285714285714 0.9953125 0.8809523809523809 0.9953125 0.8720238095238095 0.9984375 0.8690476190476191 0.9984375 0.6994047619047619 0.9953125 0.6964285714285714 0.9984375 0.6904761904761905 0.996875 0.6875 0.996875 0.6904761904761905 0.9953125 0.6934523809523809 0.990625 0.6934523809523809
1 0.3484375 0.9017857142857143 0.34375 0.9107142857142857 0.3359375 0.9107142857142857 0.334375 0.9047619047619048 0.3140625 0.9047619047619048 0.3140625 0.9255952380952381 0.3109375 0.9285714285714286 0.3109375 0.9434523809523809 0.3078125 0.9464285714285714 0.3078125 0.9553571428571429 0.3046875 0.9583333333333334 0.3046875 0.9791666666666666 0.3 0.9821428571428571 0.3 0.9970238095238095 0.4125 0.9970238095238095 0.415625 0.9880952380952381 0.4125 0.9851190476190477 0.4125 0.9761904761904762 0.409375 0.9732142857142857 0.409375 0.9523809523809523 0.40625 0.9494047619047619 0.40625 0.9404761904761905 0.403125 0.9375 0.403125 0.9285714285714286 0.4 0.9285714285714286 0.3953125 0.9196428571428571 0.3953125 0.9107142857142857 0.3921875 0.9077380952380952 0.3921875 0.8958333333333334 0.3890625 0.8898809523809523 0.384375 0.8898809523809523 0.3828125 0.8839285714285714 0.353125 0.8839285714285714 0.353125 0.8869047619047619 0.3484375 0.8898809523809523 0.3484375 0.9017857142857143
1 0.5265625 0.7976190476190477 0.5265625 0.8035714285714286 0.509375 0.8363095238095238 0.5046875 0.8363095238095238 0.4984375 0.8482142857142857 0.49375 0.8482142857142857 0.4921875 0.8541666666666666 0.4875 0.8541666666666666 0.4796875 0.8720238095238095 0.475 0.8720238095238095 0.4734375 0.8779761904761905 0.459375 0.8779761904761905 0.4578125 0.8839285714285714 0.4484375 0.8839285714285714 0.4453125 0.8898809523809523 0.4453125 0.9017857142857143 0.44375 0.9047619047619048 0.4265625 0.9047619047619048 0.4265625 0.9077380952380952 0.4375 0.9077380952380952 0.4390625 0.9136904761904762 0.4359375 0.9196428571428571 0.44375 0.9196428571428571 0.4484375 0.9285714285714286 0.4453125 0.9375 0.4484375 0.9404761904761905 0.4484375 0.9553571428571429 0.4453125 0.9583333333333334 0.4453125 0.9672619047619048 0.4421875 0.9702380952380952 0.4421875 0.9791666666666666 0.4453125 0.9821428571428571 0.4453125 0.9910714285714286 0.4671875 0.9910714285714286 0.46875 0.9970238095238095 0.4734375 0.9970238095238095 0.475 0.9910714285714286 0.4890625 0.9910714285714286 0.490625 0.9851190476190477 0.50625 0.9851190476190477 0.5109375 0.9970238095238095 0.534375 0.9970238095238095 0.5359375 0.9910714285714286 0.5921875 0.9910714285714286 0.6 0.9732142857142857 0.603125 0.9732142857142857 0.603125 0.9642857142857143 0.609375 0.9553571428571429 0.609375 0.9464285714285714 0.615625 0.9375 0.615625 0.8839285714285714 0.6125 0.8809523809523809 0.6125 0.8720238095238095 0.603125 0.8541666666666666 0.5984375 0.8511904761904762 0.5984375 0.8422619047619048 0.59375 0.8422619047619048 0.5921875 0.8392857142857143 0.5921875 0.8303571428571429 0.5859375 0.8184523809523809 0.578125 0.8184523809523809 0.5765625 0.8125 0.56875 0.8125 0.5671875 0.8065476190476191 0.5625 0.8065476190476191 0.5609375 0.8035714285714286 0.5609375 0.7976190476190477 0.553125 0.7976190476190477 0.5515625 0.7916666666666666 0.5328125 0.7916666666666666 0.5328125 0.7946428571428571 0.53125 0.7976190476190477 0.5265625 0.7976190476190477
1 0.2875 0.3392857142857143 0.2875 0.37202380952380953 0.290625 0.37797619047619047 0.2859375 0.3869047619047619 0.28125 0.3869047619047619 0.2796875 0.39285714285714285 0.259375 0.39285714285714285 0.2578125 0.39880952380952384 0.2484375 0.39880952380952384 0.2484375 0.40476190476190477 0.246875 0.40773809523809523 0.2421875 0.40773809523809523 0.2421875 0.4166666666666667 0.234375 0.43154761904761907 0.2296875 0.43154761904761907 0.228125 0.4375 0.2234375 0.4375 0.2109375 0.46130952380952384 0.2109375 0.47023809523809523 0.2078125 0.4732142857142857 0.2078125 0.48214285714285715 0.2046875 0.4851190476190476 0.2046875 0.49404761904761907 0.2 0.49702380952380953 0.1984375 0.5059523809523809 0.19375 0.5059523809523809 0.19375 0.5148809523809523 0.196875 0.5089285714285714 0.2125 0.5089285714285714 0.2140625 0.5148809523809523 0.2109375 0.5208333333333334 0.2140625 0.5267857142857143 0.209375 0.5357142857142857 0.2046875 0.5357142857142857 0.203125 0.5416666666666666 0.19375 0.5416666666666666 0.1921875 0.5476190476190477 0.1875 0.5476190476190477 0.184375 0.5535714285714286 0.184375 0.5684523809523809 0.1875 0.5714285714285714 0.1875 0.6011904761904762 0.190625 0.6041666666666666 0.190625 0.6190476190476191 0.19375 0.6220238095238095 0.19375 0.6309523809523809 0.196875 0.6339285714285714 0.196875 0.6428571428571429 0.2046875 0.6517857142857143 0.2046875 0.6607142857142857 0.2140625 0.6755952380952381 0.2140625 0.6845238095238095 0.2203125 0.6934523809523809 0.2203125 0.7053571428571429 0.2484375 0.7589285714285714 0.2515625 0.7589285714285714 0.271875 0.7976190476190477 0.271875 0.8035714285714286 0.2765625 0.8035714285714286 0.28125 0.8154761904761905 0.2859375 0.8154761904761905 0.2875 0.8214285714285714 0.3125 0.8214285714285714 0.3140625 0.8154761904761905 0.31875 0.8154761904761905 0.3234375 0.8035714285714286 0.328125 0.8035714285714286 0.328125 0.7976190476190477 0.3390625 0.7767857142857143 0.34375 0.7767857142857143 0.3484375 0.7648809523809523 0.3515625 0.7648809523809523 0.3578125 0.7529761904761905 0.3578125 0.7440476190476191 0.3609375 0.7410714285714286 0.3609375 0.7321428571428571 0.3640625 0.7291666666666666 0.3640625 0.6934523809523809 0.3671875 0.6904761904761905 0.3671875 0.6696428571428571 0.3703125 0.6666666666666666 0.3703125 0.6517857142857143 0.3734375 0.6488095238095238 0.3734375 0.6220238095238095 0.3765625 0.6190476190476191 0.3765625 0.5059523809523809 0.3734375 0.5029761904761905 0.3734375 0.4791666666666667 0.3703125 0.47619047619047616 0.3703125 0.46726190476190477 0.3609375 0.4494047619047619 0.35625 0.4494047619047619 0.3515625 0.4375 0.3453125 0.4375 0.3375 0.41964285714285715 0.3328125 0.41964285714285715 0.33125 0.41369047619047616 0.3234375 0.41369047619047616 0.321875 0.4107142857142857 0.321875 0.39880952380952384 0.328125 0.3898809523809524 0.328125 0.38095238095238093 0.33125 0.37797619047619047 0.33125 0.35714285714285715 0.321875 0.34226190476190477 0.321875 0.3333333333333333 0.31875 0.3273809523809524 0.290625 0.3273809523809524 0.290625 0.33035714285714285 0.290625 0.33630952380952384 0.2875 0.3392857142857143
1 0 0.9017857142857143 0.0046875 0.9047619047619048 0.0046875 0.9136904761904762 0.0109375 0.9255952380952381 0.015625 0.9255952380952381 0.0171875 0.9285714285714286 0.0171875 0.9375 0.0453125 0.9910714285714286 0.0515625 0.9910714285714286 0.053125 0.9970238095238095 0.0734375 0.9970238095238095 0.075 0.9910714285714286 0.0984375 0.9910714285714286 0.1 0.9851190476190477 0.103125 0.9851190476190477 0.109375 0.9732142857142857 0.109375 0.9642857142857143 0.1125 0.9613095238095238 0.1125 0.9523809523809523 0.11875 0.9434523809523809 0.11875 0.9345238095238095 0.1203125 0.9315476190476191 0.125 0.9315476190476191 0.125 0.9226190476190477 0.128125 0.9196428571428571 0.128125 0.9047619047619048 0.13125 0.9017857142857143 0.13125 0.8779761904761905 0.134375 0.875 0.134375 0.8601190476190477 0.1375 0.8571428571428571 0.1375 0.8422619047619048 0.140625 0.8392857142857143 0.140625 0.8244047619047619 0.14375 0.8214285714285714 0.14375 0.7857142857142857 0.146875 0.7827380952380952 0.146875 0.7321428571428571 0.1515625 0.7291666666666666 0.1515625 0.7261904761904762 0.146875 0.7232142857142857 0.146875 0.6815476190476191 0.14375 0.6785714285714286 0.14375 0.6636904761904762 0.140625 0.6607142857142857 0.140625 0.6517857142857143 0.1375 0.6488095238095238 0.1375 0.6398809523809523 0.13125 0.6279761904761905 0.1265625 0.6279761904761905 0.125 0.6220238095238095 0.1 0.6220238095238095 0.1 0.625 0.096875 0.6309523809523809 0.1 0.6339285714285714 0.1 0.6428571428571429 0.103125 0.6428571428571429 0.1078125 0.6517857142857143 0.1078125 0.6607142857142857 0.1109375 0.6636904761904762 0.1109375 0.6785714285714286 0.1140625 0.6845238095238095 0.1109375 0.6875 0.1109375 0.6964285714285714 0.1171875 0.7083333333333334 0.1171875 0.7232142857142857 0.1203125 0.7261904761904762 0.1203125 0.7351190476190477 0.1140625 0.7440476190476191 0.103125 0.7202380952380952 0.096875 0.7202380952380952 0.0953125 0.7142857142857143 0.090625 0.7142857142857143 0.0859375 0.7053571428571429 0.0859375 0.6994047619047619 0.08125 0.6994047619047619 0.0796875 0.6934523809523809 0.075 0.6934523809523809 0.0734375 0.6875 0.0625 0.6875 0.0609375 0.6934523809523809 0.05625 0.6934523809523809 0.059375 0.6994047619047619 0.059375 0.7053571428571429 0.05625 0.7083333333333334 0.05625 0.7172619047619048 0.053125 0.7202380952380952 0.053125 0.7351190476190477 0.0484375 0.7380952380952381 0.0484375 0.7470238095238095 0.046875 0.75 0.0421875 0.75 0.040625 0.7559523809523809 0.0359375 0.7559523809523809 0.034375 0.7619047619047619 0.0203125 0.7619047619047619 0.01875 0.7559523809523809 0.0140625 0.7559523809523809 0.0125 0.75 0 0.75 0 0.8273809523809523 0.003125 0.8273809523809523 0.0046875 0.8333333333333334 0 0.8363095238095238 0 0.9017857142857143
1 0.9140625 0 0.9140625 0.002976190476190476 0.909375 0.01488095238095238 0.9046875 0.01488095238095238 0.903125 0.020833333333333332 0.89375 0.020833333333333332 0.8921875 0.026785714285714284 0.8875 0.026785714285714284 0.8859375 0.03273809523809524 0.878125 0.03273809523809524 0.875 0.03869047619047619 0.875 0.047619047619047616 0.8734375 0.050595238095238096 0.86875 0.050595238095238096 0.8640625 0.0625 0.859375 0.0625 0.85625 0.06845238095238096 0.85625 0.07738095238095238 0.853125 0.08035714285714286 0.853125 0.11011904761904762 0.8578125 0.11011904761904762 0.859375 0.11607142857142858 0.8640625 0.11607142857142858 0.865625 0.12202380952380952 0.86875 0.11607142857142858 0.8828125 0.11607142857142858 0.884375 0.11011904761904762 0.903125 0.11011904761904762 0.9046875 0.10416666666666667 0.9125 0.10416666666666667 0.9140625 0.09523809523809523 0.91875 0.09523809523809523 0.9203125 0.08928571428571429 0.93125 0.08928571428571429 0.9328125 0.08333333333333333 0.94375 0.08333333333333333 0.9453125 0.07738095238095238 0.9515625 0.07738095238095238 0.953125 0.07142857142857142 0.9671875 0.07142857142857142 0.96875 0.06547619047619048 0.9796875 0.06547619047619048 0.98125 0.07142857142857142 0.9890625 0.07142857142857142 0.9890625 0.0625 0.990625 0.05952380952380952 0.9953125 0.05952380952380952 0.9984375 0.05357142857142857 0.9984375 0.008928571428571428 0.99375 0.008928571428571428 0.9921875 0 0.9140625 0
1 0.365625 0.3392857142857143 0.3640625 0.34523809523809523 0.359375 0.34523809523809523 0.3578125 0.35119047619047616 0.353125 0.35119047619047616 0.3515625 0.35714285714285715 0.3484375 0.35714285714285715 0.3453125 0.3630952380952381 0.3453125 0.37202380952380953 0.3359375 0.3869047619047619 0.3359375 0.4107142857142857 0.3484375 0.43452380952380953 0.3546875 0.43452380952380953 0.359375 0.44642857142857145 0.3640625 0.44642857142857145 0.371875 0.46130952380952384 0.371875 0.47023809523809523 0.375 0.4732142857142857 0.375 0.48214285714285715 0.378125 0.4851190476190476 0.378125 0.5148809523809523 0.38125 0.5178571428571429 0.38125 0.5803571428571429 0.384375 0.5863095238095238 0.3890625 0.5863095238095238 0.3953125 0.5744047619047619 0.3953125 0.5654761904761905 0.4 0.5565476190476191 0.403125 0.5565476190476191 0.403125 0.5476190476190477 0.40625 0.5446428571428571 0.40625 0.5357142857142857 0.4125 0.5267857142857143 0.4125 0.5178571428571429 0.421875 0.5029761904761905 0.421875 0.49702380952380953 0.4265625 0.4880952380952381 0.43125 0.4880952380952381 0.4328125 0.48214285714285715 0.4375 0.48214285714285715 0.440625 0.47619047619047616 0.434375 0.4642857142857143 0.4390625 0.4523809523809524 0.44375 0.4523809523809524 0.4484375 0.44047619047619047 0.4671875 0.44047619047619047 0.4703125 0.43452380952380953 0.4703125 0.39880952380952384 0.4671875 0.3958333333333333 0.4671875 0.3869047619047619 0.4640625 0.38392857142857145 0.4640625 0.36904761904761907 0.459375 0.36904761904761907 0.4578125 0.3630952380952381 0.4484375 0.3630952380952381 0.44375 0.35119047619047616 0.4390625 0.35119047619047616 0.4375 0.34523809523809523 0.4328125 0.34523809523809523 0.428125 0.3333333333333333 0.3875 0.3333333333333333 0.3875 0.33630952380952384 0.3859375 0.3392857142857143 0.365625 0.3392857142857143
1 0.796875 0.4791666666666667 0.7953125 0.4851190476190476 0.790625 0.4851190476190476 0.784375 0.49702380952380953 0.784375 0.5029761904761905 0.7875 0.5089285714285714 0.784375 0.5148809523809523 0.7890625 0.5148809523809523 0.7921875 0.5208333333333334 0.7921875 0.5119047619047619 0.7953125 0.5089285714285714 0.8 0.5178571428571429 0.8 0.5386904761904762 0.7984375 0.5416666666666666 0.790625 0.5297619047619048 0.7890625 0.5357142857142857 0.784375 0.5357142857142857 0.7875 0.5416666666666666 0.7859375 0.5476190476190477 0.78125 0.5476190476190477 0.7796875 0.5446428571428571 0.7796875 0.5297619047619048 0.778125 0.5297619047619048 0.775 0.5386904761904762 0.778125 0.5446428571428571 0.7765625 0.5476190476190477 0.771875 0.5476190476190477 0.7671875 0.5357142857142857 0.7625 0.5357142857142857 0.7609375 0.5297619047619048 0.753125 0.5297619047619048 0.753125 0.5386904761904762 0.75625 0.5416666666666666 0.75625 0.6011904761904762 0.7515625 0.6101190476190477 0.7421875 0.6101190476190477 0.7375 0.6011904761904762 0.7375 0.5952380952380952 0.7296875 0.5952380952380952 0.728125 0.6041666666666666 0.7234375 0.6041666666666666 0.7234375 0.6130952380952381 0.7171875 0.625 0.7203125 0.6309523809523809 0.725 0.6309523809523809 0.7296875 0.6428571428571429 0.734375 0.6428571428571429 0.7359375 0.6488095238095238 0.740625 0.6488095238095238 0.7421875 0.6547619047619048 0.746875 0.6547619047619048 0.75625 0.6726190476190477 0.7609375 0.6726190476190477 0.7625 0.6785714285714286 0.7734375 0.6785714285714286 0.775 0.6726190476190477 0.7796875 0.6726190476190477 0.784375 0.6607142857142857 0.7890625 0.6607142857142857 0.790625 0.6547619047619048 0.7953125 0.6547619047619048 0.796875 0.6488095238095238 0.80625 0.6488095238095238 0.8109375 0.6369047619047619 0.815625 0.6369047619047619 0.821875 0.625 0.821875 0.6041666666666666 0.81875 0.6011904761904762 0.81875 0.5952380952380952 0.821875 0.5922619047619048 0.821875 0.5476190476190477 0.825 0.5416666666666666 0.821875 0.5386904761904762 0.821875 0.5297619047619048 0.81875 0.5267857142857143 0.81875 0.5059523809523809 0.815625 0.5029761904761905 0.815625 0.4791666666666667 0.8125 0.4732142857142857 0.8046875 0.4732142857142857 0.8046875 0.47619047619047616 0.803125 0.4791666666666667 0.796875 0.4791666666666667
1 0.1625 0.6190476190476191 0.1609375 0.6220238095238095 0.1421875 0.6220238095238095 0.1421875 0.6428571428571429 0.1453125 0.6458333333333334 0.1453125 0.6547619047619048 0.1484375 0.6607142857142857 0.153125 0.6636904761904762 0.153125 0.6726190476190477 0.15625 0.6755952380952381 0.15625 0.6904761904761905 0.159375 0.6934523809523809 0.15625 0.6994047619047619 0.15625 0.7053571428571429 0.159375 0.7083333333333334 0.159375 0.7291666666666666 0.15625 0.7321428571428571 0.15625 0.7827380952380952 0.1625 0.7946428571428571 0.1671875 0.7946428571428571 0.16875 0.8035714285714286 0.1765625 0.8035714285714286 0.178125 0.8095238095238095 0.1828125 0.8095238095238095 0.184375 0.8154761904761905 0.225 0.8154761904761905 0.2265625 0.8095238095238095 0.240625 0.8095238095238095 0.2421875 0.8035714285714286 0.2546875 0.8035714285714286 0.2546875 0.7976190476190477 0.2578125 0.7946428571428571 0.2578125 0.7797619047619048 0.2515625 0.7678571428571429 0.2484375 0.7678571428571429 0.234375 0.7410714285714286 0.234375 0.7321428571428571 0.21875 0.7053571428571429 0.21875 0.6994047619047619 0.215625 0.6964285714285714 0.215625 0.6875 0.20625 0.6726190476190477 0.20625 0.6636904761904762 0.1953125 0.6488095238095238 0.1953125 0.6398809523809523 0.1921875 0.6369047619047619 0.1921875 0.6279761904761905 0.1890625 0.625 0.1890625 0.6160714285714286 0.1828125 0.6041666666666666 0.165625 0.6041666666666666 0.165625 0.6071428571428571 0.1625 0.6101190476190477 0.1625 0.6190476190476191
1 0.559375 0 0.559375 0.002976190476190476 0.55625 0.011904761904761904 0.559375 0.01488095238095238 0.559375 0.023809523809523808 0.5671875 0.023809523809523808 0.56875 0.02976190476190476 0.5765625 0.02976190476190476 0.578125 0.03571428571428571 0.5859375 0.03571428571428571 0.5875 0.041666666666666664 0.5921875 0.041666666666666664 0.59375 0.047619047619047616 0.60625 0.047619047619047616 0.6125 0.03571428571428571 0.6125 0.026785714285714284 0.6140625 0.023809523809523808 0.61875 0.023809523809523808 0.625 0.011904761904761904 0.625 0 0.559375 0
1 0.2265625 0 0.2265625 0.002976190476190476 0.225 0.008928571428571428 0.184375 0.008928571428571428 0.184375 0.023809523809523808 0.18125 0.026785714285714284 0.18125 0.03571428571428571 0.1796875 0.03869047619047619 0.159375 0.03869047619047619 0.1578125 0.03273809523809524 0.1484375 0.03273809523809524 0.146875 0.026785714285714284 0.1390625 0.026785714285714284 0.1359375 0.020833333333333332 0.1328125 0.026785714285714284 0.1328125 0.05357142857142857 0.1390625 0.0625 0.1390625 0.07142857142857142 0.1421875 0.0744047619047619 0.1421875 0.08333333333333333 0.1453125 0.08630952380952381 0.1453125 0.09523809523809523 0.1546875 0.09523809523809523 0.15625 0.10416666666666667 0.159375 0.10714285714285714 0.159375 0.11607142857142858 0.15625 0.11904761904761904 0.15625 0.13392857142857142 0.153125 0.13690476190476192 0.153125 0.17559523809523808 0.15625 0.17857142857142858 0.15625 0.22023809523809523 0.1625 0.22916666666666666 0.1625 0.23809523809523808 0.16875 0.24702380952380953 0.16875 0.25595238095238093 0.178125 0.2708333333333333 0.178125 0.27976190476190477 0.18125 0.28273809523809523 0.18125 0.2916666666666667 0.184375 0.29464285714285715 0.184375 0.3005952380952381 0.1890625 0.3005952380952381 0.2 0.3244047619047619 0.203125 0.3244047619047619 0.2046875 0.33035714285714285 0.209375 0.33035714285714285 0.2140625 0.34226190476190477 0.21875 0.34226190476190477 0.2390625 0.38392857142857145 0.24375 0.38392857142857145 0.2453125 0.3898809523809524 0.2578125 0.3898809523809524 0.259375 0.38392857142857145 0.2765625 0.38392857142857145 0.2796875 0.37797619047619047 0.2796875 0.34523809523809523 0.2828125 0.34226190476190477 0.2828125 0.3333333333333333 0.290625 0.31845238095238093 0.2953125 0.31845238095238093 0.296875 0.3125 0.321875 0.3125 0.328125 0.3005952380952381 0.328125 0.29464285714285715 0.33125 0.2916666666666667 0.33125 0.28273809523809523 0.334375 0.27976190476190477 0.334375 0.24702380952380953 0.33125 0.24404761904761904 0.33125 0.23511904761904762 0.3265625 0.23511904761904762 0.325 0.22916666666666666 0.3203125 0.22916666666666666 0.31875 0.22321428571428573 0.3140625 0.22321428571428573 0.309375 0.2113095238095238 0.3046875 0.2113095238095238 0.303125 0.20535714285714285 0.3 0.20535714285714285 0.2984375 0.20238095238095238 0.2984375 0.19047619047619047 0.2953125 0.1875 0.2953125 0.17857142857142858 0.3 0.16964285714285715 0.315625 0.16964285714285715 0.3171875 0.1636904761904762 0.325 0.1636904761904762 0.328125 0.15773809523809523 0.328125 0.13690476190476192 0.33125 0.13392857142857142 0.33125 0.125 0.334375 0.12202380952380952 0.334375 0.09821428571428571 0.3375 0.09523809523809523 0.3375 0.08630952380952381 0.334375 0.08333333333333333 0.334375 0.05654761904761905 0.33125 0.05357142857142857 0.33125 0.03869047619047619 0.3203125 0.03869047619047619 0.31875 0.03273809523809524 0.3140625 0.03273809523809524 0.3125 0.026785714285714284 0.3078125 0.026785714285714284 0.303125 0.01488095238095238 0.3 0.01488095238095238 0.2953125 0.005952380952380952 0.2953125 0 0.278125 0 0.2765625 0.008928571428571428 0.2734375 0.005952380952380952 0.2734375 0 0.265625 0 0.2640625 0.008928571428571428 0.2359375 0.008928571428571428 0.234375 0 0.2265625 0
1 0.4078125 0.9226190476190477 0.4078125 0.9375 0.4109375 0.9404761904761905 0.4109375 0.9553571428571429 0.4171875 0.9642857142857143 0.4171875 0.9910714285714286 0.425 0.9910714285714286 0.4265625 0.9970238095238095 0.43125 0.9970238095238095 0.4328125 0.9910714285714286 0.44375 0.9910714285714286 0.44375 0.9642857142857143 0.4484375 0.9553571428571429 0.4515625 0.9553571428571429 0.4515625 0.9404761904761905 0.446875 0.9375 0.446875 0.9226190476190477 0.44375 0.9196428571428571 0.44375 0.8958333333333334 0.4046875 0.8958333333333334 0.4046875 0.8988095238095238 0.4046875 0.9196428571428571 0.4078125 0.9226190476190477
1 0.071875 0.2113095238095238 0.0703125 0.21726190476190477 0.065625 0.21726190476190477 0.065625 0.31845238095238093 0.06875 0.32142857142857145 0.06875 0.37202380952380953 0.071875 0.375 0.071875 0.40476190476190477 0.075 0.40773809523809523 0.075 0.4226190476190476 0.078125 0.4255952380952381 0.078125 0.43452380952380953 0.08125 0.44047619047619047 0.0859375 0.44047619047619047 0.0875 0.43452380952380953 0.11875 0.43452380952380953 0.1203125 0.44047619047619047 0.125 0.44047619047619047 0.1265625 0.44345238095238093 0.1265625 0.4523809523809524 0.1296875 0.45535714285714285 0.1296875 0.47619047619047616 0.1375 0.47619047619047616 0.1390625 0.48214285714285715 0.146875 0.48214285714285715 0.1484375 0.47619047619047616 0.1515625 0.47619047619047616 0.1546875 0.47023809523809523 0.1546875 0.45535714285714285 0.1625 0.44047619047619047 0.1796875 0.44047619047619047 0.18125 0.43452380952380953 0.1859375 0.43452380952380953 0.1859375 0.41964285714285715 0.1921875 0.4107142857142857 0.1921875 0.39285714285714285 0.1953125 0.3898809523809524 0.1953125 0.36904761904761907 0.1984375 0.36607142857142855 0.1984375 0.35714285714285715 0.2 0.3541666666666667 0.203125 0.3541666666666667 0.203125 0.34523809523809523 0.1984375 0.34226190476190477 0.1984375 0.3333333333333333 0.1796875 0.3005952380952381 0.1796875 0.28869047619047616 0.1734375 0.27976190476190477 0.1734375 0.2708333333333333 0.1640625 0.25595238095238093 0.1640625 0.24702380952380953 0.1546875 0.22916666666666666 0.1453125 0.22916666666666666 0.14375 0.22321428571428573 0.1359375 0.22321428571428573 0.134375 0.21726190476190477 0.1265625 0.21726190476190477 0.125 0.2113095238095238 0.1171875 0.2113095238095238 0.115625 0.20535714285714285 0.078125 0.20535714285714285 0.078125 0.20833333333333334 0.0765625 0.2113095238095238 0.071875 0.2113095238095238
1 0 0.9017857142857143 0.0046875 0.9047619047619048 0.0046875 0.9136904761904762 0.0453125 0.9910714285714286 0.0546875 0.9910714285714286 0.05625 0.9970238095238095 0.0609375 0.9970238095238095 0.0625 0.9910714285714286 0.0703125 0.9910714285714286 0.0734375 0.9970238095238095 0.075 0.9910714285714286 0.0984375 0.9910714285714286 0.1 0.9851190476190477 0.103125 0.9851190476190477 0.103125 0.9761904761904762 0.109375 0.9672619047619048 0.109375 0.9583333333333334 0.11875 0.9434523809523809 0.11875 0.9345238095238095 0.125 0.9255952380952381 0.125 0.9166666666666666 0.128125 0.9136904761904762 0.128125 0.9047619047619048 0.13125 0.9017857142857143 0.13125 0.8779761904761905 0.134375 0.875 0.134375 0.8601190476190477 0.1375 0.8571428571428571 0.1375 0.8482142857142857 0.140625 0.8452380952380952 0.140625 0.8303571428571429 0.14375 0.8273809523809523 0.14375 0.7857142857142857 0.146875 0.7827380952380952 0.146875 0.7440476190476191 0.1515625 0.7410714285714286 0.1515625 0.7142857142857143 0.146875 0.7113095238095238 0.146875 0.6815476190476191 0.14375 0.6785714285714286 0.14375 0.6636904761904762 0.140625 0.6607142857142857 0.140625 0.6517857142857143 0.1375 0.6488095238095238 0.1375 0.6398809523809523 0.13125 0.6309523809523809 0.13125 0.6220238095238095 0.1171875 0.6220238095238095 0.115625 0.6160714285714286 0.1171875 0.6130952380952381 0.13125 0.6130952380952381 0.1328125 0.6071428571428571 0.140625 0.6071428571428571 0.1421875 0.6011904761904762 0.146875 0.6011904761904762 0.1484375 0.5922619047619048 0.1546875 0.5922619047619048 0.15625 0.5863095238095238 0.1609375 0.5863095238095238 0.1703125 0.5684523809523809 0.1703125 0.5535714285714286 0.1734375 0.5505952380952381 0.1734375 0.5416666666666666 0.1703125 0.5357142857142857 0.165625 0.5357142857142857 0.1640625 0.5297619047619048 0.1484375 0.5297619047619048 0.146875 0.5238095238095238 0.1390625 0.5238095238095238 0.128125 0.5029761904761905 0.128125 0.49702380952380953 0.125 0.49404761904761907 0.125 0.45535714285714285 0.11875 0.44345238095238093 0.090625 0.44345238095238093 0.090625 0.44642857142857145 0.0890625 0.4494047619047619 0.08125 0.4494047619047619 0.075 0.46130952380952384 0.075 0.47023809523809523 0.071875 0.4732142857142857 0.071875 0.4880952380952381 0.06875 0.49107142857142855 0.06875 0.5267857142857143 0.0671875 0.5297619047619048 0.05625 0.5297619047619048 0.0546875 0.5238095238095238 0.0484375 0.5238095238095238 0.046875 0.5178571428571429 0.0421875 0.5178571428571429 0.040625 0.5119047619047619 0.0328125 0.5119047619047619 0.0234375 0.5297619047619048 0.01875 0.5178571428571429 0.0140625 0.5178571428571429 0.009375 0.5059523809523809 0 0.5059523809523809 0 0.625 0.0046875 0.6279761904761905 0.0046875 0.6369047619047619 0 0.6398809523809523 0 0.7410714285714286 0.003125 0.7410714285714286 0.0046875 0.7470238095238095 0 0.75 0 0.8273809523809523 0.003125 0.8273809523809523 0.0046875 0.8333333333333334 0 0.8363095238095238 0 0.9017857142857143
1 0 0.9910714285714286 0.003125 0.9910714285714286 0.0046875 0.9970238095238095 0.040625 0.9970238095238095 0.040625 0.9880952380952381 0.034375 0.9791666666666666 0.034375 0.9702380952380952 0.03125 0.9642857142857143 0.0265625 0.9642857142857143 0.01875 0.9464285714285714 0.0140625 0.9464285714285714 0.0125 0.9404761904761905 0.0078125 0.9404761904761905 0.0046875 0.9345238095238095 0.0046875 0.9375 0 0.9404761904761905 0 0.9910714285714286
1 0.86875 0.32142857142857145 0.8609375 0.3392857142857143 0.85625 0.3392857142857143 0.84375 0.3630952380952381 0.8390625 0.3630952380952381 0.834375 0.375 0.8296875 0.375 0.828125 0.38095238095238093 0.8234375 0.38095238095238093 0.821875 0.3869047619047619 0.8171875 0.3869047619047619 0.815625 0.39285714285714285 0.8109375 0.39285714285714285 0.8078125 0.39880952380952384 0.8078125 0.40476190476190477 0.8046875 0.40773809523809523 0.8046875 0.4166666666666667 0.809375 0.4166666666666667 0.8109375 0.41964285714285715 0.8109375 0.42857142857142855 0.8140625 0.43154761904761907 0.8140625 0.4642857142857143 0.8171875 0.46726190476190477 0.8171875 0.47619047619047616 0.8203125 0.48214285714285715 0.83125 0.48214285714285715 0.8328125 0.4880952380952381 0.840625 0.4880952380952381 0.8421875 0.48214285714285715 0.846875 0.48214285714285715 0.8484375 0.47619047619047616 0.8515625 0.47619047619047616 0.8515625 0.46130952380952384 0.8546875 0.4583333333333333 0.8546875 0.4375 0.8578125 0.43452380952380953 0.8578125 0.41369047619047616 0.8609375 0.4107142857142857 0.8609375 0.39880952380952384 0.8640625 0.3958333333333333 0.8640625 0.3869047619047619 0.8859375 0.3482142857142857 0.8859375 0.3273809523809524 0.8796875 0.31547619047619047 0.875 0.31547619047619047 0.875 0.31845238095238093 0.8734375 0.32142857142857145 0.86875 0.32142857142857145
1 0 0 0 0.002976190476190476 0.0046875 0.011904761904761904 0 0.01488095238095238 0 0.9970238095238095 0.00625 0.9970238095238095 0.0078125 0.9910714285714286 0.0109375 0.9970238095238095 0.040625 0.9970238095238095 0.04375 0.9910714285714286 0.046875 0.9970238095238095 0.0484375 0.9910714285714286 0.0515625 0.9910714285714286 0.053125 0.9970238095238095 0.0984375 0.9970238095238095 0.1 0.9910714285714286 0.11875 0.9910714285714286 0.1203125 0.9970238095238095 0.1671875 0.9970238095238095 0.16875 0.9910714285714286 0.1765625 0.9910714285714286 0.178125 0.9970238095238095 0.1859375 0.9970238095238095 0.1890625 0.9910714285714286 0.190625 0.9970238095238095 0.228125 0.9970238095238095 0.23125 0.9910714285714286 0.2328125 0.9970238095238095 0.54375 0.9970238095238095 0.5453125 0.9910714285714286 0.5515625 0.9910714285714286 0.553125 0.9970238095238095 0.5859375 0.9970238095238095 0.5875 0.9910714285714286 0.5921875 0.9910714285714286 0.59375 0.9970238095238095 0.6734375 0.9970238095238095 0.6765625 0.9910714285714286 0.678125 0.9970238095238095 0.721875 0.9970238095238095 0.725 0.9910714285714286 0.7265625 0.9970238095238095 0.7734375 0.9970238095238095 0.775 0.9910714285714286 0.7796875 0.9910714285714286 0.78125 0.9970238095238095 0.9515625 0.9970238095238095 0.9546875 0.9910714285714286 0.95625 0.9970238095238095 0.9859375 0.9970238095238095 0.9890625 0.9910714285714286 0.9921875 0.9970238095238095 0.99375 0.9910714285714286 0.9984375 0.9910714285714286 0.9984375 0.9345238095238095 0.9953125 0.9315476190476191 0.9953125 0.9226190476190477 0.9984375 0.9196428571428571 0.9984375 0.8898809523809523 0.9953125 0.8869047619047619 0.9953125 0.8720238095238095 0.9984375 0.8690476190476191 0.9984375 0.8184523809523809 0.9953125 0.8125 0.9984375 0.8095238095238095 0.9984375 0.4375 0.9953125 0.43154761904761907 0.9984375 0.42857142857142855 0.9984375 0.21726190476190477 0.9953125 0.21428571428571427 0.9953125 0.16666666666666666 0.9984375 0.16071428571428573 0.9953125 0.15476190476190477 0.9984375 0.1488095238095238 0.9953125 0.14583333333333334 0.9953125 0.13690476190476192 0.9984375 0.13095238095238096 0.9953125 0.125 0.9984375 0.11904761904761904 0.9953125 0.1130952380952381 0.9984375 0.11011904761904762 0.9984375 0.09226190476190477 0.9953125 0.08928571428571429 0.9953125 0.08035714285714286 0.9984375 0.0744047619047619 0.9953125 0.06845238095238096 0.9984375 0.06547619047619048 0.9984375 0 0.5140625 0 0.5125 0.008928571428571428 0.5046875 0.008928571428571428 0.503125 0 0 0
1 0.95625 0.0744047619047619 0.9546875 0.08035714285714286 0.9328125 0.08035714285714286 0.93125 0.08630952380952381 0.9171875 0.08630952380952381 0.915625 0.09226190476190477 0.9078125 0.09226190476190477 0.9078125 0.10416666666666667 0.90625 0.10714285714285714 0.890625 0.10714285714285714 0.8890625 0.1130952380952381 0.88125 0.1130952380952381 0.878125 0.10714285714285714 0.8765625 0.1130952380952381 0.871875 0.1130952380952381 0.86875 0.12202380952380952 0.88125 0.14285714285714285 0.88125 0.15178571428571427 0.8859375 0.15178571428571427 0.8875 0.15773809523809523 0.8921875 0.15773809523809523 0.89375 0.1636904761904762 0.8984375 0.1636904761904762 0.9 0.16666666666666666 0.9 0.17559523809523808 0.9046875 0.17857142857142858 0.9046875 0.1875 0.9 0.19047619047619047 0.9 0.20238095238095238 0.896875 0.20535714285714285 0.896875 0.22023809523809523 0.8953125 0.22321428571428573 0.890625 0.22321428571428573 0.8875 0.22916666666666666 0.890625 0.23809523809523808 0.8875 0.24107142857142858 0.8875 0.26785714285714285 0.89375 0.27976190476190477 0.8984375 0.27976190476190477 0.9 0.27380952380952384 0.903125 0.27380952380952384 0.9109375 0.25595238095238093 0.928125 0.25595238095238093 0.9328125 0.2648809523809524 0.9328125 0.27976190476190477 0.9296875 0.28273809523809523 0.9296875 0.2916666666666667 0.9328125 0.29464285714285715 0.9328125 0.30654761904761907 0.9640625 0.30654761904761907 0.965625 0.3005952380952381 0.9796875 0.3005952380952381 0.98125 0.2916666666666667 0.9921875 0.2916666666666667 0.99375 0.2857142857142857 0.9984375 0.2857142857142857 0.9984375 0.19642857142857142 0.9953125 0.19345238095238096 0.9953125 0.18452380952380953 0.9921875 0.17857142857142858 0.9984375 0.16964285714285715 0.9984375 0.0744047619047619 0.9953125 0.06845238095238096 0.96875 0.06845238095238096 0.96875 0.07142857142857142 0.9671875 0.0744047619047619 0.95625 0.0744047619047619
1 0.8359375 0.6398809523809523 0.828125 0.6577380952380952 0.8234375 0.6577380952380952 0.821875 0.6517857142857143 0.8140625 0.6517857142857143 0.8125 0.6577380952380952 0.796875 0.6577380952380952 0.7953125 0.6636904761904762 0.790625 0.6636904761904762 0.7890625 0.6696428571428571 0.784375 0.6696428571428571 0.775 0.6875 0.775 0.7113095238095238 0.778125 0.7142857142857143 0.778125 0.7291666666666666 0.784375 0.7410714285714286 0.809375 0.7410714285714286 0.8140625 0.75 0.8140625 0.7589285714285714 0.8171875 0.7619047619047619 0.8171875 0.7708333333333334 0.8125 0.7797619047619048 0.8078125 0.7797619047619048 0.80625 0.7738095238095238 0.790625 0.7738095238095238 0.7859375 0.7857142857142857 0.78125 0.7857142857142857 0.78125 0.8035714285714286 0.784375 0.8065476190476191 0.784375 0.8154761904761905 0.790625 0.8244047619047619 0.790625 0.8333333333333334 0.79375 0.8363095238095238 0.79375 0.8690476190476191 0.8 0.8779761904761905 0.8 0.8928571428571429 0.8046875 0.8958333333333334 0.8046875 0.9077380952380952 0.8640625 0.9077380952380952 0.8671875 0.9017857142857143 0.8671875 0.8958333333333334 0.875 0.8809523809523809 0.8796875 0.8809523809523809 0.884375 0.8690476190476191 0.8890625 0.8690476190476191 0.8890625 0.8601190476190477 0.8953125 0.8511904761904762 0.8953125 0.8422619047619048 0.8984375 0.8392857142857143 0.8984375 0.8184523809523809 0.903125 0.8154761904761905 0.903125 0.7976190476190477 0.90625 0.7946428571428571 0.90625 0.7797619047619048 0.9 0.7797619047619048 0.8984375 0.7738095238095238 0.903125 0.7708333333333334 0.9046875 0.7648809523809523 0.909375 0.7648809523809523 0.909375 0.7559523809523809 0.903125 0.7440476190476191 0.9 0.7440476190476191 0.8984375 0.7380952380952381 0.89375 0.7380952380952381 0.8765625 0.7053571428571429 0.8765625 0.6934523809523809 0.8734375 0.6904761904761905 0.8734375 0.6815476190476191 0.8703125 0.6785714285714286 0.8703125 0.6517857142857143 0.8671875 0.6488095238095238 0.8671875 0.6398809523809523 0.8625 0.6339285714285714 0.8625 0.6369047619047619 0.8609375 0.6398809523809523 0.8359375 0.6398809523809523
1 0.6 0.5833333333333334 0.596875 0.5892857142857143 0.596875 0.6130952380952381 0.5953125 0.6160714285714286 0.5875 0.6160714285714286 0.5859375 0.6220238095238095 0.575 0.6220238095238095 0.575 0.6309523809523809 0.571875 0.6339285714285714 0.571875 0.6666666666666666 0.575 0.6696428571428571 0.575 0.6845238095238095 0.578125 0.6875 0.578125 0.7053571428571429 0.58125 0.7083333333333334 0.58125 0.7172619047619048 0.584375 0.7202380952380952 0.584375 0.7291666666666666 0.5875 0.7321428571428571 0.5875 0.7410714285714286 0.59375 0.75 0.59375 0.7589285714285714 0.596875 0.7619047619047619 0.596875 0.7708333333333334 0.6 0.7738095238095238 0.6 0.7827380952380952 0.6046875 0.7857142857142857 0.6046875 0.7946428571428571 0.6078125 0.7976190476190477 0.6078125 0.8095238095238095 0.6140625 0.8184523809523809 0.6140625 0.8273809523809523 0.6203125 0.8363095238095238 0.6203125 0.8452380952380952 0.6328125 0.8690476190476191 0.6375 0.8690476190476191 0.6421875 0.8809523809523809 0.646875 0.8809523809523809 0.6484375 0.8869047619047619 0.6515625 0.8869047619047619 0.65625 0.8958333333333334 0.65625 0.9017857142857143 0.6609375 0.9017857142857143 0.6625 0.9077380952380952 0.6671875 0.9077380952380952 0.66875 0.9136904761904762 0.6734375 0.9136904761904762 0.675 0.9196428571428571 0.6859375 0.9196428571428571 0.6875 0.9255952380952381 0.6953125 0.9255952380952381 0.696875 0.9285714285714286 0.6953125 0.9345238095238095 0.690625 0.9345238095238095 0.6859375 0.9464285714285714 0.68125 0.9464285714285714 0.675 0.9583333333333334 0.675 0.9672619047619048 0.6890625 0.9672619047619048 0.690625 0.9613095238095238 0.703125 0.9613095238095238 0.7078125 0.9494047619047619 0.7125 0.9494047619047619 0.7171875 0.9375 0.7265625 0.9553571428571429 0.73125 0.9553571428571429 0.73125 0.9345238095238095 0.734375 0.9315476190476191 0.734375 0.9226190476190477 0.740625 0.9136904761904762 0.740625 0.9047619047619048 0.74375 0.9017857142857143 0.74375 0.8958333333333334 0.7484375 0.8869047619047619 0.7546875 0.8869047619047619 0.75625 0.8928571428571429 0.7640625 0.8928571428571429 0.765625 0.9017857142857143 0.7703125 0.9017857142857143 0.771875 0.9077380952380952 0.7953125 0.9077380952380952 0.7953125 0.8839285714285714 0.7921875 0.8809523809523809 0.7921875 0.8720238095238095 0.7890625 0.8690476190476191 0.7890625 0.8422619047619048 0.7859375 0.8392857142857143 0.7859375 0.8303571428571429 0.7765625 0.8154761904761905 0.7765625 0.8065476190476191 0.7734375 0.8035714285714286 0.7734375 0.7857142857142857 0.778125 0.7767857142857143 0.7828125 0.7767857142857143 0.784375 0.7708333333333334 0.7890625 0.7708333333333334 0.790625 0.7648809523809523 0.7984375 0.7648809523809523 0.7984375 0.7559523809523809 0.790625 0.7559523809523809 0.7890625 0.75 0.78125 0.75 0.7796875 0.7440476190476191 0.775 0.7440476190476191 0.7734375 0.7380952380952381 0.76875 0.7380952380952381 0.76875 0.7470238095238095 0.765625 0.75 0.7640625 0.7470238095238095 0.7640625 0.6934523809523809 0.7515625 0.6696428571428571 0.7484375 0.6696428571428571 0.746875 0.6636904761904762 0.7421875 0.6636904761904762 0.7375 0.6517857142857143 0.7328125 0.6517857142857143 0.728125 0.6398809523809523 0.7234375 0.6398809523809523 0.721875 0.6339285714285714 0.7171875 0.6339285714285714 0.715625 0.6279761904761905 0.7046875 0.6279761904761905 0.703125 0.6220238095238095 0.696875 0.6220238095238095 0.6953125 0.6160714285714286 0.690625 0.6160714285714286 0.6890625 0.6101190476190477 0.675 0.6101190476190477 0.6734375 0.6041666666666666 0.665625 0.6041666666666666 0.6640625 0.5952380952380952 0.65625 0.5952380952380952 0.6546875 0.5892857142857143 0.6421875 0.5892857142857143 0.640625 0.5833333333333334 0.6296875 0.5833333333333334 0.628125 0.5773809523809523 0.6078125 0.5773809523809523 0.6078125 0.5803571428571429 0.60625 0.5833333333333334 0.6 0.5833333333333334
1 0.6234375 0.9404761904761905 0.621875 0.9464285714285714 0.6171875 0.9464285714285714 0.6109375 0.9583333333333334 0.6109375 0.9672619047619048 0.6046875 0.9761904761904762 0.6046875 0.9851190476190477 0.6 0.9880952380952381 0.6046875 0.9970238095238095 0.721875 0.9970238095238095 0.721875 0.9821428571428571 0.715625 0.9702380952380952 0.7109375 0.9702380952380952 0.709375 0.9642857142857143 0.7 0.9642857142857143 0.6984375 0.9702380952380952 0.6875 0.9702380952380952 0.6859375 0.9761904761904762 0.675 0.9761904761904762 0.6703125 0.9642857142857143 0.6734375 0.9613095238095238 0.6734375 0.9523809523809523 0.6765625 0.9494047619047619 0.6765625 0.9404761904761905 0.671875 0.9404761904761905 0.6703125 0.9345238095238095 0.6390625 0.9345238095238095 0.6390625 0.9375 0.6375 0.9404761904761905 0.6234375 0.9404761904761905
1 0.184375 0.7172619047619048 0.18125 0.7202380952380952 0.18125 0.7291666666666666 0.178125 0.7321428571428571 0.178125 0.7410714285714286 0.175 0.7440476190476191 0.175 0.7529761904761905 0.1734375 0.7559523809523809 0.1703125 0.75 0.165625 0.75 0.1640625 0.7440476190476191 0.15625 0.7440476190476191 0.15625 0.7827380952380952 0.1625 0.7946428571428571 0.1671875 0.7946428571428571 0.16875 0.8035714285714286 0.1765625 0.8035714285714286 0.178125 0.8095238095238095 0.1828125 0.8095238095238095 0.184375 0.8154761904761905 0.225 0.8154761904761905 0.2265625 0.8095238095238095 0.240625 0.8095238095238095 0.2421875 0.8035714285714286 0.2546875 0.8035714285714286 0.2546875 0.7976190476190477 0.2578125 0.7946428571428571 0.2578125 0.7797619047619048 0.24375 0.7589285714285714 0.24375 0.75 0.240625 0.7440476190476191 0.2359375 0.7440476190476191 0.234375 0.7410714285714286 0.234375 0.7321428571428571 0.221875 0.7083333333333334 0.2171875 0.7083333333333334 0.215625 0.7053571428571429 0.215625 0.6994047619047619 0.2109375 0.6994047619047619 0.209375 0.7083333333333334 0.2 0.7083333333333334 0.1984375 0.7053571428571429 0.1984375 0.6934523809523809 0.19375 0.6934523809523809 0.190625 0.6875 0.190625 0.6904761904761905 0.18125 0.7083333333333334 0.184375 0.7172619047619048
1 0.475 0.3869047619047619 0.475 0.43452380952380953 0.478125 0.44047619047619047 0.4828125 0.44047619047619047 0.4875 0.4523809523809524 0.4984375 0.4523809523809524 0.4984375 0.44345238095238093 0.503125 0.44047619047619047 0.5046875 0.43452380952380953 0.509375 0.43452380952380953 0.5109375 0.44047619047619047 0.515625 0.44047619047619047 0.5171875 0.44642857142857145 0.528125 0.44642857142857145 0.528125 0.4255952380952381 0.53125 0.4226190476190476 0.53125 0.39285714285714285 0.521875 0.375 0.4875 0.375 0.4875 0.37797619047619047 0.4828125 0.3869047619047619 0.475 0.3869047619047619
1 0.4484375 0.45535714285714285 0.4453125 0.4642857142857143 0.4484375 0.47023809523809523 0.4546875 0.47023809523809523 0.45625 0.47619047619047616 0.4609375 0.47619047619047616 0.4625 0.48214285714285715 0.4609375 0.4851190476190476 0.4390625 0.4851190476190476 0.4375 0.49107142857142855 0.4328125 0.49107142857142855 0.43125 0.49702380952380953 0.4265625 0.49702380952380953 0.4265625 0.5029761904761905 0.4140625 0.5238095238095238 0.4140625 0.5327380952380952 0.4109375 0.5357142857142857 0.4109375 0.5446428571428571 0.4078125 0.5476190476190477 0.4078125 0.5565476190476191 0.403125 0.5654761904761905 0.4 0.5654761904761905 0.4 0.5744047619047619 0.396875 0.5773809523809523 0.396875 0.5863095238095238 0.39375 0.5892857142857143 0.39375 0.6011904761904762 0.390625 0.6041666666666666 0.390625 0.6130952380952381 0.3875 0.6160714285714286 0.3875 0.625 0.384375 0.6279761904761905 0.384375 0.6369047619047619 0.38125 0.6398809523809523 0.38125 0.6547619047619048 0.378125 0.6577380952380952 0.378125 0.6726190476190477 0.375 0.6755952380952381 0.375 0.6904761904761905 0.371875 0.6934523809523809 0.371875 0.7113095238095238 0.36875 0.7142857142857143 0.36875 0.7410714285714286 0.365625 0.7440476190476191 0.365625 0.7886904761904762 0.36875 0.7916666666666666 0.36875 0.8214285714285714 0.371875 0.8244047619047619 0.371875 0.8392857142857143 0.39375 0.8809523809523809 0.403125 0.8809523809523809 0.4046875 0.8869047619047619 0.41875 0.8869047619047619 0.4203125 0.8928571428571429 0.43125 0.8928571428571429 0.4328125 0.8869047619047619 0.44375 0.8869047619047619 0.4484375 0.875 0.4578125 0.875 0.459375 0.8690476190476191 0.4703125 0.8690476190476191 0.471875 0.8630952380952381 0.4765625 0.8630952380952381 0.478125 0.8571428571428571 0.4828125 0.8571428571428571 0.4875 0.8452380952380952 0.4921875 0.8452380952380952 0.496875 0.8333333333333334 0.503125 0.8333333333333334 0.503125 0.8244047619047619 0.5046875 0.8214285714285714 0.5125 0.8214285714285714 0.515625 0.8154761904761905 0.515625 0.8065476190476191 0.51875 0.8035714285714286 0.51875 0.7976190476190477 0.5265625 0.7827380952380952 0.53125 0.7827380952380952 0.53125 0.7738095238095238 0.54375 0.7529761904761905 0.54375 0.7440476190476191 0.546875 0.7410714285714286 0.546875 0.7321428571428571 0.5515625 0.7291666666666666 0.5515625 0.7202380952380952 0.5546875 0.7172619047619048 0.5546875 0.7083333333333334 0.5578125 0.7053571428571429 0.5578125 0.6934523809523809 0.5609375 0.6904761904761905 0.5609375 0.6755952380952381 0.5640625 0.6726190476190477 0.5640625 0.5952380952380952 0.5515625 0.5714285714285714 0.5484375 0.5714285714285714 0.54375 0.5625 0.546875 0.5535714285714286 0.54375 0.5505952380952381 0.54375 0.5416666666666666 0.5453125 0.5386904761904762 0.5515625 0.5386904761904762 0.5546875 0.5327380952380952 0.5546875 0.5238095238095238 0.5515625 0.5208333333333334 0.5515625 0.5119047619047619 0.5453125 0.5119047619047619 0.540625 0.5029761904761905 0.540625 0.49702380952380953 0.5359375 0.49702380952380953 0.53125 0.4851190476190476 0.5265625 0.4851190476190476 0.525 0.48214285714285715 0.525 0.4732142857142857 0.5203125 0.4732142857142857 0.51875 0.47023809523809523 0.51875 0.46130952380952384 0.5125 0.4494047619047619 0.5046875 0.4494047619047619 0.503125 0.45535714285714285 0.5 0.45535714285714285 0.5 0.4642857142857143 0.496875 0.46726190476190477 0.4953125 0.46130952380952384 0.490625 0.46130952380952384 0.4890625 0.45535714285714285 0.484375 0.45535714285714285 0.4828125 0.4494047619047619 0.45625 0.4494047619047619 0.45625 0.4523809523809524 0.4546875 0.45535714285714285 0.4484375 0.45535714285714285
1 0.396875 0 0.396875 0.002976190476190476 0.3953125 0.008928571428571428 0.378125 0.008928571428571428 0.378125 0.017857142857142856 0.3765625 0.020833333333333332 0.371875 0.020833333333333332 0.3703125 0.026785714285714284 0.365625 0.026785714285714284 0.3609375 0.01488095238095238 0.3484375 0.01488095238095238 0.3453125 0.020833333333333332 0.3390625 0.03571428571428571 0.3421875 0.041666666666666664 0.346875 0.041666666666666664 0.3484375 0.047619047619047616 0.3546875 0.047619047619047616 0.35625 0.050595238095238096 0.35625 0.06547619047619048 0.353125 0.06845238095238096 0.353125 0.07738095238095238 0.3515625 0.08035714285714286 0.3484375 0.08035714285714286 0.3484375 0.08928571428571429 0.3453125 0.09226190476190477 0.3453125 0.10416666666666667 0.3421875 0.10714285714285714 0.3421875 0.11607142857142858 0.3390625 0.11904761904761904 0.3390625 0.12797619047619047 0.3359375 0.13095238095238096 0.3359375 0.15178571428571427 0.3328125 0.15476190476190477 0.3328125 0.1636904761904762 0.328125 0.17261904761904762 0.3171875 0.17261904761904762 0.3140625 0.16666666666666666 0.3140625 0.17559523809523808 0.3125 0.17857142857142858 0.3046875 0.17857142857142858 0.3046875 0.19345238095238096 0.3078125 0.19642857142857142 0.3078125 0.20238095238095238 0.3109375 0.20833333333333334 0.315625 0.20833333333333334 0.3203125 0.22023809523809523 0.33125 0.22023809523809523 0.3328125 0.21428571428571427 0.3359375 0.21726190476190477 0.3359375 0.23214285714285715 0.3390625 0.23511904761904762 0.3390625 0.25 0.3453125 0.25892857142857145 0.3453125 0.26785714285714285 0.3484375 0.27380952380952384 0.353125 0.2767857142857143 0.353125 0.2857142857142857 0.35625 0.2916666666666667 0.3609375 0.2916666666666667 0.3625 0.3005952380952381 0.3703125 0.3005952380952381 0.371875 0.30654761904761907 0.3859375 0.30654761904761907 0.3875 0.3125 0.40625 0.3125 0.4078125 0.31845238095238093 0.4609375 0.31845238095238093 0.4625 0.3244047619047619 0.4828125 0.3244047619047619 0.484375 0.31845238095238093 0.4953125 0.31845238095238093 0.496875 0.3125 0.509375 0.3125 0.5109375 0.30654761904761907 0.515625 0.30654761904761907 0.5171875 0.3005952380952381 0.521875 0.3005952380952381 0.521875 0.28869047619047616 0.525 0.2857142857142857 0.525 0.2767857142857143 0.528125 0.27380952380952384 0.528125 0.24107142857142858 0.525 0.23809523809523808 0.525 0.22321428571428573 0.51875 0.21428571428571427 0.51875 0.19642857142857142 0.5125 0.1875 0.5125 0.17261904761904762 0.509375 0.16964285714285715 0.509375 0.16071428571428573 0.503125 0.15178571428571427 0.503125 0.14285714285714285 0.5 0.14285714285714285 0.4890625 0.12202380952380952 0.4890625 0.1130952380952381 0.4859375 0.11011904761904762 0.4859375 0.09821428571428571 0.4734375 0.07738095238095238 0.4734375 0.06845238095238096 0.46875 0.06845238095238096 0.4671875 0.06547619047619048 0.4671875 0.05654761904761905 0.4578125 0.03869047619047619 0.453125 0.03869047619047619 0.446875 0.026785714285714284 0.4421875 0.026785714285714284 0.434375 0.008928571428571428 0.4296875 0.008928571428571428 0.428125 0.005952380952380952 0.428125 0 0.396875 0
1 0.5390625 0.03869047619047619 0.5375 0.044642857142857144 0.5296875 0.044642857142857144 0.528125 0.050595238095238096 0.5109375 0.050595238095238096 0.5078125 0.05654761904761905 0.5078125 0.07142857142857142 0.50625 0.0744047619047619 0.5 0.0744047619047619 0.4984375 0.08035714285714286 0.484375 0.08035714285714286 0.484375 0.08928571428571429 0.49375 0.10714285714285714 0.49375 0.11607142857142858 0.5078125 0.13690476190476192 0.5078125 0.14583333333333334 0.5140625 0.15476190476190477 0.5140625 0.16964285714285715 0.5171875 0.17261904761904762 0.5171875 0.1875 0.5234375 0.19642857142857142 0.5234375 0.21428571428571427 0.5265625 0.21726190476190477 0.5265625 0.2261904761904762 0.5296875 0.22916666666666666 0.5296875 0.24404761904761904 0.5328125 0.24702380952380953 0.5328125 0.26785714285714285 0.5390625 0.27976190476190477 0.5546875 0.27976190476190477 0.559375 0.26785714285714285 0.5640625 0.26785714285714285 0.56875 0.25595238095238093 0.5734375 0.25595238095238093 0.578125 0.24404761904761904 0.5828125 0.24404761904761904 0.5875 0.23214285714285715 0.590625 0.23511904761904762 0.590625 0.25 0.5953125 0.25 0.596875 0.25595238095238093 0.61875 0.25595238095238093 0.625 0.24404761904761904 0.625 0.13095238095238096 0.621875 0.12797619047619047 0.621875 0.1130952380952381 0.61875 0.11011904761904762 0.61875 0.09821428571428571 0.615625 0.09523809523809523 0.615625 0.08630952380952381 0.609375 0.07738095238095238 0.609375 0.06845238095238096 0.60625 0.0625 0.6 0.0625 0.5984375 0.05654761904761905 0.59375 0.05654761904761905 0.5921875 0.050595238095238096 0.5875 0.050595238095238096 0.5859375 0.044642857142857144 0.578125 0.044642857142857144 0.5765625 0.03869047619047619 0.5625 0.03869047619047619 0.5609375 0.03273809523809524 0.5453125 0.03273809523809524 0.5453125 0.03571428571428571 0.54375 0.03869047619047619 0.5390625 0.03869047619047619
1 0.7359375 0.44047619047619047 0.725 0.46130952380952384 0.7203125 0.46130952380952384 0.71875 0.46726190476190477 0.7140625 0.46726190476190477 0.709375 0.4791666666666667 0.7046875 0.4791666666666667 0.703125 0.4851190476190476 0.696875 0.4851190476190476 0.6921875 0.49702380952380953 0.684375 0.49702380952380953 0.6828125 0.5059523809523809 0.678125 0.5059523809523809 0.6765625 0.5119047619047619 0.665625 0.5119047619047619 0.6546875 0.5357142857142857 0.6484375 0.5357142857142857 0.6359375 0.5595238095238095 0.6359375 0.5684523809523809 0.6390625 0.5744047619047619 0.64375 0.5744047619047619 0.6453125 0.5803571428571429 0.6703125 0.5803571428571429 0.671875 0.5833333333333334 0.671875 0.5922619047619048 0.675 0.5952380952380952 0.675 0.6011904761904762 0.6890625 0.6011904761904762 0.690625 0.6071428571428571 0.6953125 0.6071428571428571 0.696875 0.6130952380952381 0.70625 0.6130952380952381 0.7078125 0.6190476190476191 0.715625 0.6190476190476191 0.7203125 0.6309523809523809 0.725 0.6309523809523809 0.7265625 0.6369047619047619 0.73125 0.6369047619047619 0.7328125 0.6428571428571429 0.7375 0.6428571428571429 0.7421875 0.6547619047619048 0.746875 0.6547619047619048 0.753125 0.6666666666666666 0.7578125 0.6666666666666666 0.7625 0.6785714285714286 0.7734375 0.6785714285714286 0.778125 0.6666666666666666 0.7859375 0.6666666666666666 0.790625 0.6547619047619048 0.7953125 0.6547619047619048 0.796875 0.6488095238095238 0.803125 0.6488095238095238 0.8046875 0.6428571428571429 0.809375 0.6428571428571429 0.815625 0.6309523809523809 0.815625 0.6160714285714286 0.81875 0.6130952380952381 0.81875 0.5119047619047619 0.815625 0.5089285714285714 0.815625 0.4851190476190476 0.8125 0.48214285714285715 0.8125 0.4732142857142857 0.809375 0.47023809523809523 0.809375 0.45535714285714285 0.8125 0.4523809523809524 0.8125 0.44345238095238093 0.8078125 0.4375 0.80625 0.44345238095238093 0.796875 0.44345238095238093 0.7953125 0.4494047619047619 0.784375 0.4494047619047619 0.7765625 0.43452380952380953 0.7765625 0.4255952380952381 0.765625 0.4255952380952381 0.7640625 0.41964285714285715 0.75625 0.41964285714285715 0.7515625 0.4107142857142857 0.7515625 0.39880952380952384 0.746875 0.3958333333333333 0.746875 0.3869047619047619 0.7421875 0.38095238095238093 0.7421875 0.38392857142857145 0.7359375 0.39285714285714285 0.7359375 0.44047619047619047
1 0.6359375 0 0.6359375 0.002976190476190476 0.6359375 0.011904761904761904 0.6453125 0.02976190476190476 0.6515625 0.02976190476190476 0.653125 0.03571428571428571 0.6578125 0.03571428571428571 0.659375 0.041666666666666664 0.6703125 0.041666666666666664 0.675 0.05357142857142857 0.6796875 0.05357142857142857 0.68125 0.05952380952380952 0.6859375 0.05952380952380952 0.6875 0.06547619047619048 0.6921875 0.06547619047619048 0.69375 0.07142857142857142 0.6984375 0.07142857142857142 0.7 0.07738095238095238 0.70625 0.07738095238095238 0.7078125 0.08333333333333333 0.7125 0.08333333333333333 0.7140625 0.08928571428571429 0.71875 0.08928571428571429 0.7203125 0.09523809523809523 0.725 0.09523809523809523 0.7265625 0.10416666666666667 0.73125 0.10416666666666667 0.7328125 0.11011904761904762 0.740625 0.11011904761904762 0.7421875 0.11607142857142858 0.7703125 0.11607142857142858 0.771875 0.11011904761904762 0.7796875 0.11011904761904762 0.78125 0.10416666666666667 0.7859375 0.10416666666666667 0.7875 0.09523809523809523 0.7953125 0.09523809523809523 0.796875 0.08928571428571429 0.80625 0.08928571428571429 0.8078125 0.08333333333333333 0.8125 0.08333333333333333 0.8140625 0.07738095238095238 0.81875 0.07738095238095238 0.828125 0.05952380952380952 0.828125 0.044642857142857144 0.83125 0.03869047619047619 0.828125 0.03571428571428571 0.828125 0 0.778125 0 0.778125 0.005952380952380952 0.775 0.008928571428571428 0.7734375 0 0.7109375 0 0.7109375 0.005952380952380952 0.7078125 0.008928571428571428 0.70625 0 0.6359375 0
1 0.2 0.8244047619047619 0.1984375 0.8303571428571429 0.1875 0.8303571428571429 0.1859375 0.8363095238095238 0.178125 0.8363095238095238 0.1765625 0.8422619047619048 0.16875 0.8422619047619048 0.1640625 0.8541666666666666 0.159375 0.8541666666666666 0.1515625 0.8720238095238095 0.1484375 0.8720238095238095 0.1390625 0.8898809523809523 0.1390625 0.9017857142857143 0.1328125 0.9107142857142857 0.1328125 0.9255952380952381 0.1296875 0.9285714285714286 0.1296875 0.9375 0.1265625 0.9404761904761905 0.1265625 0.9613095238095238 0.1296875 0.9642857142857143 0.1296875 0.9791666666666666 0.1328125 0.9821428571428571 0.1328125 0.9910714285714286 0.1359375 0.9970238095238095 0.1546875 0.9970238095238095 0.15625 0.9910714285714286 0.240625 0.9910714285714286 0.2421875 0.9970238095238095 0.2921875 0.9970238095238095 0.2953125 0.9910714285714286 0.2953125 0.9821428571428571 0.2984375 0.9791666666666666 0.2984375 0.9642857142857143 0.303125 0.9613095238095238 0.303125 0.9523809523809523 0.30625 0.9494047619047619 0.30625 0.9285714285714286 0.309375 0.9255952380952381 0.309375 0.8660714285714286 0.30625 0.8630952380952381 0.30625 0.8541666666666666 0.303125 0.8482142857142857 0.296875 0.8482142857142857 0.2890625 0.8303571428571429 0.28125 0.8303571428571429 0.2796875 0.8244047619047619 0.271875 0.8244047619047619 0.2703125 0.8184523809523809 0.2203125 0.8184523809523809 0.2203125 0.8214285714285714 0.21875 0.8244047619047619 0.2 0.8244047619047619
1 0.990625 0.5952380952380952 0.990625 0.6011904761904762 0.9875 0.6041666666666666 0.9875 0.6130952380952381 0.984375 0.6160714285714286 0.984375 0.625 0.975 0.6398809523809523 0.975 0.6488095238095238 0.953125 0.6875 0.953125 0.6964285714285714 0.9484375 0.6994047619047619 0.9484375 0.7113095238095238 0.9546875 0.7113095238095238 0.95625 0.7172619047619048 0.9796875 0.7172619047619048 0.9796875 0.7083333333333334 0.9828125 0.7053571428571429 0.9828125 0.6934523809523809 0.9875 0.6845238095238095 0.9921875 0.6845238095238095 0.99375 0.6785714285714286 0.9984375 0.6785714285714286 0.9984375 0.5833333333333334 0.99375 0.5833333333333334 0.99375 0.5863095238095238 0.99375 0.5922619047619048 0.990625 0.5952380952380952
1 0.4296875 0 0.4296875 0.002976190476190476 0.4296875 0.005952380952380952 0.434375 0.005952380952380952 0.4390625 0.017857142857142856 0.44375 0.017857142857142856 0.4484375 0.02976190476190476 0.4546875 0.02976190476190476 0.459375 0.041666666666666664 0.4640625 0.041666666666666664 0.4671875 0.047619047619047616 0.46875 0.041666666666666664 0.4734375 0.041666666666666664 0.484375 0.017857142857142856 0.4890625 0.017857142857142856 0.4921875 0.011904761904761904 0.4921875 0 0.4296875 0