5 0.16411378555798686 0 0.16411378555798686 0.0015625 0.16411378555798686 0.00625 0.15973741794310722 0.0078125 0.15973741794310722 0.01875 0.15317286652078774 0.0203125 0.15317286652078774 0.025 0.1487964989059081 0.0265625 0.1487964989059081 0.0515625 0.1422319474835886 0.053125 0.1422319474835886 0.059375 0.13785557986870897 0.0609375 0.13785557986870897 0.075 0.13347921225382933 0.0765625 0.13347921225382933 0.09375 0.12691466083150985 0.0953125 0.12691466083150985 0.1046875 0.12253829321663019 0.10625 0.12253829321663019 0.115625 0.11597374179431072 0.1171875 0.11597374179431072 0.1265625 0.11159737417943107 0.128125 0.11159737417943107 0.1421875 0.10722100656455143 0.14375 0.10722100656455143 0.1578125 0.10065645514223195 0.159375 0.10065645514223195 0.16875 0.0962800875273523 0.1703125 0.0962800875273523 0.1796875 0.08971553610503283 0.18125 0.08971553610503283 0.1984375 0.08533916849015317 0.2 0.08533916849015317 0.2140625 0.08096280087527352 0.215625 0.08096280087527352 0.225 0.07439824945295405 0.2265625 0.07439824945295405 0.2359375 0.0700218818380744 0.2375 0.0700218818380744 0.246875 0.06345733041575492 0.2484375 0.06345733041575492 0.2703125 0.06783369803063458 0.2703125 0.0700218818380744 0.265625 0.0787746170678337 0.265625 0.08315098468271334 0.2625 0.08315098468271334 0.25625 0.087527352297593 0.2546875 0.087527352297593 0.2453125 0.09409190371991247 0.24375 0.09409190371991247 0.234375 0.09846827133479212 0.2328125 0.09846827133479212 0.21875 0.1050328227571116 0.2171875 0.1050328227571116 0.2078125 0.10940919037199125 0.20625 0.10940919037199125 0.1921875 0.1137855579868709 0.190625 0.1137855579868709 0.178125 0.12035010940919037 0.1765625 0.12035010940919037 0.1703125 0.12472647702407003 0.16875 0.12472647702407003 0.1546875 0.13129102844638948 0.153125 0.13129102844638948 0.1359375 0.13566739606126915 0.134375 0.13566739606126915 0.1203125 0.1400437636761488 0.11875 0.1400437636761488 0.10625 0.14660831509846828 0.1046875 0.14660831509846828 0.090625 0.15098468271334792 0.0890625 0.15098468271334792 0.0765625 0.1575492341356674 0.075 0.1575492341356674 0.0609375 0.16192560175054704 0.059375 0.16192560175054704 0.05 0.16630196936542668 0.0484375 0.16630196936542668 0.0265625 0.17286652078774617 0.025 0.17286652078774617 0.0203125 0.1772428884026258 0.01875 0.1772428884026258 0.0125 0.1838074398249453 0.0109375 0.1838074398249453 0 0.16411378555798686 0
5 0.7177242888402626 0 0.7177242888402626 0.0015625 0.7177242888402626 0.0484375 0.7221006564551422 0.05 0.7221006564551422 0.0625 0.7177242888402626 0.0640625 0.7177242888402626 0.078125 0.7221006564551422 0.0796875 0.7221006564551422 0.0859375 0.7177242888402626 0.0875 0.7177242888402626 0.1984375 0.7111597374179431 0.2 0.7111597374179431 0.2171875 0.7067833698030634 0.21875 0.7067833698030634 0.2328125 0.700218818380744 0.234375 0.700218818380744 0.246875 0.6958424507658644 0.2484375 0.6958424507658644 0.2546875 0.6914660831509847 0.25625 0.6914660831509847 0.2703125 0.6980306345733042 0.2703125 0.700218818380744 0.2734375 0.7045951859956237 0.2734375 0.7067833698030634 0.2703125 0.7199124726477024 0.2703125 0.7199124726477024 0.2640625 0.7242888402625821 0.2625 0.7242888402625821 0.2484375 0.7308533916849015 0.246875 0.7308533916849015 0.2296875 0.7352297592997812 0.228125 0.7352297592997812 0.2109375 0.7417943107221007 0.209375 0.7417943107221007 0.1515625 0.7461706783369803 0.15 0.7461706783369803 0.1171875 0.75054704595186 0.1140625 0.7461706783369803 0.1125 0.7461706783369803 0.10625 0.75054704595186 0.1046875 0.75054704595186 0.1015625 0.7461706783369803 0.1 0.7461706783369803 0.0390625 0.7417943107221007 0.0375 0.7417943107221007 0 0.7177242888402626 0
5 0.16849015317286653 0.03125 0.16849015317286653 0.0375 0.16411378555798686 0.040625 0.175054704595186 0.0453125 0.175054704595186 0.0484375 0.19912472647702406 0.0484375 0.2013129102844639 0.0515625 0.24070021881838075 0.0515625 0.24288840262582057 0.05625 0.3085339168490153 0.05625 0.3085339168490153 0.0421875 0.29978118161925604 0.0375 0.29978118161925604 0.034375 0.2538293216630197 0.034375 0.25164113785557984 0.03125 0.2013129102844639 0.03125 0.19912472647702406 0.0265625 0.175054704595186 0.0265625 0.175054704595186 0.028125 0.17286652078774617 0.03125 0.16849015317286653 0.03125
5 0.4113785557986871 0.5640625 0.4113785557986871 0.5703125 0.40700218818380746 0.571875 0.40700218818380746 0.575 0.39606126914660833 0.5796875 0.39606126914660833 0.5859375 0.3851203501094092 0.590625 0.3851203501094092 0.59375 0.38074398249452956 0.5953125 0.3785557986870897 0.6015625 0.3741794310722101 0.6015625 0.3741794310722101 0.6078125 0.36980306345733044 0.609375 0.36980306345733044 0.615625 0.36323851203501095 0.6171875 0.36323851203501095 0.6234375 0.3588621444201313 0.625 0.3588621444201313 0.63125 0.3544857768052516 0.6328125 0.3544857768052516 0.6390625 0.3479212253829322 0.640625 0.3479212253829322 0.6453125 0.3435448577680525 0.646875 0.3413566739606127 0.6515625 0.33698030634573306 0.6515625 0.33698030634573306 0.6578125 0.3282275711159737 0.6625 0.3282275711159737 0.66875 0.32166301969365424 0.6703125 0.32166301969365424 0.6765625 0.3172866520787746 0.678125 0.3172866520787746 0.6828125 0.31072210065645517 0.684375 0.31072210065645517 0.690625 0.30196936542669583 0.696875 0.30196936542669583 0.7015625 0.29540481400437635 0.703125 0.29540481400437635 0.709375 0.2910284463894967 0.7109375 0.2910284463894967 0.7171875 0.2844638949671772 0.71875 0.2844638949671772 0.728125 0.2800875273522976 0.7296875 0.2800875273522976 0.7359375 0.27571115973741794 0.7375 0.27571115973741794 0.74375 0.26914660831509846 0.7453125 0.26914660831509846 0.759375 0.2647702407002188 0.7609375 0.2647702407002188 0.7703125 0.25820568927789933 0.771875 0.25820568927789933 0.78125 0.2538293216630197 0.7828125 0.2538293216630197 0.7921875 0.24945295404814005 0.79375 0.24945295404814005 0.8078125 0.24288840262582057 0.809375 0.24288840262582057 0.821875 0.25164113785557984 0.821875 0.25164113785557984 0.8171875 0.25601750547045954 0.815625 0.25601750547045954 0.809375 0.26258205689277897 0.8078125 0.26258205689277897 0.7984375 0.26695842450765866 0.796875 0.26695842450765866 0.7859375 0.2735229759299781 0.784375 0.2735229759299781 0.7796875 0.2778993435448578 0.778125 0.2778993435448578 0.7671875 0.28227571115973743 0.765625 0.28227571115973743 0.75625 0.2888402625820569 0.7546875 0.2888402625820569 0.7453125 0.29321663019693656 0.74375 0.29321663019693656 0.7375 0.29978118161925604 0.7359375 0.29978118161925604 0.7265625 0.3085339168490153 0.7203125 0.3085339168490153 0.715625 0.3150984682713348 0.7140625 0.3150984682713348 0.7078125 0.31947483588621445 0.70625 0.31947483588621445 0.7 0.32603938730853393 0.6984375 0.32603938730853393 0.6921875 0.3304157549234136 0.690625 0.3304157549234136 0.684375 0.3347921225382932 0.6828125 0.3347921225382932 0.6734375 0.3413566739606127 0.671875 0.3413566739606127 0.665625 0.3479212253829322 0.6609375 0.3522975929978118 0.6609375 0.3522975929978118 0.6546875 0.3610503282275711 0.65 0.3610503282275711 0.64375 0.37199124726477023 0.6390625 0.3741794310722101 0.63125 0.3785557986870897 0.63125 0.3785557986870897 0.625 0.38293216630196936 0.6234375 0.38293216630196936 0.6140625 0.387308533916849 0.6125 0.38949671772428884 0.6078125 0.3938730853391685 0.6078125 0.3938730853391685 0.6015625 0.40043763676148797 0.596875 0.4048140043763676 0.596875 0.4048140043763676 0.590625 0.4113785557986871 0.5859375 0.41575492341356673 0.5859375 0.41575492341356673 0.5828125 0.4201312910284464 0.58125 0.4201312910284464 0.5765625 0.424507658643326 0.575 0.424507658643326 0.56875 0.4310722100656455 0.5671875 0.4310722100656455 0.5578125 0.4223194748358862 0.5578125 0.4223194748358862 0.559375 0.41575492341356673 0.5640625 0.4113785557986871 0.5640625
5 0.9846827133479212 0.646875 0.9846827133479212 0.6578125 0.9803063457330415 0.659375 0.9803063457330415 0.671875 0.973741794310722 0.6734375 0.973741794310722 0.6796875 0.9693654266958425 0.68125 0.9693654266958425 0.6875 0.962800875273523 0.6921875 0.9584245076586433 0.6921875 0.9584245076586433 0.6953125 0.9518599562363238 0.7 0.9474835886214442 0.7 0.9474835886214442 0.70625 0.9431072210065645 0.7078125 0.9431072210065645 0.7140625 0.9277899343544858 0.721875 0.9277899343544858 0.728125 0.9212253829321663 0.7296875 0.9212253829321663 0.7359375 0.912472647702407 0.740625 0.912472647702407 0.746875 0.9059080962800875 0.7484375 0.9059080962800875 0.7546875 0.9015317286652079 0.75625 0.899343544857768 0.7609375 0.8949671772428884 0.7609375 0.8949671772428884 0.765625 0.8905908096280087 0.7671875 0.8905908096280087 0.7734375 0.8862144420131292 0.775 0.8862144420131292 0.78125 0.8796498905908097 0.7828125 0.8796498905908097 0.7890625 0.87527352297593 0.790625 0.87527352297593 0.796875 0.8687089715536105 0.7984375 0.8687089715536105 0.803125 0.8643326039387309 0.8046875 0.8643326039387309 0.8109375 0.8599562363238512 0.8125 0.8599562363238512 0.81875 0.8774617067833698 0.81875 0.8774617067833698 0.8125 0.888402625820569 0.8078125 0.888402625820569 0.8015625 0.8927789934354485 0.8 0.8927789934354485 0.79375 0.899343544857768 0.7921875 0.899343544857768 0.7859375 0.9059080962800875 0.78125 0.9102844638949672 0.78125 0.9102844638949672 0.771875 0.9190371991247265 0.765625 0.9190371991247265 0.7609375 0.925601750547046 0.759375 0.925601750547046 0.753125 0.9299781181619255 0.7515625 0.9299781181619255 0.7484375 0.936542669584245 0.746875 0.936542669584245 0.740625 0.9452954048140044 0.7359375 0.9452954048140044 0.7296875 0.9518599562363238 0.728125 0.9518599562363238 0.721875 0.9584245076586433 0.7171875 0.962800875273523 0.7171875 0.962800875273523 0.7109375 0.9715536105032823 0.70625 0.9715536105032823 0.7 0.9781181619256017 0.6984375 0.9781181619256017 0.6921875 0.9824945295404814 0.690625 0.9824945295404814 0.684375 0.9934354485776805 0.6796875 0.9934354485776805 0.6734375 0.9978118161925602 0.671875 0.9978118161925602 0.640625 0.9912472647702407 0.640625 0.9912472647702407 0.6421875 0.9890590809628009 0.646875 0.9846827133479212 0.646875
5 0.29540481400437635 0 0.29540481400437635 0.0015625 0.29540481400437635 0.021875 0.30196936542669583 0.0234375 0.30196936542669583 0.0375 0.3063457330415755 0.0390625 0.3063457330415755 0.04375 0.31072210065645517 0.0453125 0.31072210065645517 0.0671875 0.3172866520787746 0.06875 0.3172866520787746 0.075 0.32603938730853393 0.075 0.32603938730853393 0.05 0.31947483588621445 0.0484375 0.31947483588621445 0.0203125 0.3150984682713348 0.01875 0.3150984682713348 0 0.29540481400437635 0
5 0.9693654266958425 0.6875 0.962800875273523 0.6921875 0.9584245076586433 0.6921875 0.9584245076586433 0.6953125 0.9540481400437637 0.696875 0.9540481400437637 0.7015625 0.9474835886214442 0.703125 0.9474835886214442 0.70625 0.9431072210065645 0.7078125 0.9431072210065645 0.7140625 0.936542669584245 0.71875 0.9321663019693655 0.71875 0.9321663019693655 0.725 0.925601750547046 0.7296875 0.9212253829321663 0.7296875 0.9212253829321663 0.7359375 0.912472647702407 0.740625 0.912472647702407 0.746875 0.9059080962800875 0.7484375 0.9059080962800875 0.7546875 0.9015317286652079 0.75625 0.899343544857768 0.7609375 0.8949671772428884 0.7609375 0.8949671772428884 0.765625 0.8905908096280087 0.7671875 0.8905908096280087 0.7734375 0.8862144420131292 0.775 0.8862144420131292 0.78125 0.8796498905908097 0.7828125 0.8796498905908097 0.7890625 0.87527352297593 0.790625 0.87527352297593 0.796875 0.8687089715536105 0.7984375 0.8687089715536105 0.803125 0.8643326039387309 0.8046875 0.8643326039387309 0.8109375 0.8599562363238512 0.8125 0.8599562363238512 0.81875 0.8774617067833698 0.81875 0.8774617067833698 0.8125 0.888402625820569 0.8078125 0.888402625820569 0.8015625 0.8927789934354485 0.8 0.8927789934354485 0.79375 0.899343544857768 0.7921875 0.899343544857768 0.7859375 0.9059080962800875 0.78125 0.9102844638949672 0.78125 0.9102844638949672 0.771875 0.9190371991247265 0.765625 0.9190371991247265 0.7609375 0.925601750547046 0.759375 0.925601750547046 0.753125 0.9299781181619255 0.7515625 0.9299781181619255 0.7484375 0.936542669584245 0.746875 0.936542669584245 0.740625 0.9452954048140044 0.7359375 0.9452954048140044 0.7296875 0.9518599562363238 0.728125 0.9518599562363238 0.721875 0.9584245076586433 0.7171875 0.962800875273523 0.7171875 0.962800875273523 0.7109375 0.9671772428884027 0.709375 0.9671772428884027 0.703125 0.973741794310722 0.6984375 0.9781181619256017 0.6984375 0.9781181619256017 0.6890625 0.9824945295404814 0.6875 0.9824945295404814 0.684375 0.9781181619256017 0.68125 0.973741794310722 0.68125 0.973741794310722 0.6828125 0.9693654266958425 0.684375 0.9693654266958425 0.6875
5 0.16849015317286653 0.63125 0.16411378555798686 0.6328125 0.16411378555798686 0.6390625 0.15973741794310722 0.640625 0.15973741794310722 0.6453125 0.15317286652078774 0.646875 0.15317286652078774 0.65 0.1487964989059081 0.6515625 0.1487964989059081 0.6578125 0.13785557986870897 0.6625 0.13785557986870897 0.66875 0.13347921225382933 0.6703125 0.13347921225382933 0.6796875 0.12691466083150985 0.68125 0.12691466083150985 0.690625 0.12253829321663019 0.6921875 0.12253829321663019 0.7015625 0.11597374179431072 0.703125 0.11597374179431072 0.7140625 0.11159737417943107 0.715625 0.11159737417943107 0.725 0.10722100656455143 0.7265625 0.10722100656455143 0.7359375 0.10065645514223195 0.7375 0.10065645514223195 0.746875 0.0962800875273523 0.7484375 0.0962800875273523 0.7546875 0.08971553610503283 0.75625 0.08971553610503283 0.765625 0.1050328227571116 0.765625 0.1137855579868709 0.759375 0.1137855579868709 0.7484375 0.12035010940919037 0.746875 0.12035010940919037 0.7375 0.12472647702407003 0.7359375 0.12472647702407003 0.7265625 0.13129102844638948 0.725 0.13129102844638948 0.71875 0.13566739606126915 0.7171875 0.13566739606126915 0.7078125 0.1400437636761488 0.70625 0.1400437636761488 0.696875 0.14660831509846828 0.6953125 0.14660831509846828 0.684375 0.15098468271334792 0.6828125 0.15098468271334792 0.6734375 0.1575492341356674 0.671875 0.1575492341356674 0.665625 0.16192560175054704 0.6640625 0.16192560175054704 0.659375 0.16630196936542668 0.6578125 0.16630196936542668 0.6515625 0.17286652078774617 0.65 0.17286652078774617 0.64375 0.1772428884026258 0.6421875 0.1772428884026258 0.6359375 0.1838074398249453 0.634375 0.1838074398249453 0.625 0.175054704595186 0.625 0.175054704595186 0.6265625 0.16849015317286653 0.628125 0.16849015317286653 0.63125
5 0.40700218818380746 0.190625 0.40043763676148797 0.1921875 0.40043763676148797 0.1984375 0.3938730853391685 0.203125 0.38949671772428884 0.203125 0.38949671772428884 0.209375 0.3851203501094092 0.2109375 0.3851203501094092 0.2171875 0.3785557986870897 0.221875 0.3741794310722101 0.221875 0.3741794310722101 0.228125 0.36980306345733044 0.2296875 0.36980306345733044 0.2359375 0.36323851203501095 0.2375 0.36323851203501095 0.24375 0.3588621444201313 0.2453125 0.3588621444201313 0.2515625 0.37199124726477023 0.2515625 0.3741794310722101 0.246875 0.3785557986870897 0.246875 0.3785557986870897 0.240625 0.387308533916849 0.2359375 0.387308533916849 0.2296875 0.3938730853391685 0.228125 0.3938730853391685 0.221875 0.40043763676148797 0.2171875 0.4048140043763676 0.2171875 0.4048140043763676 0.2109375 0.40919037199124725 0.209375 0.40919037199124725 0.203125 0.41575492341356673 0.2015625 0.41575492341356673 0.196875 0.4201312910284464 0.1953125 0.4201312910284464 0.1890625 0.424507658643326 0.1875 0.424507658643326 0.178125 0.4179431072210066 0.178125 0.4179431072210066 0.1796875 0.40700218818380746 0.184375 0.40700218818380746 0.190625
5 0.8161925601750547 0.1515625 0.8140043763676149 0.1546875 0.8074398249452954 0.1546875 0.8052516411378556 0.159375 0.7964989059080962 0.159375 0.787746170678337 0.165625 0.7789934354485777 0.165625 0.7789934354485777 0.16875 0.7724288840262582 0.1734375 0.7636761487964989 0.1734375 0.7636761487964989 0.1765625 0.7571115973741794 0.18125 0.7527352297592997 0.18125 0.7483588621444202 0.184375 0.7483588621444202 0.1875 0.7439824945295405 0.1890625 0.7439824945295405 0.20625 0.75054704595186 0.20625 0.7527352297592997 0.2015625 0.7614879649890591 0.2015625 0.7702407002188184 0.1953125 0.7833698030634574 0.1953125 0.7833698030634574 0.1921875 0.7899343544857768 0.1875 0.7943107221006565 0.1875 0.7964989059080962 0.1828125 0.8052516411378556 0.1828125 0.811816192560175 0.1765625 0.8205689277899344 0.1765625 0.8205689277899344 0.1734375 0.8271334792122538 0.16875 0.8358862144420132 0.16875 0.8358862144420132 0.165625 0.8512035010940919 0.1578125 0.8533916849015317 0.153125 0.8577680525164114 0.153125 0.8577680525164114 0.146875 0.8336980306345733 0.146875 0.8336980306345733 0.1484375 0.8315098468271335 0.1515625 0.8161925601750547 0.1515625
5 0.2538293216630197 0.3671875 0.24945295404814005 0.36875 0.24945295404814005 0.371875 0.23851203501094093 0.3765625 0.23851203501094093 0.3828125 0.2275711159737418 0.3875 0.2275711159737418 0.4015625 0.2363238512035011 0.4015625 0.24288840262582057 0.39375 0.24726477024070023 0.39375 0.24726477024070023 0.3875 0.25601750547045954 0.3828125 0.25601750547045954 0.3765625 0.26695842450765866 0.371875 0.26914660831509846 0.3671875 0.2735229759299781 0.3671875 0.2735229759299781 0.3546875 0.2647702407002188 0.3546875 0.2647702407002188 0.35625 0.2538293216630197 0.3609375 0.2538293216630197 0.3671875
5 0.5951859956236324 0.0671875 0.5886214442013129 0.071875 0.5842450765864332 0.071875 0.5842450765864332 0.078125 0.5798687089715536 0.0796875 0.5798687089715536 0.0859375 0.5754923413566739 0.0875 0.5754923413566739 0.09375 0.5689277899343544 0.0953125 0.5689277899343544 0.1 0.5645514223194749 0.1015625 0.5645514223194749 0.1078125 0.5579868708971554 0.109375 0.5579868708971554 0.115625 0.5536105032822757 0.1171875 0.5536105032822757 0.1234375 0.5492341356673961 0.125 0.5492341356673961 0.134375 0.5426695842450766 0.1359375 0.5426695842450766 0.1421875 0.5382932166301969 0.14375 0.5382932166301969 0.15 0.5317286652078774 0.1515625 0.5317286652078774 0.1609375 0.5273522975929978 0.1625 0.5273522975929978 0.16875 0.5229759299781181 0.1703125 0.5229759299781181 0.1796875 0.5164113785557987 0.18125 0.5164113785557987 0.1875 0.5120350109409191 0.1890625 0.5120350109409191 0.1953125 0.5054704595185996 0.196875 0.5054704595185996 0.2015625 0.5010940919037199 0.203125 0.5010940919037199 0.2140625 0.5032822757111597 0.2140625 0.5054704595185996 0.209375 0.5098468271334792 0.209375 0.5142231947483589 0.20625 0.5142231947483589 0.2 0.5251641137855579 0.1953125 0.5251641137855579 0.1921875 0.5295404814004376 0.190625 0.5295404814004376 0.184375 0.5361050328227571 0.1828125 0.5361050328227571 0.178125 0.5404814004376368 0.1765625 0.5404814004376368 0.1703125 0.5470459518599562 0.16875 0.5470459518599562 0.159375 0.5514223194748359 0.1578125 0.5514223194748359 0.1515625 0.5557986870897156 0.15 0.5557986870897156 0.140625 0.562363238512035 0.1390625 0.562363238512035 0.128125 0.5689277899343544 0.1234375 0.5733041575492341 0.1234375 0.5733041575492341 0.1140625 0.5776805251641138 0.1125 0.5776805251641138 0.10625 0.5820568927789934 0.1046875 0.5842450765864332 0.1 0.5886214442013129 0.1 0.5886214442013129 0.0953125 0.5929978118161926 0.09375 0.5929978118161926 0.0828125 0.6039387308533917 0.078125 0.6039387308533917 0.0609375 0.6017505470459519 0.0609375 0.6017505470459519 0.0625 0.5951859956236324 0.0640625 0.5951859956236324 0.0671875
0 0.21663019693654267 0.4296875 0.21663019693654267 0.4359375 0.212253829321663 0.4375 0.212253829321663 0.446875 0.20568927789934355 0.4484375 0.20568927789934355 0.45 0.212253829321663 0.4515625 0.212253829321663 0.4546875 0.21663019693654267 0.4578125 0.22538293216630198 0.4578125 0.2275711159737418 0.4609375 0.2363238512035011 0.4609375 0.23851203501094093 0.465625 0.23194748358862144 0.4671875 0.22975929978118162 0.4703125 0.22319474835886213 0.4703125 0.2210065645514223 0.475 0.21663019693654267 0.475 0.21663019693654267 0.4796875 0.212253829321663 0.48125 0.212253829321663 0.4953125 0.21663019693654267 0.496875 0.21663019693654267 0.5109375 0.2210065645514223 0.5109375 0.2275711159737418 0.515625 0.2275711159737418 0.51875 0.2363238512035011 0.51875 0.23851203501094093 0.521875 0.24726477024070023 0.521875 0.24945295404814005 0.525 0.2735229759299781 0.525 0.27571115973741794 0.521875 0.2888402625820569 0.521875 0.29321663019693656 0.51875 0.29540481400437635 0.5109375 0.3041575492341357 0.5109375 0.31072210065645517 0.515625 0.31072210065645517 0.51875 0.3347921225382932 0.51875 0.33698030634573306 0.521875 0.35667396061269147 0.521875 0.36323851203501095 0.5140625 0.3676148796498906 0.5140625 0.3676148796498906 0.5078125 0.37199124726477023 0.50625 0.37199124726477023 0.48125 0.38293216630196936 0.4765625 0.38293216630196936 0.459375 0.37199124726477023 0.4546875 0.37199124726477023 0.4515625 0.3676148796498906 0.4484375 0.3610503282275711 0.446875 0.3610503282275711 0.44375 0.35667396061269147 0.4421875 0.35667396061269147 0.4375 0.34573304157549234 0.4359375 0.34573304157549234 0.4328125 0.33260393873085337 0.4328125 0.3304157549234136 0.4296875 0.2910284463894967 0.4296875 0.2888402625820569 0.425 0.2800875273522976 0.425 0.2800875273522976 0.428125 0.2735229759299781 0.4328125 0.25820568927789933 0.4328125 0.25164113785557984 0.428125 0.25164113785557984 0.425 0.22319474835886213 0.425 0.22319474835886213 0.4265625 0.2210065645514223 0.4296875 0.21663019693654267 0.4296875
0 0.0437636761487965 0.4671875 0.04157549234135667 0.4703125 0.037199124726477024 0.4703125 0.037199124726477024 0.4734375 0.028446389496717725 0.478125 0.028446389496717725 0.50625 0.03282275711159737 0.5078125 0.03282275711159737 0.5140625 0.037199124726477024 0.515625 0.037199124726477024 0.51875 0.045951859956236324 0.51875 0.04814004376367615 0.521875 0.05689277899343545 0.521875 0.05908096280087528 0.51875 0.07221006564551423 0.51875 0.07439824945295405 0.5140625 0.08315098468271334 0.5140625 0.08971553610503283 0.50625 0.09409190371991247 0.50625 0.09409190371991247 0.49375 0.087527352297593 0.4921875 0.087527352297593 0.4703125 0.0787746170678337 0.465625 0.0787746170678337 0.4625 0.05470459518599562 0.4625 0.05470459518599562 0.4640625 0.0525164113785558 0.4671875 0.0437636761487965 0.4671875
0 0.38074398249452956 0.075 0.3741794310722101 0.0765625 0.37199124726477023 0.0796875 0.36323851203501095 0.0796875 0.3610503282275711 0.0828125 0.3544857768052516 0.0828125 0.3544857768052516 0.0859375 0.3479212253829322 0.0875 0.34573304157549234 0.090625 0.33698030634573306 0.090625 0.3347921225382932 0.0953125 0.3282275711159737 0.0953125 0.32603938730853393 0.0984375 0.32166301969365424 0.0984375 0.3172866520787746 0.1015625 0.3150984682713348 0.10625 0.31072210065645517 0.10625 0.31072210065645517 0.1125 0.3172866520787746 0.1140625 0.3172866520787746 0.1234375 0.3063457330415755 0.128125 0.3063457330415755 0.1390625 0.30196936542669583 0.1421875 0.3063457330415755 0.14375 0.3063457330415755 0.153125 0.31072210065645517 0.1546875 0.31072210065645517 0.1609375 0.31947483588621445 0.1609375 0.32166301969365424 0.1640625 0.3304157549234136 0.1640625 0.33260393873085337 0.16875 0.3610503282275711 0.16875 0.3610503282275711 0.165625 0.3676148796498906 0.1640625 0.36980306345733044 0.1609375 0.3785557986870897 0.1609375 0.38074398249452956 0.1625 0.38074398249452956 0.171875 0.3851203501094092 0.1734375 0.3851203501094092 0.1765625 0.424507658643326 0.1765625 0.42669584245076586 0.171875 0.4420131291028446 0.171875 0.44638949671772427 0.16875 0.44638949671772427 0.165625 0.45295404814004375 0.1609375 0.4573304157549234 0.1609375 0.45951859956236324 0.1578125 0.4682713347921225 0.1578125 0.4682713347921225 0.1546875 0.4726477024070022 0.153125 0.4726477024070022 0.146875 0.47702407002188185 0.1453125 0.47702407002188185 0.140625 0.48358862144420134 0.1390625 0.48358862144420134 0.1359375 0.47702407002188185 0.134375 0.47702407002188185 0.125 0.4726477024070022 0.1234375 0.4726477024070022 0.1171875 0.4682713347921225 0.115625 0.4682713347921225 0.109375 0.4638949671772429 0.109375 0.4573304157549234 0.1046875 0.4573304157549234 0.1015625 0.45295404814004375 0.1015625 0.44638949671772427 0.096875 0.44638949671772427 0.090625 0.4420131291028446 0.0890625 0.4420131291028446 0.0828125 0.437636761487965 0.0828125 0.4310722100656455 0.0765625 0.424507658643326 0.075 0.424507658643326 0.071875 0.4179431072210066 0.071875 0.41575492341356673 0.06875 0.38949671772428884 0.06875 0.38949671772428884 0.0703125 0.38074398249452956 0.071875 0.38074398249452956 0.075
2 0.9387308533916849 0 0.9387308533916849 0.0015625 0.9387308533916849 0.025 0.9321663019693655 0.0265625 0.9321663019693655 0.0328125 0.9277899343544858 0.034375 0.9277899343544858 0.040625 0.9212253829321663 0.0421875 0.9212253829321663 0.0484375 0.9168490153172867 0.05 0.9168490153172867 0.08125 0.9212253829321663 0.0828125 0.9212253829321663 0.1 0.9168490153172867 0.1015625 0.9168490153172867 0.1125 0.912472647702407 0.1140625 0.912472647702407 0.1390625 0.9168490153172867 0.140625 0.9168490153172867 0.15 0.9212253829321663 0.1515625 0.9212253829321663 0.1765625 0.9277899343544858 0.178125 0.9277899343544858 0.1875 0.9387308533916849 0.1921875 0.9387308533916849 0.1984375 0.9474835886214442 0.203125 0.9474835886214442 0.20625 0.9518599562363238 0.20625 0.9584245076586433 0.2109375 0.9584245076586433 0.2140625 0.9649890590809628 0.215625 0.9649890590809628 0.2203125 0.9693654266958425 0.221875 0.9693654266958425 0.225 0.973741794310722 0.228125 0.9781181619256017 0.228125 0.9803063457330415 0.2328125 0.9846827133479212 0.2359375 0.9890590809628009 0.2359375 0.9912472647702407 0.2390625 0.9978118161925602 0.2359375 0.9978118161925602 0.1171875 0.9934354485776805 0.115625 0.9934354485776805 0.0875 0.9978118161925602 0.0859375 0.9978118161925602 0.0609375 0.9934354485776805 0.059375 0.9934354485776805 0.053125 0.9978118161925602 0.0515625 0.9978118161925602 0.0203125 0.9934354485776805 0.01875 0.9934354485776805 0 0.9387308533916849 0
2 0.8796498905908097 0.5203125 0.8730853391684902 0.5265625 0.8643326039387309 0.5265625 0.8643326039387309 0.5328125 0.8599562363238512 0.534375 0.8599562363238512 0.540625 0.8533916849015317 0.5421875 0.8533916849015317 0.5484375 0.849015317286652 0.55 0.849015317286652 0.559375 0.8424507658643327 0.5609375 0.8424507658643327 0.5671875 0.838074398249453 0.56875 0.838074398249453 0.575 0.8336980306345733 0.5765625 0.8336980306345733 0.5859375 0.8271334792122538 0.5875 0.8271334792122538 0.596875 0.8227571115973742 0.5984375 0.8227571115973742 0.63125 0.8271334792122538 0.634375 0.8358862144420132 0.634375 0.838074398249453 0.6390625 0.8468271334792122 0.6390625 0.8533916849015317 0.6453125 0.862144420131291 0.6453125 0.8687089715536105 0.653125 0.8774617067833698 0.653125 0.8796498905908097 0.6578125 0.888402625820569 0.6578125 0.8949671772428884 0.6625 0.8949671772428884 0.66875 0.8905908096280087 0.6703125 0.8905908096280087 0.690625 0.9015317286652079 0.6984375 0.9102844638949672 0.6984375 0.9168490153172867 0.703125 0.9168490153172867 0.70625 0.925601750547046 0.70625 0.9277899343544858 0.7015625 0.9409190371991247 0.7015625 0.9431072210065645 0.6984375 0.9518599562363238 0.6984375 0.9584245076586433 0.690625 0.962800875273523 0.690625 0.962800875273523 0.684375 0.9671772428884027 0.6828125 0.9671772428884027 0.678125 0.9715536105032823 0.6765625 0.9715536105032823 0.665625 0.9781181619256017 0.6640625 0.9781181619256017 0.659375 0.9824945295404814 0.6578125 0.9824945295404814 0.646875 0.9890590809628009 0.6453125 0.9890590809628009 0.6359375 0.9934354485776805 0.634375 0.9934354485776805 0.628125 0.9978118161925602 0.6265625 0.9978118161925602 0.5609375 0.9890590809628009 0.55625 0.9890590809628009 0.55 0.9824945295404814 0.5484375 0.9824945295404814 0.5453125 0.973741794310722 0.5453125 0.962800875273523 0.5375 0.962800875273523 0.534375 0.9584245076586433 0.534375 0.9518599562363238 0.5296875 0.9518599562363238 0.5265625 0.9431072210065645 0.5265625 0.9409190371991247 0.5234375 0.9277899343544858 0.5234375 0.925601750547046 0.5203125 0.912472647702407 0.5203125 0.9102844638949672 0.515625 0.8905908096280087 0.515625 0.8905908096280087 0.5171875 0.888402625820569 0.5203125 0.8796498905908097 0.5203125
2 0.3741794310722101 0.88125 0.37199124726477023 0.884375 0.3588621444201313 0.884375 0.35667396061269147 0.8875 0.3479212253829322 0.8875 0.3479212253829322 0.890625 0.3413566739606127 0.8953125 0.33698030634573306 0.8953125 0.33698030634573306 0.8984375 0.3304157549234136 0.903125 0.32166301969365424 0.903125 0.31947483588621445 0.90625 0.31072210065645517 0.90625 0.31072210065645517 0.9125 0.3063457330415755 0.9140625 0.3063457330415755 0.9203125 0.29978118161925604 0.925 0.29540481400437635 0.925 0.29540481400437635 0.928125 0.2888402625820569 0.9328125 0.2844638949671772 0.9328125 0.2844638949671772 0.9609375 0.2910284463894967 0.9625 0.2910284463894967 0.965625 0.29540481400437635 0.9671875 0.29540481400437635 0.9734375 0.30196936542669583 0.975 0.30196936542669583 0.9796875 0.3063457330415755 0.98125 0.3063457330415755 0.984375 0.31072210065645517 0.9875 0.3172866520787746 0.9890625 0.3172866520787746 0.9953125 0.32166301969365424 0.9984375 0.4201312910284464 0.9984375 0.424507658643326 0.9953125 0.42669584245076586 0.9984375 0.4310722100656455 0.9984375 0.4310722100656455 0.9890625 0.437636761487965 0.984375 0.4420131291028446 0.984375 0.4420131291028446 0.9703125 0.44638949671772427 0.96875 0.44638949671772427 0.9625 0.45076586433260396 0.9609375 0.45076586433260396 0.9515625 0.4573304157549234 0.95 0.4573304157549234 0.94375 0.4617067833698031 0.9421875 0.4617067833698031 0.9375 0.4682713347921225 0.9359375 0.4682713347921225 0.9296875 0.4726477024070022 0.928125 0.474835886214442 0.9234375 0.48358862144420134 0.9234375 0.48577680525164113 0.9203125 0.49452954048140046 0.9203125 0.5054704595185996 0.909375 0.5098468271334792 0.909375 0.5098468271334792 0.9 0.5032822757111597 0.8984375 0.5032822757111597 0.8921875 0.48577680525164113 0.8921875 0.48358862144420134 0.8875 0.47921225382932164 0.8875 0.4682713347921225 0.8796875 0.4682713347921225 0.8765625 0.3851203501094092 0.8765625 0.3851203501094092 0.878125 0.38293216630196936 0.88125 0.3741794310722101 0.88125
2 0 0.653125 0.0087527352297593 0.653125 0.010940919037199124 0.65 0.019693654266958426 0.65 0.02188183807439825 0.6453125 0.030634573304157548 0.6453125 0.045951859956236324 0.634375 0.04814004376367615 0.6265625 0.05689277899343545 0.6265625 0.05908096280087528 0.6234375 0.07221006564551423 0.6234375 0.07221006564551423 0.6171875 0.08315098468271334 0.6125 0.08533916849015317 0.6078125 0.09409190371991247 0.6078125 0.0962800875273523 0.6046875 0.1050328227571116 0.6046875 0.10722100656455143 0.6 0.1137855579868709 0.6 0.11597374179431072 0.596875 0.12472647702407003 0.596875 0.12472647702407003 0.590625 0.13566739606126915 0.5859375 0.13566739606126915 0.5828125 0.1422319474835886 0.578125 0.14660831509846828 0.578125 0.14660831509846828 0.56875 0.15098468271334792 0.5671875 0.15098468271334792 0.5421875 0.14660831509846828 0.540625 0.14660831509846828 0.534375 0.1422319474835886 0.534375 0.13566739606126915 0.5296875 0.13566739606126915 0.5265625 0.05470459518599562 0.5265625 0.0525164113785558 0.5234375 0.028446389496717725 0.5234375 0.0262582056892779 0.5203125 0.0175054704595186 0.5203125 0.0175054704595186 0.521875 0.006564551422319475 0.5234375 0.00437636761487965 0.5265625 0 0.5265625 0 0.653125
2 0.3522975929978118 0.184375 0.3435448577680525 0.184375 0.3413566739606127 0.1890625 0.33698030634573306 0.1890625 0.33260393873085337 0.1921875 0.33260393873085337 0.1953125 0.3282275711159737 0.196875 0.3282275711159737 0.2015625 0.32166301969365424 0.203125 0.32166301969365424 0.20625 0.3150984682713348 0.2109375 0.31072210065645517 0.2109375 0.31072210065645517 0.2171875 0.3063457330415755 0.21875 0.3063457330415755 0.225 0.30196936542669583 0.228125 0.3063457330415755 0.2296875 0.3063457330415755 0.2328125 0.31072210065645517 0.2359375 0.3150984682713348 0.2359375 0.3172866520787746 0.2390625 0.32603938730853393 0.2390625 0.3282275711159737 0.24375 0.3347921225382932 0.24375 0.33698030634573306 0.246875 0.35667396061269147 0.246875 0.36323851203501095 0.2390625 0.3676148796498906 0.2390625 0.3676148796498906 0.234375 0.37199124726477023 0.2328125 0.37199124726477023 0.2265625 0.3785557986870897 0.225 0.3785557986870897 0.21875 0.387308533916849 0.2140625 0.387308533916849 0.2078125 0.3938730853391685 0.20625 0.3938730853391685 0.2 0.3982494529540481 0.1984375 0.3982494529540481 0.1921875 0.4048140043763676 0.190625 0.4048140043763676 0.18125 0.38949671772428884 0.18125 0.387308533916849 0.178125 0.36323851203501095 0.178125 0.36323851203501095 0.1796875 0.3544857768052516 0.18125 0.3522975929978118 0.184375
2 0.7855579868708972 0.8171875 0.7833698030634574 0.8203125 0.774617067833698 0.8203125 0.7680525164113785 0.828125 0.7483588621444202 0.828125 0.7417943107221007 0.8359375 0.737417943107221 0.8359375 0.7352297592997812 0.8390625 0.7264770240700219 0.8390625 0.7155361050328227 0.85 0.7111597374179431 0.85 0.7111597374179431 0.85625 0.7045951859956237 0.8609375 0.700218818380744 0.8609375 0.700218818380744 0.8640625 0.6958424507658644 0.865625 0.6958424507658644 0.871875 0.6914660831509847 0.8734375 0.6914660831509847 0.8796875 0.6849015317286652 0.88125 0.6849015317286652 0.890625 0.6805251641137856 0.8921875 0.6805251641137856 0.9125 0.6739606126914661 0.9140625 0.6739606126914661 0.95 0.6805251641137856 0.9515625 0.6805251641137856 0.96875 0.6849015317286652 0.9703125 0.6849015317286652 0.984375 0.6914660831509847 0.9859375 0.6914660831509847 0.9921875 0.7045951859956237 0.9921875 0.7067833698030634 0.9953125 0.7111597374179431 0.9921875 0.7242888402625821 0.9921875 0.7264770240700219 0.9875 0.7330415754923414 0.9890625 0.7330415754923414 0.9921875 0.7417943107221007 0.9921875 0.7417943107221007 0.9859375 0.75054704595186 0.984375 0.7527352297592997 0.9796875 0.7724288840262582 0.9796875 0.774617067833698 0.984375 0.7768052516411379 0.984375 0.7789934354485777 0.9796875 0.7943107221006565 0.9796875 0.7964989059080962 0.9765625 0.8052516411378556 0.9765625 0.8074398249452954 0.9734375 0.8140043763676149 0.9734375 0.8161925601750547 0.96875 0.824945295404814 0.96875 0.8271334792122538 0.965625 0.8358862144420132 0.965625 0.838074398249453 0.9609375 0.8468271334792122 0.9609375 0.849015317286652 0.9578125 0.8774617067833698 0.9578125 0.8774617067833698 0.9515625 0.8840262582056893 0.95 0.8840262582056893 0.94375 0.888402625820569 0.9421875 0.888402625820569 0.9375 0.8927789934354485 0.9359375 0.8927789934354485 0.921875 0.899343544857768 0.9203125 0.899343544857768 0.90625 0.9037199124726477 0.9046875 0.9037199124726477 0.86875 0.899343544857768 0.8671875 0.899343544857768 0.8609375 0.8927789934354485 0.859375 0.8927789934354485 0.8546875 0.888402625820569 0.853125 0.888402625820569 0.8421875 0.8774617067833698 0.8375 0.8774617067833698 0.83125 0.8730853391684902 0.828125 0.8643326039387309 0.828125 0.8577680525164114 0.8203125 0.8424507658643327 0.8203125 0.8402625820568927 0.8171875 0.8271334792122538 0.8171875 0.824945295404814 0.8125 0.8161925601750547 0.8125 0.8161925601750547 0.8140625 0.8140043763676149 0.8171875 0.7855579868708972 0.8171875
2 0 0.4765625 0.015317286652078774 0.4765625 0.0175054704595186 0.4734375 0.0262582056892779 0.4734375 0.0262582056892779 0.4703125 0.0350109409190372 0.465625 0.037199124726477024 0.4609375 0.04157549234135667 0.4609375 0.04814004376367615 0.4546875 0.0525164113785558 0.4546875 0.05470459518599562 0.45 0.061269146608315096 0.45 0.06345733041575492 0.446875 0.06783369803063458 0.446875 0.06783369803063458 0.44375 0.07439824945295405 0.4390625 0.0787746170678337 0.4390625 0.08315098468271334 0.4359375 0.08315098468271334 0.421875 0.087527352297593 0.4203125 0.087527352297593 0.40625 0.09409190371991247 0.4046875 0.09409190371991247 0.4 0.09846827133479212 0.3984375 0.09846827133479212 0.3921875 0.1050328227571116 0.390625 0.1050328227571116 0.38125 0.09846827133479212 0.3796875 0.09846827133479212 0.36875 0.09409190371991247 0.3671875 0.09409190371991247 0.3578125 0.08971553610503283 0.3578125 0.08315098468271334 0.353125 0.08315098468271334 0.35 0.05470459518599562 0.35 0.0525164113785558 0.346875 0.028446389496717725 0.346875 0.028446389496717725 0.3484375 0.02188183807439825 0.35 0.02188183807439825 0.353125 0.015317286652078774 0.3578125 0.010940919037199124 0.3578125 0.006564551422319475 0.3609375 0.00437636761487965 0.36875 0 0.36875 0 0.4765625
2 0.973741794310722 0.815625 0.962800875273523 0.8234375 0.9584245076586433 0.8234375 0.9584245076586433 0.8296875 0.9540481400437637 0.83125 0.9518599562363238 0.8359375 0.9474835886214442 0.8359375 0.9474835886214442 0.840625 0.9387308533916849 0.8421875 0.936542669584245 0.846875 0.9321663019693655 0.846875 0.9277899343544858 0.85 0.9277899343544858 0.85625 0.9212253829321663 0.8578125 0.9212253829321663 0.871875 0.9168490153172867 0.8734375 0.9168490153172867 0.9546875 0.9059080962800875 0.95625 0.9059080962800875 0.9578125 0.912472647702407 0.959375 0.912472647702407 0.965625 0.9168490153172867 0.96875 0.912472647702407 0.9703125 0.912472647702407 0.9765625 0.9212253829321663 0.98125 0.9212253829321663 0.984375 0.9299781181619255 0.984375 0.9321663019693655 0.9796875 0.9518599562363238 0.9796875 0.9540481400437637 0.9765625 0.9824945295404814 0.9765625 0.9846827133479212 0.9734375 0.9978118161925602 0.9734375 0.9978118161925602 0.809375 0.9803063457330415 0.809375 0.9803063457330415 0.8109375 0.973741794310722 0.8125 0.973741794310722 0.815625
2 0.23851203501094093 0.95625 0.2363238512035011 0.959375 0.2275711159737418 0.959375 0.22538293216630198 0.9625 0.21663019693654267 0.9625 0.21663019693654267 0.965625 0.212253829321663 0.9671875 0.212253829321663 0.9984375 0.31947483588621445 0.9984375 0.31947483588621445 0.996875 0.3085339168490153 0.9921875 0.3085339168490153 0.9890625 0.3041575492341357 0.9875 0.3041575492341357 0.98125 0.29321663019693656 0.9765625 0.29321663019693656 0.9703125 0.28227571115973743 0.965625 0.28227571115973743 0.959375 0.2735229759299781 0.9546875 0.2735229759299781 0.9515625 0.26914660831509846 0.9515625 0.26695842450765866 0.95625 0.2538293216630197 0.95625 0.25164113785557984 0.9515625 0.24945295404814005 0.9515625 0.24945295404814005 0.953125 0.24726477024070023 0.95625 0.23851203501094093 0.95625
2 0 0.8671875 0.00437636761487965 0.8671875 0.006564551422319475 0.871875 0.087527352297593 0.871875 0.08971553610503283 0.875 0.1050328227571116 0.875 0.10722100656455143 0.8796875 0.12035010940919037 0.8796875 0.12035010940919037 0.8765625 0.12691466083150985 0.871875 0.13129102844638948 0.871875 0.13129102844638948 0.865625 0.13566739606126915 0.8640625 0.13566739606126915 0.85 0.1400437636761488 0.8484375 0.1400437636761488 0.83125 0.14660831509846828 0.8296875 0.14660831509846828 0.8234375 0.15317286652078774 0.81875 0.1575492341356674 0.81875 0.16192560175054704 0.815625 0.16192560175054704 0.8046875 0.16630196936542668 0.803125 0.16630196936542668 0.7859375 0.1575492341356674 0.7796875 0.15098468271334792 0.778125 0.15098468271334792 0.775 0.1422319474835886 0.775 0.1400437636761488 0.771875 0.13129102844638948 0.7703125 0.13129102844638948 0.7671875 0.12253829321663019 0.7671875 0.12035010940919037 0.7640625 0.11597374179431072 0.7640625 0.11597374179431072 0.765625 0.1137855579868709 0.7671875 0.05470459518599562 0.7671875 0.0525164113785558 0.771875 0.037199124726477024 0.771875 0.0350109409190372 0.775 0.02188183807439825 0.775 0.019693654266958426 0.7796875 0.010940919037199124 0.7796875 0.0087527352297593 0.7828125 0 0.7828125 0 0.8671875
2 0.8336980306345733 0.965625 0.8271334792122538 0.9671875 0.824945295404814 0.9703125 0.811816192560175 0.9703125 0.8096280087527352 0.975 0.8008752735229759 0.975 0.7986870897155361 0.978125 0.7899343544857768 0.978125 0.787746170678337 0.98125 0.774617067833698 0.98125 0.7680525164113785 0.975 0.7483588621444202 0.975 0.7439824945295405 0.978125 0.7439824945295405 0.984375 0.737417943107221 0.9859375 0.7352297592997812 0.99375 0.7264770240700219 0.99375 0.7242888402625821 0.996875 0.7111597374179431 0.996875 0.7111597374179431 0.9984375 0.9037199124726477 0.9984375 0.9037199124726477 0.99375 0.899343544857768 0.9921875 0.899343544857768 0.978125 0.8949671772428884 0.978125 0.8840262582056893 0.9671875 0.8774617067833698 0.965625 0.8774617067833698 0.9625 0.8643326039387309 0.9625 0.862144420131291 0.959375 0.8424507658643327 0.959375 0.8424507658643327 0.9609375 0.8336980306345733 0.9625 0.8336980306345733 0.965625
2 0.21663019693654267 0.35 0.21444201312910285 0.3546875 0.19037199124726478 0.3546875 0.18818380743982493 0.3578125 0.17943107221006566 0.3578125 0.1772428884026258 0.3609375 0.16849015317286653 0.3609375 0.16630196936542668 0.365625 0.15973741794310722 0.365625 0.1575492341356674 0.36875 0.15317286652078774 0.36875 0.15317286652078774 0.371875 0.14660831509846828 0.3765625 0.13785557986870897 0.3765625 0.13785557986870897 0.3796875 0.13129102844638948 0.384375 0.12253829321663019 0.384375 0.12035010940919037 0.3875 0.11597374179431072 0.3875 0.11597374179431072 0.390625 0.10722100656455143 0.3953125 0.10722100656455143 0.3984375 0.10065645514223195 0.4 0.10065645514223195 0.4046875 0.0962800875273523 0.40625 0.0962800875273523 0.409375 0.08971553610503283 0.4109375 0.08971553610503283 0.43125 0.10940919037199125 0.43125 0.11597374179431072 0.4234375 0.12472647702407003 0.4234375 0.12691466083150985 0.4203125 0.13129102844638948 0.4203125 0.13785557986870897 0.4125 0.14660831509846828 0.4125 0.1487964989059081 0.409375 0.1575492341356674 0.409375 0.15973741794310722 0.4046875 0.1772428884026258 0.4046875 0.18599562363238512 0.3984375 0.2210065645514223 0.3984375 0.2210065645514223 0.3953125 0.22538293216630198 0.39375 0.22538293216630198 0.3875 0.23194748358862144 0.3828125 0.2363238512035011 0.3828125 0.2363238512035011 0.3765625 0.24288840262582057 0.371875 0.24726477024070023 0.371875 0.24726477024070023 0.36875 0.25164113785557984 0.3671875 0.25164113785557984 0.3609375 0.25820568927789933 0.35625 0.26258205689277897 0.35625 0.24945295404814005 0.346875 0.24945295404814005 0.3484375 0.24726477024070023 0.35 0.21663019693654267 0.35
2 0.1422319474835886 0.253125 0.1400437636761488 0.25625 0.11597374179431072 0.25625 0.1137855579868709 0.2609375 0.10065645514223195 0.2609375 0.09846827133479212 0.2640625 0.08971553610503283 0.2640625 0.087527352297593 0.2671875 0.08096280087527352 0.2671875 0.0787746170678337 0.271875 0.0700218818380744 0.271875 0.06783369803063458 0.275 0.06345733041575492 0.275 0.06345733041575492 0.278125 0.05470459518599562 0.2828125 0.05470459518599562 0.2890625 0.04814004376367615 0.290625 0.04814004376367615 0.296875 0.0437636761487965 0.2984375 0.0437636761487965 0.3078125 0.037199124726477024 0.309375 0.037199124726477024 0.3296875 0.0437636761487965 0.33125 0.0437636761487965 0.3375 0.04814004376367615 0.340625 0.05689277899343545 0.340625 0.05908096280087528 0.3453125 0.07221006564551423 0.3453125 0.07439824945295405 0.340625 0.09409190371991247 0.340625 0.10065645514223195 0.334375 0.1575492341356674 0.334375 0.15973741794310722 0.3296875 0.18818380743982493 0.3296875 0.19037199124726478 0.3265625 0.20350109409190373 0.3265625 0.20350109409190373 0.3234375 0.2100656455142232 0.321875 0.212253829321663 0.31875 0.2210065645514223 0.31875 0.23194748358862144 0.3078125 0.2363238512035011 0.3078125 0.2363238512035011 0.2859375 0.24070021881838075 0.284375 0.24070021881838075 0.2671875 0.24726477024070023 0.265625 0.24726477024070023 0.2640625 0.24288840262582057 0.2640625 0.24070021881838075 0.2609375 0.23194748358862144 0.2609375 0.22975929978118162 0.25625 0.21663019693654267 0.25625 0.21444201312910285 0.253125 0.2013129102844639 0.253125 0.19912472647702406 0.2484375 0.17943107221006566 0.2484375 0.17943107221006566 0.2515625 0.175054704595186 0.253125 0.17286652078774617 0.2484375 0.16849015317286653 0.2484375 0.16849015317286653 0.25 0.16630196936542668 0.253125 0.1422319474835886 0.253125
2 0.8643326039387309 0.1546875 0.8643326039387309 0.1578125 0.849015317286652 0.165625 0.8468271334792122 0.1703125 0.8424507658643327 0.1703125 0.838074398249453 0.1734375 0.8358862144420132 0.178125 0.8271334792122538 0.178125 0.8227571115973742 0.18125 0.8227571115973742 0.1875 0.8161925601750547 0.1890625 0.8161925601750547 0.1984375 0.811816192560175 0.2 0.811816192560175 0.20625 0.8074398249452954 0.2078125 0.8074398249452954 0.2328125 0.8008752735229759 0.234375 0.8008752735229759 0.24375 0.7964989059080962 0.2453125 0.7964989059080962 0.278125 0.7899343544857768 0.2796875 0.7899343544857768 0.3 0.7964989059080962 0.3015625 0.7964989059080962 0.3296875 0.8008752735229759 0.33125 0.8008752735229759 0.3375 0.8074398249452954 0.3390625 0.8074398249452954 0.3453125 0.811816192560175 0.346875 0.811816192560175 0.371875 0.8227571115973742 0.3765625 0.8227571115973742 0.3796875 0.8402625820568927 0.3796875 0.8424507658643327 0.38125 0.8424507658643327 0.3859375 0.849015317286652 0.3875 0.849015317286652 0.4015625 0.8599562363238512 0.40625 0.8599562363238512 0.4125 0.8643326039387309 0.4140625 0.8643326039387309 0.4171875 0.8687089715536105 0.4203125 0.899343544857768 0.4203125 0.9059080962800875 0.4125 0.9102844638949672 0.4125 0.912472647702407 0.4046875 0.9190371991247265 0.4046875 0.9212253829321663 0.409375 0.925601750547046 0.409375 0.9277899343544858 0.4125 0.9409190371991247 0.4125 0.9474835886214442 0.4046875 0.9518599562363238 0.4046875 0.9518599562363238 0.4 0.9562363238512035 0.3984375 0.9584245076586433 0.390625 0.9824945295404814 0.390625 0.9824945295404814 0.384375 0.9890590809628009 0.3828125 0.9890590809628009 0.36875 0.9934354485776805 0.3671875 0.9934354485776805 0.3609375 0.9978118161925602 0.359375 0.9978118161925602 0.2609375 0.9934354485776805 0.259375 0.9934354485776805 0.2484375 0.9890590809628009 0.2453125 0.9846827133479212 0.2453125 0.9781181619256017 0.2375 0.973741794310722 0.2375 0.9671772428884027 0.2328125 0.9671772428884027 0.2296875 0.962800875273523 0.228125 0.962800875273523 0.221875 0.9584245076586433 0.221875 0.9518599562363238 0.2171875 0.9518599562363238 0.2109375 0.9474835886214442 0.2109375 0.9409190371991247 0.20625 0.9409190371991247 0.203125 0.936542669584245 0.2015625 0.936542669584245 0.196875 0.9321663019693655 0.196875 0.9299781181619255 0.1921875 0.925601750547046 0.190625 0.925601750547046 0.184375 0.9190371991247265 0.1828125 0.9190371991247265 0.159375 0.9146608315098468 0.1578125 0.9146608315098468 0.1546875 0.9102844638949672 0.1515625 0.8905908096280087 0.1515625 0.8905908096280087 0.153125 0.888402625820569 0.1546875 0.8643326039387309 0.1546875
2 0.8862144420131292 0.4515625 0.8840262582056893 0.45625 0.87527352297593 0.45625 0.8730853391684902 0.459375 0.8687089715536105 0.459375 0.8687089715536105 0.465625 0.8643326039387309 0.4671875 0.8643326039387309 0.484375 0.8687089715536105 0.4859375 0.8687089715536105 0.4921875 0.8774617067833698 0.4921875 0.8796498905908097 0.4953125 0.8840262582056893 0.4953125 0.8949671772428884 0.50625 0.9190371991247265 0.50625 0.9212253829321663 0.5109375 0.925601750547046 0.5109375 0.9277899343544858 0.5140625 0.936542669584245 0.5140625 0.9387308533916849 0.51875 0.9562363238512035 0.51875 0.9584245076586433 0.521875 0.9934354485776805 0.521875 0.9978118161925602 0.51875 0.9978118161925602 0.48125 0.9934354485776805 0.478125 0.9846827133479212 0.478125 0.9781181619256017 0.4734375 0.9781181619256017 0.4703125 0.973741794310722 0.4703125 0.9671772428884027 0.465625 0.9671772428884027 0.4625 0.962800875273523 0.459375 0.9584245076586433 0.459375 0.9562363238512035 0.45625 0.9474835886214442 0.45625 0.9452954048140044 0.4515625 0.9321663019693655 0.4515625 0.9299781181619255 0.4484375 0.9015317286652079 0.4484375 0.9015317286652079 0.45 0.899343544857768 0.4515625 0.8862144420131292 0.4515625
2 0.7330415754923414 0.4 0.7308533916849015 0.403125 0.7264770240700219 0.403125 0.7264770240700219 0.409375 0.7221006564551422 0.4109375 0.7199124726477024 0.41875 0.7111597374179431 0.41875 0.7089715536105032 0.421875 0.700218818380744 0.421875 0.6980306345733042 0.425 0.6914660831509847 0.425 0.6892778993435449 0.4296875 0.6849015317286652 0.4296875 0.6805251641137856 0.4328125 0.6805251641137856 0.4390625 0.6739606126914661 0.440625 0.6739606126914661 0.45 0.6695842450765864 0.4515625 0.6695842450765864 0.4921875 0.6739606126914661 0.49375 0.6739606126914661 0.4984375 0.6805251641137856 0.5 0.6805251641137856 0.5109375 0.6849015317286652 0.5125 0.6849015317286652 0.51875 0.6936542669584245 0.51875 0.6958424507658644 0.521875 0.7045951859956237 0.521875 0.7067833698030634 0.525 0.7155361050328227 0.525 0.7177242888402626 0.521875 0.7308533916849015 0.521875 0.7330415754923414 0.51875 0.7417943107221007 0.51875 0.7461706783369803 0.521875 0.7483588621444202 0.5140625 0.7680525164113785 0.5140625 0.7702407002188184 0.51875 0.7724288840262582 0.51875 0.774617067833698 0.5140625 0.787746170678337 0.5140625 0.7899343544857768 0.5109375 0.8205689277899344 0.5109375 0.8227571115973742 0.50625 0.8358862144420132 0.50625 0.8424507658643327 0.4984375 0.8468271334792122 0.4984375 0.8468271334792122 0.48125 0.8512035010940919 0.4796875 0.8512035010940919 0.4703125 0.8468271334792122 0.4671875 0.8512035010940919 0.465625 0.8512035010940919 0.459375 0.862144420131291 0.4546875 0.862144420131291 0.4484375 0.8665207877461707 0.446875 0.8665207877461707 0.440625 0.862144420131291 0.4390625 0.862144420131291 0.4328125 0.8577680525164114 0.43125 0.8577680525164114 0.425 0.8512035010940919 0.4234375 0.8512035010940919 0.41875 0.8468271334792122 0.4171875 0.8468271334792122 0.4140625 0.8424507658643327 0.4140625 0.8402625820568927 0.4109375 0.8336980306345733 0.4109375 0.8315098468271335 0.40625 0.8227571115973742 0.40625 0.8205689277899344 0.403125 0.811816192560175 0.403125 0.8052516411378556 0.3984375 0.8052516411378556 0.3953125 0.7964989059080962 0.3953125 0.7943107221006565 0.4 0.7636761487964989 0.4 0.7614879649890591 0.3953125 0.7439824945295405 0.3953125 0.7439824945295405 0.396875 0.7417943107221007 0.4 0.7330415754923414 0.4
2 0.973741794310722 0.3953125 0.9715536105032823 0.4 0.9584245076586433 0.4 0.9584245076586433 0.4046875 0.9540481400437637 0.40625 0.9540481400437637 0.4125 0.9474835886214442 0.4140625 0.9474835886214442 0.4171875 0.9409190371991247 0.421875 0.9321663019693655 0.421875 0.9299781181619255 0.41875 0.9212253829321663 0.41875 0.9212253829321663 0.43125 0.9277899343544858 0.4328125 0.9277899343544858 0.4390625 0.9321663019693655 0.440625 0.9321663019693655 0.446875 0.9299781181619255 0.4484375 0.9015317286652079 0.4484375 0.899343544857768 0.4515625 0.8862144420131292 0.4515625 0.8840262582056893 0.45625 0.87527352297593 0.45625 0.8730853391684902 0.459375 0.8687089715536105 0.459375 0.8687089715536105 0.465625 0.8643326039387309 0.4671875 0.8643326039387309 0.4796875 0.8687089715536105 0.48125 0.8687089715536105 0.4875 0.87527352297593 0.4890625 0.87527352297593 0.4921875 0.8796498905908097 0.4953125 0.8840262582056893 0.4953125 0.8862144420131292 0.4984375 0.8927789934354485 0.4984375 0.8949671772428884 0.503125 0.899343544857768 0.503125 0.9015317286652079 0.50625 0.9190371991247265 0.50625 0.9212253829321663 0.5109375 0.9299781181619255 0.5109375 0.9321663019693655 0.5140625 0.9409190371991247 0.5140625 0.9431072210065645 0.51875 0.962800875273523 0.51875 0.9649890590809628 0.521875 0.9934354485776805 0.521875 0.9978118161925602 0.51875 0.9978118161925602 0.4484375 0.9934354485776805 0.446875 0.9934354485776805 0.440625 0.9978118161925602 0.4390625 0.9978118161925602 0.3921875 0.9912472647702407 0.3921875 0.9912472647702407 0.39375 0.9890590809628009 0.3953125 0.973741794310722 0.3953125
2 0.7964989059080962 0.740625 0.7964989059080962 0.74375 0.7899343544857768 0.7453125 0.7855579868708972 0.7484375 0.7855579868708972 0.7515625 0.774617067833698 0.75625 0.774617067833698 0.759375 0.7680525164113785 0.7640625 0.7636761487964989 0.7640625 0.7592997811816192 0.7671875 0.7571115973741794 0.771875 0.7483588621444202 0.771875 0.7461706783369803 0.775 0.737417943107221 0.775 0.7352297592997812 0.7796875 0.7067833698030634 0.7796875 0.7045951859956237 0.775 0.700218818380744 0.775 0.6980306345733042 0.7796875 0.6914660831509847 0.7796875 0.6892778993435449 0.7828125 0.6739606126914661 0.7828125 0.6630196936542669 0.79375 0.6586433260393874 0.79375 0.6586433260393874 0.8 0.6477024070021882 0.8015625 0.6411378555798687 0.809375 0.6280087527352297 0.809375 0.6258205689277899 0.8125 0.6214442013129103 0.8125 0.6192560175054704 0.809375 0.5842450765864332 0.809375 0.5798687089715536 0.8125 0.5798687089715536 0.815625 0.5754923413566739 0.8171875 0.5754923413566739 0.821875 0.5689277899343544 0.8234375 0.5689277899343544 0.8484375 0.5754923413566739 0.85 0.5754923413566739 0.8640625 0.5798687089715536 0.865625 0.5798687089715536 0.871875 0.5842450765864332 0.875 0.5886214442013129 0.875 0.5951859956236324 0.8828125 0.5995623632385121 0.8828125 0.6061269146608315 0.8875 0.6061269146608315 0.890625 0.6258205689277899 0.890625 0.6280087527352297 0.89375 0.6367614879649891 0.89375 0.6389496717724289 0.8984375 0.6477024070021882 0.9046875 0.6630196936542669 0.9046875 0.6717724288840262 0.8984375 0.6717724288840262 0.8921875 0.6783369803063457 0.890625 0.6783369803063457 0.884375 0.6827133479212254 0.8828125 0.6827133479212254 0.8734375 0.6892778993435449 0.871875 0.6892778993435449 0.865625 0.6936542669584245 0.8640625 0.6936542669584245 0.8609375 0.700218818380744 0.85625 0.7045951859956237 0.85625 0.7045951859956237 0.85 0.7111597374179431 0.8453125 0.7155361050328227 0.8453125 0.7155361050328227 0.8421875 0.7221006564551422 0.8375 0.7308533916849015 0.8375 0.737417943107221 0.8296875 0.7417943107221007 0.8296875 0.7461706783369803 0.8265625 0.7483588621444202 0.821875 0.7614879649890591 0.821875 0.7636761487964989 0.81875 0.7724288840262582 0.81875 0.774617067833698 0.815625 0.7833698030634574 0.815625 0.7855579868708972 0.8109375 0.8096280087527352 0.8109375 0.811816192560175 0.8078125 0.824945295404814 0.8078125 0.8271334792122538 0.803125 0.8358862144420132 0.803125 0.8358862144420132 0.7984375 0.8402625820568927 0.796875 0.8402625820568927 0.790625 0.8468271334792122 0.7890625 0.8468271334792122 0.771875 0.8402625820568927 0.7703125 0.8402625820568927 0.7453125 0.8358862144420132 0.74375 0.8358862144420132 0.740625 0.8227571115973742 0.740625 0.8205689277899344 0.7375 0.811816192560175 0.7375 0.811816192560175 0.7390625 0.8096280087527352 0.740625 0.7964989059080962 0.740625
2 0.20350109409190373 0.165625 0.19474835886214442 0.165625 0.19474835886214442 0.16875 0.18818380743982493 0.1734375 0.17943107221006566 0.1734375 0.1772428884026258 0.178125 0.15973741794310722 0.178125 0.1575492341356674 0.18125 0.15317286652078774 0.18125 0.14660831509846828 0.1890625 0.1422319474835886 0.1890625 0.1422319474835886 0.1984375 0.13566739606126915 0.203125 0.12691466083150985 0.203125 0.12472647702407003 0.2078125 0.11597374179431072 0.2078125 0.11597374179431072 0.2140625 0.11159737417943107 0.215625 0.11159737417943107 0.2203125 0.10722100656455143 0.221875 0.10722100656455143 0.228125 0.10065645514223195 0.2296875 0.10065645514223195 0.246875 0.0962800875273523 0.2484375 0.0962800875273523 0.2515625 0.10065645514223195 0.253125 0.10065645514223195 0.259375 0.1137855579868709 0.259375 0.11597374179431072 0.2546875 0.14660831509846828 0.2546875 0.1487964989059081 0.2515625 0.1772428884026258 0.2515625 0.17943107221006566 0.246875 0.1838074398249453 0.246875 0.18599562363238512 0.2515625 0.2100656455142232 0.2515625 0.212253829321663 0.2546875 0.22538293216630198 0.2546875 0.2275711159737418 0.259375 0.25164113785557984 0.259375 0.25164113785557984 0.25625 0.25820568927789933 0.2515625 0.26258205689277897 0.2515625 0.26258205689277897 0.2484375 0.26914660831509846 0.24375 0.2735229759299781 0.24375 0.2735229759299781 0.2265625 0.26695842450765866 0.225 0.26695842450765866 0.21875 0.26258205689277897 0.2171875 0.26258205689277897 0.2078125 0.25601750547045954 0.20625 0.25601750547045954 0.1921875 0.25164113785557984 0.190625 0.25164113785557984 0.178125 0.24726477024070023 0.1765625 0.24726477024070023 0.1734375 0.24288840262582057 0.1734375 0.2363238512035011 0.16875 0.2363238512035011 0.1625 0.23194748358862144 0.1625 0.22975929978118162 0.159375 0.212253829321663 0.159375 0.212253829321663 0.1609375 0.20568927789934355 0.1625 0.20350109409190373 0.165625
2 0.5995623632385121 0.1515625 0.5908096280087527 0.1515625 0.5886214442013129 0.1546875 0.5842450765864332 0.1546875 0.5842450765864332 0.1578125 0.5733041575492341 0.165625 0.5689277899343544 0.165625 0.5689277899343544 0.16875 0.562363238512035 0.1734375 0.5579868708971554 0.1734375 0.5579868708971554 0.1765625 0.5470459518599562 0.184375 0.5426695842450766 0.184375 0.5426695842450766 0.1875 0.5361050328227571 0.1921875 0.5317286652078774 0.1921875 0.5317286652078774 0.1953125 0.5229759299781181 0.2 0.5229759299781181 0.20625 0.5164113785557987 0.2078125 0.5164113785557987 0.225 0.5229759299781181 0.2265625 0.5229759299781181 0.2328125 0.5273522975929978 0.234375 0.5273522975929978 0.2390625 0.5317286652078774 0.240625 0.5317286652078774 0.24375 0.5404814004376368 0.24375 0.5426695842450766 0.246875 0.5514223194748359 0.246875 0.5536105032822757 0.2515625 0.5820568927789934 0.2515625 0.5820568927789934 0.2484375 0.5929978118161926 0.24375 0.5951859956236324 0.2390625 0.5995623632385121 0.2390625 0.5995623632385121 0.234375 0.6039387308533917 0.2328125 0.6039387308533917 0.2265625 0.6105032822757112 0.225 0.6105032822757112 0.221875 0.6170678336980306 0.2171875 0.6258205689277899 0.2171875 0.6280087527352297 0.2140625 0.6367614879649891 0.2140625 0.6367614879649891 0.2078125 0.6411378555798687 0.20625 0.6411378555798687 0.2 0.6477024070021882 0.1953125 0.6520787746170679 0.1953125 0.6520787746170679 0.1890625 0.6564551422319475 0.1875 0.6564551422319475 0.1734375 0.6630196936542669 0.171875 0.6630196936542669 0.1546875 0.6586433260393874 0.1546875 0.6520787746170679 0.15 0.6520787746170679 0.146875 0.6477024070021882 0.146875 0.6455142231947484 0.14375 0.6389496717724289 0.14375 0.6367614879649891 0.140625 0.612691466083151 0.140625 0.612691466083151 0.1421875 0.6017505470459519 0.146875 0.5995623632385121 0.1515625
2 0.7855579868708972 0.6703125 0.7833698030634574 0.6734375 0.774617067833698 0.6734375 0.774617067833698 0.6796875 0.7789934354485777 0.6828125 0.7702407002188184 0.6890625 0.7702407002188184 0.6953125 0.7636761487964989 0.696875 0.7636761487964989 0.70625 0.7592997811816192 0.7078125 0.7592997811816192 0.7171875 0.7483588621444202 0.721875 0.7483588621444202 0.728125 0.7439824945295405 0.7296875 0.7417943107221007 0.734375 0.737417943107221 0.734375 0.737417943107221 0.7390625 0.7330415754923414 0.740625 0.7330415754923414 0.746875 0.7264770240700219 0.7484375 0.7264770240700219 0.7546875 0.7221006564551422 0.75625 0.7221006564551422 0.7703125 0.7264770240700219 0.7734375 0.7417943107221007 0.7734375 0.7439824945295405 0.7703125 0.75054704595186 0.7703125 0.75054704595186 0.7671875 0.7571115973741794 0.765625 0.7636761487964989 0.759375 0.7680525164113785 0.759375 0.7680525164113785 0.75625 0.7768052516411379 0.7515625 0.7789934354485777 0.746875 0.7833698030634574 0.746875 0.787746170678337 0.74375 0.7899343544857768 0.7390625 0.7986870897155361 0.7390625 0.8074398249452954 0.7328125 0.8140043763676149 0.7328125 0.8140043763676149 0.7109375 0.824945295404814 0.70625 0.8271334792122538 0.7015625 0.8358862144420132 0.7015625 0.838074398249453 0.6984375 0.8512035010940919 0.6984375 0.8533916849015317 0.6953125 0.8730853391684902 0.6953125 0.8730853391684902 0.6921875 0.8796498905908097 0.6875 0.8840262582056893 0.6875 0.8840262582056893 0.678125 0.8774617067833698 0.6765625 0.8774617067833698 0.6734375 0.8730853391684902 0.6703125 0.8643326039387309 0.6703125 0.862144420131291 0.665625 0.8161925601750547 0.665625 0.8161925601750547 0.6671875 0.8140043763676149 0.6703125 0.7855579868708972 0.6703125
2 0 0.9609375 0.015317286652078774 0.9609375 0.0175054704595186 0.9578125 0.0262582056892779 0.9578125 0.03282275711159737 0.95 0.04157549234135667 0.95 0.0437636761487965 0.946875 0.0525164113785558 0.946875 0.05470459518599562 0.9421875 0.06783369803063458 0.9421875 0.0700218818380744 0.9390625 0.0787746170678337 0.9390625 0.08096280087527352 0.9359375 0.09409190371991247 0.9359375 0.0962800875273523 0.93125 0.1137855579868709 0.93125 0.11597374179431072 0.928125 0.1400437636761488 0.928125 0.1422319474835886 0.9234375 0.20350109409190373 0.9234375 0.20350109409190373 0.921875 0.19912472647702406 0.9203125 0.19912472647702406 0.9140625 0.19474835886214442 0.9140625 0.18818380743982493 0.909375 0.18818380743982493 0.90625 0.1838074398249453 0.903125 0.17943107221006566 0.903125 0.1772428884026258 0.9 0.16849015317286653 0.9 0.16192560175054704 0.8921875 0.15098468271334792 0.890625 0.15098468271334792 0.8875 0.13785557986870897 0.8875 0.13566739606126915 0.884375 0.11597374179431072 0.884375 0.1137855579868709 0.88125 0.0962800875273523 0.88125 0.09409190371991247 0.8765625 0.04814004376367615 0.8765625 0.045951859956236324 0.8734375 0 0.8734375 0 0.875 0 0.9609375
2 0.7330415754923414 0.515625 0.7308533916849015 0.5203125 0.7221006564551422 0.5203125 0.7067833698030634 0.53125 0.7067833698030634 0.5375 0.700218818380744 0.5390625 0.700218818380744 0.5515625 0.7067833698030634 0.553125 0.7067833698030634 0.559375 0.7111597374179431 0.5625 0.7352297592997812 0.5625 0.737417943107221 0.559375 0.7461706783369803 0.559375 0.7483588621444202 0.55625 0.7680525164113785 0.55625 0.7702407002188184 0.5515625 0.7768052516411379 0.5515625 0.7789934354485777 0.5484375 0.7943107221006565 0.5484375 0.7964989059080962 0.54375 0.8096280087527352 0.54375 0.811816192560175 0.540625 0.8315098468271335 0.540625 0.838074398249453 0.5328125 0.8468271334792122 0.5328125 0.8468271334792122 0.5125 0.7527352297592997 0.5125 0.7527352297592997 0.5140625 0.75054704595186 0.515625 0.7330415754923414 0.515625
2 0.5120350109409191 0.9140625 0.5098468271334792 0.91875 0.5010940919037199 0.91875 0.4989059080962801 0.921875 0.49015317286652077 0.921875 0.48358862144420134 0.9296875 0.47921225382932164 0.9296875 0.474835886214442 0.9328125 0.474835886214442 0.9359375 0.47045951859956237 0.9375 0.47045951859956237 0.9421875 0.4638949671772429 0.94375 0.4638949671772429 0.95 0.45951859956236324 0.9515625 0.45951859956236324 0.9578125 0.45295404814004375 0.959375 0.45295404814004375 0.965625 0.4485776805251641 0.9671875 0.4485776805251641 0.9765625 0.45951859956236324 0.98125 0.45951859956236324 0.9984375 0.5251641137855579 0.9984375 0.5273522975929978 0.9953125 0.5361050328227571 0.9953125 0.5382932166301969 0.9984375 0.6520787746170679 0.9984375 0.6542669584245077 0.9953125 0.6673960612691466 0.9953125 0.6695842450765864 0.9921875 0.6783369803063457 0.9921875 0.6783369803063457 0.975 0.6717724288840262 0.9734375 0.6717724288840262 0.95625 0.6673960612691466 0.9546875 0.6673960612691466 0.9375 0.6630196936542669 0.9359375 0.6630196936542669 0.9328125 0.6542669584245077 0.9328125 0.6520787746170679 0.9296875 0.6433260393873085 0.9296875 0.6367614879649891 0.921875 0.6280087527352297 0.921875 0.6258205689277899 0.91875 0.6170678336980306 0.91875 0.6148796498905909 0.9140625 0.5908096280087527 0.9140625 0.5886214442013129 0.9109375 0.5798687089715536 0.9109375 0.5798687089715536 0.9125 0.5776805251641138 0.9140625 0.5120350109409191 0.9140625
2 0 0.9984375 0.0262582056892779 0.9984375 0.030634573304157548 0.9953125 0.03282275711159737 0.9984375 0.06783369803063458 0.9984375 0.07221006564551423 0.9953125 0.07439824945295405 0.9984375 0.1925601750547046 0.9984375 0.19474835886214442 0.9953125 0.19912472647702406 0.9953125 0.2013129102844639 0.9984375 0.21444201312910285 0.9984375 0.21444201312910285 0.9890625 0.2100656455142232 0.9875 0.2100656455142232 0.978125 0.21444201312910285 0.9765625 0.21444201312910285 0.9703125 0.22538293216630198 0.96875 0.23194748358862144 0.9609375 0.2363238512035011 0.9609375 0.24288840262582057 0.9546875 0.24726477024070023 0.9546875 0.24726477024070023 0.9515625 0.24288840262582057 0.9515625 0.2363238512035011 0.946875 0.2363238512035011 0.94375 0.2275711159737418 0.94375 0.2210065645514223 0.9375 0.21663019693654267 0.9375 0.21444201312910285 0.9328125 0.20568927789934355 0.9328125 0.20350109409190373 0.9296875 0.17943107221006566 0.9296875 0.1772428884026258 0.925 0.16849015317286653 0.925 0.16849015317286653 0.9265625 0.16630196936542668 0.9296875 0.13785557986870897 0.9296875 0.13566739606126915 0.9328125 0.11597374179431072 0.9328125 0.1137855579868709 0.9375 0.0962800875273523 0.9375 0.09409190371991247 0.940625 0.08096280087527352 0.940625 0.0787746170678337 0.94375 0.0700218818380744 0.94375 0.06783369803063458 0.9484375 0.04814004376367615 0.9484375 0.045951859956236324 0.9515625 0.037199124726477024 0.9515625 0.037199124726477024 0.9546875 0.030634573304157548 0.959375 0.02188183807439825 0.959375 0.019693654266958426 0.9625 0.010940919037199124 0.9625 0.0087527352297593 0.9671875 0 0.9671875 0 0.9984375
1 0.15973741794310722 0.503125 0.16849015317286653 0.5078125 0.16849015317286653 0.5109375 0.1925601750547046 0.5109375 0.19474835886214442 0.50625 0.19912472647702406 0.50625 0.19912472647702406 0.5 0.20350109409190373 0.4984375 0.20350109409190373 0.49375 0.19912472647702406 0.4921875 0.19912472647702406 0.4890625 0.19474835886214442 0.4890625 0.18818380743982493 0.484375 0.18818380743982493 0.48125 0.16411378555798686 0.48125 0.16411378555798686 0.4828125 0.15973741794310722 0.4859375 0.15973741794310722 0.503125
1 0.12691466083150985 0.421875 0.12253829321663019 0.425 0.12253829321663019 0.43125 0.11597374179431072 0.4328125 0.11597374179431072 0.4609375 0.12253829321663019 0.4625 0.12253829321663019 0.46875 0.12691466083150985 0.4703125 0.12691466083150985 0.4734375 0.13129102844638948 0.4734375 0.1422319474835886 0.48125 0.1422319474835886 0.484375 0.15098468271334792 0.484375 0.15317286652078774 0.4875 0.15973741794310722 0.4890625 0.15973741794310722 0.503125 0.16411378555798686 0.50625 0.17286652078774617 0.50625 0.175054704595186 0.5109375 0.18818380743982493 0.5109375 0.18818380743982493 0.5078125 0.19474835886214442 0.503125 0.19912472647702406 0.503125 0.19912472647702406 0.496875 0.20350109409190373 0.4953125 0.19912472647702406 0.4921875 0.19912472647702406 0.4890625 0.20350109409190373 0.4875 0.20350109409190373 0.4703125 0.2100656455142232 0.46875 0.2100656455142232 0.45625 0.20350109409190373 0.4546875 0.20350109409190373 0.440625 0.2100656455142232 0.4390625 0.2100656455142232 0.425 0.20568927789934355 0.425 0.20350109409190373 0.421875 0.16411378555798686 0.421875 0.16192560175054704 0.41875 0.15317286652078774 0.41875 0.15098468271334792 0.4140625 0.13785557986870897 0.4140625 0.13785557986870897 0.415625 0.13129102844638948 0.421875 0.12691466083150985 0.421875
1 0.5207877461706784 0.03125 0.5164113785557987 0.03125 0.5164113785557987 0.0375 0.5120350109409191 0.040625 0.5164113785557987 0.0421875 0.5164113785557987 0.0515625 0.5229759299781181 0.053125 0.5229759299781181 0.059375 0.5273522975929978 0.0625 0.5361050328227571 0.0625 0.5382932166301969 0.0671875 0.5886214442013129 0.0671875 0.5886214442013129 0.0640625 0.5951859956236324 0.059375 0.6039387308533917 0.059375 0.6061269146608315 0.05625 0.6192560175054704 0.05625 0.6192560175054704 0.0390625 0.6148796498905909 0.0375 0.6148796498905909 0.034375 0.5908096280087527 0.034375 0.5886214442013129 0.03125 0.5536105032822757 0.03125 0.5514223194748359 0.0265625 0.5426695842450766 0.0265625 0.5404814004376368 0.0234375 0.5317286652078774 0.0234375 0.5317286652078774 0.025 0.5229759299781181 0.0265625 0.5207877461706784 0.03125
1 0.13347921225382933 0.41875 0.13129102844638948 0.421875 0.12691466083150985 0.421875 0.12253829321663019 0.425 0.12253829321663019 0.43125 0.11597374179431072 0.4328125 0.11597374179431072 0.4609375 0.12253829321663019 0.4625 0.12253829321663019 0.46875 0.12691466083150985 0.4703125 0.12691466083150985 0.4734375 0.13129102844638948 0.4734375 0.13785557986870897 0.4796875 0.14660831509846828 0.4796875 0.1487964989059081 0.484375 0.16192560175054704 0.484375 0.16411378555798686 0.4796875 0.17286652078774617 0.4796875 0.1772428884026258 0.4765625 0.1772428884026258 0.4625 0.17286652078774617 0.4609375 0.17286652078774617 0.4515625 0.16630196936542668 0.45 0.16630196936542668 0.421875 0.15973741794310722 0.421875 0.1575492341356674 0.41875 0.1487964989059081 0.41875 0.14660831509846828 0.4140625 0.1422319474835886 0.4140625 0.1422319474835886 0.415625 0.1400437636761488 0.41875 0.13347921225382933 0.41875
1 0.6805251641137856 0.60625 0.6783369803063457 0.609375 0.6389496717724289 0.609375 0.6367614879649891 0.60625 0.6061269146608315 0.60625 0.6039387308533917 0.609375 0.5842450765864332 0.609375 0.5820568927789934 0.6140625 0.5645514223194749 0.6140625 0.562363238512035 0.6171875 0.5492341356673961 0.6171875 0.5382932166301969 0.625 0.5382932166301969 0.63125 0.5317286652078774 0.6328125 0.5317286652078774 0.65 0.5251641137855579 0.6546875 0.5120350109409191 0.6546875 0.5098468271334792 0.659375 0.5054704595185996 0.659375 0.5010940919037199 0.6625 0.5010940919037199 0.6875 0.5054704595185996 0.6890625 0.5054704595185996 0.6984375 0.5120350109409191 0.7 0.5120350109409191 0.70625 0.5164113785557987 0.7078125 0.5164113785557987 0.7171875 0.5229759299781181 0.71875 0.5229759299781181 0.725 0.5273522975929978 0.7265625 0.5273522975929978 0.7328125 0.5317286652078774 0.734375 0.5317286652078774 0.7390625 0.5361050328227571 0.7390625 0.5382932166301969 0.74375 0.5426695842450766 0.746875 0.5470459518599562 0.746875 0.5492341356673961 0.7515625 0.5579868708971554 0.75625 0.5579868708971554 0.759375 0.5645514223194749 0.7609375 0.5645514223194749 0.765625 0.5689277899343544 0.7671875 0.5689277899343544 0.7734375 0.5733041575492341 0.7734375 0.5754923413566739 0.778125 0.5842450765864332 0.784375 0.5908096280087527 0.7859375 0.5908096280087527 0.796875 0.5951859956236324 0.8 0.6367614879649891 0.8 0.6477024070021882 0.7890625 0.6520787746170679 0.7890625 0.6520787746170679 0.7828125 0.6586433260393874 0.778125 0.6630196936542669 0.778125 0.6630196936542669 0.775 0.6695842450765864 0.7703125 0.6783369803063457 0.7703125 0.6783369803063457 0.7671875 0.6936542669584245 0.759375 0.6936542669584245 0.75625 0.700218818380744 0.7515625 0.7089715536105032 0.7515625 0.7111597374179431 0.746875 0.7155361050328227 0.746875 0.7155361050328227 0.740625 0.7199124726477024 0.7390625 0.7199124726477024 0.734375 0.7242888402625821 0.7328125 0.7264770240700219 0.728125 0.7308533916849015 0.728125 0.7352297592997812 0.725 0.737417943107221 0.7203125 0.7417943107221007 0.7203125 0.7417943107221007 0.715625 0.7461706783369803 0.7140625 0.7461706783369803 0.7078125 0.75054704595186 0.70625 0.75054704595186 0.696875 0.7571115973741794 0.6953125 0.7571115973741794 0.678125 0.7614879649890591 0.6765625 0.7614879649890591 0.640625 0.7571115973741794 0.6390625 0.7571115973741794 0.625 0.75054704595186 0.6234375 0.75054704595186 0.6171875 0.7439824945295405 0.6171875 0.7417943107221007 0.6140625 0.7352297592997812 0.6125 0.7352297592997812 0.609375 0.7264770240700219 0.609375 0.7242888402625821 0.60625 0.7111597374179431 0.60625 0.7089715536105032 0.6015625 0.7067833698030634 0.6015625 0.7067833698030634 0.603125 0.7045951859956237 0.60625 0.6805251641137856 0.60625
1 0.05470459518599562 0.4625 0.0525164113785558 0.4671875 0.0437636761487965 0.4671875 0.028446389496717725 0.478125 0.028446389496717725 0.50625 0.03282275711159737 0.5078125 0.03282275711159737 0.5140625 0.037199124726477024 0.515625 0.037199124726477024 0.51875 0.04157549234135667 0.51875 0.0437636761487965 0.521875 0.07221006564551423 0.521875 0.07439824945295405 0.51875 0.08315098468271334 0.51875 0.08315098468271334 0.515625 0.08971553610503283 0.5109375 0.09409190371991247 0.5109375 0.09409190371991247 0.475 0.087527352297593 0.4734375 0.087527352297593 0.4671875 0.08315098468271334 0.465625 0.08315098468271334 0.4625 0.07439824945295405 0.4625 0.0700218818380744 0.459375 0.0700218818380744 0.4609375 0.06783369803063458 0.4625 0.05470459518599562 0.4625
1 0.17286652078774617 0.425 0.16849015317286653 0.425 0.16849015317286653 0.4546875 0.175054704595186 0.45625 0.175054704595186 0.465625 0.17943107221006566 0.4671875 0.17943107221006566 0.4734375 0.18818380743982493 0.4734375 0.19037199124726478 0.4765625 0.20350109409190373 0.4765625 0.20350109409190373 0.4703125 0.2100656455142232 0.46875 0.2100656455142232 0.4515625 0.20568927789934355 0.4515625 0.20350109409190373 0.4484375 0.2100656455142232 0.446875 0.2100656455142232 0.4375 0.21444201312910285 0.4359375 0.21444201312910285 0.421875 0.20568927789934355 0.421875 0.20350109409190373 0.41875 0.18599562363238512 0.41875 0.18599562363238512 0.4203125 0.175054704595186 0.421875 0.17286652078774617 0.425
1 0.5382932166301969 0.534375 0.5361050328227571 0.5390625 0.5273522975929978 0.5390625 0.5251641137855579 0.5421875 0.5054704595185996 0.5421875 0.5032822757111597 0.5453125 0.47921225382932164 0.5453125 0.47921225382932164 0.5484375 0.47045951859956237 0.553125 0.47045951859956237 0.559375 0.4638949671772429 0.5609375 0.4638949671772429 0.5703125 0.45951859956236324 0.571875 0.45951859956236324 0.58125 0.4638949671772429 0.5828125 0.4638949671772429 0.5859375 0.47045951859956237 0.5875 0.47045951859956237 0.59375 0.474835886214442 0.5953125 0.474835886214442 0.6046875 0.48358862144420134 0.6046875 0.48577680525164113 0.6078125 0.5032822757111597 0.6078125 0.5054704595185996 0.6125 0.5120350109409191 0.6140625 0.5120350109409191 0.61875 0.5404814004376368 0.61875 0.5426695842450766 0.615625 0.5514223194748359 0.615625 0.5536105032822757 0.6125 0.5667396061269147 0.6125 0.5689277899343544 0.6078125 0.5886214442013129 0.6078125 0.5908096280087527 0.6046875 0.5995623632385121 0.6046875 0.6017505470459519 0.6 0.6148796498905909 0.6 0.6148796498905909 0.5390625 0.6105032822757112 0.5375 0.6105032822757112 0.53125 0.5579868708971554 0.53125 0.5557986870897156 0.5265625 0.5492341356673961 0.5234375 0.5492341356673961 0.525 0.5492341356673961 0.5296875 0.5382932166301969 0.534375
1 0.36323851203501095 0.6546875 0.3610503282275711 0.659375 0.3544857768052516 0.659375 0.3522975929978118 0.6625 0.3479212253829322 0.6625 0.3479212253829322 0.66875 0.3435448577680525 0.6703125 0.3435448577680525 0.6765625 0.33698030634573306 0.678125 0.33698030634573306 0.690625 0.33260393873085337 0.6921875 0.33260393873085337 0.7015625 0.33698030634573306 0.703125 0.33698030634573306 0.7171875 0.3435448577680525 0.71875 0.3435448577680525 0.728125 0.3479212253829322 0.7296875 0.3479212253829322 0.7328125 0.3522975929978118 0.7328125 0.3588621444201313 0.7390625 0.3676148796498906 0.7390625 0.36980306345733044 0.74375 0.37199124726477023 0.74375 0.3741794310722101 0.7390625 0.3982494529540481 0.7390625 0.40043763676148797 0.74375 0.4310722100656455 0.74375 0.4310722100656455 0.740625 0.437636761487965 0.7359375 0.4420131291028446 0.7359375 0.4420131291028446 0.7265625 0.45076586433260396 0.7203125 0.45076586433260396 0.715625 0.4573304157549234 0.7140625 0.4573304157549234 0.7078125 0.4617067833698031 0.70625 0.4617067833698031 0.7 0.4573304157549234 0.6984375 0.4573304157549234 0.6921875 0.45076586433260396 0.690625 0.45076586433260396 0.684375 0.43326039387308535 0.684375 0.4310722100656455 0.68125 0.42669584245076586 0.68125 0.4201312910284464 0.6765625 0.4201312910284464 0.6625 0.41575492341356673 0.6609375 0.41575492341356673 0.6515625 0.39606126914660833 0.6515625 0.3938730853391685 0.646875 0.3741794310722101 0.646875 0.3741794310722101 0.6484375 0.3676148796498906 0.6546875 0.36323851203501095 0.6546875
1 0.17943107221006566 0.5484375 0.17286652078774617 0.553125 0.16849015317286653 0.553125 0.16849015317286653 0.55625 0.16411378555798686 0.5578125 0.16411378555798686 0.5625 0.15973741794310722 0.5640625 0.15973741794310722 0.575 0.15317286652078774 0.5765625 0.15317286652078774 0.5890625 0.15973741794310722 0.590625 0.15973741794310722 0.6046875 0.16411378555798686 0.60625 0.16411378555798686 0.6125 0.16849015317286653 0.615625 0.17286652078774617 0.615625 0.175054704595186 0.61875 0.18818380743982493 0.61875 0.19037199124726478 0.6234375 0.21444201312910285 0.6234375 0.21663019693654267 0.6265625 0.22538293216630198 0.6265625 0.23194748358862144 0.61875 0.24070021881838075 0.61875 0.24288840262582057 0.615625 0.26258205689277897 0.615625 0.26695842450765866 0.6125 0.26695842450765866 0.5984375 0.2735229759299781 0.596875 0.2735229759299781 0.56875 0.26695842450765866 0.5671875 0.26695842450765866 0.5609375 0.26258205689277897 0.5578125 0.25820568927789933 0.5578125 0.25601750547045954 0.553125 0.25164113785557984 0.5515625 0.25164113785557984 0.5453125 0.212253829321663 0.5453125 0.2100656455142232 0.5421875 0.19037199124726478 0.5421875 0.19037199124726478 0.54375 0.17943107221006566 0.5453125 0.17943107221006566 0.5484375
1 0.4223194748358862 0.3453125 0.41575492341356673 0.35 0.4113785557986871 0.35 0.4113785557986871 0.35625 0.4048140043763676 0.3609375 0.40043763676148797 0.3609375 0.40043763676148797 0.3671875 0.39606126914660833 0.36875 0.39606126914660833 0.375 0.38949671772428884 0.3765625 0.38949671772428884 0.39375 0.39606126914660833 0.3953125 0.39606126914660833 0.3984375 0.40043763676148797 0.4015625 0.40919037199124725 0.4015625 0.4113785557986871 0.4046875 0.4201312910284464 0.4046875 0.4223194748358862 0.409375 0.4573304157549234 0.409375 0.45951859956236324 0.4046875 0.4682713347921225 0.4046875 0.47045951859956237 0.4015625 0.47702407002188185 0.4015625 0.47921225382932164 0.3984375 0.48358862144420134 0.3984375 0.48358862144420134 0.3953125 0.49015317286652077 0.390625 0.49452954048140046 0.390625 0.49452954048140046 0.3875 0.5010940919037199 0.3828125 0.5098468271334792 0.3828125 0.5142231947483589 0.3796875 0.5142231947483589 0.3734375 0.5098468271334792 0.371875 0.5098468271334792 0.36875 0.5010940919037199 0.36875 0.4989059080962801 0.365625 0.47921225382932164 0.365625 0.47702407002188185 0.3609375 0.47045951859956237 0.3609375 0.4682713347921225 0.3578125 0.45951859956236324 0.3578125 0.4573304157549234 0.3546875 0.4485776805251641 0.3546875 0.44638949671772427 0.35 0.43544857768052514 0.3453125 0.43544857768052514 0.3421875 0.4310722100656455 0.3390625 0.42669584245076586 0.3390625 0.42669584245076586 0.340625 0.4223194748358862 0.3421875 0.4223194748358862 0.3453125
1 0.19474835886214442 0.553125 0.19474835886214442 0.55625 0.1838074398249453 0.5640625 0.17943107221006566 0.5640625 0.17943107221006566 0.575 0.175054704595186 0.5765625 0.175054704595186 0.5890625 0.17943107221006566 0.590625 0.17943107221006566 0.596875 0.1838074398249453 0.596875 0.18599562363238512 0.6 0.1925601750547046 0.6 0.19474835886214442 0.6046875 0.2100656455142232 0.6046875 0.212253829321663 0.6 0.2210065645514223 0.6 0.2275711159737418 0.59375 0.2363238512035011 0.59375 0.2363238512035011 0.5875 0.24070021881838075 0.5859375 0.24070021881838075 0.5796875 0.24726477024070023 0.578125 0.24726477024070023 0.5640625 0.24070021881838075 0.5625 0.24070021881838075 0.5578125 0.23194748358862144 0.5578125 0.22975929978118162 0.553125 0.22319474835886213 0.553125 0.2210065645514223 0.55 0.21663019693654267 0.55 0.21663019693654267 0.5515625 0.21444201312910285 0.553125 0.19474835886214442 0.553125
1 0.5382932166301969 0.3734375 0.5361050328227571 0.3765625 0.5229759299781181 0.3765625 0.5229759299781181 0.3796875 0.5164113785557987 0.38125 0.5142231947483589 0.384375 0.5054704595185996 0.384375 0.49452954048140046 0.3953125 0.48577680525164113 0.3953125 0.48577680525164113 0.3984375 0.47921225382932164 0.4 0.4726477024070022 0.40625 0.4638949671772429 0.40625 0.4638949671772429 0.4171875 0.4682713347921225 0.4171875 0.47921225382932164 0.425 0.47921225382932164 0.428125 0.49452954048140046 0.428125 0.49671772428884026 0.43125 0.5142231947483589 0.43125 0.5164113785557987 0.428125 0.5251641137855579 0.428125 0.5273522975929978 0.4234375 0.5361050328227571 0.4234375 0.5557986870897156 0.409375 0.5557986870897156 0.403125 0.5667396061269147 0.3984375 0.5667396061269147 0.3921875 0.5733041575492341 0.390625 0.5733041575492341 0.384375 0.5820568927789934 0.3796875 0.5820568927789934 0.36875 0.5579868708971554 0.36875 0.5579868708971554 0.3703125 0.5557986870897156 0.3734375 0.5382932166301969 0.3734375
1 0.27571115973741794 0.2515625 0.26914660831509846 0.253125 0.26695842450765866 0.25625 0.25820568927789933 0.25625 0.25820568927789933 0.259375 0.2538293216630197 0.2609375 0.2538293216630197 0.265625 0.24945295404814005 0.2671875 0.24945295404814005 0.28125 0.24288840262582057 0.2828125 0.24288840262582057 0.31875 0.24945295404814005 0.3203125 0.24945295404814005 0.3265625 0.2538293216630197 0.328125 0.2538293216630197 0.334375 0.25820568927789933 0.3359375 0.25820568927789933 0.340625 0.26258205689277897 0.340625 0.2647702407002188 0.3453125 0.26914660831509846 0.346875 0.26914660831509846 0.353125 0.2735229759299781 0.353125 0.2844638949671772 0.3609375 0.2844638949671772 0.3640625 0.2888402625820569 0.3640625 0.29540481400437635 0.36875 0.29540481400437635 0.375 0.30196936542669583 0.3765625 0.30196936542669583 0.3796875 0.3413566739606127 0.3796875 0.3435448577680525 0.375 0.35667396061269147 0.375 0.3588621444201313 0.371875 0.3676148796498906 0.371875 0.3676148796498906 0.36875 0.3741794310722101 0.3640625 0.38293216630196936 0.3640625 0.38293216630196936 0.3609375 0.3982494529540481 0.353125 0.40043763676148797 0.3484375 0.4048140043763676 0.3484375 0.40700218818380746 0.3453125 0.41575492341356673 0.3453125 0.41575492341356673 0.3421875 0.4201312910284464 0.340625 0.4201312910284464 0.3359375 0.424507658643326 0.334375 0.424507658643326 0.3171875 0.4201312910284464 0.315625 0.4201312910284464 0.2609375 0.41575492341356673 0.259375 0.41575492341356673 0.25625 0.40700218818380746 0.25625 0.4048140043763676 0.253125 0.39606126914660833 0.253125 0.3938730853391685 0.25625 0.3435448577680525 0.25625 0.3413566739606127 0.253125 0.33260393873085337 0.253125 0.3304157549234136 0.2484375 0.32166301969365424 0.2484375 0.31947483588621445 0.2453125 0.2844638949671772 0.2453125 0.2844638949671772 0.246875 0.27571115973741794 0.2484375 0.27571115973741794 0.2515625
1 0.5120350109409191 0.38125 0.5098468271334792 0.384375 0.5054704595185996 0.384375 0.49452954048140046 0.3953125 0.48577680525164113 0.3953125 0.48577680525164113 0.3984375 0.47921225382932164 0.4 0.4726477024070022 0.40625 0.4638949671772429 0.40625 0.4638949671772429 0.4171875 0.4682713347921225 0.4171875 0.47921225382932164 0.425 0.47921225382932164 0.428125 0.487964989059081 0.428125 0.49015317286652077 0.43125 0.5207877461706784 0.43125 0.5251641137855579 0.428125 0.5251641137855579 0.425 0.5295404814004376 0.4234375 0.5295404814004376 0.3921875 0.5361050328227571 0.390625 0.5361050328227571 0.38125 0.5295404814004376 0.3796875 0.5295404814004376 0.3765625 0.5229759299781181 0.3765625 0.5229759299781181 0.378125 0.5207877461706784 0.38125 0.5120350109409191 0.38125
1 0.8687089715536105 0.0875 0.8687089715536105 0.096875 0.8643326039387309 0.0984375 0.8643326039387309 0.1078125 0.8599562363238512 0.109375 0.8599562363238512 0.115625 0.8533916849015317 0.1171875 0.8533916849015317 0.1265625 0.849015317286652 0.128125 0.849015317286652 0.13125 0.8533916849015317 0.1328125 0.8533916849015317 0.1390625 0.8599562363238512 0.140625 0.8599562363238512 0.1453125 0.8730853391684902 0.1453125 0.87527352297593 0.15 0.8927789934354485 0.15 0.8949671772428884 0.1453125 0.9037199124726477 0.1453125 0.9037199124726477 0.109375 0.9102844638949672 0.1078125 0.9102844638949672 0.0953125 0.9037199124726477 0.09375 0.9037199124726477 0.090625 0.8949671772428884 0.090625 0.888402625820569 0.0859375 0.888402625820569 0.0828125 0.87527352297593 0.0828125 0.87527352297593 0.084375 0.8730853391684902 0.0875 0.8687089715536105 0.0875
1 0.49671772428884026 0.7375 0.49452954048140046 0.740625 0.47921225382932164 0.740625 0.47702407002188185 0.7453125 0.45951859956236324 0.7453125 0.4573304157549234 0.7484375 0.40700218818380746 0.7484375 0.4048140043763676 0.7453125 0.36980306345733044 0.7453125 0.3544857768052516 0.75625 0.3522975929978118 0.7609375 0.3479212253829322 0.7609375 0.3479212253829322 0.765625 0.3435448577680525 0.7671875 0.3435448577680525 0.778125 0.33698030634573306 0.7796875 0.33698030634573306 0.8109375 0.3435448577680525 0.8125 0.3435448577680525 0.821875 0.3479212253829322 0.8234375 0.3479212253829322 0.834375 0.3544857768052516 0.8359375 0.3544857768052516 0.840625 0.36323851203501095 0.846875 0.36323851203501095 0.853125 0.3676148796498906 0.853125 0.3741794310722101 0.8578125 0.3741794310722101 0.8640625 0.3785557986870897 0.8640625 0.3851203501094092 0.86875 0.3851203501094092 0.871875 0.4726477024070022 0.871875 0.47921225382932164 0.8765625 0.47921225382932164 0.8796875 0.4989059080962801 0.8796875 0.4989059080962801 0.8765625 0.5054704595185996 0.871875 0.5098468271334792 0.871875 0.5098468271334792 0.86875 0.5164113785557987 0.8640625 0.5207877461706784 0.8640625 0.5207877461706784 0.8609375 0.5295404814004376 0.85625 0.5295404814004376 0.85 0.5404814004376368 0.8453125 0.5426695842450766 0.840625 0.5470459518599562 0.840625 0.5470459518599562 0.8359375 0.5514223194748359 0.834375 0.5514223194748359 0.8234375 0.5557986870897156 0.821875 0.5557986870897156 0.8125 0.562363238512035 0.8109375 0.562363238512035 0.775 0.5557986870897156 0.7734375 0.5557986870897156 0.7640625 0.5514223194748359 0.7625 0.5514223194748359 0.75625 0.5404814004376368 0.7515625 0.5404814004376368 0.7484375 0.5361050328227571 0.7453125 0.5295404814004376 0.74375 0.5295404814004376 0.740625 0.5207877461706784 0.734375 0.5120350109409191 0.734375 0.5120350109409191 0.7359375 0.5098468271334792 0.7375 0.49671772428884026 0.7375
1 0.474835886214442 0.2296875 0.4726477024070022 0.234375 0.4638949671772429 0.234375 0.4617067833698031 0.2375 0.45295404814004375 0.2375 0.45076586433260396 0.240625 0.4442013129102845 0.240625 0.4420131291028446 0.2453125 0.437636761487965 0.2453125 0.43326039387308535 0.2484375 0.43326039387308535 0.2546875 0.42669584245076586 0.25625 0.42669584245076586 0.265625 0.4223194748358862 0.2671875 0.4223194748358862 0.3 0.42669584245076586 0.3015625 0.42669584245076586 0.321875 0.43326039387308535 0.3234375 0.43326039387308535 0.334375 0.437636761487965 0.3359375 0.437636761487965 0.340625 0.4420131291028446 0.340625 0.4442013129102845 0.3453125 0.45295404814004375 0.35 0.45295404814004375 0.353125 0.4573304157549234 0.353125 0.45951859956236324 0.35625 0.4682713347921225 0.35625 0.47045951859956237 0.359375 0.47702407002188185 0.359375 0.47921225382932164 0.3640625 0.5098468271334792 0.3640625 0.5120350109409191 0.3671875 0.5251641137855579 0.3671875 0.5273522975929978 0.371875 0.5470459518599562 0.371875 0.5492341356673961 0.3671875 0.562363238512035 0.3671875 0.5645514223194749 0.3640625 0.5886214442013129 0.3640625 0.5886214442013129 0.3609375 0.5929978118161926 0.359375 0.5929978118161926 0.3546875 0.5995623632385121 0.353125 0.5995623632385121 0.35 0.6061269146608315 0.3453125 0.6105032822757112 0.3453125 0.6105032822757112 0.3421875 0.6214442013129103 0.334375 0.6258205689277899 0.334375 0.6258205689277899 0.33125 0.6301969365426696 0.3296875 0.6301969365426696 0.3203125 0.6367614879649891 0.31875 0.6367614879649891 0.2859375 0.6301969365426696 0.284375 0.6301969365426696 0.275 0.6192560175054704 0.2703125 0.6192560175054704 0.2640625 0.6039387308533917 0.253125 0.5842450765864332 0.253125 0.5820568927789934 0.25625 0.5536105032822757 0.25625 0.5514223194748359 0.253125 0.5426695842450766 0.253125 0.5404814004376368 0.2484375 0.5295404814004376 0.24375 0.5295404814004376 0.240625 0.5207877461706784 0.234375 0.5142231947483589 0.2328125 0.5142231947483589 0.2296875 0.5098468271334792 0.2265625 0.49015317286652077 0.2265625 0.49015317286652077 0.228125 0.487964989059081 0.2296875 0.474835886214442 0.2296875
1 0.18599562363238512 0.846875 0.18599562363238512 0.871875 0.19037199124726478 0.8734375 0.19037199124726478 0.8828125 0.2013129102844639 0.8875 0.2013129102844639 0.890625 0.20568927789934355 0.89375 0.22538293216630198 0.89375 0.2275711159737418 0.890625 0.2363238512035011 0.890625 0.2363238512035011 0.8875 0.24288840262582057 0.8828125 0.24726477024070023 0.8828125 0.24726477024070023 0.8765625 0.25601750547045954 0.871875 0.25601750547045954 0.86875 0.25164113785557984 0.8671875 0.25164113785557984 0.8578125 0.24070021881838075 0.853125 0.24070021881838075 0.85 0.2363238512035011 0.846875 0.2275711159737418 0.846875 0.22538293216630198 0.8421875 0.212253829321663 0.8421875 0.2100656455142232 0.8390625 0.19037199124726478 0.8390625 0.19037199124726478 0.840625 0.19037199124726478 0.8453125 0.18599562363238512 0.846875
1 0.5492341356673961 0.3734375 0.5382932166301969 0.38125 0.5382932166301969 0.390625 0.5317286652078774 0.3921875 0.5317286652078774 0.4015625 0.5273522975929978 0.403125 0.5273522975929978 0.4171875 0.5317286652078774 0.41875 0.5317286652078774 0.4234375 0.5361050328227571 0.4234375 0.5426695842450766 0.4171875 0.5470459518599562 0.4171875 0.5470459518599562 0.4140625 0.5557986870897156 0.409375 0.5557986870897156 0.40625 0.562363238512035 0.4046875 0.562363238512035 0.4 0.5667396061269147 0.3984375 0.5667396061269147 0.3953125 0.5733041575492341 0.39375 0.5733041575492341 0.3875 0.5776805251641138 0.3859375 0.5776805251641138 0.38125 0.5820568927789934 0.3796875 0.5820568927789934 0.3765625 0.5886214442013129 0.375 0.5886214442013129 0.36875 0.5645514223194749 0.36875 0.5645514223194749 0.3703125 0.562363238512035 0.3734375 0.5492341356673961 0.3734375
1 0.19037199124726478 0.821875 0.19474835886214442 0.8234375 0.19474835886214442 0.834375 0.19037199124726478 0.8359375 0.19037199124726478 0.840625 0.18599562363238512 0.8421875 0.18599562363238512 0.871875 0.19037199124726478 0.8734375 0.19037199124726478 0.8828125 0.2013129102844639 0.8875 0.2013129102844639 0.890625 0.20568927789934355 0.89375 0.22538293216630198 0.89375 0.2275711159737418 0.890625 0.2363238512035011 0.890625 0.2363238512035011 0.8875 0.25164113785557984 0.8796875 0.2538293216630197 0.875 0.26258205689277897 0.875 0.26258205689277897 0.86875 0.26695842450765866 0.8671875 0.26695842450765866 0.8578125 0.2735229759299781 0.85625 0.2735229759299781 0.846875 0.2778993435448578 0.8453125 0.2800875273522976 0.840625 0.2888402625820569 0.840625 0.2888402625820569 0.8359375 0.29321663019693656 0.834375 0.29321663019693656 0.8203125 0.2888402625820569 0.8171875 0.2844638949671772 0.8171875 0.28227571115973743 0.8203125 0.26914660831509846 0.8203125 0.26695842450765866 0.8171875 0.25820568927789933 0.8171875 0.25601750547045954 0.8203125 0.24288840262582057 0.8203125 0.2363238512035011 0.815625 0.2363238512035011 0.8125 0.23194748358862144 0.8125 0.22538293216630198 0.8078125 0.22538293216630198 0.8046875 0.2210065645514223 0.8015625 0.19474835886214442 0.8015625 0.19474835886214442 0.803125 0.19037199124726478 0.8046875 0.19037199124726478 0.821875