5 0.025 0 0.025 0.003367003367003367 0.025 0.016835016835016835 0.021875 0.020202020202020204 0.021875 0.037037037037037035 0.01875 0.04040404040404041 0.01875 0.05723905723905724 0.015625 0.06060606060606061 0.015625 0.09090909090909091 0.0125 0.09427609427609428 0.0125 0.10774410774410774 0.009375 0.1111111111111111 0.009375 0.12121212121212122 0.00625 0.12457912457912458 0.00625 0.1414141414141414 0.003125 0.1447811447811448 0.003125 0.16835016835016836 0 0.1717171717171717 0 0.21885521885521886 0.0078125 0.21548821548821548 0.0078125 0.2053872053872054 0.0109375 0.20202020202020202 0.0109375 0.18518518518518517 0.0140625 0.18181818181818182 0.0140625 0.16498316498316498 0.0171875 0.16161616161616163 0.0171875 0.1447811447811448 0.0203125 0.1414141414141414 0.0203125 0.1111111111111111 0.0234375 0.10774410774410774 0.025 0.09764309764309764 0.0265625 0.09764309764309764 0.0265625 0.08080808080808081 0.0296875 0.07744107744107744 0.0296875 0.05387205387205387 0.0328125 0.050505050505050504 0.0328125 0.013468013468013467 0.0359375 0.010101010101010102 0.0359375 0 0.025 0
5 0.2140625 0 0.2140625 0.003367003367003367 0.1953125 0.04040404040404041 0.1953125 0.05723905723905724 0.2 0.05723905723905724 0.2046875 0.04377104377104377 0.209375 0.04377104377104377 0.209375 0.03367003367003367 0.221875 0.010101010101010102 0.2234375 0 0.2140625 0
5 0.0765625 0 0.0765625 0.003367003367003367 0.0765625 0.037037037037037035 0.0796875 0.04040404040404041 0.0796875 0.10774410774410774 0.0828125 0.1111111111111111 0.0828125 0.12794612794612795 0.090625 0.12794612794612795 0.090625 0.05387205387205387 0.0875 0.050505050505050504 0.0875 0.04713804713804714 0.090625 0.04377104377104377 0.090625 0.04040404040404041 0.0875 0.037037037037037035 0.0875 0.03367003367003367 0.090625 0.030303030303030304 0.090625 0.026936026936026935 0.0875 0.02356902356902357 0.0875 0 0.0765625 0
5 0.003125 0.8282828282828283 0.00625 0.8316498316498316 0.00625 0.8552188552188552 0.009375 0.8585858585858586 0.009375 0.8855218855218855 0.0125 0.8888888888888888 0.0125 0.9259259259259259 0.015625 0.9292929292929293 0.015625 0.9393939393939394 0.01875 0.9427609427609428 0.01875 0.9966329966329966 0.0296875 0.9966329966329966 0.0328125 0.9932659932659933 0.0328125 0.9831649831649831 0.0296875 0.9797979797979798 0.0296875 0.9629629629629629 0.0265625 0.9595959595959596 0.0265625 0.9494949494949495 0.0234375 0.9461279461279462 0.0265625 0.936026936026936 0.0234375 0.9326599326599326 0.0234375 0.9090909090909091 0.0203125 0.9057239057239057 0.0203125 0.9023569023569024 0.0234375 0.898989898989899 0.0234375 0.8518518518518519 0.0203125 0.8484848484848485 0.0203125 0.8249158249158249 0.0171875 0.8215488215488216 0.0171875 0.797979797979798 0.0140625 0.7946127946127947 0.0140625 0.7845117845117845 0.00625 0.7845117845117845 0.00625 0.7878787878787878 0.003125 0.7912457912457912 0.003125 0.8282828282828283
5 0.8578125 0.8787878787878788 0.85625 0.8720538720538721 0.8453125 0.8720538720538721 0.84375 0.8653198653198653 0.834375 0.8653198653198653 0.8328125 0.8585858585858586 0.821875 0.8585858585858586 0.821875 0.8619528619528619 0.821875 0.8686868686868687 0.825 0.8720538720538721 0.825 0.8754208754208754 0.8296875 0.8754208754208754 0.83125 0.8821548821548821 0.85 0.8855218855218855 0.8515625 0.8922558922558923 0.86875 0.8922558922558923 0.8703125 0.8855218855218855 0.8671875 0.8855218855218855 0.865625 0.8787878787878788 0.8578125 0.8787878787878788
5 0.9390625 0.8855218855218855 0.94375 0.898989898989899 0.946875 0.898989898989899 0.9515625 0.9124579124579124 0.95625 0.9124579124579124 0.9609375 0.9259259259259259 0.9640625 0.9292929292929293 0.9640625 0.9393939393939394 0.975 0.9393939393939394 0.975 0.9225589225589226 0.96875 0.9124579124579124 0.96875 0.9090909090909091 0.9640625 0.9090909090909091 0.959375 0.8956228956228957 0.9546875 0.8956228956228957 0.953125 0.8888888888888888 0.95 0.8855218855218855 0.9453125 0.8855218855218855 0.94375 0.8787878787878788 0.934375 0.8787878787878788 0.934375 0.8821548821548821 0.934375 0.8855218855218855 0.9390625 0.8855218855218855
5 0.053125 0.5521885521885522 0.053125 0.5589225589225589 0.05625 0.5622895622895623 0.0578125 0.5723905723905723 0.0640625 0.5824915824915825 0.0640625 0.5858585858585859 0.0671875 0.5892255892255892 0.0671875 0.5993265993265994 0.0828125 0.6296296296296297 0.0828125 0.6397306397306397 0.0859375 0.6430976430976431 0.0859375 0.6531986531986532 0.0984375 0.6734006734006734 0.0984375 0.6835016835016835 0.1109375 0.7070707070707071 0.1125 0.7441077441077442 0.11875 0.7542087542087542 0.11875 0.7643097643097643 0.125 0.7744107744107744 0.125 0.7878787878787878 0.128125 0.7912457912457912 0.128125 0.8013468013468014 0.134375 0.8114478114478114 0.134375 0.8215488215488216 0.1375 0.8249158249158249 0.1375 0.835016835016835 0.140625 0.8383838383838383 0.140625 0.8484848484848485 0.14375 0.8518518518518519 0.14375 0.8686868686868687 0.146875 0.8720538720538721 0.146875 0.8855218855218855 0.15 0.8888888888888888 0.15 0.8922558922558923 0.1578125 0.8922558922558923 0.1578125 0.8787878787878788 0.1546875 0.8754208754208754 0.1546875 0.8518518518518519 0.1515625 0.8484848484848485 0.1515625 0.8383838383838383 0.1484375 0.835016835016835 0.1484375 0.8181818181818182 0.1453125 0.8148148148148148 0.1453125 0.8047138047138047 0.1421875 0.8013468013468014 0.1421875 0.7912457912457912 0.1390625 0.7878787878787878 0.1390625 0.7744107744107744 0.1296875 0.7575757575757576 0.1296875 0.7474747474747475 0.1234375 0.7373737373737373 0.1234375 0.7272727272727273 0.1140625 0.7104377104377104 0.1140625 0.6801346801346801 0.1109375 0.6767676767676768 0.1109375 0.6666666666666666 0.10625 0.6599326599326599 0.10625 0.6498316498316499 0.1 0.6397306397306397 0.1 0.6296296296296297 0.0875 0.6060606060606061 0.0875 0.5959595959595959 0.075 0.5723905723905723 0.075 0.5622895622895623 0.071875 0.5589225589225589 0.071875 0.5555555555555556 0.0640625 0.5521885521885522 0.059375 0.5387205387205387 0.05625 0.5353535353535354 0.0546875 0.5252525252525253 0.05 0.5185185185185185 0.05 0.5218855218855218 0.05 0.5488215488215489 0.053125 0.5521885521885522
5 0.1703125 0.6296296296296297 0.1703125 0.6397306397306397 0.1734375 0.6430976430976431 0.1734375 0.6599326599326599 0.1765625 0.6632996632996633 0.1765625 0.67003367003367 0.1796875 0.6734006734006734 0.1796875 0.6835016835016835 0.1828125 0.6868686868686869 0.1828125 0.696969696969697 0.1859375 0.7003367003367004 0.1859375 0.7104377104377104 0.190625 0.7171717171717171 0.1921875 0.7104377104377104 0.19375 0.7104377104377104 0.19375 0.6868686868686869 0.190625 0.6835016835016835 0.190625 0.6632996632996633 0.1875 0.6599326599326599 0.1875 0.6430976430976431 0.184375 0.6397306397306397 0.184375 0.6296296296296297 0.18125 0.6262626262626263 0.18125 0.6161616161616161 0.178125 0.6127946127946128 0.178125 0.6026936026936027 0.1734375 0.6026936026936027 0.171875 0.5959595959595959 0.165625 0.5959595959595959 0.165625 0.5993265993265994 0.1671875 0.6262626262626263 0.1703125 0.6296296296296297
5 0.05625 0.5555555555555556 0.0578125 0.5723905723905723 0.0671875 0.5892255892255892 0.0671875 0.5993265993265994 0.0828125 0.6296296296296297 0.0828125 0.6397306397306397 0.0859375 0.6430976430976431 0.0859375 0.6531986531986532 0.0984375 0.6734006734006734 0.0984375 0.6835016835016835 0.1109375 0.7070707070707071 0.1125 0.7441077441077442 0.11875 0.7542087542087542 0.11875 0.7643097643097643 0.125 0.7744107744107744 0.125 0.7878787878787878 0.13125 0.797979797979798 0.13125 0.8080808080808081 0.1375 0.8181818181818182 0.1375 0.8282828282828283 0.140625 0.8316498316498316 0.140625 0.8484848484848485 0.14375 0.8518518518518519 0.14375 0.8619528619528619 0.146875 0.8653198653198653 0.146875 0.8821548821548821 0.1546875 0.8855218855218855 0.1546875 0.8585858585858586 0.1515625 0.8552188552188552 0.1515625 0.8383838383838383 0.1484375 0.835016835016835 0.1484375 0.8181818181818182 0.1453125 0.8148148148148148 0.1453125 0.8047138047138047 0.1421875 0.8013468013468014 0.1421875 0.7912457912457912 0.1390625 0.7878787878787878 0.1390625 0.7777777777777778 0.1359375 0.7744107744107744 0.1359375 0.7676767676767676 0.1296875 0.7575757575757576 0.1296875 0.7542087542087542 0.1265625 0.7508417508417509 0.1265625 0.7407407407407407 0.1203125 0.7306397306397306 0.1203125 0.7205387205387206 0.1140625 0.7104377104377104 0.1140625 0.6801346801346801 0.1109375 0.6767676767676768 0.1109375 0.6666666666666666 0.10625 0.6599326599326599 0.10625 0.6498316498316499 0.1 0.6397306397306397 0.1 0.6296296296296297 0.08125 0.5925925925925926 0.08125 0.5824915824915825 0.075 0.5723905723905723 0.075 0.5622895622895623 0.071875 0.5589225589225589 0.071875 0.5555555555555556 0.0640625 0.5521885521885522 0.05625 0.531986531986532 0.05 0.531986531986532 0.05 0.5353535353535354 0.05 0.5488215488215489 0.05625 0.5555555555555556
5 0.803125 0.9461279461279462 0.80625 0.9494949494949495 0.80625 0.9528619528619529 0.8109375 0.9528619528619529 0.8125 0.9595959595959596 0.8171875 0.9595959595959596 0.81875 0.9663299663299664 0.8234375 0.9663299663299664 0.825 0.9730639730639731 0.8296875 0.9730639730639731 0.83125 0.9797979797979798 0.8359375 0.9831649831649831 0.8359375 0.9865319865319865 0.840625 0.9865319865319865 0.8421875 0.9932659932659933 0.853125 0.9966329966329966 0.853125 0.9831649831649831 0.85 0.9797979797979798 0.85 0.9764309764309764 0.8453125 0.9764309764309764 0.84375 0.9696969696969697 0.8390625 0.9696969696969697 0.8375 0.9629629629629629 0.8328125 0.9595959595959596 0.8328125 0.9562289562289562 0.828125 0.9562289562289562 0.8265625 0.9494949494949495 0.821875 0.9494949494949495 0.8203125 0.9427609427609428 0.815625 0.9427609427609428 0.8140625 0.936026936026936 0.80625 0.936026936026936 0.80625 0.9393939393939394 0.803125 0.9427609427609428 0.803125 0.9461279461279462
5 0.1203125 0.037037037037037035 0.121875 0.04377104377104377 0.1296875 0.04377104377104377 0.13125 0.050505050505050504 0.1390625 0.050505050505050504 0.140625 0.05723905723905724 0.1453125 0.05723905723905724 0.146875 0.06397306397306397 0.1515625 0.06397306397306397 0.153125 0.0707070707070707 0.1578125 0.0707070707070707 0.1625 0.08417508417508418 0.16875 0.08417508417508418 0.16875 0.05387205387205387 0.165625 0.05387205387205387 0.1640625 0.04713804713804714 0.15625 0.04713804713804714 0.1546875 0.04040404040404041 0.15 0.04040404040404041 0.1484375 0.03367003367003367 0.140625 0.03367003367003367 0.1390625 0.026936026936026935 0.13125 0.026936026936026935 0.1296875 0.020202020202020204 0.115625 0.020202020202020204 0.115625 0.02356902356902357 0.115625 0.037037037037037035 0.1203125 0.037037037037037035
5 0.684375 0.7676767676767676 0.6828125 0.7744107744107744 0.66875 0.7777777777777778 0.6671875 0.7845117845117845 0.6609375 0.7845117845117845 0.659375 0.7912457912457912 0.6546875 0.7912457912457912 0.653125 0.797979797979798 0.6515625 0.797979797979798 0.6515625 0.8080808080808081 0.6625 0.8080808080808081 0.6640625 0.8013468013468014 0.6703125 0.8013468013468014 0.671875 0.7946127946127947 0.6765625 0.7946127946127947 0.678125 0.7878787878787878 0.6890625 0.7878787878787878 0.690625 0.7811447811447811 0.6984375 0.7811447811447811 0.7 0.7744107744107744 0.7046875 0.7710437710437711 0.7046875 0.7609427609427609 0.690625 0.7609427609427609 0.690625 0.7643097643097643 0.6890625 0.7676767676767676 0.684375 0.7676767676767676
2 0.8828125 0.13131313131313133 0.878125 0.1447811447811448 0.8765625 0.1447811447811448 0.8765625 0.1750841750841751 0.8734375 0.17845117845117844 0.8734375 0.21548821548821548 0.8703125 0.21885521885521886 0.8703125 0.265993265993266 0.8671875 0.26936026936026936 0.8671875 0.27946127946127947 0.8703125 0.2828282828282828 0.8703125 0.29292929292929293 0.8734375 0.2962962962962963 0.8734375 0.3434343434343434 0.8765625 0.3468013468013468 0.8765625 0.3569023569023569 0.88125 0.3569023569023569 0.8859375 0.37037037037037035 0.8890625 0.37373737373737376 0.890625 0.3838383838383838 0.9078125 0.3838383838383838 0.909375 0.3771043771043771 0.9140625 0.3771043771043771 0.91875 0.36363636363636365 0.9203125 0.36363636363636365 0.9203125 0.35353535353535354 0.9234375 0.3501683501683502 0.9234375 0.3400673400673401 0.9265625 0.3367003367003367 0.928125 0.32996632996632996 0.9359375 0.3265993265993266 0.940625 0.31313131313131315 0.9421875 0.31313131313131315 0.94375 0.3063973063973064 0.94375 0.2895622895622896 0.9421875 0.2828282828282828 0.9390625 0.27946127946127947 0.9390625 0.26936026936026936 0.9421875 0.265993265993266 0.94375 0.24242424242424243 0.946875 0.23905723905723905 0.946875 0.1919191919191919 0.94375 0.18855218855218855 0.94375 0.17845117845117844 0.940625 0.17845117845117844 0.9328125 0.15824915824915825 0.9296875 0.15488215488215487 0.9296875 0.1447811447811448 0.9234375 0.13468013468013468 0.9234375 0.12457912457912458 0.9203125 0.12121212121212122 0.9203125 0.11784511784511785 0.915625 0.11784511784511785 0.9140625 0.1111111111111111 0.90625 0.1111111111111111 0.9046875 0.10774410774410774 0.890625 0.1111111111111111 0.890625 0.11447811447811448 0.8875 0.13131313131313133 0.8828125 0.13131313131313133
2 0.3734375 0.5555555555555556 0.371875 0.5555555555555556 0.371875 0.5791245791245792 0.375 0.5824915824915825 0.375 0.5925925925925926 0.3765625 0.5925925925925926 0.378125 0.5858585858585859 0.3859375 0.5858585858585859 0.3875 0.5925925925925926 0.390625 0.5925925925925926 0.3921875 0.5858585858585859 0.40625 0.5858585858585859 0.4078125 0.5925925925925926 0.4125 0.5925925925925926 0.4140625 0.5959595959595959 0.4140625 0.6127946127946128 0.421875 0.6127946127946128 0.4234375 0.6060606060606061 0.4578125 0.6060606060606061 0.459375 0.5993265993265994 0.5125 0.5993265993265994 0.5140625 0.5925925925925926 0.5375 0.5925925925925926 0.5390625 0.5858585858585859 0.5640625 0.5858585858585859 0.565625 0.5791245791245792 0.5734375 0.5791245791245792 0.575 0.5723905723905723 0.5828125 0.5723905723905723 0.584375 0.5656565656565656 0.5890625 0.5656565656565656 0.590625 0.5589225589225589 0.5953125 0.5589225589225589 0.596875 0.5521885521885522 0.6015625 0.5521885521885522 0.6015625 0.5454545454545454 0.59375 0.5454545454545454 0.5921875 0.5387205387205387 0.5625 0.5387205387205387 0.5609375 0.5454545454545454 0.5546875 0.5454545454545454 0.553125 0.5521885521885522 0.5328125 0.5555555555555556 0.53125 0.5622895622895623 0.5203125 0.5622895622895623 0.51875 0.569023569023569 0.5109375 0.569023569023569 0.509375 0.5757575757575758 0.48125 0.5757575757575758 0.4796875 0.569023569023569 0.4265625 0.569023569023569 0.425 0.5622895622895623 0.4203125 0.5622895622895623 0.41875 0.5555555555555556 0.4046875 0.5521885521885522 0.403125 0.5454545454545454 0.3984375 0.5454545454545454 0.396875 0.5387205387205387 0.3921875 0.5387205387205387 0.390625 0.531986531986532 0.38125 0.531986531986532 0.38125 0.5353535353535354 0.375 0.5454545454545454 0.3734375 0.5555555555555556
2 0.65625 0.7003367003367004 0.6546875 0.7003367003367004 0.6546875 0.7104377104377104 0.6453125 0.7272727272727273 0.6453125 0.7373737373737373 0.6390625 0.7474747474747475 0.6390625 0.7575757575757576 0.6359375 0.7609427609427609 0.6359375 0.7710437710437711 0.640625 0.7744107744107744 0.6484375 0.7946127946127947 0.653125 0.7946127946127947 0.6546875 0.7878787878787878 0.659375 0.7878787878787878 0.6609375 0.7811447811447811 0.6671875 0.7811447811447811 0.66875 0.7744107744107744 0.6765625 0.7744107744107744 0.6796875 0.7710437710437711 0.68125 0.7643097643097643 0.6890625 0.7643097643097643 0.69375 0.7508417508417509 0.6953125 0.7508417508417509 0.6953125 0.7407407407407407 0.6984375 0.7373737373737373 0.6984375 0.7272727272727273 0.6953125 0.7239057239057239 0.6953125 0.6936026936026936 0.6921875 0.6902356902356902 0.6921875 0.6801346801346801 0.6890625 0.6767676767676768 0.6890625 0.6734006734006734 0.684375 0.6734006734006734 0.6828125 0.6666666666666666 0.671875 0.6666666666666666 0.671875 0.67003367003367 0.6671875 0.6734006734006734 0.65625 0.7003367003367004
2 0.3234375 0.7845117845117845 0.321875 0.7912457912457912 0.3171875 0.7912457912457912 0.2875 0.8585858585858586 0.2859375 0.8585858585858586 0.2859375 0.8686868686868687 0.2828125 0.8720538720538721 0.2828125 0.8855218855218855 0.290625 0.8855218855218855 0.2921875 0.8888888888888888 0.2921875 0.9057239057239057 0.2984375 0.9158249158249159 0.2984375 0.9259259259259259 0.3046875 0.936026936026936 0.3046875 0.9393939393939394 0.328125 0.9393939393939394 0.3296875 0.9461279461279462 0.3359375 0.9461279461279462 0.340625 0.9595959595959596 0.3484375 0.9595959595959596 0.35 0.9663299663299664 0.3578125 0.9663299663299664 0.359375 0.9730639730639731 0.3640625 0.9730639730639731 0.365625 0.9797979797979798 0.3703125 0.9797979797979798 0.371875 0.9865319865319865 0.3796875 0.9865319865319865 0.38125 0.9932659932659933 0.4125 0.9932659932659933 0.4203125 0.9730639730639731 0.425 0.9730639730639731 0.4296875 0.9595959595959596 0.434375 0.9595959595959596 0.4421875 0.9393939393939394 0.44375 0.9393939393939394 0.4453125 0.9292929292929293 0.4515625 0.9191919191919192 0.4515625 0.8888888888888888 0.4484375 0.8855218855218855 0.4484375 0.8720538720538721 0.4453125 0.8686868686868687 0.4453125 0.8451178451178452 0.44375 0.8383838383838383 0.434375 0.8215488215488216 0.434375 0.8181818181818182 0.4296875 0.8181818181818182 0.428125 0.8114478114478114 0.4234375 0.8114478114478114 0.421875 0.8047138047138047 0.4140625 0.8047138047138047 0.4125 0.797979797979798 0.4078125 0.797979797979798 0.40625 0.7912457912457912 0.4015625 0.7912457912457912 0.4 0.7845117845117845 0.3921875 0.7845117845117845 0.390625 0.7777777777777778 0.3375 0.7744107744107744 0.3328125 0.7777777777777778 0.3328125 0.7811447811447811 0.33125 0.7845117845117845 0.3234375 0.7845117845117845
2 0.790625 0.622895622895623 0.790625 0.6262626262626263 0.79375 0.6296296296296297 0.79375 0.6531986531986532 0.8 0.6632996632996633 0.8 0.6767676767676768 0.809375 0.6936026936026936 0.809375 0.7643097643097643 0.8125 0.7676767676767676 0.8125 0.7744107744107744 0.825 0.797979797979798 0.825 0.8013468013468014 0.8296875 0.8013468013468014 0.83125 0.8080808080808081 0.840625 0.8080808080808081 0.8421875 0.8013468013468014 0.85 0.8013468013468014 0.8515625 0.7946127946127947 0.85625 0.7946127946127947 0.8609375 0.7811447811447811 0.8625 0.7811447811447811 0.8625 0.7744107744107744 0.865625 0.7710437710437711 0.865625 0.7609427609427609 0.86875 0.7575757575757576 0.86875 0.7003367003367004 0.865625 0.696969696969697 0.865625 0.6868686868686869 0.85625 0.67003367003367 0.85625 0.6666666666666666 0.853125 0.6632996632996633 0.8453125 0.6632996632996633 0.84375 0.6565656565656566 0.8390625 0.6565656565656566 0.8375 0.6498316498316499 0.83125 0.6498316498316499 0.8296875 0.6430976430976431 0.825 0.6430976430976431 0.8171875 0.622895622895623 0.8125 0.622895622895623 0.8109375 0.6161616161616161 0.80625 0.6161616161616161 0.8046875 0.6094276094276094 0.79375 0.6094276094276094 0.79375 0.6127946127946128 0.79375 0.6195286195286195 0.790625 0.622895622895623
2 0.6328125 0.18518518518518517 0.63125 0.1919191919191919 0.6265625 0.1919191919191919 0.615625 0.21885521885521886 0.6140625 0.21885521885521886 0.6125 0.23232323232323232 0.609375 0.2356902356902357 0.609375 0.24579124579124578 0.60625 0.24915824915824916 0.60625 0.25925925925925924 0.6 0.26936026936026936 0.6 0.2996632996632997 0.603125 0.30303030303030304 0.603125 0.3367003367003367 0.60625 0.3400673400673401 0.60625 0.3569023569023569 0.609375 0.3602693602693603 0.609375 0.36363636363636365 0.615625 0.36363636363636365 0.6234375 0.3838383838383838 0.634375 0.3838383838383838 0.6453125 0.4107744107744108 0.65 0.4107744107744108 0.6546875 0.42424242424242425 0.6625 0.4107744107744108 0.6625 0.3939393939393939 0.665625 0.39057239057239057 0.6671875 0.3468013468013468 0.6703125 0.3434343434343434 0.6703125 0.3333333333333333 0.6734375 0.32996632996632996 0.6734375 0.32323232323232326 0.6828125 0.3063973063973064 0.6828125 0.2895622895622896 0.6859375 0.28619528619528617 0.6859375 0.26936026936026936 0.6890625 0.265993265993266 0.6890625 0.2558922558922559 0.6921875 0.25252525252525254 0.6921875 0.24242424242424243 0.6859375 0.23232323232323232 0.6859375 0.19865319865319866 0.6828125 0.19528619528619529 0.6828125 0.1919191919191919 0.678125 0.1919191919191919 0.6765625 0.18855218855218855 0.6765625 0.17845117845117844 0.6453125 0.17845117845117844 0.6453125 0.18181818181818182 0.64375 0.18518518518518517 0.6328125 0.18518518518518517
2 0.8765625 0.8888888888888888 0.86875 0.9090909090909091 0.8671875 0.9090909090909091 0.8671875 0.9326599326599326 0.8640625 0.936026936026936 0.8640625 0.9461279461279462 0.8609375 0.9494949494949495 0.8609375 0.9663299663299664 0.8578125 0.9696969696969697 0.8578125 0.9966329966329966 0.953125 0.9966329966329966 0.95625 0.9932659932659933 0.95625 0.9764309764309764 0.959375 0.9730639730639731 0.959375 0.9427609427609428 0.95625 0.9393939393939394 0.95625 0.9292929292929293 0.94375 0.9057239057239057 0.9421875 0.8956228956228957 0.9375 0.8956228956228957 0.9359375 0.8888888888888888 0.921875 0.8855218855218855 0.9203125 0.8787878787878788 0.890625 0.8787878787878788 0.890625 0.8821548821548821 0.8890625 0.8855218855218855 0.8765625 0.8888888888888888
2 0.9328125 0.3400673400673401 0.928125 0.3400673400673401 0.928125 0.3501683501683502 0.925 0.35353535353535354 0.925 0.36363636363636365 0.915625 0.38047138047138046 0.915625 0.39057239057239057 0.909375 0.4006734006734007 0.909375 0.42424242424242425 0.90625 0.4276094276094276 0.90625 0.4377104377104377 0.903125 0.44107744107744107 0.903125 0.45454545454545453 0.9125 0.4713804713804714 0.9125 0.48148148148148145 0.915625 0.48484848484848486 0.915625 0.4882154882154882 0.9203125 0.4882154882154882 0.921875 0.494949494949495 0.9265625 0.494949494949495 0.928125 0.5016835016835017 0.93125 0.5050505050505051 0.93125 0.5151515151515151 0.9375 0.5252525252525253 0.9375 0.5286195286195287 0.9421875 0.5286195286195287 0.9484375 0.5488215488215489 0.9515625 0.5521885521885522 0.965625 0.5521885521885522 0.965625 0.5454545454545454 0.9625 0.5420875420875421 0.9625 0.5387205387205387 0.965625 0.5353535353535354 0.965625 0.531986531986532 0.9625 0.5286195286195287 0.9625 0.5252525252525253 0.965625 0.5218855218855218 0.965625 0.4983164983164983 0.971875 0.4882154882154882 0.971875 0.4781144781144781 0.975 0.47474747474747475 0.9765625 0.468013468013468 0.98125 0.468013468013468 0.9828125 0.4612794612794613 0.996875 0.4612794612794613 0.996875 0.4511784511784512 0.9984375 0.4478114478114478 0.9984375 0.41414141414141414 0.9953125 0.41414141414141414 0.99375 0.4074074074074074 0.9890625 0.4074074074074074 0.98125 0.3872053872053872 0.978125 0.3838383838383838 0.978125 0.37373737373737376 0.975 0.37037037037037035 0.975 0.3602693602693603 0.96875 0.3501683501683502 0.96875 0.3400673400673401 0.965625 0.3367003367003367 0.965625 0.3333333333333333 0.9546875 0.32996632996632996 0.953125 0.32323232323232326 0.94375 0.32323232323232326 0.94375 0.3265993265993266 0.934375 0.3333333333333333 0.9328125 0.3400673400673401
2 0 0.43097643097643096 0.0078125 0.43097643097643096 0.009375 0.4377104377104377 0.0140625 0.4377104377104377 0.0140625 0.41414141414141414 0.0171875 0.4107744107744108 0.0171875 0.3939393939393939 0.0203125 0.39057239057239057 0.0203125 0.3468013468013468 0.0171875 0.3434343434343434 0.0171875 0.3164983164983165 0.0140625 0.31313131313131315 0.0140625 0.2962962962962963 0.0109375 0.29292929292929293 0.0109375 0.2828282828282828 0.0078125 0.27946127946127947 0.0078125 0.26936026936026936 0.0046875 0.265993265993266 0.0046875 0.2558922558922559 0 0.24915824915824916 0 0.25252525252525254 0 0.43097643097643096
2 0.83125 0.44107744107744107 0.828125 0.4444444444444444 0.828125 0.468013468013468 0.825 0.4713804713804714 0.825 0.48148148148148145 0.8234375 0.48484848484848486 0.81875 0.48484848484848486 0.81875 0.4882154882154882 0.8234375 0.4882154882154882 0.825 0.49158249158249157 0.8234375 0.4983164983164983 0.821875 0.4983164983164983 0.821875 0.5016835016835017 0.825 0.5050505050505051 0.825 0.5151515151515151 0.821875 0.5185185185185185 0.821875 0.5286195286195287 0.825 0.531986531986532 0.825 0.5353535353535354 0.821875 0.5387205387205387 0.821875 0.5488215488215489 0.825 0.5521885521885522 0.81875 0.5622895622895623 0.81875 0.6060606060606061 0.821875 0.6094276094276094 0.821875 0.632996632996633 0.825 0.6363636363636364 0.825 0.6397306397306397 0.8296875 0.6397306397306397 0.83125 0.6464646464646465 0.84375 0.6464646464646465 0.8453125 0.6531986531986532 0.859375 0.6531986531986532 0.8609375 0.6464646464646465 0.8625 0.6464646464646465 0.8625 0.6296296296296297 0.865625 0.6262626262626263 0.865625 0.6161616161616161 0.86875 0.6127946127946128 0.86875 0.6026936026936027 0.871875 0.5993265993265994 0.871875 0.5387205387205387 0.86875 0.5353535353535354 0.86875 0.5252525252525253 0.865625 0.5218855218855218 0.865625 0.4781144781144781 0.8609375 0.4781144781144781 0.859375 0.47474747474747475 0.8609375 0.468013468013468 0.865625 0.468013468013468 0.86875 0.45791245791245794 0.865625 0.45454545454545453 0.865625 0.4511784511784512 0.8609375 0.4511784511784512 0.859375 0.4444444444444444 0.8453125 0.44107744107744107 0.840625 0.4276094276094276 0.828125 0.4276094276094276 0.828125 0.43097643097643096 0.83125 0.43434343434343436 0.83125 0.44107744107744107
2 0.9890625 0.6868686868686869 0.9875 0.6936026936026936 0.9734375 0.6936026936026936 0.959375 0.7272727272727273 0.9578125 0.7272727272727273 0.9578125 0.7373737373737373 0.9546875 0.7407407407407407 0.9546875 0.7508417508417509 0.9515625 0.7542087542087542 0.9515625 0.7744107744107744 0.9546875 0.7777777777777778 0.9546875 0.8013468013468014 0.9578125 0.8047138047138047 0.9578125 0.8148148148148148 0.9609375 0.8181818181818182 0.9609375 0.8215488215488216 0.978125 0.8215488215488216 0.9796875 0.8148148148148148 0.990625 0.8148148148148148 0.9921875 0.8080808080808081 0.996875 0.8080808080808081 0.9984375 0.8013468013468014 0.9984375 0.7407407407407407 0.996875 0.734006734006734 0.9984375 0.7306397306397306 0.9984375 0.6868686868686869 0.996875 0.6801346801346801 0.9953125 0.6801346801346801 0.9953125 0.6835016835016835 0.99375 0.6868686868686869 0.9890625 0.6868686868686869
2 0.1734375 0.7441077441077442 0.1765625 0.7474747474747475 0.1765625 0.7575757575757576 0.1796875 0.7609427609427609 0.1796875 0.7710437710437711 0.1765625 0.7744107744107744 0.1765625 0.8484848484848485 0.1734375 0.8518518518518519 0.1734375 0.8754208754208754 0.1703125 0.8787878787878788 0.1703125 0.898989898989899 0.175 0.898989898989899 0.1765625 0.9057239057239057 0.178125 0.9057239057239057 0.1796875 0.898989898989899 0.196875 0.898989898989899 0.1984375 0.9023569023569024 0.1984375 0.9191919191919192 0.1953125 0.9225589225589226 0.1953125 0.9966329966329966 0.2421875 0.9966329966329966 0.24375 0.9932659932659933 0.2609375 0.9932659932659933 0.2625 0.9865319865319865 0.2640625 0.9865319865319865 0.2640625 0.9494949494949495 0.2609375 0.9461279461279462 0.2609375 0.9225589225589226 0.2625 0.9191919191919192 0.2734375 0.9191919191919192 0.2734375 0.9158249158249159 0.26875 0.9158249158249159 0.2671875 0.9124579124579124 0.26875 0.9057239057239057 0.2703125 0.9057239057239057 0.2703125 0.8956228956228957 0.2671875 0.8922558922558923 0.2671875 0.8855218855218855 0.2734375 0.8754208754208754 0.2734375 0.8653198653198653 0.2765625 0.8619528619528619 0.2765625 0.8316498316498316 0.2703125 0.8215488215488216 0.2703125 0.8114478114478114 0.2671875 0.8080808080808081 0.2671875 0.797979797979798 0.2640625 0.7946127946127947 0.2640625 0.7777777777777778 0.2609375 0.7744107744107744 0.2609375 0.7676767676767676 0.2578125 0.7643097643097643 0.2578125 0.7609427609427609 0.253125 0.7609427609427609 0.2453125 0.7407407407407407 0.240625 0.7407407407407407 0.2390625 0.734006734006734 0.23125 0.734006734006734 0.2296875 0.7272727272727273 0.2234375 0.7272727272727273 0.221875 0.7205387205387206 0.1765625 0.7205387205387206 0.1765625 0.7239057239057239 0.1734375 0.7272727272727273 0.1734375 0.7441077441077442
2 0.81875 0 0.81875 0.003367003367003367 0.815625 0.006734006734006734 0.815625 0.010101010101010102 0.81875 0.013468013468013467 0.81875 0.02356902356902357 0.821875 0.026936026936026935 0.821875 0.037037037037037035 0.834375 0.06060606060606061 0.8359375 0.0707070707070707 0.8453125 0.08754208754208755 0.8453125 0.09090909090909091 0.85 0.09090909090909091 0.8515625 0.09764309764309764 0.85625 0.09764309764309764 0.8578125 0.10437710437710437 0.88125 0.10437710437710437 0.8859375 0.09090909090909091 0.8875 0.09090909090909091 0.890625 0.07744107744107744 0.8953125 0.07744107744107744 0.896875 0.0707070707070707 0.8984375 0.0707070707070707 0.8984375 0.04713804713804714 0.9078125 0.030303030303030304 0.9078125 0 0.81875 0
2 0.984375 0.46464646464646464 0.9796875 0.46464646464646464 0.978125 0.4713804713804714 0.9734375 0.4713804713804714 0.965625 0.49158249158249157 0.9640625 0.49158249158249157 0.9640625 0.5218855218855218 0.9609375 0.5252525252525253 0.9609375 0.5353535353535354 0.9640625 0.5387205387205387 0.9640625 0.5521885521885522 0.9671875 0.5555555555555556 0.9671875 0.5656565656565656 0.9734375 0.5757575757575758 0.9734375 0.5858585858585859 0.9765625 0.5892255892255892 0.9765625 0.5925925925925926 0.984375 0.5925925925925926 0.9859375 0.5993265993265994 0.9984375 0.5993265993265994 0.9984375 0.4444444444444444 0.99375 0.45791245791245794 0.9859375 0.45791245791245794 0.984375 0.46464646464646464
2 0.7171875 0.7272727272727273 0.7125 0.7272727272727273 0.7109375 0.734006734006734 0.709375 0.734006734006734 0.709375 0.7508417508417509 0.70625 0.7542087542087542 0.70625 0.7643097643097643 0.703125 0.7676767676767676 0.703125 0.7811447811447811 0.7 0.7845117845117845 0.7 0.7878787878787878 0.703125 0.7912457912457912 0.703125 0.8080808080808081 0.70625 0.8114478114478114 0.70625 0.8215488215488216 0.7125 0.8316498316498316 0.7125 0.835016835016835 0.7171875 0.835016835016835 0.71875 0.8417508417508418 0.73125 0.8417508417508418 0.7328125 0.835016835016835 0.740625 0.835016835016835 0.7421875 0.8282828282828283 0.746875 0.8282828282828283 0.7484375 0.8215488215488216 0.753125 0.8215488215488216 0.753125 0.8114478114478114 0.759375 0.8013468013468014 0.759375 0.7676767676767676 0.75625 0.7643097643097643 0.75625 0.7407407407407407 0.753125 0.7373737373737373 0.753125 0.7272727272727273 0.746875 0.7171717171717171 0.746875 0.7138047138047138 0.7234375 0.7138047138047138 0.7234375 0.7171717171717171 0.71875 0.7205387205387206 0.7171875 0.7272727272727273
2 0.109375 0.7003367003367004 0.1015625 0.7003367003367004 0.1 0.7070707070707071 0.0921875 0.7070707070707071 0.090625 0.7138047138047138 0.0796875 0.7138047138047138 0.078125 0.7070707070707071 0.0765625 0.7070707070707071 0.0765625 0.7171717171717171 0.075 0.7205387205387206 0.0703125 0.7205387205387206 0.06875 0.7272727272727273 0.0640625 0.7272727272727273 0.0625 0.734006734006734 0.04375 0.734006734006734 0.0421875 0.7407407407407407 0.0375 0.7407407407407407 0.0375 0.7811447811447811 0.040625 0.7845117845117845 0.040625 0.7946127946127947 0.046875 0.8047138047138047 0.046875 0.8148148148148148 0.053125 0.8249158249158249 0.053125 0.835016835016835 0.05625 0.8383838383838383 0.0578125 0.8451178451178452 0.0578125 0.8552188552188552 0.0734375 0.8855218855218855 0.08125 0.8855218855218855 0.0828125 0.8922558922558923 0.09375 0.8922558922558923 0.0953125 0.898989898989899 0.1140625 0.898989898989899 0.115625 0.8922558922558923 0.1265625 0.8922558922558923 0.128125 0.8855218855218855 0.13125 0.8821548821548821 0.1453125 0.8821548821548821 0.1484375 0.8855218855218855 0.15 0.8821548821548821 0.1578125 0.8821548821548821 0.159375 0.8855218855218855 0.165625 0.8855218855218855 0.16875 0.8821548821548821 0.16875 0.8653198653198653 0.171875 0.8619528619528619 0.171875 0.8181818181818182 0.175 0.8148148148148148 0.175 0.8114478114478114 0.171875 0.8080808080808081 0.171875 0.7845117845117845 0.175 0.7811447811447811 0.175 0.7542087542087542 0.171875 0.7508417508417509 0.171875 0.7407407407407407 0.16875 0.7373737373737373 0.16875 0.7272727272727273 0.165625 0.7239057239057239 0.1640625 0.7138047138047138 0.159375 0.7138047138047138 0.1578125 0.7070707070707071 0.153125 0.7070707070707071 0.1484375 0.6936026936026936 0.14375 0.6936026936026936 0.1421875 0.6868686868686869 0.1375 0.6868686868686869 0.1359375 0.6801346801346801 0.128125 0.6801346801346801 0.1265625 0.6734006734006734 0.11875 0.6734006734006734 0.11875 0.6767676767676768 0.1125 0.6868686868686869 0.109375 0.7003367003367004
2 0.1921875 0.09427609427609428 0.1921875 0.1414141414141414 0.1953125 0.1447811447811448 0.1953125 0.15488215488215487 0.1984375 0.15824915824915825 0.1984375 0.16161616161616163 0.203125 0.16161616161616163 0.2046875 0.16835016835016836 0.2078125 0.1717171717171717 0.2046875 0.18181818181818182 0.2078125 0.18518518518518517 0.2078125 0.18855218855218855 0.2046875 0.1919191919191919 0.203125 0.19865319865319866 0.1953125 0.19865319865319866 0.19375 0.2053872053872054 0.1890625 0.2053872053872054 0.1875 0.21212121212121213 0.1859375 0.21212121212121213 0.1859375 0.21885521885521886 0.190625 0.21548821548821548 0.1921875 0.20875420875420875 0.2 0.20875420875420875 0.2015625 0.20202020202020202 0.2125 0.20202020202020202 0.2140625 0.20875420875420875 0.2078125 0.21885521885521886 0.2078125 0.23232323232323232 0.2125 0.23905723905723905 0.2125 0.2222222222222222 0.2140625 0.21885521885521886 0.221875 0.21885521885521886 0.2234375 0.2222222222222222 0.2234375 0.23905723905723905 0.225 0.24579124579124578 0.228125 0.24915824915824916 0.228125 0.265993265993266 0.2390625 0.265993265993266 0.240625 0.2727272727272727 0.2515625 0.2727272727272727 0.253125 0.27946127946127947 0.2765625 0.27946127946127947 0.278125 0.26262626262626265 0.2796875 0.25925925925925924 0.284375 0.25925925925925924 0.2859375 0.25252525252525254 0.2875 0.25252525252525254 0.2875 0.2356902356902357 0.290625 0.23232323232323232 0.290625 0.2222222222222222 0.296875 0.21548821548821548 0.296875 0.18518518518518517 0.3 0.18181818181818182 0.3 0.15824915824915825 0.296875 0.15488215488215487 0.296875 0.1447811447811448 0.29375 0.1414141414141414 0.29375 0.10774410774410774 0.2890625 0.10774410774410774 0.2875 0.10101010101010101 0.2828125 0.10101010101010101 0.28125 0.09427609427609428 0.26875 0.09427609427609428 0.2671875 0.08754208754208755 0.228125 0.08754208754208755 0.228125 0.09090909090909091 0.2265625 0.09427609427609428 0.1921875 0.09427609427609428
2 0.26875 0.5824915824915825 0.26875 0.5993265993265994 0.2734375 0.5993265993265994 0.275 0.6060606060606061 0.2875 0.6060606060606061 0.2890625 0.6127946127946128 0.315625 0.6127946127946128 0.3171875 0.6195286195286195 0.33125 0.6195286195286195 0.3328125 0.6262626262626263 0.3515625 0.6262626262626263 0.353125 0.632996632996633 0.390625 0.632996632996633 0.3921875 0.6262626262626263 0.40625 0.6262626262626263 0.4078125 0.6195286195286195 0.4125 0.6195286195286195 0.4125 0.5959595959595959 0.409375 0.5925925925925926 0.409375 0.5892255892255892 0.36875 0.5892255892255892 0.3671875 0.5959595959595959 0.35625 0.5959595959595959 0.3546875 0.5892255892255892 0.346875 0.5892255892255892 0.3453125 0.5824915824915825 0.340625 0.5824915824915825 0.3390625 0.5757575757575758 0.3296875 0.5757575757575758 0.328125 0.5824915824915825 0.3171875 0.5824915824915825 0.315625 0.5757575757575758 0.3078125 0.5757575757575758 0.30625 0.569023569023569 0.2921875 0.569023569023569 0.290625 0.5622895622895623 0.275 0.5622895622895623 0.2734375 0.5555555555555556 0.265625 0.5555555555555556 0.265625 0.5589225589225589 0.265625 0.5791245791245792 0.26875 0.5824915824915825
2 0.1046875 0.12457912457912458 0.103125 0.13131313131313133 0.0984375 0.13131313131313133 0.096875 0.13804713804713806 0.0921875 0.13804713804713806 0.090625 0.1447811447811448 0.0859375 0.1447811447811448 0.08125 0.15824915824915825 0.0765625 0.15824915824915825 0.075 0.16498316498316498 0.0703125 0.16498316498316498 0.059375 0.1919191919191919 0.0578125 0.1919191919191919 0.05625 0.20202020202020202 0.046875 0.21885521885521886 0.046875 0.23905723905723905 0.04375 0.24242424242424243 0.04375 0.25252525252525254 0.040625 0.2558922558922559 0.040625 0.265993265993266 0.0375 0.26936026936026936 0.0375 0.28619528619528617 0.034375 0.2895622895622896 0.034375 0.3265993265993266 0.03125 0.32996632996632996 0.03125 0.4175084175084175 0.034375 0.4208754208754209 0.034375 0.4478114478114478 0.0375 0.4511784511784512 0.0375 0.4612794612794613 0.040625 0.46464646464646464 0.040625 0.47474747474747475 0.05 0.49158249158249157 0.05 0.494949494949495 0.059375 0.494949494949495 0.0734375 0.4612794612794613 0.075 0.4612794612794613 0.075 0.4511784511784512 0.078125 0.4478114478114478 0.0796875 0.44107744107744107 0.084375 0.4377104377104377 0.084375 0.4276094276094276 0.1 0.39730639730639733 0.1 0.3872053872053872 0.109375 0.37037037037037035 0.1109375 0.3602693602693603 0.1140625 0.3569023569023569 0.115625 0.3501683501683502 0.1171875 0.3501683501683502 0.1171875 0.3400673400673401 0.1328125 0.31313131313131315 0.1328125 0.30303030303030304 0.1390625 0.29292929292929293 0.1390625 0.2828282828282828 0.1453125 0.2727272727272727 0.1453125 0.2558922558922559 0.165625 0.21548821548821548 0.165625 0.2053872053872054 0.16875 0.20202020202020202 0.16875 0.16498316498316498 0.165625 0.16161616161616163 0.165625 0.15824915824915825 0.159375 0.15824915824915825 0.1578125 0.15151515151515152 0.1546875 0.14814814814814814 0.1546875 0.13804713804713806 0.1515625 0.13468013468013468 0.1515625 0.13131313131313133 0.146875 0.13131313131313133 0.1421875 0.11784511784511785 0.1109375 0.11784511784511785 0.1109375 0.12121212121212122 0.109375 0.12457912457912458 0.1046875 0.12457912457912458
2 0.45625 0 0.45625 0.003367003367003367 0.45625 0.09764309764309764 0.453125 0.10101010101010101 0.453125 0.12121212121212122 0.45 0.12457912457912458 0.45 0.12794612794612795 0.453125 0.13131313131313133 0.453125 0.13468013468013468 0.4578125 0.13468013468013468 0.459375 0.13804713804713806 0.459375 0.14814814814814814 0.45625 0.15151515151515152 0.45625 0.1750841750841751 0.453125 0.17845117845117844 0.453125 0.23905723905723905 0.45 0.24242424242424243 0.45 0.24579124579124578 0.453125 0.24915824915824916 0.453125 0.25925925925925924 0.45 0.26262626262626265 0.45 0.265993265993266 0.453125 0.26936026936026936 0.453125 0.2727272727272727 0.45 0.2760942760942761 0.45 0.27946127946127947 0.4546875 0.28619528619528617 0.4625 0.265993265993266 0.4640625 0.265993265993266 0.4640625 0.2558922558922559 0.4796875 0.2255892255892256 0.48125 0.21548821548821548 0.4828125 0.21548821548821548 0.4828125 0.2053872053872054 0.4859375 0.20202020202020202 0.4859375 0.1919191919191919 0.4890625 0.18855218855218855 0.4890625 0.13131313131313133 0.4859375 0.12794612794612795 0.4859375 0.08754208754208755 0.4828125 0.08417508417508418 0.4828125 0.04713804713804714 0.4796875 0.04377104377104377 0.4796875 0.03367003367003367 0.4734375 0.02356902356902357 0.4734375 0 0.45625 0
2 0.1765625 0.7474747474747475 0.1765625 0.8552188552188552 0.1734375 0.8585858585858586 0.1734375 0.8821548821548821 0.1703125 0.8855218855218855 0.1765625 0.8956228956228957 0.1765625 0.898989898989899 0.18125 0.898989898989899 0.1828125 0.8922558922558923 0.203125 0.8922558922558923 0.2046875 0.8855218855218855 0.2078125 0.8821548821548821 0.2125 0.8821548821548821 0.2125 0.8720538720538721 0.2140625 0.8686868686868687 0.21875 0.8686868686868687 0.21875 0.8585858585858586 0.221875 0.8552188552188552 0.2234375 0.8484848484848485 0.2359375 0.8484848484848485 0.2375 0.8518518518518519 0.2375 0.8619528619528619 0.2421875 0.8619528619528619 0.246875 0.8754208754208754 0.2671875 0.8754208754208754 0.26875 0.8686868686868687 0.2734375 0.8686868686868687 0.275 0.8619528619528619 0.2765625 0.8619528619528619 0.2734375 0.8518518518518519 0.2765625 0.8484848484848485 0.2765625 0.8316498316498316 0.2734375 0.8282828282828283 0.2734375 0.8181818181818182 0.2671875 0.8080808080808081 0.2671875 0.797979797979798 0.2640625 0.7946127946127947 0.2640625 0.7777777777777778 0.2609375 0.7744107744107744 0.2609375 0.7676767676767676 0.2578125 0.7643097643097643 0.2578125 0.7609427609427609 0.253125 0.7609427609427609 0.2453125 0.7407407407407407 0.240625 0.7407407407407407 0.2390625 0.734006734006734 0.23125 0.734006734006734 0.2296875 0.7272727272727273 0.2234375 0.7272727272727273 0.221875 0.7205387205387206 0.1734375 0.7205387205387206 0.1734375 0.7239057239057239 0.1734375 0.7441077441077442 0.1765625 0.7474747474747475
2 0.6484375 0.13131313131313133 0.646875 0.13804713804713806 0.6453125 0.13804713804713806 0.6453125 0.14814814814814814 0.6484375 0.15151515151515152 0.6484375 0.15488215488215487 0.653125 0.15488215488215487 0.6546875 0.16161616161616163 0.659375 0.16161616161616163 0.6640625 0.1750841750841751 0.6765625 0.1750841750841751 0.68125 0.18855218855218855 0.6859375 0.18855218855218855 0.6875 0.19528619528619529 0.690625 0.19865319865319866 0.690625 0.20875420875420875 0.69375 0.21212121212121213 0.69375 0.21548821548821548 0.6984375 0.21548821548821548 0.7 0.20875420875420875 0.7171875 0.20875420875420875 0.71875 0.20202020202020202 0.7203125 0.20202020202020202 0.7203125 0.1919191919191919 0.7171875 0.18855218855218855 0.7171875 0.17845117845117844 0.7078125 0.16161616161616163 0.7078125 0.15824915824915825 0.703125 0.15824915824915825 0.7015625 0.15151515151515152 0.696875 0.15151515151515152 0.6953125 0.1447811447811448 0.690625 0.1447811447811448 0.6859375 0.13131313131313133 0.68125 0.13131313131313133 0.6796875 0.12457912457912458 0.6546875 0.12457912457912458 0.6546875 0.12794612794612795 0.653125 0.13131313131313133 0.6484375 0.13131313131313133
2 0.7546875 0.1919191919191919 0.753125 0.19865319865319866 0.7328125 0.19865319865319866 0.73125 0.2053872053872054 0.7234375 0.2053872053872054 0.721875 0.21212121212121213 0.70625 0.21212121212121213 0.7046875 0.21885521885521886 0.7 0.2222222222222222 0.7 0.23232323232323232 0.71875 0.26936026936026936 0.71875 0.2727272727272727 0.721875 0.2727272727272727 0.7234375 0.27946127946127947 0.728125 0.27946127946127947 0.7296875 0.28619528619528617 0.7328125 0.2895622895622896 0.7328125 0.2996632996632997 0.7359375 0.30303030303030304 0.7359375 0.3063973063973064 0.74375 0.3063973063973064 0.7515625 0.3265993265993266 0.759375 0.32996632996632996 0.7609375 0.3265993265993266 0.76875 0.3265993265993266 0.7734375 0.31313131313131315 0.775 0.31313131313131315 0.7765625 0.2828282828282828 0.7890625 0.25925925925925924 0.7890625 0.24915824915824916 0.7921875 0.24579124579124578 0.7921875 0.2356902356902357 0.7953125 0.23232323232323232 0.7953125 0.19865319865319866 0.7890625 0.18855218855218855 0.7890625 0.18518518518518517 0.7671875 0.18518518518518517 0.7671875 0.18855218855218855 0.765625 0.1919191919191919 0.7546875 0.1919191919191919
2 0.271875 0.9629629629629629 0.2703125 0.9696969696969697 0.26875 0.9696969696969697 0.26875 0.9966329966329966 0.3359375 0.9966329966329966 0.3359375 0.98989898989899 0.3328125 0.9865319865319865 0.33125 0.9696969696969697 0.328125 0.9663299663299664 0.328125 0.9629629629629629 0.3234375 0.9629629629629629 0.321875 0.9562289562289562 0.2796875 0.9562289562289562 0.2796875 0.9595959595959596 0.278125 0.9629629629629629 0.271875 0.9629629629629629
2 0.475 0 0.475 0.003367003367003367 0.475 0.02356902356902357 0.48125 0.03367003367003367 0.48125 0.04377104377104377 0.484375 0.04713804713804714 0.4828125 0.05387205387205387 0.48125 0.05387205387205387 0.48125 0.06397306397306397 0.484375 0.06734006734006734 0.484375 0.08417508417508418 0.4875 0.08754208754208755 0.4875 0.12794612794612795 0.490625 0.13131313131313133 0.490625 0.18855218855218855 0.4875 0.1919191919191919 0.4875 0.20202020202020202 0.484375 0.2053872053872054 0.484375 0.2255892255892256 0.46875 0.2558922558922559 0.46875 0.265993265993266 0.4859375 0.265993265993266 0.490625 0.25252525252525254 0.4921875 0.25252525252525254 0.4921875 0.24242424242424243 0.4953125 0.23905723905723905 0.4953125 0.22895622895622897 0.4984375 0.2255892255892256 0.5 0.21212121212121213 0.503125 0.20875420875420875 0.503125 0.19865319865319866 0.509375 0.18855218855218855 0.509375 0.17845117845117844 0.5125 0.1750841750841751 0.5140625 0.16835016835016836 0.51875 0.16835016835016836 0.5265625 0.14814814814814814 0.53125 0.14814814814814814 0.5328125 0.1414141414141414 0.540625 0.1414141414141414 0.5421875 0.13468013468013468 0.54375 0.13468013468013468 0.54375 0.11784511784511785 0.546875 0.11447811447811448 0.546875 0.10774410774410774 0.55 0.10437710437710437 0.5515625 0.09764309764309764 0.553125 0.09764309764309764 0.5546875 0.09090909090909091 0.5546875 0.06734006734006734 0.5578125 0.06397306397306397 0.5578125 0 0.5328125 0 0.53125 0.006734006734006734 0.5109375 0.006734006734006734 0.509375 0 0.475 0
2 0.11875 0.3569023569023569 0.1125 0.367003367003367 0.1109375 0.3771043771043771 0.1015625 0.3939393939393939 0.1 0.4006734006734007 0.0984375 0.4006734006734007 0.0984375 0.4107744107744108 0.0953125 0.41414141414141414 0.09375 0.4208754208754209 0.0890625 0.4208754208754209 0.0875 0.4276094276094276 0.0859375 0.4276094276094276 0.0859375 0.4377104377104377 0.0796875 0.4444444444444444 0.0796875 0.45454545454545453 0.0734375 0.46464646464646464 0.0734375 0.47474747474747475 0.0671875 0.48484848484848486 0.0671875 0.5151515151515151 0.0796875 0.5387205387205387 0.0796875 0.5488215488215489 0.084375 0.5521885521885522 0.0859375 0.5589225589225589 0.0890625 0.5622895622895623 0.0890625 0.5723905723905723 0.0921875 0.5757575757575758 0.0921875 0.5858585858585859 0.096875 0.5858585858585859 0.0984375 0.5925925925925926 0.1265625 0.5925925925925926 0.128125 0.5858585858585859 0.1328125 0.5858585858585859 0.134375 0.5791245791245792 0.1390625 0.5791245791245792 0.140625 0.5723905723905723 0.1453125 0.5723905723905723 0.15 0.5589225589225589 0.1546875 0.5589225589225589 0.15625 0.5521885521885522 0.1640625 0.5488215488215489 0.165625 0.5420875420875421 0.16875 0.5420875420875421 0.1703125 0.5353535353535354 0.171875 0.5353535353535354 0.171875 0.5252525252525253 0.175 0.5218855218855218 0.175 0.5117845117845118 0.178125 0.5084175084175084 0.178125 0.4983164983164983 0.175 0.494949494949495 0.175 0.45791245791245794 0.171875 0.45454545454545453 0.171875 0.44107744107744107 0.16875 0.4377104377104377 0.16875 0.4276094276094276 0.165625 0.42424242424242425 0.1640625 0.4006734006734007 0.1609375 0.39730639730639733 0.1609375 0.38047138047138046 0.1546875 0.37037037037037035 0.1546875 0.3468013468013468 0.1515625 0.3434343434343434 0.1515625 0.32996632996632996 0.1421875 0.31313131313131315 0.1421875 0.30976430976430974 0.1375 0.30976430976430974 0.1375 0.31313131313131315 0.11875 0.3468013468013468 0.11875 0.3569023569023569
2 0 0.6397306397306397 0.0015625 0.6397306397306397 0.003125 0.632996632996633 0.0078125 0.632996632996633 0.028125 0.5858585858585859 0.0328125 0.5858585858585859 0.034375 0.5791245791245792 0.0421875 0.5791245791245792 0.046875 0.5656565656565656 0.0484375 0.5656565656565656 0.0484375 0.5555555555555556 0.0515625 0.5521885521885522 0.0515625 0.5117845117845118 0.0484375 0.5084175084175084 0.0484375 0.4983164983164983 0.0390625 0.48148148148148145 0.0390625 0.4781144781144781 0.01875 0.4781144781144781 0.01875 0.48148148148148145 0.0171875 0.48484848484848486 0.0125 0.48484848484848486 0.0109375 0.49158249158249157 0 0.49158249158249157 0 0.5656565656565656 0.003125 0.569023569023569 0.003125 0.5858585858585859 0 0.5892255892255892 0 0.6397306397306397
2 0.9828125 0.9158249158249159 0.978125 0.9292929292929293 0.9765625 0.9292929292929293 0.9765625 0.9595959595959596 0.9734375 0.9629629629629629 0.9734375 0.9865319865319865 0.9703125 0.98989898989899 0.9703125 0.9966329966329966 0.996875 0.9966329966329966 0.9984375 0.9932659932659933 0.9984375 0.9158249158249159 0.996875 0.9090909090909091 0.9953125 0.9090909090909091 0.9953125 0.9124579124579124 0.99375 0.9158249158249159 0.9828125 0.9158249158249159
2 0.3265625 0 0.3265625 0.003367003367003367 0.325 0.006734006734006734 0.3140625 0.006734006734006734 0.3140625 0.02356902356902357 0.3171875 0.026936026936026935 0.3171875 0.05723905723905724 0.3078125 0.07407407407407407 0.3078125 0.11447811447811448 0.3046875 0.11784511784511785 0.3046875 0.12794612794612795 0.3015625 0.13131313131313133 0.3015625 0.1414141414141414 0.3046875 0.1447811447811448 0.3046875 0.16161616161616163 0.3078125 0.16498316498316498 0.30625 0.1717171717171717 0.3046875 0.1717171717171717 0.3046875 0.20875420875420875 0.309375 0.20875420875420875 0.3109375 0.21548821548821548 0.3140625 0.21885521885521886 0.328125 0.21885521885521886 0.3296875 0.2255892255892256 0.3359375 0.2255892255892256 0.3375 0.23232323232323232 0.3453125 0.23232323232323232 0.35 0.24579124579124578 0.3546875 0.24579124579124578 0.35625 0.25252525252525254 0.3578125 0.25252525252525254 0.359375 0.24579124579124578 0.3640625 0.24579124579124578 0.365625 0.23905723905723905 0.3703125 0.23905723905723905 0.371875 0.23232323232323232 0.3796875 0.23232323232323232 0.38125 0.2255892255892256 0.3875 0.2255892255892256 0.3890625 0.21885521885521886 0.403125 0.21885521885521886 0.4046875 0.2255892255892256 0.4125 0.2255892255892256 0.4140625 0.23232323232323232 0.41875 0.23232323232323232 0.4203125 0.23905723905723905 0.425 0.23905723905723905 0.4328125 0.25925925925925924 0.4375 0.25925925925925924 0.4390625 0.26262626262626265 0.4390625 0.2727272727272727 0.4578125 0.2727272727272727 0.459375 0.265993265993266 0.4609375 0.265993265993266 0.4609375 0.2558922558922559 0.4640625 0.25252525252525254 0.4640625 0.24915824915824916 0.459375 0.24915824915824916 0.4546875 0.2356902356902357 0.45625 0.23232323232323232 0.4609375 0.23232323232323232 0.4625 0.23905723905723905 0.4640625 0.23905723905723905 0.465625 0.23232323232323232 0.4734375 0.23232323232323232 0.475 0.2255892255892256 0.4765625 0.2255892255892256 0.4765625 0.21885521885521886 0.4828125 0.20875420875420875 0.4828125 0.19865319865319866 0.4859375 0.19528619528619529 0.4859375 0.17845117845117844 0.4890625 0.1750841750841751 0.4890625 0.16498316498316498 0.4859375 0.16161616161616163 0.4859375 0.15824915824915825 0.4890625 0.15488215488215487 0.4890625 0.13804713804713806 0.4859375 0.13468013468013468 0.4859375 0.11784511784511785 0.4828125 0.11447811447811448 0.4828125 0.10774410774410774 0.4859375 0.10437710437710437 0.4859375 0.10101010101010101 0.4828125 0.09764309764309764 0.4828125 0.06734006734006734 0.4796875 0.06397306397306397 0.4796875 0.04713804713804714 0.475 0.04713804713804714 0.4734375 0.04377104377104377 0.4734375 0.03367003367003367 0.4765625 0.030303030303030304 0.4765625 0.026936026936026935 0.4703125 0.016835016835016835 0.4703125 0 0.4421875 0 0.440625 0.006734006734006734 0.4203125 0.006734006734006734 0.41875 0 0.3265625 0
2 0.98125 0.15151515151515152 0.9765625 0.15151515151515152 0.9765625 0.16161616161616163 0.9703125 0.1717171717171717 0.9703125 0.18181818181818182 0.96875 0.18518518518518517 0.9640625 0.18518518518518517 0.95625 0.2053872053872054 0.9546875 0.2053872053872054 0.9546875 0.21548821548821548 0.9515625 0.21885521885521886 0.9515625 0.23232323232323232 0.9484375 0.2356902356902357 0.9484375 0.265993265993266 0.9515625 0.26936026936026936 0.9515625 0.2727272727272727 0.95625 0.2727272727272727 0.9578125 0.2760942760942761 0.9578125 0.28619528619528617 0.9734375 0.3164983164983165 0.9734375 0.31986531986531985 0.98125 0.31986531986531985 0.9828125 0.3265993265993266 0.990625 0.3265993265993266 0.9953125 0.3333333333333333 0.9953125 0.3434343434343434 0.9984375 0.3434343434343434 0.9984375 0.2962962962962963 0.996875 0.2895622895622896 0.9984375 0.28619528619528617 0.9984375 0.11784511784511785 0.9953125 0.11784511784511785 0.9953125 0.12121212121212122 0.9828125 0.1447811447811448 0.98125 0.15151515151515152
2 0.7234375 0.8518518518518519 0.721875 0.8619528619528619 0.71875 0.8653198653198653 0.71875 0.8754208754208754 0.7375 0.8754208754208754 0.7390625 0.8821548821548821 0.7453125 0.8888888888888888 0.7453125 0.8922558922558923 0.75 0.8922558922558923 0.7640625 0.9259259259259259 0.7671875 0.9292929292929293 0.7671875 0.9528619528619529 0.7703125 0.9562289562289562 0.7703125 0.9730639730639731 0.775 0.9730639730639731 0.7765625 0.9663299663299664 0.7796875 0.9663299663299664 0.7796875 0.9562289562289562 0.7921875 0.9326599326599326 0.7921875 0.9023569023569024 0.7890625 0.898989898989899 0.7890625 0.8888888888888888 0.7828125 0.8821548821548821 0.7828125 0.8720538720538721 0.778125 0.8720538720538721 0.7765625 0.8653198653198653 0.771875 0.8619528619528619 0.771875 0.8585858585858586 0.7640625 0.8585858585858586 0.7625 0.8518518518518519 0.7515625 0.8518518518518519 0.75 0.8451178451178452 0.7296875 0.8451178451178452 0.7296875 0.8484848484848485 0.728125 0.8518518518518519 0.7234375 0.8518518518518519
2 0.2234375 0 0.2234375 0.003367003367003367 0.221875 0.006734006734006734 0.2140625 0.006734006734006734 0.2171875 0.016835016835016835 0.2015625 0.04713804713804714 0.2015625 0.050505050505050504 0.2046875 0.05387205387205387 0.2046875 0.06397306397306397 0.2078125 0.06734006734006734 0.2078125 0.0707070707070707 0.2328125 0.0707070707070707 0.234375 0.07744107744107744 0.2390625 0.07744107744107744 0.240625 0.08417508417508418 0.290625 0.08417508417508418 0.290625 0.07407407407407407 0.296875 0.06397306397306397 0.296875 0.04040404040404041 0.3 0.037037037037037035 0.3 0.026936026936026935 0.303125 0.02356902356902357 0.303125 0 0.2234375 0
2 0.584375 0.037037037037037035 0.578125 0.04713804713804714 0.5765625 0.05387205387205387 0.56875 0.05387205387205387 0.56875 0.06397306397306397 0.565625 0.06734006734006734 0.565625 0.12121212121212122 0.5703125 0.12121212121212122 0.571875 0.12457912457912458 0.571875 0.16161616161616163 0.5765625 0.16161616161616163 0.578125 0.16498316498316498 0.578125 0.18855218855218855 0.575 0.1919191919191919 0.575 0.19528619528619529 0.58125 0.2053872053872054 0.58125 0.21885521885521886 0.5859375 0.2255892255892256 0.5875 0.21885521885521886 0.5921875 0.21885521885521886 0.596875 0.23232323232323232 0.6078125 0.23232323232323232 0.609375 0.2255892255892256 0.6109375 0.2255892255892256 0.6125 0.21212121212121213 0.615625 0.20875420875420875 0.615625 0.19865319865319866 0.61875 0.19528619528619529 0.61875 0.18518518518518517 0.634375 0.15488215488215487 0.634375 0.13131313131313133 0.63125 0.12794612794612795 0.63125 0.11784511784511785 0.628125 0.11447811447811448 0.628125 0.10774410774410774 0.615625 0.08417508417508418 0.615625 0.08080808080808081 0.6125 0.08080808080808081 0.6109375 0.07407407407407407 0.60625 0.07407407407407407 0.6046875 0.06734006734006734 0.6015625 0.06397306397306397 0.6015625 0.04040404040404041 0.5984375 0.037037037037037035 0.5984375 0.026936026936026935 0.5953125 0.02356902356902357 0.5953125 0.020202020202020204 0.590625 0.020202020202020204 0.5890625 0.013468013468013467 0.5875 0.013468013468013467 0.5875 0.016835016835016835 0.584375 0.020202020202020204 0.584375 0.037037037037037035
2 0.809375 0.11784511784511785 0.8078125 0.12457912457912458 0.803125 0.12457912457912458 0.7953125 0.1447811447811448 0.79375 0.1447811447811448 0.79375 0.16161616161616163 0.790625 0.16498316498316498 0.790625 0.18181818181818182 0.796875 0.1919191919191919 0.796875 0.21548821548821548 0.8 0.21885521885521886 0.8 0.2255892255892256 0.8046875 0.2255892255892256 0.809375 0.23905723905723905 0.8140625 0.23905723905723905 0.815625 0.24579124579124578 0.8203125 0.24579124579124578 0.821875 0.25252525252525254 0.825 0.2558922558922559 0.825 0.29292929292929293 0.8234375 0.2962962962962963 0.815625 0.2962962962962963 0.8140625 0.30303030303030304 0.8125 0.30303030303030304 0.815625 0.31313131313131315 0.81875 0.3164983164983165 0.81875 0.3265993265993266 0.8296875 0.3265993265993266 0.83125 0.31986531986531985 0.834375 0.31986531986531985 0.8359375 0.31313131313131315 0.840625 0.31313131313131315 0.8453125 0.2996632996632997 0.85 0.2996632996632997 0.8609375 0.2727272727272727 0.8625 0.2727272727272727 0.8625 0.26262626262626265 0.865625 0.25925925925925924 0.865625 0.24242424242424243 0.86875 0.23905723905723905 0.86875 0.2356902356902357 0.865625 0.23232323232323232 0.865625 0.18518518518518517 0.8625 0.18181818181818182 0.8625 0.16498316498316498 0.859375 0.16161616161616163 0.859375 0.15151515151515152 0.85625 0.14814814814814814 0.85625 0.13804713804713806 0.85 0.12794612794612795 0.85 0.12457912457912458 0.8453125 0.12457912457912458 0.84375 0.11784511784511785 0.8390625 0.11784511784511785 0.8375 0.1111111111111111 0.825 0.1111111111111111 0.825 0.11447811447811448 0.8234375 0.11784511784511785 0.809375 0.11784511784511785
2 0.8515625 0.30303030303030304 0.85 0.30976430976430974 0.8453125 0.30976430976430974 0.84375 0.3164983164983165 0.8390625 0.3164983164983165 0.8375 0.32323232323232326 0.834375 0.32323232323232326 0.8328125 0.32996632996632996 0.8296875 0.3333333333333333 0.815625 0.3333333333333333 0.8140625 0.3400673400673401 0.80625 0.3400673400673401 0.8046875 0.3468013468013468 0.8 0.3468013468013468 0.7984375 0.35353535353535354 0.790625 0.35353535353535354 0.7890625 0.3602693602693603 0.778125 0.3602693602693603 0.778125 0.3771043771043771 0.7828125 0.3771043771043771 0.784375 0.3838383838383838 0.7921875 0.3838383838383838 0.79375 0.39057239057239057 0.8296875 0.39057239057239057 0.83125 0.3838383838383838 0.834375 0.3838383838383838 0.8359375 0.3771043771043771 0.840625 0.3771043771043771 0.8421875 0.37037037037037035 0.846875 0.37037037037037035 0.8515625 0.3569023569023569 0.859375 0.3569023569023569 0.8640625 0.3434343434343434 0.865625 0.3434343434343434 0.865625 0.32996632996632996 0.86875 0.3265993265993266 0.86875 0.30303030303030304 0.865625 0.2996632996632997 0.865625 0.2962962962962963 0.8578125 0.2962962962962963 0.8578125 0.2996632996632997 0.85625 0.30303030303030304 0.8515625 0.30303030303030304
2 0.6140625 0.8181818181818182 0.6125 0.835016835016835 0.609375 0.8383838383838383 0.6078125 0.8451178451178452 0.603125 0.8451178451178452 0.603125 0.8552188552188552 0.6 0.8585858585858586 0.6 0.8754208754208754 0.603125 0.8787878787878788 0.603125 0.8855218855218855 0.609375 0.8956228956228957 0.609375 0.898989898989899 0.6125 0.9023569023569024 0.6140625 0.9124579124579124 0.61875 0.9124579124579124 0.6203125 0.9191919191919192 0.625 0.9191919191919192 0.6265625 0.9124579124579124 0.63125 0.9124579124579124 0.6328125 0.9057239057239057 0.6375 0.9057239057239057 0.6390625 0.898989898989899 0.64375 0.898989898989899 0.6484375 0.8855218855218855 0.65 0.8855218855218855 0.65 0.8787878787878788 0.653125 0.8754208754208754 0.653125 0.8181818181818182 0.65 0.8148148148148148 0.65 0.8047138047138047 0.64375 0.7946127946127947 0.64375 0.7912457912457912 0.6390625 0.7912457912457912 0.6375 0.7845117845117845 0.6265625 0.7845117845117845 0.6265625 0.7878787878787878 0.6265625 0.7946127946127947 0.6140625 0.8181818181818182
2 0.7578125 0.013468013468013467 0.75625 0.020202020202020204 0.7515625 0.020202020202020204 0.75 0.026936026936026935 0.7484375 0.026936026936026935 0.7484375 0.037037037037037035 0.7390625 0.05387205387205387 0.7375 0.06060606060606061 0.7328125 0.06060606060606061 0.725 0.08080808080808081 0.721875 0.08080808080808081 0.7109375 0.10774410774410774 0.709375 0.10774410774410774 0.709375 0.12121212121212122 0.715625 0.13131313131313133 0.715625 0.16161616161616163 0.71875 0.16498316498316498 0.71875 0.1750841750841751 0.721875 0.17845117845117844 0.7234375 0.18855218855218855 0.740625 0.18855218855218855 0.7421875 0.18181818181818182 0.753125 0.18181818181818182 0.7546875 0.1750841750841751 0.759375 0.1750841750841751 0.7609375 0.16835016835016836 0.765625 0.16835016835016836 0.7734375 0.14814814814814814 0.775 0.14814814814814814 0.778125 0.13468013468013468 0.7828125 0.13468013468013468 0.784375 0.12794612794612795 0.7921875 0.12794612794612795 0.79375 0.12121212121212122 0.7984375 0.12121212121212122 0.803125 0.10774410774410774 0.8078125 0.10437710437710437 0.809375 0.09764309764309764 0.8109375 0.09764309764309764 0.8109375 0.07407407407407407 0.8046875 0.06397306397306397 0.8046875 0.04713804713804714 0.7953125 0.030303030303030304 0.7953125 0.026936026936026935 0.790625 0.026936026936026935 0.7859375 0.013468013468013467 0.7703125 0.013468013468013467 0.76875 0.006734006734006734 0.7671875 0.006734006734006734 0.7671875 0.010101010101010102 0.765625 0.013468013468013467 0.7578125 0.013468013468013467
2 0.2671875 0.9865319865319865 0.2671875 0.9696969696969697 0.2640625 0.9663299663299664 0.2640625 0.9427609427609428 0.2609375 0.9393939393939394 0.2609375 0.8956228956228957 0.2546875 0.8855218855218855 0.2546875 0.8787878787878788 0.2515625 0.8754208754208754 0.2515625 0.8720538720538721 0.246875 0.8720538720538721 0.2421875 0.8585858585858586 0.2390625 0.8552188552188552 0.2390625 0.8451178451178452 0.2203125 0.8451178451178452 0.2203125 0.8484848484848485 0.2171875 0.8518518518518519 0.2171875 0.8619528619528619 0.2078125 0.8787878787878788 0.20625 0.8855218855218855 0.2015625 0.8855218855218855 0.1953125 0.8956228956228957 0.1953125 0.898989898989899 0.203125 0.898989898989899 0.2046875 0.9057239057239057 0.1984375 0.9158249158249159 0.1984375 0.9326599326599326 0.1953125 0.936026936026936 0.1953125 0.9966329966329966 0.265625 0.9966329966329966 0.2640625 0.9932659932659933 0.265625 0.9865319865319865 0.2671875 0.9865319865319865
2 0.9640625 0.6161616161616161 0.9640625 0.6531986531986532 0.9671875 0.6565656565656566 0.9671875 0.6767676767676768 0.9703125 0.6801346801346801 0.9703125 0.6902356902356902 0.975 0.696969696969697 0.9765625 0.6902356902356902 0.990625 0.6902356902356902 0.9921875 0.6835016835016835 0.9984375 0.6835016835016835 0.9984375 0.6094276094276094 0.9734375 0.6094276094276094 0.9734375 0.6127946127946128 0.971875 0.6161616161616161 0.9640625 0.6161616161616161
1 0.784375 0.5151515151515151 0.7875 0.5185185185185185 0.7875 0.5521885521885522 0.790625 0.5555555555555556 0.790625 0.5656565656565656 0.79375 0.569023569023569 0.79375 0.5723905723905723 0.8015625 0.5723905723905723 0.803125 0.5791245791245792 0.8046875 0.5791245791245792 0.80625 0.5723905723905723 0.8109375 0.5723905723905723 0.8125 0.5656565656565656 0.8140625 0.5656565656565656 0.8140625 0.5555555555555556 0.8171875 0.5521885521885522 0.8171875 0.5454545454545454 0.8203125 0.5420875420875421 0.8203125 0.5050505050505051 0.8171875 0.5016835016835017 0.8171875 0.49158249158249157 0.8140625 0.4882154882154882 0.8140625 0.48484848484848486 0.8203125 0.47474747474747475 0.8203125 0.4511784511784512 0.8140625 0.44107744107744107 0.809375 0.44107744107744107 0.8078125 0.43434343434343436 0.803125 0.43434343434343436 0.8015625 0.4276094276094276 0.796875 0.4276094276094276 0.796875 0.43097643097643096 0.784375 0.4511784511784512 0.784375 0.5151515151515151
1 0.5546875 0.2760942760942761 0.5375 0.3164983164983165 0.5359375 0.3164983164983165 0.5359375 0.3265993265993266 0.5328125 0.32996632996632996 0.53125 0.3400673400673401 0.5296875 0.3400673400673401 0.5296875 0.3569023569023569 0.5265625 0.3602693602693603 0.5265625 0.3771043771043771 0.5234375 0.38047138047138046 0.5234375 0.40404040404040403 0.528125 0.40404040404040403 0.5296875 0.4107744107744108 0.53125 0.4107744107744108 0.5328125 0.40404040404040403 0.5375 0.40404040404040403 0.5390625 0.39730639730639733 0.5546875 0.39730639730639733 0.55625 0.39057239057239057 0.5765625 0.39057239057239057 0.578125 0.3838383838383838 0.5890625 0.3838383838383838 0.590625 0.3771043771043771 0.6046875 0.3771043771043771 0.6046875 0.367003367003367 0.6015625 0.36363636363636365 0.6015625 0.32996632996632996 0.5984375 0.3265993265993266 0.5984375 0.2962962962962963 0.5890625 0.27946127946127947 0.5890625 0.2760942760942761 0.584375 0.2760942760942761 0.5828125 0.26936026936026936 0.565625 0.26936026936026936 0.565625 0.2727272727272727 0.5640625 0.2760942760942761 0.5546875 0.2760942760942761
1 0.4625 0.4444444444444444 0.4546875 0.46464646464646464 0.45 0.46464646464646464 0.45 0.47474747474747475 0.446875 0.4781144781144781 0.4453125 0.48484848484848486 0.4453125 0.5420875420875421 0.4421875 0.5454545454545454 0.4421875 0.5589225589225589 0.4453125 0.5589225589225589 0.446875 0.5656565656565656 0.4765625 0.5656565656565656 0.478125 0.5723905723905723 0.4984375 0.5723905723905723 0.5 0.5454545454545454 0.503125 0.5420875420875421 0.503125 0.4713804713804714 0.5 0.468013468013468 0.5 0.45791245791245794 0.4984375 0.4511784511784512 0.4953125 0.4478114478114478 0.4953125 0.44107744107744107 0.490625 0.44107744107744107 0.4890625 0.43434343434343436 0.478125 0.43434343434343436 0.478125 0.4377104377104377 0.4765625 0.44107744107744107 0.4625 0.4444444444444444
1 0.225 0.2828282828282828 0.2234375 0.29292929292929293 0.2203125 0.2962962962962963 0.21875 0.30303030303030304 0.2140625 0.30303030303030304 0.209375 0.3164983164983165 0.2078125 0.3164983164983165 0.2078125 0.32996632996632996 0.2046875 0.3333333333333333 0.2046875 0.3569023569023569 0.2078125 0.3602693602693603 0.2078125 0.37037037037037035 0.2109375 0.37373737373737376 0.2109375 0.3838383838383838 0.2140625 0.3872053872053872 0.2140625 0.39730639730639733 0.2203125 0.4074074074074074 0.2203125 0.4175084175084175 0.2234375 0.4208754208754209 0.225 0.44107744107744107 0.23125 0.4511784511784512 0.23125 0.4612794612794613 0.234375 0.46464646464646464 0.234375 0.468013468013468 0.2734375 0.468013468013468 0.278125 0.45454545454545453 0.28125 0.45454545454545453 0.2828125 0.4478114478114478 0.2875 0.4478114478114478 0.2890625 0.44107744107744107 0.29375 0.4377104377104377 0.29375 0.4276094276094276 0.296875 0.42424242424242425 0.296875 0.37373737373737376 0.290625 0.36363636363636365 0.290625 0.35353535353535354 0.2875 0.3501683501683502 0.2875 0.32996632996632996 0.284375 0.3265993265993266 0.284375 0.3164983164983165 0.278125 0.3063973063973064 0.278125 0.30303030303030304 0.271875 0.30303030303030304 0.2703125 0.2962962962962963 0.265625 0.2962962962962963 0.2640625 0.2895622895622896 0.253125 0.2895622895622896 0.2515625 0.2828282828282828 0.240625 0.2828282828282828 0.2390625 0.2760942760942761 0.23125 0.2760942760942761 0.23125 0.27946127946127947 0.2296875 0.2828282828282828 0.225 0.2828282828282828
1 0.446875 0.30976430976430974 0.4453125 0.3164983164983165 0.4421875 0.3164983164983165 0.4375 0.32996632996632996 0.4359375 0.32996632996632996 0.4359375 0.3367003367003367 0.4328125 0.3400673400673401 0.4328125 0.37037037037037035 0.4359375 0.37373737373737376 0.4359375 0.4175084175084175 0.4390625 0.4208754208754209 0.4390625 0.4377104377104377 0.44375 0.44107744107744107 0.4453125 0.4478114478114478 0.4484375 0.4478114478114478 0.45 0.45454545454545453 0.4515625 0.45454545454545453 0.453125 0.4478114478114478 0.4578125 0.4478114478114478 0.459375 0.44107744107744107 0.4703125 0.4377104377104377 0.471875 0.43097643097643096 0.4828125 0.43097643097643096 0.484375 0.42424242424242425 0.4890625 0.42424242424242425 0.490625 0.4175084175084175 0.5 0.4175084175084175 0.5015625 0.4107744107744108 0.503125 0.4107744107744108 0.503125 0.3602693602693603 0.5 0.3569023569023569 0.5 0.3468013468013468 0.4984375 0.3400673400673401 0.4953125 0.3367003367003367 0.4953125 0.32996632996632996 0.4859375 0.31313131313131315 0.4859375 0.30976430976430974 0.478125 0.30976430976430974 0.4765625 0.30303030303030304 0.45625 0.30303030303030304 0.45625 0.3063973063973064 0.4546875 0.30976430976430974 0.446875 0.30976430976430974
1 0.378125 0.30303030303030304 0.378125 0.31313131313131315 0.371875 0.32323232323232326 0.371875 0.32996632996632996 0.3625 0.3468013468013468 0.3625 0.3569023569023569 0.359375 0.3602693602693603 0.359375 0.37037037037037035 0.35625 0.37373737373737376 0.35625 0.3838383838383838 0.353125 0.3872053872053872 0.353125 0.39730639730639733 0.35 0.4006734006734007 0.35 0.4107744107744108 0.346875 0.41414141414141414 0.346875 0.43097643097643096 0.35 0.43434343434343436 0.35 0.4377104377104377 0.3671875 0.44107744107744107 0.378125 0.468013468013468 0.38125 0.4713804713804714 0.38125 0.48148148148148145 0.384375 0.48484848484848486 0.384375 0.494949494949495 0.3875 0.4983164983164983 0.3875 0.5084175084175084 0.390625 0.5084175084175084 0.3921875 0.5151515151515151 0.403125 0.5151515151515151 0.4046875 0.5084175084175084 0.4125 0.5084175084175084 0.4140625 0.5016835016835017 0.41875 0.5016835016835017 0.4265625 0.48148148148148145 0.428125 0.48148148148148145 0.428125 0.4713804713804714 0.43125 0.468013468013468 0.43125 0.45791245791245794 0.434375 0.45454545454545453 0.434375 0.3872053872053872 0.43125 0.3838383838383838 0.43125 0.3602693602693603 0.428125 0.3569023569023569 0.428125 0.3333333333333333 0.43125 0.32996632996632996 0.43125 0.3164983164983165 0.421875 0.2996632996632997 0.425 0.2895622895622896 0.421875 0.28619528619528617 0.421875 0.2828282828282828 0.4171875 0.2828282828282828 0.415625 0.2760942760942761 0.3890625 0.2760942760942761 0.3890625 0.27946127946127947 0.3796875 0.30303030303030304 0.378125 0.30303030303030304
1 0.240625 0.48484848484848486 0.240625 0.5084175084175084 0.24375 0.5117845117845118 0.24375 0.5218855218855218 0.246875 0.5252525252525253 0.246875 0.5353535353535354 0.25 0.5387205387205387 0.25 0.5488215488215489 0.2546875 0.5521885521885522 0.259375 0.5656565656565656 0.2609375 0.5656565656565656 0.2609375 0.5555555555555556 0.2640625 0.5521885521885522 0.265625 0.5420875420875421 0.26875 0.5454545454545454 0.26875 0.5488215488215489 0.28125 0.5521885521885522 0.2875 0.5420875420875421 0.2875 0.531986531986532 0.284375 0.5286195286195287 0.284375 0.48484848484848486 0.28125 0.48148148148148145 0.28125 0.4781144781144781 0.246875 0.4781144781144781 0.246875 0.48148148148148145 0.2453125 0.48484848484848486 0.240625 0.48484848484848486
1 0.6921875 0.9225589225589226 0.690625 0.9225589225589226 0.690625 0.9326599326599326 0.6875 0.936026936026936 0.6875 0.9461279461279462 0.684375 0.9494949494949495 0.684375 0.9663299663299664 0.68125 0.9696969696969697 0.68125 0.9966329966329966 0.7625 0.9966329966329966 0.765625 0.9932659932659933 0.765625 0.9831649831649831 0.76875 0.9797979797979798 0.76875 0.9427609427609428 0.765625 0.9393939393939394 0.765625 0.9292929292929293 0.75 0.898989898989899 0.75 0.8956228956228957 0.7453125 0.8956228956228957 0.74375 0.8888888888888888 0.740625 0.8855218855218855 0.7359375 0.8855218855218855 0.734375 0.8787878787878788 0.715625 0.8787878787878788 0.715625 0.8821548821548821 0.70625 0.8888888888888888 0.6921875 0.9225589225589226
1 0.290625 0.26262626262626265 0.2859375 0.26262626262626265 0.28125 0.2760942760942761 0.2796875 0.2760942760942761 0.2796875 0.29292929292929293 0.2828125 0.2962962962962963 0.2828125 0.2996632996632997 0.2875 0.2996632996632997 0.2890625 0.30303030303030304 0.2890625 0.3265993265993266 0.2921875 0.32996632996632996 0.2921875 0.3569023569023569 0.296875 0.3569023569023569 0.2984375 0.3602693602693603 0.2984375 0.37037037037037035 0.3015625 0.37373737373737376 0.3015625 0.39057239057239057 0.3078125 0.4006734006734007 0.3078125 0.4107744107744108 0.321875 0.4107744107744108 0.3234375 0.4175084175084175 0.3390625 0.4175084175084175 0.34375 0.40404040404040403 0.3453125 0.40404040404040403 0.3453125 0.3939393939393939 0.3546875 0.3771043771043771 0.3546875 0.367003367003367 0.3578125 0.36363636363636365 0.3578125 0.35353535353535354 0.3609375 0.3501683501683502 0.3609375 0.3400673400673401 0.3671875 0.32996632996632996 0.3671875 0.3164983164983165 0.3640625 0.31313131313131315 0.3640625 0.30303030303030304 0.3609375 0.2996632996632997 0.3609375 0.2895622895622896 0.3515625 0.2727272727272727 0.3515625 0.26936026936026936 0.346875 0.26936026936026936 0.3453125 0.265993265993266 0.3453125 0.2558922558922559 0.3421875 0.25252525252525254 0.3421875 0.24915824915824916 0.3328125 0.24915824915824916 0.328125 0.2356902356902357 0.3203125 0.2356902356902357 0.31875 0.22895622895622897 0.3046875 0.22895622895622897 0.303125 0.2356902356902357 0.3015625 0.2356902356902357 0.3 0.22895622895622897 0.2921875 0.22895622895622897 0.2921875 0.23232323232323232 0.2921875 0.25925925925925924 0.290625 0.26262626262626265
1 0.8765625 0.5252525252525253 0.8765625 0.5656565656565656 0.8796875 0.569023569023569 0.8796875 0.6060606060606061 0.8859375 0.6161616161616161 0.8859375 0.6195286195286195 0.9046875 0.6195286195286195 0.90625 0.6127946127946128 0.9203125 0.6127946127946128 0.921875 0.6060606060606061 0.9265625 0.6060606060606061 0.93125 0.5925925925925926 0.9328125 0.5925925925925926 0.9328125 0.5757575757575758 0.928125 0.5757575757575758 0.9203125 0.5555555555555556 0.915625 0.5521885521885522 0.9109375 0.5387205387205387 0.90625 0.5387205387205387 0.9015625 0.5252525252525253 0.89375 0.5252525252525253 0.8921875 0.5185185185185185 0.8828125 0.5185185185185185 0.88125 0.5117845117845118 0.8796875 0.5117845117845118 0.8796875 0.5151515151515151 0.8796875 0.5218855218855218 0.8765625 0.5252525252525253
1 0.334375 0.4511784511784512 0.334375 0.45454545454545453 0.3421875 0.45454545454545453 0.34375 0.45791245791245794 0.34375 0.47474747474747475 0.340625 0.4781144781144781 0.340625 0.4882154882154882 0.3375 0.49158249158249157 0.3375 0.5016835016835017 0.334375 0.5050505050505051 0.3328125 0.5286195286195287 0.3296875 0.531986531986532 0.328125 0.5387205387205387 0.3203125 0.5387205387205387 0.31875 0.5454545454545454 0.3140625 0.5454545454545454 0.3140625 0.5521885521885522 0.3109375 0.5555555555555556 0.3109375 0.5656565656565656 0.3140625 0.569023569023569 0.3140625 0.5723905723905723 0.31875 0.5723905723905723 0.3203125 0.5791245791245792 0.325 0.5791245791245792 0.3265625 0.5723905723905723 0.33125 0.5723905723905723 0.3328125 0.5656565656565656 0.3359375 0.5656565656565656 0.3375 0.5723905723905723 0.3421875 0.5723905723905723 0.34375 0.5791245791245792 0.3515625 0.5791245791245792 0.353125 0.5858585858585859 0.3671875 0.5858585858585859 0.36875 0.5791245791245792 0.3703125 0.5791245791245792 0.3703125 0.5521885521885522 0.3734375 0.5488215488215489 0.3734375 0.5387205387205387 0.3765625 0.5353535353535354 0.3765625 0.5252525252525253 0.378125 0.5218855218855218 0.3828125 0.5218855218855218 0.3828125 0.4983164983164983 0.3796875 0.494949494949495 0.3796875 0.4781144781144781 0.3765625 0.47474747474747475 0.3765625 0.46464646464646464 0.3703125 0.45454545454545453 0.3703125 0.4511784511784512 0.365625 0.4511784511784512 0.3640625 0.4444444444444444 0.346875 0.4444444444444444 0.346875 0.4478114478114478 0.3453125 0.4511784511784512 0.334375 0.4511784511784512
1 0.3140625 0.4276094276094276 0.309375 0.44107744107744107 0.30625 0.4444444444444444 0.3015625 0.4444444444444444 0.296875 0.45791245791245794 0.2921875 0.45791245791245794 0.290625 0.46464646464646464 0.2828125 0.46464646464646464 0.2828125 0.48148148148148145 0.2890625 0.49158249158249157 0.2890625 0.5016835016835017 0.2921875 0.5050505050505051 0.2921875 0.5353535353535354 0.2890625 0.5387205387205387 0.2890625 0.5521885521885522 0.2921875 0.5555555555555556 0.2921875 0.5589225589225589 0.296875 0.5589225589225589 0.2984375 0.5656565656565656 0.3 0.5656565656565656 0.3015625 0.5589225589225589 0.30625 0.5589225589225589 0.3109375 0.5723905723905723 0.31875 0.5723905723905723 0.3203125 0.5791245791245792 0.328125 0.5791245791245792 0.3296875 0.5723905723905723 0.3328125 0.5723905723905723 0.334375 0.5656565656565656 0.3359375 0.5656565656565656 0.340625 0.5791245791245792 0.3484375 0.5791245791245792 0.35 0.5858585858585859 0.3671875 0.5858585858585859 0.36875 0.5791245791245792 0.3703125 0.5791245791245792 0.3703125 0.569023569023569 0.3671875 0.5656565656565656 0.3671875 0.5622895622895623 0.3703125 0.5589225589225589 0.3703125 0.5454545454545454 0.3765625 0.5353535353535354 0.3765625 0.5252525252525253 0.378125 0.5218855218855218 0.3828125 0.5218855218855218 0.3828125 0.4983164983164983 0.3796875 0.494949494949495 0.3796875 0.4781144781144781 0.3765625 0.47474747474747475 0.3765625 0.46464646464646464 0.3671875 0.4478114478114478 0.3671875 0.4444444444444444 0.34375 0.44107744107744107 0.3421875 0.4444444444444444 0.334375 0.4444444444444444 0.33125 0.4276094276094276 0.3234375 0.4276094276094276 0.321875 0.4208754208754209 0.3203125 0.4208754208754209 0.3203125 0.42424242424242425 0.31875 0.4276094276094276 0.3140625 0.4276094276094276
1 0.2953125 0.44107744107744107 0.2921875 0.4444444444444444 0.2921875 0.4478114478114478 0.296875 0.4478114478114478 0.2984375 0.44107744107744107 0.30625 0.44107744107744107 0.309375 0.4377104377104377 0.3171875 0.4175084175084175 0.321875 0.4175084175084175 0.321875 0.41414141414141414 0.3015625 0.41414141414141414 0.3015625 0.4175084175084175 0.2953125 0.4276094276094276 0.2953125 0.44107744107744107
1 0.56875 0.3939393939393939 0.5671875 0.4006734006734007 0.55625 0.4006734006734007 0.553125 0.41414141414141414 0.5484375 0.41414141414141414 0.5484375 0.42424242424242425 0.5421875 0.43434343434343436 0.5421875 0.4478114478114478 0.5390625 0.4511784511784512 0.5390625 0.48148148148148145 0.5359375 0.48484848484848486 0.5359375 0.494949494949495 0.5390625 0.4983164983164983 0.5390625 0.5084175084175084 0.5421875 0.5117845117845118 0.5421875 0.5218855218855218 0.5515625 0.5387205387205387 0.5515625 0.5420875420875421 0.5609375 0.5420875420875421 0.5625 0.5353535353535354 0.5953125 0.5353535353535354 0.596875 0.5420875420875421 0.6125 0.5420875420875421 0.6171875 0.5286195286195287 0.61875 0.5286195286195287 0.61875 0.5185185185185185 0.621875 0.5151515151515151 0.621875 0.48484848484848486 0.61875 0.48148148148148145 0.61875 0.45791245791245794 0.615625 0.45454545454545453 0.615625 0.43434343434343436 0.6125 0.43097643097643096 0.6109375 0.4074074074074074 0.6078125 0.40404040404040403 0.6078125 0.3939393939393939 0.6046875 0.39057239057239057 0.6046875 0.3872053872053872 0.58125 0.3872053872053872 0.58125 0.39057239057239057 0.5796875 0.3939393939393939 0.56875 0.3939393939393939
1 0.5078125 0.4208754208754209 0.50625 0.4276094276094276 0.5046875 0.4276094276094276 0.5046875 0.468013468013468 0.5078125 0.4713804713804714 0.5078125 0.494949494949495 0.5046875 0.4983164983164983 0.5046875 0.5016835016835017 0.5078125 0.5050505050505051 0.5078125 0.5084175084175084 0.5046875 0.5117845117845118 0.5046875 0.5420875420875421 0.5015625 0.5454545454545454 0.5 0.5656565656565656 0.5015625 0.5723905723905723 0.50625 0.5723905723905723 0.5078125 0.5656565656565656 0.51875 0.5656565656565656 0.5203125 0.5589225589225589 0.53125 0.5589225589225589 0.5328125 0.5521885521885522 0.546875 0.5488215488215489 0.546875 0.531986531986532 0.540625 0.5218855218855218 0.540625 0.5117845117845118 0.5375 0.5084175084175084 0.5375 0.4983164983164983 0.534375 0.494949494949495 0.534375 0.48484848484848486 0.5375 0.48148148148148145 0.5375 0.4511784511784512 0.540625 0.4478114478114478 0.540625 0.43434343434343436 0.54375 0.43097643097643096 0.54375 0.4208754208754209 0.546875 0.4175084175084175 0.546875 0.41414141414141414 0.5296875 0.41414141414141414 0.5296875 0.4175084175084175 0.528125 0.4208754208754209 0.5078125 0.4208754208754209
1 0.38125 0.25252525252525254 0.384375 0.2558922558922559 0.384375 0.2727272727272727 0.375 0.2895622895622896 0.375 0.2996632996632997 0.3828125 0.28619528619528617 0.384375 0.27946127946127947 0.396875 0.27946127946127947 0.3984375 0.2727272727272727 0.409375 0.2727272727272727 0.4109375 0.27946127946127947 0.415625 0.27946127946127947 0.4171875 0.28619528619528617 0.4203125 0.2895622895622896 0.4203125 0.2996632996632997 0.4265625 0.30976430976430974 0.4265625 0.31313131313131315 0.440625 0.31313131313131315 0.440625 0.30303030303030304 0.4375 0.2996632996632997 0.4375 0.2760942760942761 0.425 0.25252525252525254 0.425 0.24915824915824916 0.4203125 0.24915824915824916 0.41875 0.24242424242424243 0.4140625 0.24242424242424243 0.4125 0.2356902356902357 0.4078125 0.2356902356902357 0.40625 0.22895622895622897 0.3875 0.22895622895622897 0.3875 0.23232323232323232 0.38125 0.24242424242424243 0.38125 0.25252525252525254
1 0.8765625 0.5656565656565656 0.8796875 0.569023569023569 0.8796875 0.5723905723905723 0.8765625 0.5757575757575758 0.8765625 0.5858585858585859 0.8796875 0.5892255892255892 0.8796875 0.6127946127946128 0.884375 0.6127946127946128 0.8859375 0.6195286195286195 0.9046875 0.6195286195286195 0.90625 0.6127946127946128 0.9203125 0.6127946127946128 0.921875 0.6060606060606061 0.9265625 0.6060606060606061 0.93125 0.5925925925925926 0.9328125 0.5925925925925926 0.9328125 0.5757575757575758 0.928125 0.5757575757575758 0.9203125 0.5555555555555556 0.915625 0.5521885521885522 0.9140625 0.5454545454545454 0.9109375 0.5420875420875421 0.9109375 0.5387205387205387 0.90625 0.5387205387205387 0.8984375 0.5185185185185185 0.89375 0.5185185185185185 0.8921875 0.5117845117845118 0.8859375 0.5117845117845118 0.884375 0.5050505050505051 0.8796875 0.5050505050505051 0.8796875 0.5084175084175084 0.8765625 0.5117845117845118 0.8765625 0.5656565656565656
1 0.4265625 0.4983164983164983 0.425 0.5050505050505051 0.4203125 0.5050505050505051 0.415625 0.5185185185185185 0.4109375 0.5185185185185185 0.409375 0.5252525252525253 0.4046875 0.5252525252525253 0.403125 0.531986531986532 0.4015625 0.531986531986532 0.4015625 0.5420875420875421 0.40625 0.5420875420875421 0.4078125 0.5488215488215489 0.4109375 0.5521885521885522 0.415625 0.5521885521885522 0.4171875 0.5589225589225589 0.425 0.5589225589225589 0.4265625 0.5656565656565656 0.4375 0.5656565656565656 0.4375 0.5555555555555556 0.440625 0.5521885521885522 0.440625 0.531986531986532 0.44375 0.5286195286195287 0.44375 0.4983164983164983 0.440625 0.494949494949495 0.440625 0.49158249158249157 0.4328125 0.49158249158249157 0.4328125 0.494949494949495 0.43125 0.4983164983164983 0.4265625 0.4983164983164983
1 0.5046875 0.44107744107744107 0.503125 0.4444444444444444 0.49375 0.44107744107744107 0.4921875 0.43434343434343436 0.478125 0.43434343434343436 0.4765625 0.44107744107744107 0.4625 0.4444444444444444 0.4484375 0.4781144781144781 0.446875 0.4781144781144781 0.446875 0.4882154882154882 0.4453125 0.49158249158249157 0.4453125 0.5420875420875421 0.4421875 0.5454545454545454 0.4421875 0.5589225589225589 0.4484375 0.5589225589225589 0.45 0.5656565656565656 0.4796875 0.5656565656565656 0.48125 0.5723905723905723 0.509375 0.5723905723905723 0.5109375 0.5656565656565656 0.51875 0.5656565656565656 0.5203125 0.5589225589225589 0.528125 0.5589225589225589 0.5296875 0.5521885521885522 0.54375 0.5488215488215489 0.546875 0.5387205387205387 0.5375 0.5218855218855218 0.5375 0.5117845117845118 0.534375 0.5084175084175084 0.534375 0.48484848484848486 0.53125 0.48148148148148145 0.53125 0.4511784511784512 0.534375 0.4478114478114478 0.534375 0.4276094276094276 0.5171875 0.4276094276094276 0.515625 0.4208754208754209 0.5078125 0.4208754208754209 0.5078125 0.42424242424242425 0.5046875 0.4276094276094276 0.5046875 0.44107744107744107
1 0.5265625 0.15824915824915825 0.525 0.16498316498316498 0.5203125 0.16498316498316498 0.509375 0.1919191919191919 0.5078125 0.1919191919191919 0.5078125 0.20202020202020202 0.5046875 0.2053872053872054 0.5046875 0.21548821548821548 0.5015625 0.21885521885521886 0.5 0.23905723905723905 0.496875 0.24242424242424243 0.496875 0.25252525252525254 0.49375 0.2558922558922559 0.49375 0.2727272727272727 0.490625 0.2760942760942761 0.490625 0.29292929292929293 0.4875 0.2962962962962963 0.4875 0.3063973063973064 0.490625 0.30976430976430974 0.490625 0.31313131313131315 0.4953125 0.31313131313131315 0.496875 0.31986531986531985 0.5 0.32323232323232326 0.5015625 0.3434343434343434 0.5046875 0.3468013468013468 0.5046875 0.3569023569023569 0.5078125 0.3602693602693603 0.5078125 0.37037037037037035 0.51875 0.37037037037037035 0.5265625 0.3501683501683502 0.528125 0.3501683501683502 0.528125 0.3400673400673401 0.53125 0.3367003367003367 0.5328125 0.3265993265993266 0.534375 0.3265993265993266 0.534375 0.3164983164983165 0.553125 0.27946127946127947 0.5546875 0.2727272727272727 0.5578125 0.2727272727272727 0.559375 0.265993265993266 0.5703125 0.265993265993266 0.571875 0.25925925925925924 0.5734375 0.25925925925925924 0.5734375 0.22895622895622897 0.5703125 0.2255892255892256 0.5703125 0.21885521885521886 0.5671875 0.21548821548821548 0.5671875 0.21212121212121213 0.5640625 0.20875420875420875 0.5640625 0.19865319865319866 0.5546875 0.18181818181818182 0.553125 0.1717171717171717 0.546875 0.16161616161616163 0.546875 0.15824915824915825 0.5421875 0.15824915824915825 0.540625 0.15151515151515152 0.5328125 0.15151515151515152 0.5328125 0.15488215488215487 0.53125 0.15824915824915825 0.5265625 0.15824915824915825
1 0.9796875 0.46464646464646464 0.978125 0.4713804713804714 0.9734375 0.4713804713804714 0.965625 0.49158249158249157 0.9640625 0.49158249158249157 0.9640625 0.5084175084175084 0.9609375 0.5117845117845118 0.9609375 0.5353535353535354 0.9640625 0.5387205387205387 0.9640625 0.5488215488215489 0.9671875 0.5521885521885522 0.9671875 0.5656565656565656 0.9765625 0.5824915824915825 0.9765625 0.5858585858585859 0.98125 0.5858585858585859 0.9828125 0.5925925925925926 0.990625 0.5925925925925926 0.9921875 0.5858585858585859 0.9984375 0.5858585858585859 0.9984375 0.46464646464646464 0.996875 0.45791245791245794 0.9953125 0.45791245791245794 0.9953125 0.4612794612794613 0.99375 0.46464646464646464 0.9796875 0.46464646464646464
1 0.7328125 0.6599326599326599 0.7296875 0.6632996632996633 0.7296875 0.6835016835016835 0.7265625 0.6868686868686869 0.7265625 0.6902356902356902 0.7296875 0.6936026936026936 0.7296875 0.7037037037037037 0.734375 0.7037037037037037 0.7359375 0.7104377104377104 0.75 0.7104377104377104 0.7515625 0.7171717171717171 0.753125 0.7171717171717171 0.7546875 0.7104377104377104 0.7625 0.7104377104377104 0.7625 0.7003367003367004 0.7640625 0.696969696969697 0.771875 0.696969696969697 0.7765625 0.7104377104377104 0.7765625 0.7003367003367004 0.7796875 0.696969696969697 0.7796875 0.6868686868686869 0.7765625 0.6835016835016835 0.7765625 0.6734006734006734 0.775 0.6666666666666666 0.771875 0.6632996632996633 0.771875 0.6565656565656566 0.7625 0.6397306397306397 0.7625 0.6363636363636364 0.7578125 0.6363636363636364 0.75625 0.6430976430976431 0.7546875 0.6430976430976431 0.75 0.6296296296296297 0.7421875 0.6296296296296297 0.7421875 0.632996632996633 0.7328125 0.6498316498316499 0.7328125 0.6599326599326599