5 0.70625 0 0.70625 0.002008032128514056 0.7046875 0.006024096385542169 0.7015625 0.006024096385542169 0.7015625 0.024096385542168676 0.696875 0.02610441767068273 0.696875 0.04417670682730924 0.69375 0.04618473895582329 0.69375 0.05421686746987952 0.6890625 0.05622489959839357 0.6890625 0.07429718875502007 0.6859375 0.07630522088353414 0.6859375 0.09036144578313253 0.68125 0.09236947791164658 0.68125 0.10441767068273092 0.678125 0.10642570281124498 0.678125 0.12449799196787148 0.6734375 0.12650602409638553 0.6734375 0.14056224899598393 0.6703125 0.142570281124498 0.6703125 0.19076305220883535 0.665625 0.1927710843373494 0.665625 0.21084337349397592 0.6625 0.21285140562248997 0.6625 0.22690763052208834 0.6578125 0.2289156626506024 0.6578125 0.26104417670682734 0.6546875 0.26305220883534136 0.6546875 0.28112449799196787 0.6578125 0.27710843373493976 0.6609375 0.27710843373493976 0.6609375 0.26907630522088355 0.6640625 0.26706827309236947 0.6640625 0.26305220883534136 0.671875 0.2570281124497992 0.671875 0.25301204819277107 0.66875 0.24899598393574296 0.671875 0.2469879518072289 0.671875 0.22289156626506024 0.6765625 0.22088353413654618 0.6765625 0.1927710843373494 0.6796875 0.19076305220883535 0.6796875 0.16265060240963855 0.684375 0.1606425702811245 0.684375 0.13654618473895583 0.6875 0.13453815261044177 0.6875 0.11646586345381527 0.6921875 0.1144578313253012 0.6921875 0.0963855421686747 0.6953125 0.09437751004016064 0.6953125 0.08634538152610442 0.7 0.08433734939759036 0.7015625 0.07429718875502007 0.7046875 0.07429718875502007 0.7046875 0.05622489959839357 0.7078125 0.05421686746987952 0.7078125 0.04216867469879518 0.7125 0.040160642570281124 0.7125 0.0321285140562249 0.715625 0.030120481927710843 0.715625 0.01606425702811245 0.7203125 0.014056224899598393 0.7203125 0 0.70625 0
5 0.603125 0 0.603125 0.002008032128514056 0.603125 0.010040160642570281 0.5984375 0.012048192771084338 0.5984375 0.024096385542168676 0.5953125 0.02610441767068273 0.5953125 0.03413654618473896 0.590625 0.03614457831325301 0.590625 0.04417670682730924 0.5875 0.04618473895582329 0.5875 0.05421686746987952 0.5828125 0.05622489959839357 0.5828125 0.0642570281124498 0.5796875 0.06626506024096386 0.5796875 0.07429718875502007 0.575 0.07630522088353414 0.575 0.09437751004016064 0.571875 0.0963855421686747 0.571875 0.11044176706827309 0.5671875 0.11244979919678715 0.5671875 0.12048192771084337 0.5640625 0.12248995983935743 0.5640625 0.13052208835341367 0.559375 0.13253012048192772 0.559375 0.14056224899598393 0.55625 0.142570281124498 0.55625 0.15461847389558234 0.5515625 0.1566265060240964 0.5515625 0.1606425702811245 0.5484375 0.16265060240963855 0.5484375 0.1706827309236948 0.54375 0.17269076305220885 0.54375 0.20080321285140562 0.5484375 0.20281124497991967 0.5484375 0.20682730923694778 0.5546875 0.20682730923694778 0.5546875 0.19879518072289157 0.5578125 0.19678714859437751 0.5578125 0.18875502008032127 0.5625 0.18674698795180722 0.5625 0.178714859437751 0.565625 0.17670682730923695 0.565625 0.16666666666666666 0.5703125 0.1646586345381526 0.5703125 0.15261044176706828 0.5734375 0.15060240963855423 0.5734375 0.142570281124498 0.578125 0.14056224899598393 0.578125 0.12650602409638553 0.58125 0.12449799196787148 0.58125 0.11244979919678715 0.5859375 0.11044176706827309 0.5859375 0.10240963855421686 0.5890625 0.10040160642570281 0.5890625 0.08634538152610442 0.59375 0.08433734939759036 0.59375 0.07630522088353414 0.596875 0.07429718875502007 0.596875 0.06224899598393574 0.6015625 0.060240963855421686 0.603125 0.050200803212851405 0.60625 0.050200803212851405 0.60625 0.04216867469879518 0.609375 0.040160642570281124 0.609375 0.02610441767068273 0.6140625 0.024096385542168676 0.6140625 0.01606425702811245 0.6171875 0.014056224899598393 0.6171875 0.006024096385542169 0.621875 0.004016064257028112 0.621875 0 0.603125 0
2 0.725 0.0823293172690763 0.7234375 0.08634538152610442 0.7171875 0.08634538152610442 0.7171875 0.09036144578313253 0.7125 0.0963855421686747 0.709375 0.0963855421686747 0.709375 0.10040160642570281 0.7046875 0.10642570281124498 0.7015625 0.10642570281124498 0.7 0.11244979919678715 0.696875 0.11244979919678715 0.69375 0.11646586345381527 0.69375 0.12449799196787148 0.6890625 0.12650602409638553 0.6890625 0.14457831325301204 0.6859375 0.1465863453815261 0.6859375 0.1706827309236948 0.68125 0.17269076305220885 0.68125 0.20080321285140562 0.678125 0.20281124497991967 0.678125 0.23694779116465864 0.68125 0.24096385542168675 0.6953125 0.24096385542168675 0.696875 0.2469879518072289 0.7046875 0.2469879518072289 0.70625 0.25100401606425704 0.715625 0.25100401606425704 0.7171875 0.2570281124497992 0.721875 0.25903614457831325 0.721875 0.27710843373493976 0.7171875 0.2791164658634538 0.7171875 0.28714859437751006 0.7140625 0.2891566265060241 0.7140625 0.30120481927710846 0.721875 0.3112449799196787 0.728125 0.3112449799196787 0.7296875 0.3172690763052209 0.7375 0.3232931726907631 0.7375 0.3273092369477912 0.740625 0.3313253012048193 0.7453125 0.3333333333333333 0.7453125 0.3433734939759036 0.753125 0.3493975903614458 0.753125 0.357429718875502 0.75625 0.35943775100401604 0.75625 0.37349397590361444 0.759375 0.37349397590361444 0.7640625 0.3795180722891566 0.7640625 0.4036144578313253 0.76875 0.40562248995983935 0.76875 0.4578313253012048 0.8140625 0.4578313253012048 0.815625 0.4538152610441767 0.8421875 0.4538152610441767 0.84375 0.44779116465863456 0.853125 0.44779116465863456 0.8546875 0.44377510040160645 0.865625 0.44377510040160645 0.8671875 0.43775100401606426 0.8734375 0.43775100401606426 0.8765625 0.43373493975903615 0.878125 0.42771084337349397 0.884375 0.42771084337349397 0.884375 0.41566265060240964 0.88125 0.41365461847389556 0.88125 0.40963855421686746 0.8859375 0.4036144578313253 0.8890625 0.4036144578313253 0.8890625 0.39959839357429716 0.89375 0.39357429718875503 0.896875 0.39357429718875503 0.896875 0.3855421686746988 0.8921875 0.38353413654618473 0.8921875 0.3654618473895582 0.8890625 0.3634538152610442 0.8890625 0.35943775100401604 0.8859375 0.35943775100401604 0.88125 0.3534136546184739 0.88125 0.3493975903614458 0.878125 0.3493975903614458 0.8734375 0.3433734939759036 0.8734375 0.3333333333333333 0.8703125 0.3333333333333333 0.865625 0.3273092369477912 0.865625 0.3232931726907631 0.8625 0.3232931726907631 0.8609375 0.3192771084337349 0.8515625 0.3192771084337349 0.85 0.3132530120481928 0.84375 0.3132530120481928 0.8421875 0.3092369477911647 0.8390625 0.3092369477911647 0.8375 0.3072289156626506 0.8375 0.2931726907630522 0.8296875 0.28714859437751006 0.8296875 0.28313253012048195 0.8265625 0.2791164658634538 0.821875 0.27710843373493976 0.821875 0.27309236947791166 0.81875 0.26907630522088355 0.8125 0.26907630522088355 0.8109375 0.26305220883534136 0.8046875 0.26305220883534136 0.803125 0.25903614457831325 0.8 0.25903614457831325 0.7984375 0.25301204819277107 0.7953125 0.25301204819277107 0.790625 0.2469879518072289 0.790625 0.2429718875502008 0.7875 0.2429718875502008 0.7828125 0.23694779116465864 0.7828125 0.2289156626506024 0.778125 0.22690763052208834 0.778125 0.1927710843373494 0.775 0.19076305220883535 0.775 0.1827309236947791 0.7703125 0.18072289156626506 0.7703125 0.17269076305220885 0.7671875 0.1706827309236948 0.7671875 0.16666666666666666 0.7640625 0.16666666666666666 0.759375 0.1606425702811245 0.759375 0.13654618473895583 0.7546875 0.13453815261044177 0.7546875 0.12650602409638553 0.7515625 0.12248995983935743 0.7484375 0.12248995983935743 0.746875 0.11646586345381527 0.74375 0.1144578313253012 0.74375 0.0963855421686747 0.7390625 0.09437751004016064 0.7390625 0.0823293172690763 0.7359375 0.08032128514056225 0.7359375 0.07630522088353414 0.7328125 0.07630522088353414 0.7328125 0.0783132530120482 0.73125 0.0823293172690763 0.725 0.0823293172690763
2 0 0.4839357429718876 0.0234375 0.4839357429718876 0.025 0.4779116465863454 0.0421875 0.4779116465863454 0.04375 0.4738955823293173 0.0625 0.4738955823293173 0.0640625 0.4678714859437751 0.078125 0.4678714859437751 0.0796875 0.463855421686747 0.0890625 0.463855421686747 0.090625 0.4578313253012048 0.10625 0.4578313253012048 0.1078125 0.4538152610441767 0.1171875 0.4538152610441767 0.11875 0.44779116465863456 0.1296875 0.44779116465863456 0.134375 0.43775100401606426 0.140625 0.43775100401606426 0.1421875 0.43373493975903615 0.1453125 0.43373493975903615 0.1453125 0.42971887550200805 0.15 0.42369477911646586 0.153125 0.42369477911646586 0.1546875 0.41767068273092367 0.1609375 0.41767068273092367 0.1640625 0.41365461847389556 0.165625 0.40763052208835343 0.171875 0.40763052208835343 0.1734375 0.4036144578313253 0.1796875 0.4036144578313253 0.18125 0.39759036144578314 0.1875 0.39759036144578314 0.1890625 0.39357429718875503 0.1953125 0.39357429718875503 0.196875 0.38755020080321284 0.2046875 0.38755020080321284 0.209375 0.37751004016064255 0.2125 0.37751004016064255 0.2140625 0.37349397590361444 0.2203125 0.37349397590361444 0.221875 0.3674698795180723 0.23125 0.3674698795180723 0.2328125 0.3634538152610442 0.2546875 0.3634538152610442 0.25625 0.357429718875502 0.259375 0.357429718875502 0.2609375 0.3534136546184739 0.2671875 0.3534136546184739 0.26875 0.3473895582329317 0.275 0.3473895582329317 0.2765625 0.3433734939759036 0.321875 0.3433734939759036 0.3234375 0.3373493975903614 0.3265625 0.3373493975903614 0.3265625 0.3293172690763052 0.3296875 0.3273092369477912 0.3296875 0.3192771084337349 0.3265625 0.3172690763052209 0.3265625 0.3092369477911647 0.31875 0.3072289156626506 0.31875 0.2991967871485944 0.3125 0.2991967871485944 0.3109375 0.2931726907630522 0.3046875 0.2931726907630522 0.303125 0.2891566265060241 0.2984375 0.28714859437751006 0.2984375 0.28313253012048195 0.2921875 0.28313253012048195 0.290625 0.2791164658634538 0.284375 0.2791164658634538 0.2828125 0.27309236947791166 0.2796875 0.27309236947791166 0.278125 0.26907630522088355 0.271875 0.26907630522088355 0.2671875 0.25903614457831325 0.2625 0.2570281124497992 0.2625 0.25301204819277107 0.25625 0.25301204819277107 0.2515625 0.2469879518072289 0.2515625 0.2429718875502008 0.2484375 0.2429718875502008 0.246875 0.2389558232931727 0.240625 0.2389558232931727 0.2359375 0.2289156626506024 0.23125 0.22690763052208834 0.23125 0.22289156626506024 0.225 0.22289156626506024 0.2203125 0.21686746987951808 0.2203125 0.21285140562248997 0.2140625 0.21285140562248997 0.2125 0.20883534136546184 0.209375 0.20883534136546184 0.2046875 0.19879518072289157 0.196875 0.19879518072289157 0.1921875 0.18875502008032127 0.184375 0.18674698795180722 0.184375 0.1827309236947791 0.178125 0.1827309236947791 0.1765625 0.178714859437751 0.1703125 0.178714859437751 0.16875 0.17269076305220885 0.11875 0.17269076305220885 0.11875 0.1746987951807229 0.115625 0.178714859437751 0.115625 0.19678714859437751 0.1140625 0.19879518072289157 0.0828125 0.19879518072289157 0.078125 0.20883534136546184 0.075 0.20883534136546184 0.075 0.24096385542168675 0.0671875 0.2429718875502008 0.065625 0.24899598393574296 0.059375 0.24899598393574296 0.0578125 0.25301204819277107 0.0515625 0.25301204819277107 0.0515625 0.2570281124497992 0.0484375 0.25903614457831325 0.0484375 0.26706827309236947 0.04375 0.26907630522088355 0.04375 0.28714859437751006 0.0484375 0.2891566265060241 0.0484375 0.2971887550200803 0.04375 0.2991967871485944 0.0421875 0.3032128514056225 0.028125 0.3032128514056225 0.028125 0.3072289156626506 0.0234375 0.3132530120481928 0.0171875 0.3132530120481928 0.015625 0.3192771084337349 0.0125 0.3192771084337349 0.009375 0.3232931726907631 0.009375 0.3473895582329317 0.0125 0.3493975903614458 0.0125 0.357429718875502 0.009375 0.35943775100401604 0.0078125 0.3654618473895582 0 0.3654618473895582 0 0.4839357429718876
2 0.5875 0.5943775100401606 0.5828125 0.5963855421686747 0.5828125 0.6004016064257028 0.578125 0.606425702811245 0.575 0.606425702811245 0.575 0.6144578313253012 0.571875 0.6164658634538153 0.571875 0.6244979919678715 0.575 0.6265060240963856 0.575 0.6405622489959839 0.5703125 0.6465863453815262 0.5671875 0.6465863453815262 0.565625 0.6526104417670683 0.55625 0.6526104417670683 0.5546875 0.6566265060240963 0.540625 0.6566265060240963 0.5390625 0.6626506024096386 0.528125 0.6626506024096386 0.5265625 0.6566265060240963 0.525 0.6566265060240963 0.5234375 0.6626506024096386 0.5 0.6626506024096386 0.4984375 0.6666666666666666 0.4953125 0.6626506024096386 0.484375 0.6626506024096386 0.4796875 0.6726907630522089 0.46875 0.6726907630522089 0.46875 0.7469879518072289 0.465625 0.748995983935743 0.465625 0.7670682730923695 0.4734375 0.7730923694779116 0.4734375 0.8172690763052208 0.46875 0.8192771084337349 0.46875 0.821285140562249 0.4734375 0.8232931726907631 0.4734375 0.8273092369477911 0.46875 0.8293172690763052 0.46875 0.8373493975903614 0.4734375 0.8393574297188755 0.4734375 0.8634538152610441 0.4765625 0.8654618473895582 0.4765625 0.8734939759036144 0.48125 0.8755020080321285 0.48125 0.8835341365461847 0.484375 0.8855421686746988 0.484375 0.927710843373494 0.4890625 0.929718875502008 0.4890625 0.9437751004016064 0.496875 0.9497991967871486 0.496875 0.9538152610441767 0.5 0.9578313253012049 0.5109375 0.9578313253012049 0.5125 0.963855421686747 0.5203125 0.9658634538152611 0.5203125 0.9779116465863453 0.525 0.9799196787148594 0.525 0.9879518072289156 0.528125 0.9899598393574297 0.528125 0.9939759036144579 0.5390625 0.9939759036144579 0.540625 0.9979919678714859 0.54375 0.9939759036144579 0.5578125 0.9939759036144579 0.559375 0.9979919678714859 0.565625 0.9979919678714859 0.5671875 0.9939759036144579 0.5859375 0.9939759036144579 0.5875 0.9979919678714859 0.6140625 0.9979919678714859 0.615625 0.9939759036144579 0.6296875 0.9939759036144579 0.63125 0.9979919678714859 0.6609375 0.9979919678714859 0.6625 0.9939759036144579 0.684375 0.9939759036144579 0.6875 0.9979919678714859 0.6890625 0.9939759036144579 0.7125 0.9939759036144579 0.715625 0.9979919678714859 0.7171875 0.9939759036144579 0.73125 0.9939759036144579 0.7328125 0.9979919678714859 0.7359375 0.9979919678714859 0.7375 0.9939759036144579 0.7546875 0.9939759036144579 0.75625 0.9979919678714859 0.7859375 0.9979919678714859 0.7875 0.9939759036144579 0.79375 0.9939759036144579 0.7953125 0.9979919678714859 0.7984375 0.9979919678714859 0.8 0.9939759036144579 0.803125 0.9939759036144579 0.80625 0.9979919678714859 0.8078125 0.9939759036144579 0.8890625 0.9939759036144579 0.8890625 0.9899598393574297 0.8921875 0.9879518072289156 0.8921875 0.9799196787148594 0.896875 0.9779116465863453 0.896875 0.9698795180722891 0.9015625 0.9678714859437751 0.9015625 0.9196787148594378 0.896875 0.9176706827309237 0.896875 0.9056224899598394 0.8921875 0.9036144578313253 0.8921875 0.8955823293172691 0.8890625 0.893574297188755 0.8890625 0.8855421686746988 0.884375 0.8835341365461847 0.884375 0.8795180722891566 0.8859375 0.8775100401606426 0.909375 0.8775100401606426 0.9109375 0.8734939759036144 0.925 0.8734939759036144 0.9265625 0.8674698795180723 0.9328125 0.8674698795180723 0.9375 0.857429718875502 0.940625 0.857429718875502 0.940625 0.8393574297188755 0.94375 0.8373493975903614 0.94375 0.8333333333333334 0.940625 0.8313253012048193 0.940625 0.8132530120481928 0.9359375 0.8112449799196787 0.9359375 0.8032128514056225 0.928125 0.7971887550200804 0.928125 0.7931726907630522 0.925 0.7891566265060241 0.9203125 0.7871485943775101 0.9203125 0.7831325301204819 0.921875 0.7811244979919679 0.940625 0.7811244979919679 0.9421875 0.7771084337349398 0.9515625 0.7771084337349398 0.953125 0.7710843373493976 0.95625 0.7710843373493976 0.95625 0.7429718875502008 0.953125 0.7429718875502008 0.9484375 0.7369477911646586 0.9484375 0.7289156626506024 0.94375 0.7269076305220884 0.94375 0.7228915662650602 0.940625 0.7188755020080321 0.9359375 0.7168674698795181 0.9359375 0.7128514056224899 0.9328125 0.7088353413654619 0.9359375 0.7068273092369478 0.9359375 0.6987951807228916 0.9328125 0.6967871485943775 0.9328125 0.6927710843373494 0.9296875 0.6927710843373494 0.925 0.6867469879518072 0.925 0.6827309236947792 0.921875 0.6827309236947792 0.9171875 0.6767068273092369 0.9171875 0.6726907630522089 0.9109375 0.6726907630522089 0.909375 0.6666666666666666 0.903125 0.6666666666666666 0.9015625 0.6626506024096386 0.890625 0.6626506024096386 0.8890625 0.6566265060240963 0.884375 0.6546184738955824 0.884375 0.642570281124498 0.8890625 0.6405622489959839 0.8890625 0.6365461847389559 0.8859375 0.6365461847389559 0.884375 0.6325301204819277 0.878125 0.6325301204819277 0.8765625 0.6265060240963856 0.859375 0.6265060240963856 0.8578125 0.6224899598393574 0.84375 0.6224899598393574 0.8421875 0.6164658634538153 0.8390625 0.6164658634538153 0.834375 0.6104417670682731 0.834375 0.606425702811245 0.8 0.606425702811245 0.7984375 0.6024096385542169 0.784375 0.6024096385542169 0.7828125 0.5963855421686747 0.76875 0.5963855421686747 0.7671875 0.5923694779116466 0.725 0.5923694779116466 0.7234375 0.5963855421686747 0.7140625 0.5963855421686747 0.7125 0.6024096385542169 0.70625 0.6024096385542169 0.7046875 0.606425702811245 0.6890625 0.606425702811245 0.6875 0.6024096385542169 0.665625 0.6024096385542169 0.6609375 0.5923694779116466 0.653125 0.5903614457831325 0.653125 0.5863453815261044 0.6421875 0.5863453815261044 0.640625 0.5823293172690763 0.634375 0.5823293172690763 0.6328125 0.5763052208835341 0.6265625 0.5763052208835341 0.621875 0.570281124497992 0.621875 0.5662650602409639 0.6109375 0.5662650602409639 0.609375 0.5622489959839357 0.590625 0.5622489959839357 0.590625 0.5642570281124498 0.5875 0.5662650602409639 0.5875 0.5943775100401606
2 0.271875 0.35542168674698793 0.2703125 0.35943775100401604 0.2640625 0.35943775100401604 0.2640625 0.3634538152610442 0.259375 0.36947791164658633 0.2375 0.36947791164658633 0.2359375 0.3755020080321285 0.221875 0.3755020080321285 0.2203125 0.3795180722891566 0.2171875 0.3795180722891566 0.2171875 0.38353413654618473 0.2125 0.3895582329317269 0.209375 0.3895582329317269 0.209375 0.39357429718875503 0.2046875 0.39959839357429716 0.196875 0.39959839357429716 0.1953125 0.40562248995983935 0.1890625 0.40562248995983935 0.1875 0.40963855421686746 0.18125 0.40963855421686746 0.1796875 0.41566265060240964 0.1734375 0.41566265060240964 0.1703125 0.41967871485943775 0.1703125 0.42369477911646586 0.165625 0.42570281124497994 0.1640625 0.42971887550200805 0.1578125 0.42971887550200805 0.1578125 0.43373493975903615 0.1546875 0.4357429718875502 0.1546875 0.44377510040160645 0.15 0.4457831325301205 0.15 0.4538152610441767 0.146875 0.45582329317269077 0.146875 0.4738955823293173 0.1421875 0.4759036144578313 0.140625 0.4799196787148594 0.134375 0.4799196787148594 0.1328125 0.4859437751004016 0.1265625 0.4859437751004016 0.125 0.4899598393574297 0.103125 0.4899598393574297 0.1015625 0.4959839357429719 0.0953125 0.4959839357429719 0.09375 0.5 0.0875 0.5 0.0875 0.5040160642570282 0.0828125 0.5060240963855421 0.0828125 0.5100401606425703 0.078125 0.5160642570281124 0.075 0.5160642570281124 0.075 0.5240963855421686 0.071875 0.5261044176706827 0.071875 0.5301204819277109 0.0671875 0.5321285140562249 0.0671875 0.5401606425702812 0.071875 0.5421686746987951 0.071875 0.5502008032128514 0.075 0.5522088353413654 0.071875 0.5562248995983936 0.071875 0.5602409638554217 0.0640625 0.5622489959839357 0.0625 0.5662650602409639 0.05625 0.5662650602409639 0.05625 0.570281124497992 0.0515625 0.572289156626506 0.05 0.5763052208835341 0.04375 0.5763052208835341 0.04375 0.5803212851405622 0.040625 0.5823293172690763 0.040625 0.5903614457831325 0.0328125 0.5963855421686747 0.0328125 0.6305220883534136 0.0359375 0.6325301204819277 0.0359375 0.6405622489959839 0.0390625 0.6405622489959839 0.04375 0.6465863453815262 0.04375 0.6646586345381527 0.040625 0.6666666666666666 0.040625 0.6767068273092369 0.0359375 0.678714859437751 0.0359375 0.6807228915662651 0.040625 0.6827309236947792 0.040625 0.6967871485943775 0.0484375 0.7028112449799196 0.0484375 0.7309236947791165 0.0515625 0.7329317269076305 0.0515625 0.7409638554216867 0.05625 0.7429718875502008 0.05625 0.7469879518072289 0.059375 0.751004016064257 0.065625 0.751004016064257 0.0671875 0.7570281124497992 0.078125 0.7570281124497992 0.0828125 0.7630522088353414 0.0828125 0.7710843373493976 0.0859375 0.7710843373493976 0.090625 0.7811244979919679 0.0953125 0.7831325301204819 0.0953125 0.7871485943775101 0.1171875 0.7871485943775101 0.11875 0.7811244979919679 0.15625 0.7811244979919679 0.1578125 0.7771084337349398 0.16875 0.7771084337349398 0.1703125 0.7710843373493976 0.1875 0.7710843373493976 0.1890625 0.7670682730923695 0.2 0.7670682730923695 0.2015625 0.7610441767068273 0.2203125 0.7610441767068273 0.221875 0.7570281124497992 0.228125 0.7570281124497992 0.2296875 0.751004016064257 0.2359375 0.751004016064257 0.2375 0.7469879518072289 0.24375 0.7469879518072289 0.2453125 0.7409638554216867 0.2515625 0.7409638554216867 0.25625 0.7309236947791165 0.2671875 0.7309236947791165 0.26875 0.7269076305220884 0.275 0.7269076305220884 0.2765625 0.7208835341365462 0.2859375 0.7208835341365462 0.2875 0.7168674698795181 0.29375 0.7168674698795181 0.2953125 0.7108433734939759 0.30625 0.7108433734939759 0.3078125 0.7068273092369478 0.3140625 0.7068273092369478 0.315625 0.7008032128514057 0.3296875 0.7008032128514057 0.33125 0.6967871485943775 0.3421875 0.6967871485943775 0.34375 0.6907630522088354 0.35 0.6907630522088354 0.3515625 0.6867469879518072 0.3609375 0.6867469879518072 0.3625 0.6807228915662651 0.409375 0.6807228915662651 0.4109375 0.6767068273092369 0.4203125 0.6767068273092369 0.421875 0.6706827309236948 0.428125 0.6706827309236948 0.4296875 0.6646586345381527 0.4359375 0.6646586345381527 0.4375 0.6606425702811245 0.440625 0.6606425702811245 0.4421875 0.6546184738955824 0.4640625 0.6546184738955824 0.465625 0.6506024096385542 0.471875 0.6506024096385542 0.471875 0.6465863453815262 0.4765625 0.6405622489959839 0.4796875 0.6405622489959839 0.4796875 0.6365461847389559 0.475 0.6345381526104418 0.475 0.6224899598393574 0.471875 0.6265060240963856 0.4578125 0.6265060240963856 0.45625 0.6224899598393574 0.453125 0.6224899598393574 0.4484375 0.6124497991967871 0.4421875 0.6124497991967871 0.440625 0.606425702811245 0.4375 0.606425702811245 0.4328125 0.6004016064257028 0.4328125 0.5963855421686747 0.4296875 0.5963855421686747 0.425 0.5903614457831325 0.425 0.5863453815261044 0.421875 0.5863453815261044 0.4171875 0.5803212851405622 0.4171875 0.5763052208835341 0.4140625 0.5763052208835341 0.409375 0.570281124497992 0.409375 0.5662650602409639 0.40625 0.5662650602409639 0.4015625 0.5602409638554217 0.4015625 0.5562248995983936 0.39375 0.5562248995983936 0.3890625 0.5502008032128514 0.3890625 0.5461847389558233 0.378125 0.5461847389558233 0.3765625 0.5421686746987951 0.3703125 0.5421686746987951 0.36875 0.536144578313253 0.365625 0.5321285140562249 0.3625 0.5321285140562249 0.3609375 0.5261044176706827 0.3578125 0.5240963855421686 0.3578125 0.5160642570281124 0.3546875 0.5160642570281124 0.35 0.5100401606425703 0.35 0.4959839357429719 0.3453125 0.4939759036144578 0.3453125 0.46987951807228917 0.3375 0.4678714859437751 0.3390625 0.463855421686747 0.3421875 0.463855421686747 0.3421875 0.45582329317269077 0.3375 0.4538152610441767 0.3375 0.4457831325301205 0.33125 0.4457831325301205 0.3296875 0.4397590361445783 0.3265625 0.43775100401606426 0.3265625 0.39558232931726905 0.3296875 0.39357429718875503 0.33125 0.38353413654618473 0.3453125 0.38353413654618473 0.3453125 0.3755020080321285 0.3421875 0.37349397590361444 0.3421875 0.35943775100401604 0.3390625 0.35943775100401604 0.3375 0.3654618473895582 0.33125 0.3654618473895582 0.3296875 0.35542168674698793 0.3265625 0.3534136546184739 0.3265625 0.3493975903614458 0.2796875 0.3493975903614458 0.2796875 0.3514056224899598 0.278125 0.35542168674698793 0.271875 0.35542168674698793
2 0.253125 0 0.253125 0.002008032128514056 0.2515625 0.006024096385542169 0.2484375 0.006024096385542169 0.2484375 0.03413654618473896 0.253125 0.03614457831325301 0.253125 0.04417670682730924 0.2515625 0.04618473895582329 0.2375 0.04618473895582329 0.2359375 0.05220883534136546 0.2296875 0.05220883534136546 0.228125 0.05622489959839357 0.225 0.05622489959839357 0.225 0.0642570281124498 0.221875 0.06626506024096386 0.221875 0.07429718875502007 0.2171875 0.07630522088353414 0.215625 0.0823293172690763 0.209375 0.0823293172690763 0.20625 0.08634538152610442 0.20625 0.10040160642570281 0.2015625 0.10240963855421686 0.2015625 0.10441767068273092 0.20625 0.10642570281124498 0.20625 0.12048192771084337 0.2015625 0.12248995983935743 0.2 0.12650602409638553 0.19375 0.12650602409638553 0.19375 0.15060240963855423 0.196875 0.15261044176706828 0.196875 0.18674698795180722 0.2 0.18674698795180722 0.2015625 0.19076305220883535 0.2078125 0.19076305220883535 0.209375 0.19678714859437751 0.2125 0.19678714859437751 0.2171875 0.20281124497991967 0.2171875 0.20682730923694778 0.2234375 0.20682730923694778 0.225 0.21084337349397592 0.2296875 0.21285140562248997 0.2296875 0.21686746987951808 0.2359375 0.21686746987951808 0.240625 0.22289156626506024 0.240625 0.22690763052208834 0.24375 0.22690763052208834 0.2453125 0.23092369477911648 0.2515625 0.23092369477911648 0.25625 0.24096385542168675 0.2609375 0.2429718875502008 0.2609375 0.2469879518072289 0.2671875 0.2469879518072289 0.271875 0.25301204819277107 0.271875 0.2570281124497992 0.278125 0.2570281124497992 0.2796875 0.26104417670682734 0.284375 0.26305220883534136 0.284375 0.26706827309236947 0.290625 0.26706827309236947 0.2953125 0.27309236947791166 0.2953125 0.27710843373493976 0.303125 0.27710843373493976 0.3046875 0.28112449799196787 0.3109375 0.28112449799196787 0.315625 0.29116465863453816 0.321875 0.29116465863453816 0.3234375 0.2971887550200803 0.3265625 0.2971887550200803 0.328125 0.30120481927710846 0.3765625 0.30120481927710846 0.378125 0.2971887550200803 0.38125 0.2971887550200803 0.38125 0.2891566265060241 0.384375 0.28714859437751006 0.384375 0.28313253012048195 0.3921875 0.27710843373493976 0.39375 0.2710843373493976 0.4015625 0.26706827309236947 0.4015625 0.25903614457831325 0.4046875 0.2570281124497992 0.4046875 0.24899598393574296 0.409375 0.2469879518072289 0.409375 0.2429718875502008 0.4125 0.24096385542168675 0.4125 0.23293172690763053 0.4171875 0.23092369477911648 0.421875 0.22088353413654618 0.425 0.22088353413654618 0.428125 0.21686746987951808 0.4296875 0.21084337349397592 0.4328125 0.21084337349397592 0.4359375 0.20682730923694778 0.4375 0.20080321285140562 0.440625 0.20080321285140562 0.44375 0.19678714859437751 0.4453125 0.19076305220883535 0.4484375 0.19076305220883535 0.45 0.18674698795180722 0.45625 0.18674698795180722 0.4578125 0.18072289156626506 0.4640625 0.18072289156626506 0.465625 0.17670682730923695 0.475 0.17670682730923695 0.4765625 0.1706827309236948 0.4875 0.1706827309236948 0.4875 0.11244979919678715 0.4828125 0.11044176706827309 0.4828125 0.0963855421686747 0.4796875 0.09437751004016064 0.4796875 0.08634538152610442 0.4765625 0.08634538152610442 0.471875 0.08032128514056225 0.471875 0.07630522088353414 0.465625 0.07630522088353414 0.4640625 0.07228915662650602 0.459375 0.07028112449799197 0.459375 0.05622489959839357 0.45625 0.05421686746987952 0.45625 0.04618473895582329 0.453125 0.04618473895582329 0.4484375 0.040160642570281124 0.4484375 0.03614457831325301 0.4453125 0.03614457831325301 0.440625 0.030120481927710843 0.440625 0.02610441767068273 0.434375 0.02610441767068273 0.4328125 0.02208835341365462 0.421875 0.02208835341365462 0.4171875 0.0321285140562249 0.4140625 0.0321285140562249 0.4109375 0.03614457831325301 0.409375 0.04216867469879518 0.403125 0.04216867469879518 0.4015625 0.0321285140562249 0.396875 0.030120481927710843 0.396875 0.02208835341365462 0.3921875 0.020080321285140562 0.3921875 0.012048192771084338 0.3890625 0.010040160642570281 0.3890625 0 0.253125 0
2 0.634375 0 0.634375 0.002008032128514056 0.634375 0.010040160642570281 0.63125 0.012048192771084338 0.63125 0.024096385542168676 0.6265625 0.02610441767068273 0.6265625 0.03413654618473896 0.6234375 0.03614457831325301 0.6234375 0.04417670682730924 0.61875 0.04618473895582329 0.61875 0.060240963855421686 0.615625 0.06224899598393574 0.615625 0.07429718875502007 0.6109375 0.07630522088353414 0.6109375 0.08433734939759036 0.6078125 0.08634538152610442 0.6078125 0.10040160642570281 0.603125 0.10240963855421686 0.6015625 0.11244979919678715 0.5984375 0.11244979919678715 0.5984375 0.12449799196787148 0.5953125 0.12650602409638553 0.5953125 0.13453815261044177 0.590625 0.13654618473895583 0.590625 0.14457831325301204 0.5875 0.1465863453815261 0.5875 0.15461847389558234 0.5828125 0.1566265060240964 0.5828125 0.1706827309236948 0.5796875 0.17269076305220885 0.5796875 0.18674698795180722 0.575 0.18875502008032127 0.575 0.20080321285140562 0.571875 0.20281124497991967 0.571875 0.21686746987951808 0.578125 0.21686746987951808 0.5828125 0.22289156626506024 0.5828125 0.22690763052208834 0.5875 0.2289156626506024 0.5875 0.23694779116465864 0.590625 0.2389558232931727 0.590625 0.2469879518072289 0.5953125 0.24899598393574296 0.5953125 0.2570281124497992 0.5984375 0.25903614457831325 0.5984375 0.28714859437751006 0.5953125 0.29116465863453816 0.5984375 0.2931726907630522 0.5984375 0.2971887550200803 0.6140625 0.2971887550200803 0.615625 0.29116465863453816 0.621875 0.29116465863453816 0.6234375 0.28714859437751006 0.6296875 0.28714859437751006 0.6296875 0.28313253012048195 0.634375 0.27710843373493976 0.6375 0.27710843373493976 0.6375 0.27309236947791166 0.640625 0.2710843373493976 0.640625 0.26305220883534136 0.6453125 0.26104417670682734 0.6453125 0.25301204819277107 0.6484375 0.25100401606425704 0.6484375 0.2389558232931727 0.653125 0.23694779116465864 0.653125 0.21285140562248997 0.6484375 0.21084337349397592 0.6484375 0.20281124497991967 0.6453125 0.20080321285140562 0.6453125 0.18875502008032127 0.6484375 0.18674698795180722 0.6484375 0.142570281124498 0.6453125 0.14056224899598393 0.6453125 0.12248995983935743 0.6484375 0.12048192771084337 0.6484375 0.08634538152610442 0.653125 0.08433734939759036 0.653125 0.07630522088353414 0.65625 0.07429718875502007 0.65625 0.06626506024096386 0.6609375 0.0642570281124498 0.6609375 0.05220883534136546 0.6640625 0.050200803212851405 0.6640625 0.0321285140562249 0.6609375 0.030120481927710843 0.6609375 0.006024096385542169 0.65625 0.004016064257028112 0.65625 0 0.634375 0
2 0.40625 0.6887550200803213 0.4046875 0.6927710843373494 0.3671875 0.6927710843373494 0.365625 0.6987951807228916 0.359375 0.6987951807228916 0.3578125 0.7028112449799196 0.3515625 0.7028112449799196 0.35 0.7088353413654619 0.3390625 0.7088353413654619 0.334375 0.7188755020080321 0.3078125 0.7188755020080321 0.30625 0.7228915662650602 0.2921875 0.7228915662650602 0.290625 0.7289156626506024 0.2796875 0.7289156626506024 0.278125 0.7329317269076305 0.271875 0.7329317269076305 0.2703125 0.7389558232931727 0.2640625 0.7389558232931727 0.2625 0.7429718875502008 0.25625 0.7429718875502008 0.25625 0.7469879518072289 0.2515625 0.7530120481927711 0.2453125 0.7530120481927711 0.2453125 0.7570281124497992 0.240625 0.7590361445783133 0.2390625 0.7630522088353414 0.2328125 0.7630522088353414 0.2328125 0.7670682730923695 0.228125 0.7730923694779116 0.221875 0.7730923694779116 0.221875 0.7771084337349398 0.2171875 0.7791164658634538 0.2125 0.7891566265060241 0.209375 0.7891566265060241 0.20625 0.7931726907630522 0.2046875 0.7991967871485943 0.196875 0.8032128514056225 0.196875 0.8072289156626506 0.1921875 0.8132530120481928 0.1890625 0.8132530120481928 0.1875 0.8192771084337349 0.18125 0.8192771084337349 0.1765625 0.8293172690763052 0.1734375 0.8293172690763052 0.1703125 0.8333333333333334 0.1703125 0.8473895582329317 0.1734375 0.8493975903614458 0.1734375 0.8534136546184738 0.16875 0.8594377510040161 0.165625 0.8594377510040161 0.165625 0.8634538152610441 0.1609375 0.8694779116465864 0.1578125 0.8694779116465864 0.1578125 0.8734939759036144 0.153125 0.8795180722891566 0.15 0.8795180722891566 0.15 0.8835341365461847 0.146875 0.8855421686746988 0.146875 0.893574297188755 0.1421875 0.8955823293172691 0.1421875 0.9176706827309237 0.146875 0.9196787148594378 0.146875 0.927710843373494 0.1546875 0.929718875502008 0.1546875 0.9337349397590361 0.16875 0.9337349397590361 0.1703125 0.9357429718875502 0.1703125 0.9437751004016064 0.1625 0.9457831325301205 0.1609375 0.9497991967871486 0.1578125 0.9497991967871486 0.1578125 0.9578313253012049 0.1546875 0.9598393574297188 0.1546875 0.9678714859437751 0.15 0.9698795180722891 0.15 0.9839357429718876 0.146875 0.9859437751004017 0.146875 0.9939759036144579 0.15 0.9979919678714859 0.2203125 0.9979919678714859 0.2234375 0.9939759036144579 0.225 0.9979919678714859 0.31875 0.9979919678714859 0.3203125 0.9939759036144579 0.3375 0.9939759036144579 0.3390625 0.9979919678714859 0.3734375 0.9979919678714859 0.375 0.9939759036144579 0.384375 0.9939759036144579 0.3859375 0.9979919678714859 0.4984375 0.9979919678714859 0.5 0.9939759036144579 0.5078125 0.9939759036144579 0.5078125 0.9899598393574297 0.503125 0.9879518072289156 0.503125 0.9799196787148594 0.5 0.9799196787148594 0.4953125 0.9738955823293173 0.4953125 0.9698795180722891 0.4921875 0.9698795180722891 0.4875 0.963855421686747 0.4875 0.9558232931726908 0.4828125 0.9538152610441767 0.4828125 0.9457831325301205 0.4796875 0.9437751004016064 0.4796875 0.9257028112449799 0.475 0.9236947791164659 0.475 0.9096385542168675 0.471875 0.9076305220883534 0.471875 0.8995983935742972 0.475 0.8955823293172691 0.471875 0.893574297188755 0.471875 0.8855421686746988 0.4671875 0.8835341365461847 0.4671875 0.8654618473895582 0.4640625 0.8634538152610441 0.4640625 0.7991967871485943 0.4671875 0.7971887550200804 0.4671875 0.7891566265060241 0.4640625 0.7871485943775101 0.4640625 0.7831325301204819 0.459375 0.7811244979919679 0.459375 0.7730923694779116 0.45625 0.7710843373493976 0.45625 0.7429718875502008 0.459375 0.7409638554216867 0.459375 0.7289156626506024 0.45625 0.7269076305220884 0.45625 0.7088353413654619 0.4515625 0.7068273092369478 0.4515625 0.6987951807228916 0.4484375 0.6967871485943775 0.4484375 0.6927710843373494 0.4453125 0.6927710843373494 0.44375 0.6887550200803213 0.434375 0.6887550200803213 0.4328125 0.6827309236947792 0.4296875 0.6827309236947792 0.4296875 0.6847389558232931 0.428125 0.6887550200803213 0.40625 0.6887550200803213
2 0.76875 0.46586345381526106 0.7671875 0.46987951807228917 0.7640625 0.46987951807228917 0.7640625 0.4839357429718876 0.7609375 0.4859437751004016 0.7609375 0.4979919678714859 0.75625 0.5 0.75625 0.5140562248995983 0.753125 0.5160642570281124 0.753125 0.5240963855421686 0.7484375 0.5261044176706827 0.7484375 0.5341365461847389 0.7453125 0.536144578313253 0.7453125 0.5502008032128514 0.7375 0.5562248995983936 0.7359375 0.5662650602409639 0.7328125 0.5662650602409639 0.7328125 0.5843373493975904 0.778125 0.5843373493975904 0.7796875 0.5903614457831325 0.79375 0.5903614457831325 0.7953125 0.5843373493975904 0.81875 0.5843373493975904 0.8203125 0.5803212851405622 0.8265625 0.5803212851405622 0.8265625 0.5763052208835341 0.83125 0.570281124497992 0.8375 0.570281124497992 0.8390625 0.5642570281124498 0.8453125 0.5642570281124498 0.846875 0.5602409638554217 0.853125 0.5602409638554217 0.8546875 0.5542168674698795 0.8578125 0.5542168674698795 0.8578125 0.5461847389558233 0.8609375 0.5441767068273092 0.8609375 0.5261044176706827 0.8578125 0.5240963855421686 0.8578125 0.5160642570281124 0.8546875 0.5160642570281124 0.85 0.5100401606425703 0.85 0.5060240963855421 0.853125 0.5040160642570282 0.8546875 0.4979919678714859 0.8578125 0.4979919678714859 0.8578125 0.4759036144578313 0.853125 0.4738955823293173 0.853125 0.46987951807228917 0.846875 0.46987951807228917 0.8453125 0.46586345381526106 0.83125 0.46586345381526106 0.8296875 0.4598393574297189 0.8078125 0.4598393574297189 0.8078125 0.46184738955823296 0.80625 0.46586345381526106 0.76875 0.46586345381526106
1 0.61875 0.2991967871485944 0.6171875 0.3032128514056225 0.6109375 0.3032128514056225 0.609375 0.3092369477911647 0.5984375 0.3092369477911647 0.596875 0.3132530120481928 0.590625 0.3132530120481928 0.590625 0.3172690763052209 0.5859375 0.3232931726907631 0.5828125 0.3232931726907631 0.5828125 0.3273092369477912 0.5796875 0.3293172690763052 0.5796875 0.3373493975903614 0.575 0.3393574297188755 0.575 0.3433734939759036 0.571875 0.3453815261044177 0.571875 0.3534136546184739 0.5671875 0.35542168674698793 0.5671875 0.3674698795180723 0.5640625 0.36947791164658633 0.5640625 0.37751004016064255 0.559375 0.3795180722891566 0.559375 0.43775100401606426 0.5640625 0.4397590361445783 0.5640625 0.44779116465863456 0.5671875 0.4497991967871486 0.5671875 0.4578313253012048 0.571875 0.4598393574297189 0.571875 0.4678714859437751 0.575 0.46987951807228917 0.575 0.4779116465863454 0.5796875 0.4799196787148594 0.5796875 0.4879518072289157 0.5828125 0.4899598393574297 0.5828125 0.4939759036144578 0.5875 0.4959839357429719 0.5875 0.5040160642570282 0.590625 0.5060240963855421 0.590625 0.5140562248995983 0.59375 0.5140562248995983 0.5953125 0.5200803212851406 0.5984375 0.5220883534136547 0.5984375 0.5301204819277109 0.60625 0.5301204819277109 0.6078125 0.5401606425702812 0.615625 0.5461847389558233 0.615625 0.5502008032128514 0.61875 0.5542168674698795 0.625 0.5542168674698795 0.6265625 0.5602409638554217 0.6296875 0.5602409638554217 0.634375 0.5662650602409639 0.634375 0.570281124497992 0.640625 0.570281124497992 0.6421875 0.5742971887550201 0.6484375 0.5742971887550201 0.65 0.5803212851405622 0.65625 0.5803212851405622 0.6578125 0.5843373493975904 0.6640625 0.5843373493975904 0.665625 0.5903614457831325 0.671875 0.5903614457831325 0.6734375 0.5943775100401606 0.7046875 0.5943775100401606 0.70625 0.5903614457831325 0.7125 0.5903614457831325 0.7140625 0.5843373493975904 0.7203125 0.5843373493975904 0.725 0.5742971887550201 0.728125 0.5742971887550201 0.728125 0.5662650602409639 0.73125 0.5642570281124498 0.73125 0.5562248995983936 0.7390625 0.5502008032128514 0.7390625 0.5421686746987951 0.74375 0.5401606425702812 0.74375 0.5321285140562249 0.746875 0.5301204819277109 0.746875 0.5220883534136547 0.7515625 0.5200803212851406 0.7515625 0.5060240963855421 0.7546875 0.5040160642570282 0.7546875 0.4899598393574297 0.759375 0.4879518072289157 0.759375 0.4759036144578313 0.7625 0.4738955823293173 0.7625 0.40562248995983935 0.759375 0.4036144578313253 0.759375 0.3855421686746988 0.7546875 0.38353413654618473 0.7546875 0.36947791164658633 0.7515625 0.3674698795180723 0.7515625 0.35943775100401604 0.746875 0.357429718875502 0.746875 0.3493975903614458 0.7390625 0.3433734939759036 0.7359375 0.3333333333333333 0.7328125 0.3333333333333333 0.728125 0.3273092369477912 0.728125 0.3232931726907631 0.725 0.3232931726907631 0.7203125 0.3172690763052209 0.7203125 0.3132530120481928 0.7140625 0.3132530120481928 0.7125 0.3092369477911647 0.70625 0.3092369477911647 0.7046875 0.3032128514056225 0.6890625 0.3032128514056225 0.6875 0.2991967871485944 0.6546875 0.2991967871485944 0.653125 0.2931726907630522 0.6265625 0.2931726907630522 0.6265625 0.29518072289156627 0.625 0.2991967871485944 0.61875 0.2991967871485944
1 0.70625 0 0.70625 0.002008032128514056 0.70625 0.010040160642570281 0.7015625 0.012048192771084338 0.7015625 0.030120481927710843 0.696875 0.0321285140562249 0.696875 0.04417670682730924 0.69375 0.04618473895582329 0.69375 0.060240963855421686 0.6890625 0.06224899598393574 0.6890625 0.07429718875502007 0.6859375 0.07630522088353414 0.6859375 0.09036144578313253 0.68125 0.09236947791164658 0.68125 0.11044176706827309 0.678125 0.11244979919678715 0.678125 0.13052208835341367 0.6734375 0.13253012048192772 0.6734375 0.14457831325301204 0.6703125 0.1465863453815261 0.6703125 0.1646586345381526 0.665625 0.16666666666666666 0.665625 0.1706827309236948 0.6625 0.17269076305220885 0.6609375 0.178714859437751 0.6578125 0.178714859437751 0.6578125 0.18674698795180722 0.6546875 0.18875502008032127 0.6546875 0.20080321285140562 0.6625 0.20281124497991967 0.6625 0.21686746987951808 0.6578125 0.21887550200803213 0.6578125 0.22690763052208834 0.6546875 0.2289156626506024 0.6546875 0.24096385542168675 0.65 0.2429718875502008 0.65 0.2570281124497992 0.646875 0.25903614457831325 0.646875 0.2710843373493976 0.6421875 0.27309236947791166 0.6421875 0.29116465863453816 0.640625 0.2931726907630522 0.6234375 0.2931726907630522 0.621875 0.2991967871485944 0.615625 0.2991967871485944 0.6140625 0.3032128514056225 0.6078125 0.3032128514056225 0.60625 0.3092369477911647 0.5953125 0.3092369477911647 0.59375 0.3132530120481928 0.590625 0.3132530120481928 0.590625 0.3172690763052209 0.5859375 0.3232931726907631 0.5828125 0.3232931726907631 0.5828125 0.3273092369477912 0.5796875 0.3293172690763052 0.5796875 0.3373493975903614 0.575 0.3393574297188755 0.575 0.3433734939759036 0.571875 0.3453815261044177 0.571875 0.3534136546184739 0.5671875 0.35542168674698793 0.5671875 0.37349397590361444 0.5640625 0.3755020080321285 0.5640625 0.38353413654618473 0.559375 0.3855421686746988 0.559375 0.43373493975903615 0.5640625 0.4357429718875502 0.5640625 0.44779116465863456 0.5671875 0.4497991967871486 0.5671875 0.4578313253012048 0.571875 0.4598393574297189 0.571875 0.4678714859437751 0.575 0.46987951807228917 0.575 0.4779116465863454 0.5796875 0.4799196787148594 0.5796875 0.4879518072289157 0.5828125 0.4899598393574297 0.5828125 0.4939759036144578 0.5875 0.4959839357429719 0.5875 0.5040160642570282 0.590625 0.5060240963855421 0.590625 0.5140562248995983 0.59375 0.5140562248995983 0.5953125 0.5200803212851406 0.5984375 0.5220883534136547 0.5984375 0.5301204819277109 0.60625 0.5341365461847389 0.6078125 0.5401606425702812 0.615625 0.5461847389558233 0.615625 0.5502008032128514 0.61875 0.5542168674698795 0.6234375 0.5562248995983936 0.6234375 0.5602409638554217 0.6296875 0.5602409638554217 0.634375 0.5662650602409639 0.634375 0.570281124497992 0.640625 0.570281124497992 0.6421875 0.5742971887550201 0.6484375 0.5742971887550201 0.65 0.5803212851405622 0.65625 0.5803212851405622 0.6578125 0.5843373493975904 0.6640625 0.5843373493975904 0.665625 0.5903614457831325 0.671875 0.5903614457831325 0.6734375 0.5943775100401606 0.7078125 0.5943775100401606 0.709375 0.5903614457831325 0.715625 0.5903614457831325 0.715625 0.5863453815261044 0.7234375 0.5803212851405622 0.725 0.5742971887550201 0.728125 0.5742971887550201 0.728125 0.5662650602409639 0.7328125 0.5602409638554217 0.7359375 0.5602409638554217 0.7359375 0.5522088353413654 0.7390625 0.5502008032128514 0.7390625 0.5421686746987951 0.74375 0.5401606425702812 0.74375 0.5321285140562249 0.746875 0.5301204819277109 0.746875 0.5220883534136547 0.7515625 0.5200803212851406 0.7515625 0.5060240963855421 0.7546875 0.5040160642570282 0.7546875 0.4899598393574297 0.759375 0.4879518072289157 0.759375 0.4799196787148594 0.7625 0.4779116465863454 0.7625 0.39959839357429716 0.759375 0.39759036144578314 0.759375 0.3855421686746988 0.7546875 0.38353413654618473 0.7546875 0.36947791164658633 0.7515625 0.3674698795180723 0.7515625 0.35943775100401604 0.746875 0.357429718875502 0.746875 0.3493975903614458 0.7390625 0.3433734939759036 0.7359375 0.3333333333333333 0.7328125 0.3333333333333333 0.728125 0.3273092369477912 0.728125 0.3232931726907631 0.725 0.3232931726907631 0.7203125 0.3172690763052209 0.7203125 0.3132530120481928 0.7140625 0.3132530120481928 0.7125 0.3092369477911647 0.7046875 0.3072289156626506 0.7046875 0.3032128514056225 0.709375 0.2971887550200803 0.7125 0.2971887550200803 0.7125 0.2891566265060241 0.715625 0.28714859437751006 0.715625 0.2791164658634538 0.7203125 0.27710843373493976 0.7203125 0.25903614457831325 0.715625 0.2570281124497992 0.715625 0.24899598393574296 0.696875 0.24899598393574296 0.6953125 0.2429718875502008 0.6859375 0.2429718875502008 0.6765625 0.23092369477911648 0.6765625 0.20281124497991967 0.6796875 0.20080321285140562 0.6796875 0.16666666666666666 0.684375 0.1646586345381526 0.684375 0.13253012048192772 0.6875 0.13052208835341367 0.6875 0.10642570281124498 0.6921875 0.10441767068273092 0.6921875 0.08634538152610442 0.6953125 0.08433734939759036 0.6953125 0.07630522088353414 0.7 0.07429718875502007 0.7015625 0.0642570281124498 0.7046875 0.0642570281124498 0.7046875 0.05220883534136546 0.7078125 0.050200803212851405 0.7078125 0.03614457831325301 0.7125 0.03413654618473896 0.7125 0.02208835341365462 0.715625 0.020080321285140562 0.715625 0.012048192771084338 0.7203125 0.010040160642570281 0.7203125 0.006024096385542169 0.715625 0.004016064257028112 0.715625 0 0.70625 0
1 0.4609375 0.18875502008032127 0.45625 0.19879518072289157 0.45 0.19879518072289157 0.4484375 0.20281124497991967 0.4453125 0.20281124497991967 0.4453125 0.20682730923694778 0.440625 0.21285140562248997 0.4375 0.21285140562248997 0.4375 0.21686746987951808 0.4328125 0.22289156626506024 0.4296875 0.22289156626506024 0.4296875 0.22690763052208834 0.425 0.23293172690763053 0.421875 0.23293172690763053 0.421875 0.23694779116465864 0.4171875 0.2429718875502008 0.4140625 0.2429718875502008 0.4140625 0.25100401606425704 0.4109375 0.25301204819277107 0.409375 0.25903614457831325 0.40625 0.25903614457831325 0.40625 0.26706827309236947 0.403125 0.26907630522088355 0.403125 0.27710843373493976 0.3984375 0.2791164658634538 0.396875 0.28313253012048195 0.39375 0.28313253012048195 0.39375 0.28714859437751006 0.390625 0.2891566265060241 0.390625 0.2971887550200803 0.3828125 0.3032128514056225 0.3828125 0.3172690763052209 0.375 0.3232931726907631 0.3734375 0.3333333333333333 0.3703125 0.3333333333333333 0.3703125 0.3433734939759036 0.3671875 0.3453815261044177 0.3671875 0.3534136546184739 0.3625 0.35542168674698793 0.3625 0.3674698795180723 0.359375 0.36947791164658633 0.359375 0.38755020080321284 0.3546875 0.3895582329317269 0.3546875 0.41767068273092367 0.3515625 0.41967871485943775 0.3515625 0.4538152610441767 0.3546875 0.45582329317269077 0.3546875 0.4979919678714859 0.359375 0.5 0.359375 0.5100401606425703 0.3625 0.5120481927710844 0.3625 0.5200803212851406 0.365625 0.5200803212851406 0.3703125 0.5261044176706827 0.3703125 0.5301204819277109 0.3734375 0.5301204819277109 0.375 0.5341365461847389 0.38125 0.5341365461847389 0.3828125 0.5401606425702812 0.3890625 0.5401606425702812 0.390625 0.5341365461847389 0.4015625 0.5341365461847389 0.403125 0.5301204819277109 0.409375 0.5301204819277109 0.409375 0.5261044176706827 0.4125 0.5240963855421686 0.4125 0.5120481927710844 0.4171875 0.5100401606425703 0.4171875 0.5 0.4203125 0.4979919678714859 0.4203125 0.4859437751004016 0.425 0.4839357429718876 0.425 0.4799196787148594 0.428125 0.4779116465863454 0.428125 0.46987951807228917 0.4359375 0.463855421686747 0.4375 0.4578313253012048 0.440625 0.4578313253012048 0.440625 0.4497991967871486 0.4453125 0.44377510040160645 0.4484375 0.44377510040160645 0.45 0.43775100401606426 0.45625 0.43775100401606426 0.459375 0.43373493975903615 0.4609375 0.42771084337349397 0.4671875 0.42771084337349397 0.46875 0.42369477911646586 0.4796875 0.42369477911646586 0.48125 0.41767068273092367 0.534375 0.41767068273092367 0.5421875 0.40763052208835343 0.5421875 0.39959839357429716 0.546875 0.39759036144578314 0.546875 0.3895582329317269 0.55 0.38755020080321284 0.55 0.3795180722891566 0.5546875 0.37751004016064255 0.5546875 0.36947791164658633 0.5578125 0.3674698795180723 0.5578125 0.35542168674698793 0.5625 0.3534136546184739 0.5625 0.3453815261044177 0.565625 0.3433734939759036 0.565625 0.3333333333333333 0.5703125 0.3313253012048193 0.5703125 0.3232931726907631 0.5734375 0.321285140562249 0.5734375 0.3092369477911647 0.578125 0.3072289156626506 0.578125 0.2991967871485944 0.5734375 0.2971887550200803 0.5734375 0.26907630522088355 0.5703125 0.26706827309236947 0.5703125 0.25301204819277107 0.565625 0.25100401606425704 0.565625 0.2429718875502008 0.5578125 0.23694779116465864 0.5578125 0.2289156626506024 0.5546875 0.22690763052208834 0.5546875 0.21887550200803213 0.5515625 0.21887550200803213 0.546875 0.20883534136546184 0.5421875 0.20682730923694778 0.5421875 0.20281124497991967 0.5359375 0.20281124497991967 0.534375 0.19879518072289157 0.528125 0.19879518072289157 0.5265625 0.1927710843373494 0.5203125 0.1927710843373494 0.51875 0.18875502008032127 0.509375 0.18875502008032127 0.5078125 0.1827309236947791 0.46875 0.1827309236947791 0.46875 0.18473895582329317 0.4671875 0.18875502008032127 0.4609375 0.18875502008032127