5 0 0.9976470588235294 0.00625 0.9976470588235294 0.009375 0.9929411764705882 0.009375 0.9741176470588235 0.0140625 0.971764705882353 0.0140625 0.9529411764705882 0.0171875 0.9505882352941176 0.0171875 0.9294117647058824 0.0203125 0.9270588235294117 0.0203125 0.9129411764705883 0.025 0.9105882352941177 0.025 0.8917647058823529 0.028125 0.8894117647058823 0.028125 0.8541176470588235 0.021875 0.8541176470588235 0.0203125 0.8470588235294118 0.015625 0.8470588235294118 0.0140625 0.8541176470588235 0.0078125 0.8541176470588235 0.0078125 0.8564705882352941 0.00625 0.8588235294117647 0 0.8588235294117647 0 0.9976470588235294
5 0.1421875 0.4682352941176471 0.1390625 0.47058823529411764 0.1390625 0.5058823529411764 0.1359375 0.508235294117647 0.1359375 0.5458823529411765 0.1390625 0.548235294117647 0.1390625 0.5552941176470588 0.1453125 0.5552941176470588 0.1484375 0.5505882352941176 0.1484375 0.5247058823529411 0.1515625 0.5223529411764706 0.1515625 0.46588235294117647 0.15625 0.46352941176470586 0.15625 0.4447058823529412 0.1515625 0.4423529411764706 0.1515625 0.4329411764705882 0.146875 0.4329411764705882 0.146875 0.43529411764705883 0.1421875 0.4376470588235294 0.1421875 0.4682352941176471
2 0.4046875 0.4117647058823529 0.4046875 0.4188235294117647 0.4 0.4211764705882353 0.4 0.43529411764705883 0.4046875 0.4376470588235294 0.4046875 0.48470588235294115 0.4 0.48705882352941177 0.4 0.5129411764705882 0.396875 0.5152941176470588 0.396875 0.5223529411764706 0.4 0.5247058823529411 0.4 0.5294117647058824 0.409375 0.5294117647058824 0.4109375 0.5341176470588235 0.425 0.5341176470588235 0.4265625 0.5388235294117647 0.4328125 0.5411764705882353 0.4328125 0.5458823529411765 0.4390625 0.5458823529411765 0.440625 0.5505882352941176 0.45 0.5505882352941176 0.4546875 0.5576470588235294 0.4546875 0.5623529411764706 0.4609375 0.5623529411764706 0.465625 0.571764705882353 0.4703125 0.5741176470588235 0.4703125 0.5788235294117647 0.475 0.5788235294117647 0.4765625 0.5835294117647059 0.4796875 0.5835294117647059 0.4875 0.6 0.490625 0.6 0.4921875 0.6047058823529412 0.496875 0.6047058823529412 0.4984375 0.611764705882353 0.5015625 0.611764705882353 0.509375 0.6235294117647059 0.509375 0.6282352941176471 0.515625 0.6282352941176471 0.5171875 0.6329411764705882 0.5203125 0.6282352941176471 0.5234375 0.6282352941176471 0.5234375 0.6235294117647059 0.5265625 0.6211764705882353 0.5265625 0.5905882352941176 0.5296875 0.5882352941176471 0.5296875 0.5576470588235294 0.5234375 0.5505882352941176 0.5234375 0.5411764705882353 0.5203125 0.5411764705882353 0.5125 0.5294117647058824 0.5125 0.5247058823529411 0.5078125 0.5223529411764706 0.5078125 0.5152941176470588 0.5046875 0.5129411764705882 0.5046875 0.5035294117647059 0.5078125 0.5011764705882353 0.5078125 0.4823529411764706 0.5046875 0.48 0.5046875 0.44941176470588234 0.50625 0.4470588235294118 0.534375 0.4470588235294118 0.5359375 0.45176470588235296 0.540625 0.45176470588235296 0.5421875 0.4588235294117647 0.5453125 0.4588235294117647 0.546875 0.46352941176470586 0.55625 0.46352941176470586 0.55625 0.4611764705882353 0.5515625 0.4588235294117647 0.5515625 0.4447058823529412 0.5484375 0.4423529411764706 0.5484375 0.4376470588235294 0.5453125 0.4329411764705882 0.5421875 0.4329411764705882 0.5375 0.4258823529411765 0.5375 0.4211764705882353 0.53125 0.4211764705882353 0.5296875 0.4164705882352941 0.525 0.4164705882352941 0.5234375 0.4117647058823529 0.5140625 0.4117647058823529 0.5125 0.4047058823529412 0.4734375 0.4047058823529412 0.471875 0.4117647058823529 0.4625 0.4117647058823529 0.4609375 0.4047058823529412 0.4484375 0.4047058823529412 0.4484375 0.40705882352941175 0.446875 0.4117647058823529 0.4046875 0.4117647058823529
2 0.84375 0.24705882352941178 0.84375 0.2611764705882353 0.8375 0.26823529411764707 0.8359375 0.2752941176470588 0.8328125 0.2752941176470588 0.8328125 0.28941176470588237 0.825 0.30117647058823527 0.821875 0.30117647058823527 0.821875 0.33176470588235296 0.81875 0.3341176470588235 0.81875 0.35294117647058826 0.815625 0.3552941176470588 0.815625 0.3811764705882353 0.8109375 0.3835294117647059 0.8109375 0.4258823529411765 0.815625 0.42823529411764705 0.815625 0.4470588235294118 0.81875 0.44941176470588234 0.81875 0.4682352941176471 0.821875 0.47058823529411764 0.821875 0.48 0.8265625 0.4823529411764706 0.8265625 0.49176470588235294 0.8296875 0.49411764705882355 0.8296875 0.5011764705882353 0.8328125 0.5058823529411764 0.8359375 0.5058823529411764 0.8375 0.5129411764705882 0.840625 0.5152941176470588 0.840625 0.5223529411764706 0.84375 0.5247058823529411 0.84375 0.5294117647058824 0.85 0.5294117647058824 0.8515625 0.5388235294117647 0.8578125 0.5388235294117647 0.859375 0.5458823529411765 0.865625 0.5552941176470588 0.871875 0.5552941176470588 0.8734375 0.5576470588235294 0.8734375 0.5623529411764706 0.8828125 0.5623529411764706 0.884375 0.5552941176470588 0.890625 0.5552941176470588 0.890625 0.548235294117647 0.896875 0.5388235294117647 0.896875 0.5317647058823529 0.9015625 0.5294117647058824 0.9015625 0.5152941176470588 0.9046875 0.5129411764705882 0.9046875 0.48705882352941177 0.9078125 0.48470588235294115 0.9078125 0.46588235294117647 0.9125 0.46352941176470586 0.9125 0.44941176470588234 0.915625 0.4470588235294118 0.915625 0.4376470588235294 0.91875 0.43529411764705883 0.91875 0.4117647058823529 0.9234375 0.40941176470588236 0.9234375 0.4 0.9265625 0.3976470588235294 0.9234375 0.39294117647058824 0.9234375 0.38823529411764707 0.9265625 0.38588235294117645 0.9265625 0.3552941176470588 0.9234375 0.35294117647058826 0.9234375 0.3388235294117647 0.91875 0.33647058823529413 0.91875 0.3247058823529412 0.9125 0.31529411764705884 0.915625 0.30823529411764705 0.9125 0.3058823529411765 0.9125 0.2964705882352941 0.909375 0.2964705882352941 0.9046875 0.28941176470588237 0.9046875 0.2752941176470588 0.9015625 0.27294117647058824 0.9015625 0.2635294117647059 0.896875 0.2611764705882353 0.896875 0.25176470588235295 0.890625 0.24235294117647058 0.8859375 0.24 0.8859375 0.23529411764705882 0.8484375 0.23529411764705882 0.8484375 0.2376470588235294 0.8484375 0.2447058823529412 0.84375 0.24705882352941178
2 0 0.24941176470588236 0.05 0.24941176470588236 0.0515625 0.2447058823529412 0.0640625 0.2447058823529412 0.065625 0.24 0.06875 0.24 0.0703125 0.23294117647058823 0.0796875 0.23294117647058823 0.0859375 0.2235294117647059 0.0859375 0.2188235294117647 0.090625 0.2164705882352941 0.090625 0.21411764705882352 0.0859375 0.21176470588235294 0.0859375 0.2023529411764706 0.0828125 0.1976470588235294 0.0765625 0.1976470588235294 0.075 0.19294117647058823 0.0703125 0.19294117647058823 0.06875 0.18588235294117647 0.0640625 0.18352941176470589 0.0640625 0.17647058823529413 0.0546875 0.17647058823529413 0.053125 0.16941176470588235 0.04375 0.16941176470588235 0.0421875 0.16470588235294117 0.0265625 0.16470588235294117 0.025 0.16 0.015625 0.16 0.00625 0.14588235294117646 0.00625 0.1388235294117647 0.003125 0.13647058823529412 0.003125 0.13176470588235295 0 0.13176470588235295 0 0.13411764705882354 0 0.24941176470588236
2 0.0546875 0 0.0546875 0.002352941176470588 0.0546875 0.01411764705882353 0.0578125 0.01411764705882353 0.059375 0.021176470588235293 0.0625 0.023529411764705882 0.0625 0.03058823529411765 0.065625 0.03294117647058824 0.065625 0.042352941176470586 0.06875 0.042352941176470586 0.0734375 0.04941176470588235 0.0734375 0.058823529411764705 0.0765625 0.06352941176470588 0.08125 0.06588235294117648 0.08125 0.07529411764705882 0.084375 0.07764705882352942 0.084375 0.08705882352941176 0.0921875 0.09411764705882353 0.0921875 0.10352941176470588 0.0953125 0.10588235294117647 0.0953125 0.11294117647058824 0.0984375 0.11529411764705882 0.0984375 0.12470588235294118 0.103125 0.12705882352941175 0.103125 0.1411764705882353 0.10625 0.14352941176470588 0.10625 0.15294117647058825 0.109375 0.15529411764705883 0.109375 0.1623529411764706 0.1140625 0.16470588235294117 0.1140625 0.17411764705882352 0.1171875 0.17882352941176471 0.134375 0.17882352941176471 0.1359375 0.17411764705882352 0.140625 0.17411764705882352 0.1421875 0.16705882352941176 0.1484375 0.16705882352941176 0.15 0.1623529411764706 0.159375 0.1623529411764706 0.159375 0.15529411764705883 0.1625 0.15294117647058825 0.1640625 0.14588235294117646 0.1703125 0.14588235294117646 0.171875 0.1411764705882353 0.178125 0.1411764705882353 0.1796875 0.13647058823529412 0.184375 0.13647058823529412 0.1859375 0.12941176470588237 0.20625 0.12941176470588237 0.2078125 0.12470588235294118 0.23125 0.12470588235294118 0.2328125 0.12941176470588237 0.25 0.12941176470588237 0.25 0.1223529411764706 0.253125 0.12 0.253125 0.11058823529411765 0.2578125 0.10823529411764705 0.2609375 0.10352941176470588 0.2609375 0.0988235294117647 0.2640625 0.09647058823529411 0.2640625 0.0611764705882353 0.2578125 0.05411764705882353 0.2578125 0.04941176470588235 0.24375 0.04941176470588235 0.2421875 0.047058823529411764 0.2421875 0.023529411764705882 0.246875 0.021176470588235293 0.246875 0.011764705882352941 0.2421875 0.009411764705882352 0.2421875 0 0.0546875 0
2 0 0.7741176470588236 0.003125 0.7741176470588236 0.0078125 0.7858823529411765 0.0140625 0.7858823529411765 0.015625 0.7905882352941176 0.03125 0.7905882352941176 0.0328125 0.7976470588235294 0.0390625 0.7976470588235294 0.040625 0.8023529411764706 0.046875 0.8023529411764706 0.0484375 0.8070588235294117 0.0578125 0.8070588235294117 0.0625 0.8188235294117647 0.071875 0.8188235294117647 0.0734375 0.8235294117647058 0.0796875 0.8235294117647058 0.08125 0.8305882352941176 0.09375 0.8305882352941176 0.0953125 0.8352941176470589 0.1015625 0.8352941176470589 0.103125 0.84 0.1125 0.84 0.1140625 0.8447058823529412 0.1203125 0.8470588235294118 0.1203125 0.851764705882353 0.1265625 0.851764705882353 0.128125 0.8564705882352941 0.134375 0.8564705882352941 0.1390625 0.8635294117647059 0.1390625 0.8682352941176471 0.1484375 0.8682352941176471 0.15 0.8729411764705882 0.1703125 0.8729411764705882 0.171875 0.8682352941176471 0.184375 0.8682352941176471 0.184375 0.8470588235294118 0.178125 0.8376470588235294 0.1734375 0.8352941176470589 0.1734375 0.8258823529411765 0.1703125 0.8235294117647058 0.1703125 0.788235294117647 0.1734375 0.7858823529411765 0.1734375 0.76 0.178125 0.7576470588235295 0.178125 0.7270588235294118 0.18125 0.7247058823529412 0.18125 0.6635294117647059 0.178125 0.6611764705882353 0.178125 0.6564705882352941 0.18125 0.6517647058823529 0.178125 0.6494117647058824 0.178125 0.6070588235294118 0.1734375 0.6047058823529412 0.1734375 0.5976470588235294 0.1703125 0.5952941176470589 0.1703125 0.5858823529411765 0.1640625 0.5858823529411765 0.15625 0.5694117647058824 0.146875 0.5694117647058824 0.1453125 0.5647058823529412 0.1390625 0.5647058823529412 0.1375 0.5576470588235294 0.134375 0.5552941176470588 0.134375 0.548235294117647 0.1296875 0.5458823529411765 0.1296875 0.5411764705882353 0.1265625 0.5364705882352941 0.1140625 0.5364705882352941 0.1125 0.5317647058823529 0.0515625 0.5317647058823529 0.05 0.5364705882352941 0.021875 0.5364705882352941 0.0203125 0.5317647058823529 0.015625 0.5317647058823529 0.015625 0.5341176470588235 0.0140625 0.5364705882352941 0.0046875 0.5364705882352941 0.003125 0.5411764705882353 0 0.5411764705882353 0 0.7035294117647058 0.0046875 0.7058823529411765 0.0046875 0.7247058823529412 0 0.7270588235294118 0 0.7741176470588236
2 0.396875 0.3176470588235294 0.3953125 0.3247058823529412 0.3859375 0.3247058823529412 0.384375 0.32941176470588235 0.3796875 0.32941176470588235 0.378125 0.3341176470588235 0.375 0.3341176470588235 0.371875 0.3388235294117647 0.371875 0.34352941176470586 0.3671875 0.35058823529411764 0.3640625 0.35058823529411764 0.3640625 0.36 0.3671875 0.36 0.375 0.37176470588235294 0.375 0.3764705882352941 0.378125 0.3764705882352941 0.3859375 0.38823529411764707 0.3859375 0.39294117647058824 0.3984375 0.39294117647058824 0.3984375 0.38823529411764707 0.403125 0.38588235294117645 0.4078125 0.3764705882352941 0.4140625 0.3764705882352941 0.4140625 0.37176470588235294 0.41875 0.36470588235294116 0.425 0.36470588235294116 0.4328125 0.34823529411764703 0.4359375 0.34823529411764703 0.4359375 0.3176470588235294 0.4328125 0.3176470588235294 0.43125 0.3129411764705882 0.415625 0.3129411764705882 0.415625 0.31529411764705884 0.4140625 0.3176470588235294 0.396875 0.3176470588235294
2 0.509375 0.46352941176470586 0.50625 0.46588235294117647 0.50625 0.4752941176470588 0.509375 0.4776470588235294 0.509375 0.49176470588235294 0.5140625 0.49411764705882355 0.5140625 0.5129411764705882 0.5171875 0.5152941176470588 0.5171875 0.5223529411764706 0.5203125 0.5247058823529411 0.5203125 0.5294117647058824 0.525 0.5317647058823529 0.525 0.5388235294117647 0.528125 0.5411764705882353 0.528125 0.5505882352941176 0.5359375 0.5576470588235294 0.5359375 0.5788235294117647 0.53125 0.5811764705882353 0.53125 0.6047058823529412 0.528125 0.6070588235294118 0.528125 0.6752941176470588 0.53125 0.6776470588235294 0.53125 0.691764705882353 0.5359375 0.6941176470588235 0.5359375 0.6988235294117647 0.5390625 0.7011764705882353 0.5390625 0.7082352941176471 0.5421875 0.7105882352941176 0.5421875 0.72 0.546875 0.7223529411764706 0.546875 0.7364705882352941 0.55 0.7388235294117647 0.55 0.7482352941176471 0.553125 0.7529411764705882 0.55625 0.7529411764705882 0.5578125 0.7576470588235295 0.5625 0.7576470588235295 0.5640625 0.7529411764705882 0.578125 0.7529411764705882 0.5796875 0.7482352941176471 0.584375 0.7482352941176471 0.5859375 0.7411764705882353 0.5921875 0.7411764705882353 0.59375 0.7364705882352941 0.603125 0.7364705882352941 0.60625 0.731764705882353 0.60625 0.7105882352941176 0.603125 0.7082352941176471 0.603125 0.6847058823529412 0.5984375 0.6823529411764706 0.5984375 0.6776470588235294 0.603125 0.6752941176470588 0.603125 0.668235294117647 0.60625 0.6658823529411765 0.60625 0.6517647058823529 0.603125 0.6470588235294118 0.60625 0.6447058823529411 0.60625 0.6352941176470588 0.6109375 0.6282352941176471 0.6140625 0.6282352941176471 0.615625 0.6211764705882353 0.65 0.6211764705882353 0.6515625 0.6164705882352941 0.6609375 0.6164705882352941 0.6609375 0.6070588235294118 0.6578125 0.6047058823529412 0.6578125 0.5976470588235294 0.653125 0.5952941176470589 0.653125 0.5905882352941176 0.6484375 0.5905882352941176 0.646875 0.5858823529411765 0.64375 0.5858823529411765 0.6390625 0.5788235294117647 0.6390625 0.5741176470588235 0.6328125 0.5741176470588235 0.625 0.5623529411764706 0.625 0.5576470588235294 0.621875 0.5576470588235294 0.6203125 0.5529411764705883 0.615625 0.5529411764705883 0.6140625 0.548235294117647 0.6078125 0.548235294117647 0.603125 0.5364705882352941 0.6 0.5364705882352941 0.5984375 0.5317647058823529 0.5921875 0.5294117647058824 0.5921875 0.5247058823529411 0.5890625 0.52 0.5859375 0.52 0.584375 0.5152941176470588 0.5796875 0.5152941176470588 0.578125 0.508235294117647 0.575 0.508235294117647 0.5703125 0.5011764705882353 0.5703125 0.49411764705882355 0.5671875 0.49176470588235294 0.5671875 0.48705882352941177 0.5640625 0.48705882352941177 0.5625 0.4823529411764706 0.5578125 0.4823529411764706 0.55625 0.4776470588235294 0.5515625 0.4752941176470588 0.5515625 0.47058823529411764 0.546875 0.47058823529411764 0.5453125 0.46588235294117647 0.5390625 0.46588235294117647 0.534375 0.4588235294117647 0.534375 0.4541176470588235 0.53125 0.4541176470588235 0.5296875 0.44941176470588234 0.5140625 0.44941176470588234 0.5140625 0.45176470588235296 0.509375 0.4541176470588235 0.509375 0.46352941176470586
2 0.6953125 0.7364705882352941 0.6921875 0.7388235294117647 0.6921875 0.7576470588235295 0.7015625 0.7576470588235295 0.703125 0.7647058823529411 0.6984375 0.7670588235294118 0.6921875 0.7764705882352941 0.690625 0.7835294117647059 0.68125 0.7835294117647059 0.6796875 0.788235294117647 0.6765625 0.788235294117647 0.6765625 0.7976470588235294 0.6703125 0.8047058823529412 0.6703125 0.8188235294117647 0.665625 0.8211764705882353 0.665625 0.8352941176470589 0.6703125 0.8376470588235294 0.6703125 0.8729411764705882 0.6734375 0.8776470588235294 0.6828125 0.8776470588235294 0.684375 0.8847058823529412 0.69375 0.8847058823529412 0.6953125 0.8894117647058823 0.7015625 0.8894117647058823 0.703125 0.8917647058823529 0.703125 0.9011764705882352 0.6984375 0.9035294117647059 0.6921875 0.9129411764705883 0.6921875 0.9223529411764706 0.690625 0.9247058823529412 0.6875 0.9247058823529412 0.6875 0.9435294117647058 0.684375 0.9458823529411765 0.684375 0.971764705882353 0.68125 0.9741176470588235 0.68125 0.9835294117647059 0.684375 0.9882352941176471 0.68125 0.9929411764705882 0.690625 0.9929411764705882 0.6921875 0.9976470588235294 0.7125 0.9976470588235294 0.7140625 0.9929411764705882 0.71875 0.9929411764705882 0.7203125 0.9835294117647059 0.7234375 0.9835294117647059 0.7234375 0.9623529411764706 0.7265625 0.96 0.7265625 0.9364705882352942 0.7296875 0.9341176470588235 0.7296875 0.8870588235294118 0.734375 0.8847058823529412 0.734375 0.8047058823529412 0.7375 0.8023529411764706 0.7375 0.788235294117647 0.734375 0.7835294117647059 0.73125 0.7835294117647059 0.7296875 0.7764705882352941 0.7265625 0.7741176470588236 0.7265625 0.7223529411764706 0.7234375 0.7176470588235294 0.703125 0.7176470588235294 0.703125 0.72 0.6953125 0.7270588235294118 0.6953125 0.7364705882352941
2 0.2953125 0.8470588235294118 0.29375 0.8541176470588235 0.28125 0.8541176470588235 0.2796875 0.8588235294117647 0.2734375 0.8588235294117647 0.26875 0.8705882352941177 0.2625 0.8705882352941177 0.2609375 0.8752941176470588 0.2546875 0.8752941176470588 0.246875 0.8917647058823529 0.24375 0.8917647058823529 0.24375 0.9058823529411765 0.2484375 0.908235294117647 0.2484375 0.9176470588235294 0.2515625 0.92 0.2515625 0.9341176470588235 0.259375 0.9411764705882353 0.259375 0.9505882352941176 0.265625 0.9576470588235294 0.2578125 0.9741176470588235 0.2546875 0.9741176470588235 0.2546875 0.9835294117647059 0.2515625 0.9858823529411764 0.2515625 0.9929411764705882 0.2609375 0.9929411764705882 0.2625 0.9976470588235294 0.2828125 0.9976470588235294 0.284375 0.9929411764705882 0.340625 0.9929411764705882 0.3421875 0.9976470588235294 0.3453125 0.9976470588235294 0.3484375 0.9929411764705882 0.35 0.9976470588235294 0.3703125 0.9976470588235294 0.371875 0.9929411764705882 0.378125 0.9929411764705882 0.378125 0.9858823529411764 0.38125 0.9835294117647059 0.38125 0.9741176470588235 0.3859375 0.9670588235294117 0.3890625 0.9670588235294117 0.3890625 0.9294117647058824 0.384375 0.9270588235294117 0.384375 0.9129411764705883 0.3796875 0.9129411764705883 0.378125 0.908235294117647 0.3734375 0.9058823529411765 0.3734375 0.8870588235294118 0.3703125 0.8847058823529412 0.3703125 0.8752941176470588 0.3625 0.8682352941176471 0.3625 0.8635294117647059 0.359375 0.8588235294117647 0.353125 0.8588235294117647 0.3484375 0.851764705882353 0.3484375 0.8470588235294118 0.3390625 0.8470588235294118 0.3375 0.8423529411764706 0.3140625 0.8423529411764706 0.3140625 0.8447058823529412 0.3125 0.8470588235294118 0.2953125 0.8470588235294118
2 0.4 0.4117647058823529 0.4 0.43529411764705883 0.4046875 0.4376470588235294 0.4046875 0.48 0.4 0.4823529411764706 0.4 0.5058823529411764 0.396875 0.508235294117647 0.396875 0.5176470588235295 0.39375 0.52 0.39375 0.5294117647058824 0.390625 0.5317647058823529 0.390625 0.5505882352941176 0.3859375 0.5529411764705883 0.3859375 0.5670588235294117 0.3828125 0.5694117647058824 0.3828125 0.5882352941176471 0.3796875 0.5905882352941176 0.3796875 0.6164705882352941 0.375 0.6188235294117647 0.375 0.6376470588235295 0.371875 0.64 0.371875 0.6541176470588236 0.36875 0.6564705882352941 0.36875 0.6658823529411765 0.3609375 0.6729411764705883 0.3609375 0.6823529411764706 0.3578125 0.6847058823529412 0.35625 0.6941176470588235 0.353125 0.6941176470588235 0.353125 0.7035294117647058 0.35 0.7082352941176471 0.353125 0.7105882352941176 0.353125 0.7247058823529412 0.3578125 0.7270588235294118 0.3578125 0.7576470588235295 0.3609375 0.76 0.3609375 0.7694117647058824 0.3640625 0.7717647058823529 0.3640625 0.7811764705882352 0.36875 0.7835294117647059 0.36875 0.7905882352941176 0.371875 0.7929411764705883 0.371875 0.8141176470588235 0.375 0.8164705882352942 0.375 0.8305882352941176 0.3796875 0.8329411764705882 0.3796875 0.8447058823529412 0.3828125 0.8470588235294118 0.3828125 0.8564705882352941 0.3890625 0.8564705882352941 0.3890625 0.8470588235294118 0.39375 0.84 0.409375 0.84 0.4109375 0.8447058823529412 0.428125 0.8447058823529412 0.43125 0.84 0.43125 0.8329411764705882 0.4359375 0.8305882352941176 0.4359375 0.8211764705882353 0.4390625 0.8188235294117647 0.4390625 0.8047058823529412 0.4421875 0.8023529411764706 0.4421875 0.7929411764705883 0.45 0.7858823529411765 0.45 0.7764705882352941 0.4546875 0.7694117647058824 0.4578125 0.7694117647058824 0.4609375 0.7647058823529411 0.4609375 0.7505882352941177 0.4578125 0.7482352941176471 0.4578125 0.7435294117647059 0.453125 0.7411764705882353 0.453125 0.7105882352941176 0.4546875 0.7082352941176471 0.4609375 0.7082352941176471 0.4625 0.7035294117647058 0.4828125 0.7035294117647058 0.484375 0.6988235294117647 0.496875 0.6988235294117647 0.4984375 0.691764705882353 0.5015625 0.691764705882353 0.5015625 0.6847058823529412 0.5046875 0.6823529411764706 0.5046875 0.6776470588235294 0.509375 0.6705882352941176 0.5125 0.6705882352941176 0.5125 0.6635294117647059 0.515625 0.6611764705882353 0.515625 0.6517647058823529 0.51875 0.6494117647058824 0.51875 0.6352941176470588 0.5234375 0.6329411764705882 0.5234375 0.6141176470588235 0.5265625 0.611764705882353 0.5265625 0.5905882352941176 0.5296875 0.5882352941176471 0.5296875 0.5576470588235294 0.5234375 0.5505882352941176 0.5234375 0.5411764705882353 0.5203125 0.5411764705882353 0.5125 0.5294117647058824 0.5125 0.5247058823529411 0.509375 0.5247058823529411 0.5046875 0.5176470588235295 0.5046875 0.508235294117647 0.5078125 0.5058823529411764 0.5078125 0.49411764705882355 0.5046875 0.49176470588235294 0.5046875 0.4776470588235294 0.5015625 0.4752941176470588 0.5015625 0.46588235294117647 0.5046875 0.46352941176470586 0.5046875 0.44941176470588234 0.509375 0.4423529411764706 0.534375 0.4423529411764706 0.5359375 0.4470588235294118 0.5453125 0.4470588235294118 0.5453125 0.4376470588235294 0.5421875 0.4376470588235294 0.534375 0.4258823529411765 0.534375 0.4211764705882353 0.528125 0.4211764705882353 0.5265625 0.4164705882352941 0.5203125 0.4164705882352941 0.51875 0.4117647058823529 0.4984375 0.4117647058823529 0.496875 0.4047058823529412 0.484375 0.4047058823529412 0.484375 0.40705882352941175 0.4828125 0.4117647058823529 0.4 0.4117647058823529
2 0 0 0 0.002352941176470588 0 0.12470588235294118 0.00625 0.12470588235294118 0.0109375 0.13176470588235295 0.0109375 0.1411764705882353 0.0140625 0.1411764705882353 0.01875 0.14823529411764705 0.01875 0.15294117647058825 0.021875 0.15764705882352942 0.03125 0.15764705882352942 0.0328125 0.1623529411764706 0.05 0.1623529411764706 0.0515625 0.16705882352941176 0.0640625 0.16705882352941176 0.065625 0.17411764705882352 0.06875 0.17411764705882352 0.0734375 0.18352941176470589 0.0796875 0.18352941176470589 0.08125 0.19058823529411764 0.0875 0.2 0.0921875 0.2023529411764706 0.0921875 0.21176470588235294 0.096875 0.21176470588235294 0.0984375 0.2164705882352941 0.1078125 0.2164705882352941 0.109375 0.21176470588235294 0.1125 0.21176470588235294 0.1125 0.18588235294117647 0.1078125 0.18352941176470589 0.1078125 0.16941176470588235 0.1046875 0.16705882352941176 0.1046875 0.15529411764705883 0.1015625 0.15294117647058825 0.1015625 0.1388235294117647 0.096875 0.13647058823529412 0.096875 0.1223529411764706 0.090625 0.11294117647058824 0.090625 0.10588235294117647 0.0859375 0.10352941176470588 0.0859375 0.09411764705882353 0.0828125 0.09176470588235294 0.0828125 0.08235294117647059 0.075 0.07529411764705882 0.075 0.06588235294117648 0.071875 0.06352941176470588 0.071875 0.05647058823529412 0.06875 0.05411764705882353 0.06875 0.04941176470588235 0.0640625 0.047058823529411764 0.0640625 0.04 0.0578125 0.03058823529411765 0.0578125 0.023529411764705882 0.0546875 0.023529411764705882 0.053125 0.01647058823529412 0.05 0.01411764705882353 0.05 0.007058823529411765 0.04375 0.007058823529411765 0.0421875 0 0 0
2 0.509375 0.48470588235294115 0.5140625 0.48705882352941177 0.5140625 0.4964705882352941 0.5171875 0.4988235294117647 0.5171875 0.5058823529411764 0.5140625 0.508235294117647 0.5140625 0.5129411764705882 0.5171875 0.5152941176470588 0.5171875 0.5223529411764706 0.5203125 0.5247058823529411 0.5203125 0.5294117647058824 0.5234375 0.5294117647058824 0.528125 0.5364705882352941 0.528125 0.5458823529411765 0.53125 0.548235294117647 0.53125 0.5552941176470588 0.5359375 0.5576470588235294 0.5359375 0.5835294117647059 0.53125 0.5858823529411765 0.53125 0.611764705882353 0.528125 0.6141176470588235 0.528125 0.6752941176470588 0.53125 0.6776470588235294 0.53125 0.691764705882353 0.534375 0.691764705882353 0.5359375 0.6988235294117647 0.5421875 0.7058823529411765 0.5421875 0.72 0.546875 0.7223529411764706 0.546875 0.731764705882353 0.55 0.7341176470588235 0.55 0.7411764705882353 0.553125 0.7435294117647059 0.553125 0.7529411764705882 0.578125 0.7529411764705882 0.5796875 0.7482352941176471 0.5890625 0.7482352941176471 0.590625 0.7411764705882353 0.5953125 0.7411764705882353 0.596875 0.7364705882352941 0.60625 0.7364705882352941 0.609375 0.731764705882353 0.609375 0.7223529411764706 0.60625 0.72 0.60625 0.7105882352941176 0.5984375 0.7035294117647058 0.5984375 0.6941176470588235 0.603125 0.691764705882353 0.603125 0.6847058823529412 0.5984375 0.6823529411764706 0.5984375 0.6729411764705883 0.6 0.6705882352941176 0.60625 0.6705882352941176 0.60625 0.6352941176470588 0.6109375 0.6282352941176471 0.6203125 0.6282352941176471 0.621875 0.6211764705882353 0.65 0.6211764705882353 0.6515625 0.6164705882352941 0.6578125 0.6164705882352941 0.6609375 0.6211764705882353 0.6609375 0.6070588235294118 0.6578125 0.6047058823529412 0.6578125 0.5976470588235294 0.653125 0.5952941176470589 0.653125 0.5905882352941176 0.6484375 0.5905882352941176 0.646875 0.5858823529411765 0.64375 0.5858823529411765 0.6390625 0.5788235294117647 0.6390625 0.5741176470588235 0.6359375 0.5694117647058824 0.6296875 0.5694117647058824 0.625 0.5623529411764706 0.625 0.5576470588235294 0.621875 0.5576470588235294 0.6203125 0.5529411764705883 0.615625 0.5529411764705883 0.6140625 0.548235294117647 0.6078125 0.548235294117647 0.603125 0.5364705882352941 0.6 0.5364705882352941 0.5953125 0.5294117647058824 0.5953125 0.5247058823529411 0.590625 0.5247058823529411 0.584375 0.5152941176470588 0.5796875 0.5152941176470588 0.578125 0.508235294117647 0.575 0.508235294117647 0.5671875 0.4964705882352941 0.5671875 0.48705882352941177 0.5640625 0.48705882352941177 0.5625 0.4823529411764706 0.5578125 0.4823529411764706 0.55625 0.4776470588235294 0.55 0.4776470588235294 0.5453125 0.46588235294117647 0.5390625 0.46588235294117647 0.534375 0.4588235294117647 0.534375 0.4541176470588235 0.53125 0.4541176470588235 0.5296875 0.44941176470588234 0.5140625 0.44941176470588234 0.5140625 0.45176470588235296 0.509375 0.4541176470588235 0.509375 0.48470588235294115
2 0.153125 0.16941176470588235 0.1515625 0.17647058823529413 0.146875 0.17647058823529413 0.1453125 0.1811764705882353 0.1421875 0.1811764705882353 0.134375 0.1976470588235294 0.13125 0.1976470588235294 0.128125 0.2023529411764706 0.128125 0.20705882352941177 0.125 0.20941176470588235 0.125 0.2164705882352941 0.1203125 0.2188235294117647 0.11875 0.22588235294117648 0.109375 0.22588235294117648 0.1078125 0.23058823529411765 0.103125 0.23058823529411765 0.1015625 0.23529411764705882 0.0984375 0.23529411764705882 0.0984375 0.24 0.0953125 0.24235294117647058 0.0953125 0.2611764705882353 0.0984375 0.2635294117647059 0.0984375 0.2776470588235294 0.103125 0.28 0.103125 0.28941176470588237 0.10625 0.2917647058823529 0.10625 0.2988235294117647 0.109375 0.30117647058823527 0.109375 0.31058823529411766 0.1140625 0.3129411764705882 0.1140625 0.3270588235294118 0.1171875 0.32941176470588235 0.1171875 0.34823529411764703 0.1203125 0.35058823529411764 0.1203125 0.36 0.125 0.3623529411764706 0.125 0.36941176470588233 0.13125 0.3788235294117647 0.13125 0.38588235294117645 0.1359375 0.38823529411764707 0.1359375 0.3976470588235294 0.1390625 0.4 0.1390625 0.40941176470588236 0.1421875 0.4117647058823529 0.1421875 0.4188235294117647 0.146875 0.4211764705882353 0.146875 0.4258823529411765 0.15625 0.4258823529411765 0.1578125 0.43058823529411766 0.1671875 0.43058823529411766 0.16875 0.43529411764705883 0.1734375 0.43529411764705883 0.175 0.43058823529411766 0.18125 0.43058823529411766 0.184375 0.4258823529411765 0.184375 0.4211764705882353 0.1890625 0.4188235294117647 0.19375 0.40941176470588236 0.1984375 0.40941176470588236 0.1984375 0.4047058823529412 0.203125 0.4023529411764706 0.2046875 0.3976470588235294 0.209375 0.3976470588235294 0.209375 0.38823529411764707 0.2140625 0.38588235294117645 0.2140625 0.3788235294117647 0.2171875 0.3764705882352941 0.2171875 0.3623529411764706 0.2203125 0.36 0.2203125 0.3552941176470588 0.221875 0.35294117647058826 0.228125 0.35294117647058826 0.2296875 0.34823529411764703 0.2359375 0.34823529411764703 0.2359375 0.3388235294117647 0.2390625 0.33647058823529413 0.2390625 0.3176470588235294 0.25 0.3058823529411765 0.25 0.30117647058823527 0.253125 0.2988235294117647 0.2546875 0.28941176470588237 0.2578125 0.28941176470588237 0.2578125 0.2752941176470588 0.259375 0.27294117647058824 0.26875 0.27294117647058824 0.2703125 0.26588235294117646 0.275 0.26588235294117646 0.2765625 0.2564705882352941 0.2796875 0.2564705882352941 0.2796875 0.23529411764705882 0.2859375 0.22823529411764706 0.2859375 0.2023529411764706 0.2828125 0.2 0.2828125 0.19294117647058823 0.2796875 0.19058823529411764 0.2796875 0.1811764705882353 0.2734375 0.1811764705882353 0.271875 0.17647058823529413 0.259375 0.17647058823529413 0.2578125 0.16941176470588235 0.21875 0.16941176470588235 0.2171875 0.17647058823529413 0.2109375 0.17647058823529413 0.209375 0.16941176470588235 0.1796875 0.16941176470588235 0.178125 0.16470588235294117 0.16875 0.16470588235294117 0.16875 0.16705882352941176 0.1671875 0.16941176470588235 0.153125 0.16941176470588235
1 0.284375 0.3458823529411765 0.2828125 0.35058823529411764 0.2703125 0.35058823529411764 0.26875 0.3552941176470588 0.2484375 0.3552941176470588 0.246875 0.3623529411764706 0.2375 0.3623529411764706 0.23125 0.37176470588235294 0.2265625 0.37176470588235294 0.225 0.3788235294117647 0.221875 0.3788235294117647 0.221875 0.38588235294117645 0.21875 0.38823529411764707 0.21875 0.3976470588235294 0.2140625 0.4047058823529412 0.2109375 0.4047058823529412 0.2109375 0.41411764705882353 0.2078125 0.4164705882352941 0.2078125 0.4258823529411765 0.203125 0.4329411764705882 0.2 0.4329411764705882 0.2 0.4423529411764706 0.196875 0.4447058823529412 0.196875 0.4752941176470588 0.19375 0.4776470588235294 0.19375 0.4964705882352941 0.196875 0.4988235294117647 0.196875 0.5176470588235295 0.2046875 0.5247058823529411 0.2046875 0.5341176470588235 0.2109375 0.5411764705882353 0.2109375 0.5458823529411765 0.2140625 0.5458823529411765 0.21875 0.5529411764705883 0.21875 0.5623529411764706 0.225 0.5623529411764706 0.2296875 0.5694117647058824 0.2296875 0.5788235294117647 0.2375 0.5858823529411765 0.2375 0.5952941176470589 0.24375 0.6023529411764705 0.24375 0.611764705882353 0.246875 0.611764705882353 0.2546875 0.6235294117647059 0.2546875 0.6282352941176471 0.2578125 0.6282352941176471 0.2625 0.6352941176470588 0.2625 0.6447058823529411 0.2734375 0.6564705882352941 0.2734375 0.6611764705882353 0.2765625 0.6658823529411765 0.28125 0.668235294117647 0.28125 0.6752941176470588 0.284375 0.6776470588235294 0.284375 0.6823529411764706 0.290625 0.6823529411764706 0.2953125 0.691764705882353 0.3046875 0.691764705882353 0.30625 0.6988235294117647 0.3375 0.6988235294117647 0.3375 0.6941176470588235 0.3484375 0.6823529411764706 0.3484375 0.6776470588235294 0.353125 0.6705882352941176 0.35625 0.6705882352941176 0.359375 0.6658823529411765 0.359375 0.6564705882352941 0.3625 0.6541176470588236 0.3625 0.6470588235294118 0.3671875 0.6447058823529411 0.3671875 0.6352941176470588 0.3703125 0.6329411764705882 0.3703125 0.6188235294117647 0.3734375 0.6164705882352941 0.3734375 0.5905882352941176 0.378125 0.5882352941176471 0.378125 0.5647058823529412 0.38125 0.5623529411764706 0.38125 0.5364705882352941 0.384375 0.5341176470588235 0.384375 0.52 0.3890625 0.5176470588235295 0.3890625 0.5035294117647059 0.3921875 0.5011764705882353 0.3921875 0.48705882352941177 0.3953125 0.48470588235294115 0.3953125 0.42823529411764705 0.3921875 0.4258823529411765 0.3921875 0.4117647058823529 0.3890625 0.40941176470588236 0.3890625 0.4 0.3859375 0.4 0.38125 0.39294117647058824 0.38125 0.38823529411764707 0.378125 0.3835294117647059 0.375 0.3835294117647059 0.3734375 0.3788235294117647 0.36875 0.3788235294117647 0.3671875 0.37176470588235294 0.3640625 0.37176470588235294 0.3625 0.36705882352941177 0.3578125 0.36705882352941177 0.35625 0.3623529411764706 0.35 0.3623529411764706 0.3484375 0.3552941176470588 0.3390625 0.3552941176470588 0.3375 0.35058823529411764 0.33125 0.35058823529411764 0.3296875 0.3458823529411765 0.3234375 0.34352941176470586 0.3234375 0.3388235294117647 0.2953125 0.3388235294117647 0.2953125 0.3411764705882353 0.29375 0.3458823529411765 0.284375 0.3458823529411765
1 0 0.5223529411764706 0.025 0.5223529411764706 0.0265625 0.5176470588235295 0.046875 0.5176470588235295 0.0484375 0.5129411764705882 0.0609375 0.5129411764705882 0.0625 0.5058823529411764 0.096875 0.5058823529411764 0.0984375 0.5011764705882353 0.1046875 0.5011764705882353 0.1265625 0.4682352941176471 0.1265625 0.44941176470588234 0.1296875 0.4470588235294118 0.1296875 0.4329411764705882 0.134375 0.43058823529411766 0.134375 0.4 0.1296875 0.3976470588235294 0.1296875 0.38823529411764707 0.1234375 0.3811764705882353 0.1234375 0.37176470588235294 0.11875 0.36941176470588233 0.11875 0.3623529411764706 0.115625 0.36 0.115625 0.35058823529411764 0.1125 0.34823529411764703 0.1125 0.3388235294117647 0.1078125 0.33647058823529413 0.1078125 0.3247058823529412 0.1046875 0.32235294117647056 0.1046875 0.3129411764705882 0.1015625 0.31058823529411766 0.1015625 0.30117647058823527 0.096875 0.2988235294117647 0.096875 0.2917647058823529 0.09375 0.28941176470588237 0.09375 0.28 0.0859375 0.27294117647058824 0.0859375 0.26823529411764707 0.0703125 0.26823529411764707 0.06875 0.2635294117647059 0.0484375 0.2635294117647059 0.0484375 0.26588235294117646 0.046875 0.26823529411764707 0.0078125 0.26823529411764707 0.00625 0.2752941176470588 0 0.2752941176470588 0 0.34823529411764703 0.0046875 0.35058823529411764 0.0046875 0.36470588235294116 0 0.36705882352941177 0 0.36941176470588233 0.0046875 0.37176470588235294 0.0046875 0.3811764705882353 0 0.3835294117647059 0 0.5223529411764706