3 0.5980066445182725 0 0.5980066445182725 0.0015625 0.5996677740863787 0.040625 0.6029900332225914 0.0421875 0.6046511627906976 0.046875 0.6129568106312292 0.046875 0.6196013289036545 0.040625 0.6196013289036545 0.034375 0.6229235880398671 0.0328125 0.6229235880398671 0.0296875 0.6196013289036545 0.028125 0.6162790697674418 0 0.5980066445182725 0
3 0 0.14375 0.011627906976744186 0.1453125 0.02159468438538206 0.1578125 0.02823920265780731 0.159375 0.03488372093023256 0.165625 0.03820598006644518 0.165625 0.04318936877076412 0.1734375 0.04817275747508306 0.175 0.04817275747508306 0.178125 0.053156146179401995 0.18125 0.053156146179401995 0.1859375 0.061461794019933555 0.19375 0.0664451827242525 0.19375 0.07475083056478406 0.203125 0.08305647840531562 0.2078125 0.08637873754152824 0.2140625 0.08970099667774087 0.215625 0.08970099667774087 0.21875 0.0946843853820598 0.221875 0.09634551495016612 0.2296875 0.10631229235880399 0.2375 0.10631229235880399 0.240625 0.11129568106312292 0.2421875 0.11295681063122924 0.2515625 0.11627906976744186 0.253125 0.11627906976744186 0.259375 0.1212624584717608 0.2625 0.12292358803986711 0.2703125 0.12790697674418605 0.2734375 0.12956810631229235 0.2796875 0.1345514950166113 0.2828125 0.1378737541528239 0.290625 0.14285714285714285 0.29375 0.14451827242524917 0.3 0.14950166112956811 0.303125 0.14950166112956811 0.30625 0.15946843853820597 0.3140625 0.1611295681063123 0.3203125 0.1760797342192691 0.3265625 0.1893687707641196 0.3265625 0.1893687707641196 0.31875 0.18604651162790697 0.3171875 0.18438538205980065 0.309375 0.1760797342192691 0.3015625 0.1744186046511628 0.29375 0.17109634551495018 0.2921875 0.16777408637873753 0.2828125 0.1478405315614618 0.28125 0.14285714285714285 0.2765625 0.14285714285714285 0.26875 0.13953488372093023 0.2671875 0.1378737541528239 0.26875 0.132890365448505 0.2640625 0.132890365448505 0.25625 0.1378737541528239 0.2515625 0.1362126245847176 0.2453125 0.14119601328903655 0.24375 0.14119601328903655 0.240625 0.132890365448505 0.2421875 0.13122923588039867 0.2453125 0.12624584717607973 0.246875 0.12458471760797342 0.2421875 0.11794019933554817 0.2421875 0.11129568106312292 0.2359375 0.11295681063122924 0.23125 0.11960132890365449 0.2296875 0.11960132890365449 0.2265625 0.11627906976744186 0.225 0.11627906976744186 0.2203125 0.11960132890365449 0.21875 0.1212624584717608 0.2125 0.13122923588039867 0.2109375 0.132890365448505 0.2125 0.132890365448505 0.2203125 0.1362126245847176 0.21875 0.1378737541528239 0.2140625 0.1378737541528239 0.2078125 0.132890365448505 0.2046875 0.12624584717607973 0.20625 0.1212624584717608 0.203125 0.1212624584717608 0.196875 0.11627906976744186 0.19375 0.11960132890365449 0.190625 0.11960132890365449 0.1875 0.11627906976744186 0.190625 0.11461794019933555 0.1890625 0.11461794019933555 0.1796875 0.10465116279069768 0.1734375 0.10299003322259136 0.1671875 0.09634551495016612 0.1640625 0.09302325581395349 0.159375 0.08970099667774087 0.159375 0.07807308970099668 0.1484375 0.07641196013289037 0.1390625 0.07308970099667775 0.1375 0.07142857142857142 0.1203125 0.0681063122923588 0.11875 0.0664451827242525 0.1125 0.0664451827242525 0.1046875 0.06312292358803986 0.103125 0.061461794019933555 0.0984375 0.06312292358803986 0.0953125 0.059800664451827246 0.09375 0.059800664451827246 0.0828125 0.05647840531561462 0.08125 0.054817275747508304 0.075 0.05149501661129568 0.0734375 0.054817275747508304 0.0703125 0.05149501661129568 0.06875 0.04983388704318937 0.053125 0.046511627906976744 0.0515625 0.046511627906976744 0.0453125 0.04152823920265781 0.0390625 0.04152823920265781 0.040625 0.029900332225913623 0.0453125 0.024916943521594685 0.04375 0.02159468438538206 0.0453125 0.029900332225913623 0.053125 0.03156146179401993 0.0625 0.03488372093023256 0.0640625 0.036544850498338874 0.071875 0.03322259136212625 0.075 0.014950166112956811 0.0734375 0.013289036544850499 0.075 0.0033222591362126247 0.0734375 0 0.0703125 0 0.0875 0.0033222591362126247 0.084375 0.013289036544850499 0.084375 0.018272425249169437 0.08125 0.026578073089700997 0.084375 0.026578073089700997 0.0890625 0.029900332225913623 0.0890625 0.03156146179401993 0.0828125 0.04152823920265781 0.084375 0.03986710963455149 0.0890625 0.036544850498338874 0.0890625 0.036544850498338874 0.0921875 0.04152823920265781 0.09375 0.04318936877076412 0.109375 0.046511627906976744 0.1109375 0.04817275747508306 0.14375 0.04152823920265781 0.1453125 0.036544850498338874 0.14375 0.03488372093023256 0.1390625 0.03156146179401993 0.1390625 0.016611295681063124 0.1234375 0.0033222591362126247 0.11875 0 0.115625 0 0.14375
3 0.6611295681063123 0.571875 0.6578073089700996 0.571875 0.6528239202657807 0.5765625 0.6478405315614618 0.5890625 0.6428571428571429 0.5921875 0.6428571428571429 0.5953125 0.6362126245847176 0.5984375 0.6345514950166113 0.6015625 0.6245847176079734 0.603125 0.6245847176079734 0.60625 0.6212624584717608 0.6078125 0.6179401993355482 0.6140625 0.6096345514950167 0.6140625 0.5980066445182725 0.6109375 0.5963455149501661 0.6078125 0.5913621262458472 0.6078125 0.5897009966777409 0.6109375 0.5813953488372093 0.6125 0.5764119601328903 0.6109375 0.5631229235880398 0.6140625 0.5448504983388704 0.6140625 0.5398671096345515 0.61875 0.5365448504983389 0.6265625 0.526578073089701 0.6328125 0.5232558139534884 0.6328125 0.5232558139534884 0.640625 0.5299003322259136 0.6421875 0.5348837209302325 0.6515625 0.5431893687707641 0.6546875 0.5448504983388704 0.6625 0.5498338870431894 0.6671875 0.5498338870431894 0.678125 0.553156146179402 0.6796875 0.553156146179402 0.6828125 0.5498338870431894 0.6859375 0.553156146179402 0.6875 0.5548172757475083 0.7171875 0.5564784053156147 0.721875 0.5598006644518272 0.71875 0.5647840531561462 0.7234375 0.5647840531561462 0.7265625 0.5614617940199336 0.728125 0.5664451827242525 0.7328125 0.5730897009966778 0.728125 0.574750830564784 0.734375 0.5813953488372093 0.7328125 0.584717607973422 0.7375 0.584717607973422 0.7296875 0.5730897009966778 0.7265625 0.574750830564784 0.71875 0.5697674418604651 0.7140625 0.5730897009966778 0.7109375 0.5730897009966778 0.7046875 0.579734219269103 0.703125 0.5681063122923588 0.696875 0.5697674418604651 0.6921875 0.5681063122923588 0.684375 0.5598006644518272 0.6828125 0.5647840531561462 0.678125 0.5730897009966778 0.678125 0.5730897009966778 0.6734375 0.5664451827242525 0.671875 0.5647840531561462 0.6671875 0.5697674418604651 0.665625 0.5714285714285714 0.6625 0.579734219269103 0.6625 0.579734219269103 0.6578125 0.5764119601328903 0.65625 0.5764119601328903 0.653125 0.579734219269103 0.6515625 0.5764119601328903 0.6484375 0.579734219269103 0.646875 0.5813953488372093 0.6421875 0.5963455149501661 0.6421875 0.5980066445182725 0.6453125 0.5930232558139535 0.646875 0.5930232558139535 0.6515625 0.6013289036544851 0.6578125 0.6013289036544851 0.6546875 0.5963455149501661 0.6515625 0.5980066445182725 0.6484375 0.6013289036544851 0.646875 0.6029900332225914 0.65 0.606312292358804 0.65 0.6079734219269103 0.6515625 0.6046511627906976 0.653125 0.6046511627906976 0.6578125 0.6079734219269103 0.6578125 0.6146179401993356 0.6640625 0.6146179401993356 0.6671875 0.6295681063122923 0.6796875 0.6312292358803987 0.6859375 0.6395348837209303 0.69375 0.6395348837209303 0.6984375 0.627906976744186 0.709375 0.6179401993355482 0.7015625 0.6162790697674418 0.69375 0.6129568106312292 0.69375 0.6112956810631229 0.6890625 0.606312292358804 0.6875 0.606312292358804 0.684375 0.5996677740863787 0.6828125 0.5963455149501661 0.678125 0.5880398671096345 0.6796875 0.5863787375415282 0.6828125 0.5880398671096345 0.69375 0.5863787375415282 0.696875 0.5880398671096345 0.7015625 0.6029900332225914 0.703125 0.6096345514950167 0.7109375 0.6196013289036545 0.7140625 0.6295681063122923 0.725 0.6312292358803987 0.7390625 0.6295681063122923 0.740625 0.6295681063122923 0.753125 0.6262458471760798 0.7546875 0.6262458471760798 0.7578125 0.6295681063122923 0.759375 0.6312292358803987 0.7671875 0.6362126245847176 0.7703125 0.6362126245847176 0.775 0.6395348837209303 0.7765625 0.6395348837209303 0.7921875 0.6428571428571429 0.796875 0.6428571428571429 0.803125 0.6461794019933554 0.8046875 0.6461794019933554 0.8078125 0.6495016611295681 0.8078125 0.6561461794019934 0.8140625 0.6611295681063123 0.8140625 0.6611295681063123 0.8109375 0.6661129568106312 0.8078125 0.6677740863787376 0.803125 0.6677740863787376 0.7953125 0.6627906976744186 0.7921875 0.6611295681063123 0.78125 0.6710963455149501 0.771875 0.6727574750830565 0.765625 0.6777408637873754 0.7625 0.6794019933554817 0.75625 0.686046511627907 0.7515625 0.6893687707641196 0.7515625 0.6910299003322259 0.7484375 0.6943521594684385 0.7515625 0.7259136212624585 0.7546875 0.7325581395348837 0.7609375 0.7342192691029901 0.771875 0.7375415282392026 0.7734375 0.7524916943521595 0.771875 0.7574750830564784 0.7734375 0.7657807308970099 0.78125 0.7674418604651163 0.7890625 0.770764119601329 0.790625 0.7724252491694352 0.803125 0.7774086378737541 0.8078125 0.8023255813953488 0.809375 0.8056478405315615 0.8078125 0.8089700996677741 0.8015625 0.8172757475083057 0.7953125 0.8189368770764119 0.790625 0.8289036544850499 0.7828125 0.8305647840531561 0.7765625 0.8388704318936877 0.771875 0.840531561461794 0.765625 0.8488372093023255 0.7578125 0.8571428571428571 0.74375 0.8571428571428571 0.740625 0.8538205980066446 0.740625 0.8488372093023255 0.734375 0.840531561461794 0.73125 0.8388704318936877 0.725 0.8355481727574751 0.7234375 0.8338870431893688 0.7140625 0.8305647840531561 0.7125 0.8289036544850499 0.7046875 0.8122923588039868 0.6890625 0.8189368770764119 0.6828125 0.8338870431893688 0.68125 0.8372093023255814 0.6765625 0.840531561461794 0.6765625 0.8438538205980066 0.6734375 0.845514950166113 0.6671875 0.8488372093023255 0.665625 0.8504983388704319 0.6609375 0.8504983388704319 0.6546875 0.8554817275747508 0.65 0.8604651162790697 0.6375 0.8504983388704319 0.6265625 0.8488372093023255 0.6109375 0.845514950166113 0.609375 0.8438538205980066 0.6046875 0.8438538205980066 0.596875 0.840531561461794 0.5953125 0.840531561461794 0.5828125 0.8355481727574751 0.58125 0.8338870431893688 0.578125 0.7807308970099668 0.578125 0.7757475083056479 0.5765625 0.770764119601329 0.58125 0.7674418604651163 0.58125 0.7674418604651163 0.584375 0.7624584717607974 0.590625 0.7458471760797342 0.59375 0.7375415282392026 0.6015625 0.729235880398671 0.603125 0.7275747508305648 0.6015625 0.7209302325581395 0.60625 0.7192691029900332 0.603125 0.7126245847176079 0.6015625 0.7093023255813954 0.596875 0.7009966777408638 0.5953125 0.7009966777408638 0.5875 0.7059800664451827 0.584375 0.7059800664451827 0.58125 0.7093023255813954 0.5796875 0.7109634551495017 0.575 0.7093023255813954 0.5671875 0.6960132890365448 0.565625 0.6943521594684385 0.5625 0.6893687707641196 0.5609375 0.6727574750830565 0.5625 0.6727574750830565 0.5640625 0.6644518272425249 0.5671875 0.6611295681063123 0.571875
3 0.4152823920265781 0 0.4152823920265781 0.0015625 0.41362126245847175 0.00625 0.40365448504983387 0.0140625 0.4019933554817276 0.0234375 0.39867109634551495 0.025 0.39700996677740863 0.04375 0.39368770764119604 0.0453125 0.3920265780730897 0.053125 0.38870431893687707 0.0546875 0.38704318936877075 0.0640625 0.38372093023255816 0.065625 0.3803986710963455 0.075 0.3803986710963455 0.084375 0.3770764119601329 0.0859375 0.3770764119601329 0.0921875 0.37209302325581395 0.0953125 0.3704318936877076 0.121875 0.3754152823920266 0.125 0.3853820598006645 0.1234375 0.38704318936877075 0.1109375 0.3920265780730897 0.1078125 0.39368770764119604 0.103125 0.4003322259136213 0.1015625 0.4003322259136213 0.084375 0.40365448504983387 0.0734375 0.4069767441860465 0.071875 0.4119601328903654 0.059375 0.4169435215946844 0.05625 0.4186046511627907 0.0484375 0.4219269102990033 0.046875 0.42358803986710963 0.0421875 0.42524916943521596 0.0328125 0.42857142857142855 0.03125 0.43023255813953487 0.021875 0.4335548172757475 0.0203125 0.43521594684385384 0.0125 0.43853820598006643 0.0109375 0.44019933554817275 0 0.4152823920265781 0
3 0.04318936877076412 0.1078125 0.046511627906976744 0.109375 0.04817275747508306 0.1328125 0.05149501661129568 0.134375 0.053156146179401995 0.159375 0.05647840531561462 0.1609375 0.05813953488372093 0.1703125 0.061461794019933555 0.171875 0.05813953488372093 0.1796875 0.06478405315614617 0.1859375 0.07807308970099668 0.184375 0.08139534883720931 0.1828125 0.08139534883720931 0.1765625 0.08970099667774087 0.1734375 0.08970099667774087 0.1703125 0.09302325581395349 0.1671875 0.08471760797342193 0.1625 0.08305647840531562 0.15625 0.07807308970099668 0.153125 0.07641196013289037 0.140625 0.07308970099667775 0.1390625 0.07142857142857142 0.1328125 0.07142857142857142 0.125 0.0681063122923588 0.1234375 0.0664451827242525 0.109375 0.06312292358803986 0.1078125 0.059800664451827246 0.1 0.053156146179401995 0.0984375 0.05149501661129568 0.0953125 0.05149501661129568 0.096875 0.04318936877076412 0.1 0.04318936877076412 0.1078125
3 0.5481727574750831 0.6734375 0.5498338870431894 0.6921875 0.553156146179402 0.69375 0.5548172757475083 0.7046875 0.5548172757475083 0.71875 0.5564784053156147 0.7234375 0.5598006644518272 0.725 0.5598006644518272 0.7375 0.5614617940199336 0.7421875 0.5647840531561462 0.74375 0.5647840531561462 0.7515625 0.5730897009966778 0.7515625 0.574750830564784 0.746875 0.574750830564784 0.715625 0.5730897009966778 0.703125 0.5697674418604651 0.7015625 0.5681063122923588 0.6640625 0.5647840531561462 0.6625 0.5631229235880398 0.6546875 0.5581395348837209 0.6515625 0.553156146179402 0.6515625 0.5514950166112956 0.6484375 0.5448504983388704 0.6484375 0.5448504983388704 0.65 0.5448504983388704 0.671875 0.5481727574750831 0.6734375
3 0.2857142857142857 0 0.2857142857142857 0.0015625 0.29069767441860467 0.0171875 0.29401993355481726 0.01875 0.2956810631229236 0.0265625 0.29900332225913623 0.028125 0.3023255813953488 0.0421875 0.30564784053156147 0.04375 0.30564784053156147 0.0515625 0.3073089700996678 0.05625 0.3106312292358804 0.0578125 0.3122923588039867 0.0671875 0.31727574750830567 0.0703125 0.31727574750830567 0.0765625 0.32059800664451826 0.078125 0.32059800664451826 0.08125 0.3239202657807309 0.084375 0.3239202657807309 0.0890625 0.3272425249169435 0.090625 0.3289036544850498 0.1046875 0.33222591362126247 0.10625 0.33222591362126247 0.1125 0.3338870431893688 0.1171875 0.3372093023255814 0.11875 0.3388704318936877 0.128125 0.3637873754152824 0.1296875 0.3637873754152824 0.115625 0.36046511627906974 0.1140625 0.35714285714285715 0.1046875 0.35714285714285715 0.090625 0.3538205980066445 0.0890625 0.3521594684385382 0.0640625 0.3488372093023256 0.0625 0.3488372093023256 0.0390625 0.34717607973421927 0.028125 0.3438538205980066 0.0265625 0.3438538205980066 0.009375 0.34219269102990035 0.0078125 0.3438538205980066 0 0.3289036544850498 0 0.3272425249169435 0.028125 0.3289036544850498 0.0359375 0.3239202657807309 0.0375 0.31893687707641194 0.021875 0.31561461794019935 0.0203125 0.313953488372093 0.0140625 0.3106312292358804 0.0125 0.3089700996677741 0.003125 0.30564784053156147 0 0.2857142857142857 0
3 0.5980066445182725 0 0.5980066445182725 0.0015625 0.5963455149501661 0.0078125 0.5996677740863787 0.025 0.5996677740863787 0.0421875 0.6046511627906976 0.046875 0.6129568106312292 0.046875 0.6196013289036545 0.040625 0.6196013289036545 0.034375 0.6229235880398671 0.0328125 0.6229235880398671 0.0296875 0.6196013289036545 0.028125 0.6162790697674418 0 0.5980066445182725 0
3 0 0 0 0.0015625 0 0.046875 0.024916943521594685 0.0484375 0.03156146179401993 0.0578125 0.03156146179401993 0.0625 0.03488372093023256 0.0640625 0.03156146179401993 0.0671875 0.03488372093023256 0.06875 0.03488372093023256 0.071875 0.03322259136212625 0.0734375 0.008305647840531562 0.0734375 0.006644518272425249 0.0703125 0 0.06875 0 0.0890625 0.008305647840531562 0.0875 0.013289036544850499 0.0890625 0.014950166112956811 0.0921875 0.03986710963455149 0.09375 0.04318936877076412 0.1 0.04318936877076412 0.109375 0.046511627906976744 0.1109375 0.04817275747508306 0.1328125 0.05149501661129568 0.134375 0.04817275747508306 0.1359375 0.046511627906976744 0.146875 0.036544850498338874 0.14375 0.03322259136212625 0.1359375 0.02823920265780731 0.13125 0.02159468438538206 0.1296875 0.013289036544850499 0.1203125 0.008305647840531562 0.1203125 0.0033222591362126247 0.115625 0 0.115625 0 0.14375 0.011627906976744186 0.1453125 0.02159468438538206 0.1578125 0.02823920265780731 0.159375 0.03156146179401993 0.1640625 0.03820598006644518 0.165625 0.04152823920265781 0.1703125 0.044850498338870434 0.1703125 0.05149501661129568 0.1765625 0.053156146179401995 0.1828125 0.05647840531561462 0.184375 0.05813953488372093 0.1890625 0.06312292358803986 0.190625 0.06478405315614617 0.19375 0.07142857142857142 0.1953125 0.07475083056478406 0.203125 0.08637873754152824 0.2109375 0.08637873754152824 0.2140625 0.0946843853820598 0.221875 0.09634551495016612 0.2296875 0.10465116279069768 0.2359375 0.10465116279069768 0.2390625 0.11295681063122924 0.2484375 0.11295681063122924 0.2515625 0.11627906976744186 0.253125 0.11627906976744186 0.259375 0.12624584717607973 0.26875 0.12790697674418605 0.275 0.132890365448505 0.278125 0.1345514950166113 0.284375 0.1378737541528239 0.2859375 0.1378737541528239 0.290625 0.1478405315614618 0.2984375 0.14950166112956811 0.30625 0.15946843853820597 0.3140625 0.1611295681063123 0.3203125 0.16777408637873753 0.321875 0.16943521594684385 0.325 0.1893687707641196 0.3265625 0.1893687707641196 0.31875 0.18604651162790697 0.3171875 0.18438538205980065 0.309375 0.1760797342192691 0.3015625 0.1744186046511628 0.29375 0.17109634551495018 0.2921875 0.16777408637873753 0.2828125 0.1461794019933555 0.2796875 0.1478405315614618 0.2671875 0.1461794019933555 0.2625 0.1362126245847176 0.2609375 0.1378737541528239 0.2515625 0.1362126245847176 0.2453125 0.14119601328903655 0.24375 0.14119601328903655 0.240625 0.12790697674418605 0.2453125 0.12458471760797342 0.2375 0.11960132890365449 0.234375 0.1212624584717608 0.228125 0.11627906976744186 0.225 0.11627906976744186 0.2203125 0.1212624584717608 0.21875 0.12292358803986711 0.215625 0.132890365448505 0.225 0.1362126245847176 0.2234375 0.1378737541528239 0.21875 0.13953488372093023 0.225 0.1461794019933555 0.225 0.1478405315614618 0.221875 0.14285714285714285 0.21875 0.1378737541528239 0.20625 0.12956810631229235 0.2046875 0.12458471760797342 0.2 0.12458471760797342 0.196875 0.11960132890365449 0.19375 0.1212624584717608 0.1796875 0.11627906976744186 0.1796875 0.11461794019933555 0.1765625 0.1079734219269103 0.175 0.09800664451827243 0.1609375 0.08970099667774087 0.159375 0.07807308970099668 0.1484375 0.07641196013289037 0.140625 0.07308970099667775 0.1390625 0.07142857142857142 0.1328125 0.07142857142857142 0.1234375 0.0681063122923588 0.121875 0.0664451827242525 0.103125 0.0681063122923588 0.1 0.07308970099667775 0.0984375 0.07475083056478406 0.1015625 0.10299003322259136 0.1046875 0.10465116279069768 0.1078125 0.11960132890365449 0.109375 0.1212624584717608 0.1125 0.14119601328903655 0.1140625 0.14285714285714285 0.1171875 0.15946843853820597 0.11875 0.1611295681063123 0.121875 0.18604651162790697 0.125 0.1877076411960133 0.128125 0.2026578073089701 0.1296875 0.20431893687707642 0.1328125 0.22425249169435216 0.134375 0.22591362126245848 0.1375 0.23588039867109634 0.1390625 0.24584717607973422 0.1390625 0.24750830564784054 0.1421875 0.26245847176079734 0.1421875 0.2724252491694352 0.1453125 0.27408637873754155 0.1484375 0.29900332225913623 0.15 0.30066445182724255 0.153125 0.31893687707641194 0.153125 0.3239202657807309 0.1578125 0.3272425249169435 0.1578125 0.33056478405315615 0.1546875 0.33056478405315615 0.14375 0.3272425249169435 0.1421875 0.3272425249169435 0.1390625 0.3222591362126246 0.1390625 0.32059800664451826 0.1359375 0.2956810631229236 0.134375 0.29401993355481726 0.13125 0.2840531561461794 0.1296875 0.2691029900332226 0.1296875 0.26744186046511625 0.1265625 0.2541528239202658 0.1234375 0.2425249169435216 0.1234375 0.24086378737541528 0.1203125 0.23255813953488372 0.11875 0.22093023255813954 0.11875 0.21926910299003322 0.115625 0.2026578073089701 0.1140625 0.2009966777408638 0.1109375 0.18604651162790697 0.109375 0.18438538205980065 0.10625 0.1611295681063123 0.103125 0.15946843853820597 0.1 0.13953488372093023 0.0984375 0.1378737541528239 0.0953125 0.12624584717607973 0.0953125 0.11461794019933555 0.0890625 0.10465116279069768 0.0890625 0.10299003322259136 0.0859375 0.06976744186046512 0.0828125 0.0681063122923588 0.0796875 0.05647840531561462 0.078125 0.054817275747508304 0.06875 0.05149501661129568 0.0671875 0.04983388704318937 0.05 0.046511627906976744 0.0484375 0.046511627906976744 0.04375 0.07475083056478406 0.0171875 0.08139534883720931 0.015625 0.08637873754152824 0.0078125 0.0946843853820598 0.00625 0.0946843853820598 0.003125 0.09800664451827243 0 0.03986710963455149 0 0.03820598006644518 0.003125 0.03156146179401993 0.0046875 0.024916943521594685 0.003125 0.023255813953488372 0 0.014950166112956811 0 0.014950166112956811 0.003125 0.009966777408637873 0.0046875 0.0049833887043189366 0.003125 0.0033222591362126247 0 0 0
3 0.10132890365448505 0.1953125 0.09800664451827243 0.190625 0.08637873754152824 0.190625 0.08471760797342193 0.1875 0.07973421926910298 0.1875 0.07475083056478406 0.1921875 0.07475083056478406 0.1984375 0.08471760797342193 0.2078125 0.08637873754152824 0.2140625 0.09136212624584718 0.2171875 0.09136212624584718 0.2203125 0.0946843853820598 0.221875 0.09634551495016612 0.2296875 0.10631229235880399 0.2375 0.10631229235880399 0.240625 0.11129568106312292 0.2421875 0.11295681063122924 0.2515625 0.11627906976744186 0.253125 0.11627906976744186 0.259375 0.12624584717607973 0.26875 0.12956810631229235 0.2796875 0.1345514950166113 0.2828125 0.1378737541528239 0.290625 0.14285714285714285 0.29375 0.1478405315614618 0.3046875 0.15448504983388706 0.309375 0.15614617940199335 0.315625 0.16611295681063123 0.325 0.17109634551495018 0.3265625 0.18106312292358803 0.328125 0.19102990033222592 0.3265625 0.19102990033222592 0.321875 0.18604651162790697 0.3171875 0.18438538205980065 0.309375 0.1760797342192691 0.3015625 0.1744186046511628 0.2921875 0.17109634551495018 0.290625 0.16777408637873753 0.2828125 0.1611295681063123 0.28125 0.15946843853820597 0.278125 0.15614617940199335 0.278125 0.15448504983388706 0.28125 0.1478405315614618 0.28125 0.14119601328903655 0.271875 0.1362126245847176 0.2703125 0.13122923588039867 0.2578125 0.12790697674418605 0.25625 0.12790697674418605 0.2515625 0.13122923588039867 0.25 0.13122923588039867 0.246875 0.1212624584717608 0.2453125 0.11960132890365449 0.2421875 0.11461794019933555 0.240625 0.11461794019933555 0.2328125 0.11960132890365449 0.2296875 0.1212624584717608 0.2125 0.12292358803986711 0.2109375 0.14119601328903655 0.2109375 0.132890365448505 0.203125 0.13122923588039867 0.196875 0.1212624584717608 0.19375 0.11960132890365449 0.184375 0.11627906976744186 0.184375 0.11295681063122924 0.18125 0.11295681063122924 0.1828125 0.10963455149501661 0.1953125 0.10132890365448505 0.1953125
3 0.45514950166112955 0.2609375 0.43521594684385384 0.2625 0.4335548172757475 0.265625 0.41029900332225916 0.26875 0.4069767441860465 0.2734375 0.38870431893687707 0.271875 0.3853820598006645 0.2671875 0.37209302325581395 0.265625 0.3654485049833887 0.2578125 0.3488372093023256 0.25625 0.34551495016611294 0.253125 0.3388704318936877 0.2625 0.34053156146179403 0.284375 0.3438538205980066 0.2859375 0.34053156146179403 0.2875 0.3388704318936877 0.2953125 0.33222591362126247 0.3015625 0.3289036544850498 0.3015625 0.32558139534883723 0.30625 0.31727574750830567 0.309375 0.31561461794019935 0.3125 0.3073089700996678 0.3140625 0.30564784053156147 0.3171875 0.2956810631229236 0.31875 0.29401993355481726 0.321875 0.2857142857142857 0.3234375 0.2823920265780731 0.328125 0.26744186046511625 0.3296875 0.26578073089701 0.3328125 0.25083056478405313 0.3328125 0.24584717607973422 0.334375 0.2441860465116279 0.3375 0.23588039867109634 0.3390625 0.23421926910299004 0.3421875 0.22093023255813954 0.34375 0.21926910299003322 0.35625 0.2159468438538206 0.3578125 0.2159468438538206 0.3625 0.21926910299003322 0.3640625 0.21926910299003322 0.3765625 0.2159468438538206 0.378125 0.21262458471760798 0.3875 0.20431893687707642 0.390625 0.2009966777408638 0.3953125 0.18106312292358803 0.39375 0.17275747508305647 0.4 0.16943521594684385 0.4171875 0.16611295681063123 0.41875 0.1644518272425249 0.425 0.1644518272425249 0.434375 0.1611295681063123 0.4359375 0.1611295681063123 0.46875 0.1644518272425249 0.4703125 0.1644518272425249 0.4796875 0.16943521594684385 0.4875 0.17109634551495018 0.484375 0.18106312292358803 0.4828125 0.18272425249169436 0.4796875 0.21096345514950166 0.478125 0.21262458471760798 0.475 0.22757475083056478 0.4734375 0.2292358803986711 0.4703125 0.24086378737541528 0.46875 0.287375415282392 0.46875 0.31561461794019935 0.475 0.31727574750830567 0.478125 0.32558139534883723 0.4796875 0.3289036544850498 0.484375 0.33222591362126247 0.484375 0.3338870431893688 0.4875 0.34219269102990035 0.490625 0.34551495016611294 0.4953125 0.3488372093023256 0.4953125 0.3538205980066445 0.5 0.3538205980066445 0.503125 0.3588039867109635 0.50625 0.36212624584717606 0.5140625 0.3654485049833887 0.515625 0.36710963455149503 0.5234375 0.3704318936877076 0.525 0.37209302325581395 0.53125 0.3754152823920266 0.5328125 0.3770764119601329 0.5515625 0.3803986710963455 0.553125 0.3803986710963455 0.5609375 0.38372093023255816 0.5703125 0.3920265780730897 0.571875 0.39368770764119604 0.575 0.4003322259136213 0.5765625 0.4019933554817276 0.5796875 0.4069767441860465 0.58125 0.40863787375415284 0.584375 0.4186046511627907 0.5859375 0.420265780730897 0.5890625 0.446843853820598 0.5921875 0.4485049833887043 0.5953125 0.46511627906976744 0.596875 0.46677740863787376 0.6 0.473421926910299 0.6015625 0.4750830564784053 0.6046875 0.4883720930232558 0.60625 0.4900332225913621 0.609375 0.5299003322259136 0.6109375 0.53156146179402 0.609375 0.5647840531561462 0.609375 0.5664451827242525 0.60625 0.5863787375415282 0.6046875 0.5880398671096345 0.6015625 0.6179401993355482 0.6 0.6212624584717608 0.5953125 0.632890365448505 0.590625 0.6362126245847176 0.5859375 0.6395348837209303 0.5859375 0.6445182724252492 0.58125 0.6461794019933554 0.5734375 0.654485049833887 0.56875 0.6561461794019934 0.565625 0.6611295681063123 0.565625 0.6644518272425249 0.5609375 0.6727574750830565 0.559375 0.6777408637873754 0.5546875 0.6827242524916943 0.5546875 0.6843853820598007 0.5515625 0.6893687707641196 0.5515625 0.6910299003322259 0.5546875 0.6976744186046512 0.55625 0.7026578073089701 0.5609375 0.7093023255813954 0.5609375 0.7109634551495017 0.5640625 0.7259136212624585 0.5640625 0.7275747508305648 0.5609375 0.7524916943521595 0.559375 0.7541528239202658 0.55625 0.7574750830564784 0.55625 0.7624584717607974 0.5515625 0.7641196013289037 0.5453125 0.7657807308970099 0.525 0.7691029900332226 0.5234375 0.7691029900332226 0.50625 0.7657807308970099 0.5046875 0.7657807308970099 0.4859375 0.7574750830564784 0.478125 0.7574750830564784 0.471875 0.7541528239202658 0.4703125 0.7541528239202658 0.4609375 0.7574750830564784 0.459375 0.7591362126245847 0.4484375 0.7624584717607974 0.446875 0.7657807308970099 0.4296875 0.7691029900332226 0.428125 0.7724252491694352 0.41875 0.7873754152823921 0.4125 0.8023255813953488 0.4140625 0.8073089700996677 0.4125 0.8189368770764119 0.4171875 0.8205980066445183 0.4140625 0.8289036544850499 0.4125 0.8289036544850499 0.403125 0.8272425249169435 0.3953125 0.8239202657807309 0.39375 0.8222591362126246 0.3875 0.8156146179401993 0.3875 0.813953488372093 0.384375 0.8073089700996677 0.3828125 0.8056478405315615 0.3796875 0.7990033222591362 0.378125 0.7973421926910299 0.375 0.7890365448504983 0.3734375 0.7873754152823921 0.3703125 0.7674418604651163 0.3671875 0.7657807308970099 0.3640625 0.7508305647840532 0.3640625 0.7458471760797342 0.3625 0.7441860465116279 0.359375 0.707641196013289 0.3578125 0.7059800664451827 0.3546875 0.6810631229235881 0.353125 0.6777408637873754 0.3484375 0.6627906976744186 0.346875 0.6611295681063123 0.34375 0.6561461794019934 0.3421875 0.6561461794019934 0.3390625 0.6495016611295681 0.3328125 0.6495016611295681 0.3296875 0.6411960132890365 0.321875 0.6411960132890365 0.3140625 0.6312292358803987 0.3140625 0.627906976744186 0.309375 0.6212624584717608 0.3078125 0.6162790697674418 0.3015625 0.6129568106312292 0.3015625 0.606312292358804 0.2953125 0.606312292358804 0.2875 0.6013289036544851 0.2859375 0.606312292358804 0.2828125 0.6013289036544851 0.2796875 0.6013289036544851 0.2765625 0.5930232558139535 0.2765625 0.584717607973422 0.26875 0.5764119601328903 0.2671875 0.5714285714285714 0.26875 0.5697674418604651 0.275 0.5664451827242525 0.2765625 0.5664451827242525 0.2796875 0.5631229235880398 0.2828125 0.5398671096345515 0.28125 0.5299003322259136 0.271875 0.526578073089701 0.271875 0.5249169435215947 0.26875 0.5182724252491694 0.265625 0.5099667774086378 0.25625 0.5066445182724253 0.25625 0.4983388704318937 0.2484375 0.49335548172757476 0.246875 0.49169435215946844 0.246875 0.4684385382059801 0.2484375 0.45514950166112955 0.2609375
3 0.2857142857142857 0 0.2857142857142857 0.0015625 0.29069767441860467 0.0171875 0.29401993355481726 0.01875 0.2956810631229236 0.0265625 0.29900332225913623 0.028125 0.3023255813953488 0.0421875 0.30564784053156147 0.04375 0.3073089700996678 0.05625 0.3106312292358804 0.0578125 0.3122923588039867 0.0671875 0.31727574750830567 0.0703125 0.31727574750830567 0.0765625 0.32059800664451826 0.078125 0.3239202657807309 0.0859375 0.3239202657807309 0.0921875 0.3272425249169435 0.09375 0.3289036544850498 0.1078125 0.33222591362126247 0.109375 0.3338870431893688 0.1140625 0.3338870431893688 0.1296875 0.34053156146179403 0.134375 0.3787375415282392 0.134375 0.38704318936877075 0.128125 0.3920265780730897 0.1296875 0.3920265780730897 0.125 0.39700996677740863 0.1234375 0.3920265780730897 0.121875 0.3920265780730897 0.11875 0.3953488372093023 0.1171875 0.39700996677740863 0.1125 0.39700996677740863 0.0984375 0.4003322259136213 0.096875 0.39700996677740863 0.0890625 0.4003322259136213 0.0875 0.40365448504983387 0.0703125 0.4069767441860465 0.06875 0.40863787375415284 0.0625 0.4119601328903654 0.0609375 0.41362126245847175 0.053125 0.4169435215946844 0.0515625 0.4186046511627907 0.0453125 0.4219269102990033 0.04375 0.42524916943521596 0.0296875 0.42857142857142855 0.028125 0.43023255813953487 0.01875 0.4335548172757475 0.0171875 0.43521594684385384 0.0078125 0.43853820598006643 0.00625 0.43853820598006643 0 0.41362126245847175 0 0.41362126245847175 0.003125 0.4053156146179402 0.009375 0.4019933554817276 0.021875 0.39867109634551495 0.0234375 0.39700996677740863 0.04375 0.39368770764119604 0.0453125 0.3920265780730897 0.053125 0.38870431893687707 0.0546875 0.38704318936877075 0.0625 0.38372093023255816 0.0640625 0.38205980066445183 0.071875 0.3803986710963455 0.0734375 0.36710963455149503 0.0734375 0.3637873754152824 0.078125 0.3554817275747508 0.078125 0.3521594684385382 0.0578125 0.3521594684385382 0.0375 0.3488372093023256 0.0359375 0.34717607973421927 0.0265625 0.3488372093023256 0.01875 0.34717607973421927 0.0140625 0.3488372093023256 0.0125 0.34717607973421927 0 0.3272425249169435 0 0.3272425249169435 0.0171875 0.3222591362126246 0.01875 0.31561461794019935 0.015625 0.313953488372093 0.0046875 0.3073089700996678 0.003125 0.30564784053156147 0 0.2857142857142857 0
3 0.7641196013289037 0.590625 0.7508305647840532 0.59375 0.7425249169435216 0.6015625 0.7342192691029901 0.603125 0.7275747508305648 0.6109375 0.7242524916943521 0.6109375 0.7209302325581395 0.6234375 0.7225913621262459 0.6265625 0.7209302325581395 0.6375 0.717607973421927 0.6390625 0.7159468438538206 0.64375 0.7026578073089701 0.64375 0.6943521594684385 0.6515625 0.686046511627907 0.6515625 0.6843853820598007 0.6484375 0.6744186046511628 0.646875 0.6727574750830565 0.64375 0.6644518272425249 0.6421875 0.6611295681063123 0.6375 0.6495016611295681 0.6484375 0.6362126245847176 0.6484375 0.632890365448505 0.64375 0.6262458471760798 0.6421875 0.6245847176079734 0.6390625 0.6146179401993356 0.6375 0.6129568106312292 0.6328125 0.6129568106312292 0.6359375 0.6096345514950167 0.6375 0.6129568106312292 0.6390625 0.6129568106312292 0.6453125 0.6096345514950167 0.646875 0.6096345514950167 0.65625 0.6129568106312292 0.6578125 0.6146179401993356 0.665625 0.6312292358803987 0.6796875 0.6312292358803987 0.6828125 0.6395348837209303 0.6890625 0.6411960132890365 0.69375 0.6395348837209303 0.7015625 0.6295681063122923 0.7125 0.6295681063122923 0.721875 0.6312292358803987 0.728125 0.6345514950166113 0.7296875 0.6345514950166113 0.734375 0.6312292358803987 0.7359375 0.6295681063122923 0.7546875 0.6362126245847176 0.7640625 0.6362126245847176 0.7671875 0.6395348837209303 0.76875 0.6395348837209303 0.771875 0.6461794019933554 0.775 0.6461794019933554 0.778125 0.659468438538206 0.7796875 0.6760797342192691 0.7640625 0.6777408637873754 0.75625 0.686046511627907 0.7484375 0.7009966777408638 0.7484375 0.7026578073089701 0.7515625 0.7275747508305648 0.7546875 0.7375415282392026 0.7671875 0.7441860465116279 0.76875 0.7491694352159468 0.7671875 0.7558139534883721 0.7734375 0.7624584717607974 0.775 0.7674418604651163 0.7875 0.770764119601329 0.7890625 0.7724252491694352 0.8 0.7757475083056479 0.8015625 0.7774086378737541 0.8078125 0.7873754152823921 0.8078125 0.7906976744186046 0.8046875 0.792358803986711 0.8078125 0.7973421926910299 0.809375 0.8056478405315615 0.8078125 0.8089700996677741 0.8015625 0.8172757475083057 0.7953125 0.8189368770764119 0.790625 0.8289036544850499 0.7828125 0.8305647840531561 0.7765625 0.8388704318936877 0.771875 0.8438538205980066 0.7609375 0.8488372093023255 0.7578125 0.8521594684385382 0.75 0.8554817275747508 0.7484375 0.8554817275747508 0.740625 0.8504983388704319 0.7359375 0.840531561461794 0.7328125 0.8388704318936877 0.728125 0.8355481727574751 0.7265625 0.8338870431893688 0.7140625 0.8305647840531561 0.7125 0.8289036544850499 0.7046875 0.8189368770764119 0.6953125 0.8089700996677741 0.6921875 0.8073089700996677 0.6890625 0.8106312292358804 0.6859375 0.813953488372093 0.6859375 0.8156146179401993 0.6828125 0.8289036544850499 0.68125 0.8305647840531561 0.678125 0.8388704318936877 0.6765625 0.8438538205980066 0.671875 0.845514950166113 0.6640625 0.8488372093023255 0.6625 0.8504983388704319 0.653125 0.8554817275747508 0.65 0.8571428571428571 0.6453125 0.8571428571428571 0.634375 0.8521594684385382 0.63125 0.8488372093023255 0.621875 0.8488372093023255 0.6140625 0.845514950166113 0.6125 0.8438538205980066 0.6015625 0.840531561461794 0.6 0.8388704318936877 0.5859375 0.8338870431893688 0.58125 0.8239202657807309 0.58125 0.8222591362126246 0.578125 0.813953488372093 0.578125 0.8122923588039868 0.58125 0.8039867109634552 0.58125 0.8023255813953488 0.578125 0.8006644518272426 0.58125 0.792358803986711 0.58125 0.7906976744186046 0.578125 0.7873754152823921 0.578125 0.7857142857142857 0.58125 0.7774086378737541 0.58125 0.7757475083056479 0.578125 0.7757475083056479 0.5796875 0.7674418604651163 0.5828125 0.7641196013289037 0.590625
5 0.14451827242524917 0.3 0.1478405315614618 0.3015625 0.1478405315614618 0.3046875 0.15448504983388706 0.309375 0.15614617940199335 0.315625 0.16611295681063123 0.325 0.1777408637873754 0.328125 0.1893687707641196 0.328125 0.19102990033222592 0.321875 0.18604651162790697 0.3171875 0.18438538205980065 0.309375 0.17940199335548174 0.30625 0.1760797342192691 0.2984375 0.17109634551495018 0.2953125 0.17109634551495018 0.2890625 0.16777408637873753 0.2828125 0.15946843853820597 0.28125 0.1511627906976744 0.2828125 0.14950166112956811 0.2859375 0.1478405315614618 0.2828125 0.13953488372093023 0.28125 0.12167774086378738 0.264453125 0.12292358803986711 0.2703125 0.12790697674418605 0.2734375 0.132890365448505 0.284375 0.1378737541528239 0.2875 0.1378737541528239 0.290625 0.14285714285714285 0.29375 0.14451827242524917 0.3
5 0.4186046511627907 0 0.4186046511627907 0.0015625 0.4152823920265781 0.003125 0.41362126245847175 0.0109375 0.40863787375415284 0.0125 0.40863787375415284 0.015625 0.40365448504983387 0.01875 0.4019933554817276 0.03125 0.39867109634551495 0.0328125 0.39700996677740863 0.046875 0.39368770764119604 0.0484375 0.3920265780730897 0.0578125 0.38870431893687707 0.059375 0.38704318936877075 0.0640625 0.38704318936877075 0.09375 0.3903654485049834 0.096875 0.3953488372093023 0.0921875 0.39700996677740863 0.0828125 0.4003322259136213 0.08125 0.40365448504983387 0.0703125 0.4069767441860465 0.06875 0.40863787375415284 0.0625 0.4119601328903654 0.0609375 0.41362126245847175 0.053125 0.4169435215946844 0.0515625 0.4186046511627907 0.0453125 0.4219269102990033 0.04375 0.42524916943521596 0.028125 0.42857142857142855 0.0265625 0.43023255813953487 0.0171875 0.4335548172757475 0.015625 0.43521594684385384 0.0046875 0.43853820598006643 0.003125 0.43853820598006643 0 0.4186046511627907 0
5 0 0.1390625 0.0033222591362126247 0.1421875 0.011627906976744186 0.1453125 0.03156146179401993 0.1640625 0.03820598006644518 0.165625 0.04152823920265781 0.1703125 0.04983388704318937 0.1734375 0.053156146179401995 0.178125 0.059800664451827246 0.1734375 0.059800664451827246 0.165625 0.023255813953488372 0.1296875 0.019933554817275746 0.1296875 0.016611295681063124 0.125 0.009966777408637873 0.1234375 0.006644518272425249 0.11875 0.0033222591362126247 0.11875 0 0.115625 0 0.1171875 0 0.1390625
5 0.046511627906976744 0.1046875 0.04817275747508306 0.1328125 0.05149501661129568 0.134375 0.053156146179401995 0.1546875 0.05647840531561462 0.15625 0.05647840531561462 0.1625 0.061461794019933555 0.165625 0.06312292358803986 0.1703125 0.0664451827242525 0.1703125 0.07142857142857142 0.165625 0.07308970099667775 0.1609375 0.07641196013289037 0.159375 0.07641196013289037 0.14375 0.07308970099667775 0.1421875 0.07142857142857142 0.1265625 0.0681063122923588 0.125 0.0664451827242525 0.109375 0.06312292358803986 0.1078125 0.059800664451827246 0.0953125 0.04318936877076412 0.0953125 0.04318936877076412 0.096875 0.04318936877076412 0.103125 0.046511627906976744 0.1046875
5 0.9368770764119602 0.865625 0.9451827242524917 0.8734375 0.9568106312292359 0.875 0.9617940199335548 0.8796875 0.9700996677740864 0.88125 0.9717607973421927 0.884375 0.978405315614618 0.884375 0.9833887043189369 0.8890625 0.9916943521594684 0.890625 0.9933554817275747 0.89375 0.9983388704318937 0.8953125 0.9983388704318937 0.878125 0.9767441860465116 0.8703125 0.9750830564784053 0.8671875 0.9651162790697675 0.865625 0.9634551495016611 0.8625 0.9551495016611296 0.8609375 0.9534883720930233 0.8578125 0.9385382059800664 0.85625 0.9335548172757475 0.8578125 0.9335548172757475 0.859375 0.9285714285714286 0.8640625 0.9368770764119602 0.865625
5 0.2857142857142857 0 0.2857142857142857 0.0015625 0.2857142857142857 0.00625 0.28903654485049834 0.0078125 0.29069767441860467 0.0171875 0.29401993355481726 0.01875 0.2956810631229236 0.028125 0.29900332225913623 0.0296875 0.3023255813953488 0.0421875 0.30564784053156147 0.04375 0.3073089700996678 0.053125 0.3106312292358804 0.0546875 0.3122923588039867 0.0671875 0.31561461794019935 0.06875 0.31727574750830567 0.0765625 0.3222591362126246 0.0796875 0.3239202657807309 0.0921875 0.3272425249169435 0.09375 0.3289036544850498 0.1046875 0.33222591362126247 0.10625 0.3338870431893688 0.1171875 0.3388704318936877 0.11875 0.34219269102990035 0.1171875 0.3438538205980066 0.1109375 0.34717607973421927 0.109375 0.3438538205980066 0.1078125 0.3438538205980066 0.0953125 0.34219269102990035 0.0859375 0.3388704318936877 0.084375 0.33554817275747506 0.0578125 0.33222591362126247 0.059375 0.33056478405315615 0.0578125 0.33056478405315615 0.053125 0.3272425249169435 0.0515625 0.32558139534883723 0.0453125 0.32059800664451826 0.040625 0.31893687707641194 0.028125 0.31561461794019935 0.0265625 0.313953488372093 0.01875 0.3106312292358804 0.0171875 0.3089700996677741 0.0078125 0.30564784053156147 0.00625 0.30398671096345514 0 0.2857142857142857 0
5 0 0.084375 0.006644518272425249 0.084375 0.008305647840531562 0.0875 0.019933554817275746 0.0890625 0.02159468438538206 0.0921875 0.054817275747508304 0.09375 0.05647840531561462 0.096875 0.07308970099667775 0.0984375 0.07475083056478406 0.1015625 0.10465116279069768 0.1046875 0.10631229235880399 0.1078125 0.1212624584717608 0.109375 0.12292358803986711 0.1125 0.14119601328903655 0.1140625 0.14285714285714285 0.1171875 0.15780730897009967 0.11875 0.15946843853820597 0.121875 0.18438538205980065 0.125 0.18604651162790697 0.128125 0.2026578073089701 0.1296875 0.20431893687707642 0.1328125 0.21926910299003322 0.134375 0.22093023255813954 0.1375 0.24584717607973422 0.1390625 0.24750830564784054 0.1421875 0.260797342192691 0.1421875 0.2724252491694352 0.1453125 0.27408637873754155 0.1484375 0.2973421926910299 0.15 0.29900332225913623 0.153125 0.313953488372093 0.153125 0.31561461794019935 0.1546875 0.33056478405315615 0.153125 0.33056478405315615 0.14375 0.32558139534883723 0.1390625 0.32059800664451826 0.1390625 0.31893687707641194 0.1359375 0.2956810631229236 0.134375 0.29401993355481726 0.13125 0.2691029900332226 0.1296875 0.26744186046511625 0.1265625 0.24086378737541528 0.1234375 0.23920265780730898 0.1203125 0.22093023255813954 0.11875 0.21926910299003322 0.115625 0.2026578073089701 0.1140625 0.2009966777408638 0.1109375 0.18604651162790697 0.109375 0.18438538205980065 0.10625 0.15946843853820597 0.103125 0.15780730897009967 0.1 0.1378737541528239 0.0984375 0.1362126245847176 0.0953125 0.11794019933554817 0.09375 0.11627906976744186 0.090625 0.11129568106312292 0.0890625 0.10132890365448505 0.0890625 0.09966777408637874 0.0859375 0.0681063122923588 0.0828125 0.0664451827242525 0.0796875 0.05647840531561462 0.078125 0.04318936877076412 0.078125 0.04152823920265781 0.075 0 0.0734375 0 0.075 0 0.084375
5 0.3289036544850498 0 0.3289036544850498 0.0015625 0.3289036544850498 0.0359375 0.33222591362126247 0.0375 0.3338870431893688 0.071875 0.3372093023255814 0.0734375 0.3388704318936877 0.0796875 0.34053156146179403 0.1015625 0.3438538205980066 0.103125 0.3438538205980066 0.1140625 0.34053156146179403 0.1171875 0.3438538205980066 0.11875 0.3438538205980066 0.1234375 0.35714285714285715 0.125 0.36046511627906974 0.121875 0.36046511627906974 0.109375 0.35714285714285715 0.103125 0.35714285714285715 0.0890625 0.3538205980066445 0.0875 0.3521594684385382 0.0453125 0.3488372093023256 0.04375 0.34717607973421927 0.01875 0.3438538205980066 0.0171875 0.3438538205980066 0 0.3289036544850498 0
4 0.6212624584717608 0 0.6212624584717608 0.0015625 0.6196013289036545 0.0078125 0.6212624584717608 0.0203125 0.6245847176079734 0.021875 0.6245847176079734 0.0359375 0.6212624584717608 0.0375 0.6179401993355482 0.046875 0.6079734219269103 0.0546875 0.6079734219269103 0.071875 0.6046511627906976 0.0734375 0.6046511627906976 0.0921875 0.6079734219269103 0.09375 0.6096345514950167 0.165625 0.6079734219269103 0.1703125 0.6046511627906976 0.171875 0.6029900332225914 0.178125 0.5996677740863787 0.1796875 0.5963455149501661 0.190625 0.5963455149501661 0.2 0.5930232558139535 0.2015625 0.5913621262458472 0.2140625 0.584717607973422 0.2203125 0.5780730897009967 0.2203125 0.5730897009966778 0.225 0.5664451827242525 0.2265625 0.5514950166112956 0.240625 0.5448504983388704 0.240625 0.5398671096345515 0.2421875 0.5382059800664452 0.2453125 0.5232558139534884 0.2484375 0.5232558139534884 0.2515625 0.526578073089701 0.253125 0.526578073089701 0.259375 0.5431893687707641 0.271875 0.5581395348837209 0.271875 0.5631229235880398 0.2703125 0.5647840531561462 0.2625 0.5730897009966778 0.259375 0.5764119601328903 0.2515625 0.5813953488372093 0.246875 0.5897009966777409 0.25 0.5930232558139535 0.2546875 0.6013289036544851 0.2546875 0.6046511627906976 0.25 0.6112956810631229 0.25 0.6146179401993356 0.253125 0.6146179401993356 0.2609375 0.6179401993355482 0.2625 0.6196013289036545 0.2953125 0.6312292358803987 0.3046875 0.6395348837209303 0.3046875 0.6445182724252492 0.3 0.6461794019933554 0.2921875 0.6495016611295681 0.290625 0.6511627906976745 0.2828125 0.659468438538206 0.275 0.6611295681063123 0.2671875 0.6744186046511628 0.2546875 0.6777408637873754 0.2546875 0.6810631229235881 0.2578125 0.6794019933554817 0.2703125 0.6744186046511628 0.2734375 0.6677740863787376 0.2875 0.6644518272425249 0.2890625 0.6611295681063123 0.3 0.6578073089700996 0.3015625 0.6561461794019934 0.3109375 0.6528239202657807 0.3125 0.6528239202657807 0.321875 0.6561461794019934 0.3234375 0.6644518272425249 0.3359375 0.6943521594684385 0.3375 0.6960132890365448 0.340625 0.7043189368770764 0.3421875 0.7059800664451827 0.3453125 0.7259136212624585 0.3484375 0.7275747508305648 0.3515625 0.7375415282392026 0.3515625 0.739202657807309 0.3484375 0.7425249169435216 0.3484375 0.7508305647840532 0.35625 0.7657807308970099 0.3578125 0.7691029900332226 0.3609375 0.770764119601329 0.3578125 0.7790697674418605 0.35625 0.7840531561461794 0.3515625 0.7873754152823921 0.34375 0.7940199335548173 0.3375 0.8006644518272426 0.3359375 0.8106312292358804 0.3265625 0.8189368770764119 0.325 0.8255813953488372 0.315625 0.8289036544850499 0.315625 0.8355481727574751 0.3015625 0.8388704318936877 0.3 0.840531561461794 0.2890625 0.8438538205980066 0.2875 0.845514950166113 0.2734375 0.8488372093023255 0.271875 0.8504983388704319 0.2625 0.8538205980066446 0.259375 0.8604651162790697 0.259375 0.8637873754152824 0.2625 0.8621262458471761 0.2765625 0.8588039867109635 0.278125 0.8571428571428571 0.2859375 0.8521594684385382 0.2890625 0.8504983388704319 0.3078125 0.8471760797342193 0.309375 0.845514950166113 0.315625 0.8322259136212624 0.3265625 0.8305647840531561 0.33125 0.8205980066445183 0.3390625 0.8189368770764119 0.3453125 0.8106312292358804 0.35 0.8073089700996677 0.359375 0.8089700996677741 0.3734375 0.8122923588039868 0.3734375 0.813953488372093 0.3765625 0.8239202657807309 0.378125 0.8305647840531561 0.384375 0.8355481727574751 0.396875 0.8504983388704319 0.409375 0.8504983388704319 0.4171875 0.8388704318936877 0.428125 0.8156146179401993 0.43125 0.8156146179401993 0.434375 0.8106312292358804 0.4359375 0.8089700996677741 0.4390625 0.8073089700996677 0.4484375 0.8023255813953488 0.446875 0.8023255813953488 0.440625 0.7990033222591362 0.4390625 0.7857142857142857 0.440625 0.7840531561461794 0.44375 0.7774086378737541 0.44375 0.7757475083056479 0.45 0.7774086378737541 0.49375 0.7807308970099668 0.4953125 0.7807308970099668 0.5 0.7857142857142857 0.5046875 0.7857142857142857 0.5078125 0.792358803986711 0.5125 0.7940199335548173 0.525 0.7973421926910299 0.5265625 0.7973421926910299 0.5390625 0.7990033222591362 0.540625 0.7973421926910299 0.55 0.7890365448504983 0.553125 0.7873754152823921 0.56875 0.7990033222591362 0.571875 0.840531561461794 0.571875 0.845514950166113 0.5765625 0.845514950166113 0.5921875 0.8471760797342193 0.6015625 0.8504983388704319 0.603125 0.8521594684385382 0.621875 0.8571428571428571 0.6265625 0.8571428571428571 0.6296875 0.8621262458471761 0.6328125 0.8621262458471761 0.65 0.8521594684385382 0.659375 0.8504983388704319 0.678125 0.8372093023255814 0.6875 0.8355481727574751 0.6921875 0.8305647840531561 0.69375 0.8322259136212624 0.7015625 0.8355481727574751 0.703125 0.8372093023255814 0.7125 0.840531561461794 0.7140625 0.840531561461794 0.721875 0.8521594684385382 0.7328125 0.8654485049833887 0.7328125 0.8704318936877077 0.73125 0.8737541528239202 0.7265625 0.8770764119601329 0.7265625 0.8787375415282392 0.7234375 0.8870431893687708 0.7234375 0.8887043189368771 0.7265625 0.893687707641196 0.7265625 0.8970099667774086 0.73125 0.9136212624584718 0.734375 0.915282392026578 0.7375 0.9219269102990033 0.7390625 0.9235880398671097 0.7421875 0.9318936877076412 0.74375 0.9335548172757475 0.746875 0.9418604651162791 0.746875 0.946843853820598 0.7484375 0.9485049833887044 0.7515625 0.9700996677740864 0.7546875 0.9717607973421927 0.7578125 0.978405315614618 0.759375 0.9800664451827242 0.7625 0.9966777408637874 0.7640625 0.9983388704318937 0.7625 0.9983388704318937 0.725 0.9966777408637874 0.7234375 0.9966777408637874 0.69375 0.9950166112956811 0.6921875 0.9983388704318937 0.6703125 0.9983388704318937 0.64375 0.9900332225913622 0.6234375 0.9867109634551495 0.621875 0.9850498338870431 0.6125 0.9817275747508306 0.6109375 0.978405315614618 0.571875 0.9750830564784053 0.5703125 0.973421926910299 0.5578125 0.9700996677740864 0.55625 0.96843853820598 0.5453125 0.9651162790697675 0.54375 0.9634551495016611 0.4921875 0.9601328903654485 0.490625 0.9601328903654485 0.4703125 0.9568106312292359 0.45625 0.9534883720930233 0.4546875 0.9518272425249169 0.44375 0.9485049833887044 0.4421875 0.946843853820598 0.4359375 0.9418604651162791 0.4328125 0.9418604651162791 0.4234375 0.9385382059800664 0.421875 0.9352159468438538 0.3703125 0.9318936877076412 0.36875 0.9302325581395349 0.3375 0.9269102990033222 0.3359375 0.925249169435216 0.328125 0.9219269102990033 0.3265625 0.925249169435216 0.31875 0.9219269102990033 0.3171875 0.920265780730897 0.26875 0.9169435215946844 0.2671875 0.9136212624584718 0.1875 0.9102990033222591 0.1859375 0.9086378737541528 0.171875 0.9053156146179402 0.1703125 0.9036544850498339 0.1640625 0.9003322259136213 0.1625 0.8986710963455149 0.15 0.8953488372093024 0.1484375 0.8920265780730897 0.125 0.8887043189368771 0.1234375 0.8870431893687708 0.1140625 0.8837209302325582 0.1125 0.8820598006644518 0.1046875 0.8787375415282392 0.103125 0.8770764119601329 0.09375 0.8737541528239202 0.0921875 0.8704318936877077 0.06875 0.8654485049833887 0.0640625 0.8654485049833887 0.059375 0.8621262458471761 0.0578125 0.8604651162790697 0.0453125 0.8504983388704319 0.0359375 0.8488372093023255 0.028125 0.845514950166113 0.0265625 0.8438538205980066 0.0125 0.840531561461794 0.0109375 0.8388704318936877 0 0.8039867109634552 0 0.8023255813953488 0.003125 0.7890365448504983 0.0046875 0.7857142857142857 0 0.7558139534883721 0 0.7524916943521595 0.0046875 0.7458471760797342 0.0046875 0.7425249169435216 0 0.7009966777408638 0 0.6976744186046512 0.0046875 0.6910299003322259 0.0046875 0.6877076411960132 0 0.6212624584717608 0
2 0.5 0.66875 0.4950166112956811 0.66875 0.4883720930232558 0.675 0.4883720930232558 0.678125 0.4850498338870432 0.6796875 0.4833887043189369 0.684375 0.4833887043189369 0.728125 0.48006644518272423 0.7296875 0.48006644518272423 0.7515625 0.4833887043189369 0.753125 0.4850498338870432 0.7578125 0.4950166112956811 0.7578125 0.5 0.753125 0.5083056478405316 0.7515625 0.5199335548172758 0.7421875 0.5249169435215947 0.7296875 0.5365448504983389 0.721875 0.5382059800664452 0.715625 0.5415282392026578 0.7140625 0.5415282392026578 0.703125 0.5382059800664452 0.7015625 0.5365448504983389 0.6921875 0.5332225913621262 0.690625 0.5332225913621262 0.684375 0.526578073089701 0.678125 0.5332225913621262 0.671875 0.5332225913621262 0.6640625 0.5166112956810631 0.6625 0.5149501661129569 0.659375 0.5116279069767442 0.659375 0.5116279069767442 0.6609375 0.5066445182724253 0.6625 0.5 0.66875
2 0.7956810631229236 0.5859375 0.7724252491694352 0.5859375 0.7691029900332226 0.590625 0.7624584717607974 0.59375 0.7558139534883721 0.59375 0.7541528239202658 0.596875 0.7458471760797342 0.5984375 0.7358803986710963 0.6109375 0.729235880398671 0.6140625 0.7275747508305648 0.6265625 0.7242524916943521 0.628125 0.7225913621262459 0.6453125 0.7142857142857143 0.653125 0.6960132890365448 0.6515625 0.6893687707641196 0.653125 0.6794019933554817 0.6515625 0.6777408637873754 0.6484375 0.6710963455149501 0.646875 0.6578073089700996 0.646875 0.6511627906976745 0.6484375 0.6495016611295681 0.6515625 0.6362126245847176 0.6515625 0.6345514950166113 0.6484375 0.6262458471760798 0.646875 0.6245847176079734 0.64375 0.6179401993355482 0.64375 0.6129568106312292 0.6484375 0.6129568106312292 0.6609375 0.6179401993355482 0.6640625 0.6196013289036545 0.6703125 0.6345514950166113 0.6828125 0.6345514950166113 0.6859375 0.6411960132890365 0.6921875 0.6411960132890365 0.7015625 0.6362126245847176 0.7046875 0.6345514950166113 0.7125 0.6312292358803987 0.7140625 0.6312292358803987 0.7234375 0.6345514950166113 0.725 0.6345514950166113 0.7390625 0.6312292358803987 0.740625 0.6312292358803987 0.7546875 0.6345514950166113 0.75625 0.6362126245847176 0.7640625 0.6395348837209303 0.765625 0.6428571428571429 0.7734375 0.6561461794019934 0.775 0.6661129568106312 0.771875 0.6677740863787376 0.765625 0.6727574750830565 0.7625 0.6727574750830565 0.759375 0.6760797342192691 0.7578125 0.6777408637873754 0.753125 0.6827242524916943 0.7515625 0.686046511627907 0.746875 0.7093023255813954 0.7484375 0.7109634551495017 0.7515625 0.7259136212624585 0.753125 0.729235880398671 0.7578125 0.7441860465116279 0.759375 0.7458471760797342 0.7625 0.7524916943521595 0.7640625 0.7558139534883721 0.771875 0.7641196013289037 0.7765625 0.7674418604651163 0.784375 0.770764119601329 0.7859375 0.7724252491694352 0.8 0.7774086378737541 0.8046875 0.792358803986711 0.8046875 0.7940199335548173 0.8078125 0.8023255813953488 0.8078125 0.8172757475083057 0.79375 0.8172757475083057 0.790625 0.8272425249169435 0.7828125 0.8289036544850499 0.7765625 0.8438538205980066 0.7625 0.845514950166113 0.75625 0.8504983388704319 0.753125 0.8521594684385382 0.7453125 0.8554817275747508 0.74375 0.8521594684385382 0.7421875 0.8488372093023255 0.7359375 0.8421926910299004 0.734375 0.8355481727574751 0.728125 0.8338870431893688 0.715625 0.8305647840531561 0.7140625 0.8272425249169435 0.7046875 0.8172757475083057 0.6953125 0.8073089700996677 0.6921875 0.7973421926910299 0.6921875 0.792358803986711 0.6875 0.8006644518272426 0.6859375 0.8023255813953488 0.6828125 0.813953488372093 0.68125 0.8156146179401993 0.678125 0.8289036544850499 0.6765625 0.8305647840531561 0.6734375 0.8388704318936877 0.671875 0.845514950166113 0.6546875 0.8554817275747508 0.6453125 0.8554817275747508 0.634375 0.8521594684385382 0.6328125 0.8488372093023255 0.6265625 0.8488372093023255 0.621875 0.845514950166113 0.6203125 0.845514950166113 0.6125 0.8438538205980066 0.60625 0.840531561461794 0.6046875 0.8388704318936877 0.5921875 0.8289036544850499 0.5828125 0.8106312292358804 0.5828125 0.8089700996677741 0.58125 0.8073089700996677 0.5828125 0.7973421926910299 0.5828125 0.7956810631229236 0.5859375
2 0.5448504983388704 0.6125 0.5398671096345515 0.6171875 0.5382059800664452 0.625 0.5332225913621262 0.6265625 0.5299003322259136 0.63125 0.526578073089701 0.63125 0.5232558139534884 0.634375 0.5232558139534884 0.6375 0.526578073089701 0.640625 0.5431893687707641 0.640625 0.5481727574750831 0.6453125 0.5548172757475083 0.646875 0.5697674418604651 0.646875 0.5764119601328903 0.6453125 0.5780730897009967 0.6421875 0.6013289036544851 0.640625 0.6112956810631229 0.63125 0.6112956810631229 0.61875 0.6079734219269103 0.6171875 0.606312292358804 0.6125 0.5980066445182725 0.6109375 0.5963455149501661 0.6078125 0.5813953488372093 0.6078125 0.5813953488372093 0.609375 0.5730897009966778 0.6125 0.5448504983388704 0.6125
2 0.6710963455149501 0.565625 0.6627906976744186 0.5671875 0.659468438538206 0.571875 0.6528239202657807 0.5734375 0.6478405315614618 0.584375 0.6378737541528239 0.59375 0.6312292358803987 0.59375 0.6295681063122923 0.596875 0.6262458471760798 0.596875 0.6212624584717608 0.6015625 0.6196013289036545 0.6109375 0.6129568106312292 0.6171875 0.6079734219269103 0.6125 0.5996677740863787 0.6109375 0.5980066445182725 0.6078125 0.5813953488372093 0.6078125 0.579734219269103 0.6109375 0.5697674418604651 0.6125 0.5498338870431894 0.6125 0.5431893687707641 0.6140625 0.5398671096345515 0.6171875 0.5382059800664452 0.625 0.53156146179402 0.628125 0.526578073089701 0.6328125 0.526578073089701 0.6359375 0.5232558139534884 0.6375 0.526578073089701 0.640625 0.5431893687707641 0.640625 0.5481727574750831 0.6453125 0.5548172757475083 0.646875 0.5697674418604651 0.646875 0.5764119601328903 0.6453125 0.5780730897009967 0.6421875 0.5880398671096345 0.640625 0.6112956810631229 0.640625 0.6129568106312292 0.634375 0.6196013289036545 0.6296875 0.627906976744186 0.63125 0.6312292358803987 0.6265625 0.6511627906976745 0.625 0.6528239202657807 0.621875 0.6611295681063123 0.6203125 0.6694352159468439 0.6125 0.6777408637873754 0.609375 0.6810631229235881 0.6046875 0.6843853820598007 0.6046875 0.7009966777408638 0.5890625 0.7059800664451827 0.5765625 0.7093023255813954 0.575 0.7093023255813954 0.5703125 0.7059800664451827 0.5671875 0.6993355481727574 0.565625 0.6943521594684385 0.5609375 0.6893687707641196 0.5609375 0.6877076411960132 0.5578125 0.6810631229235881 0.5578125 0.6810631229235881 0.559375 0.6744186046511628 0.5609375 0.6710963455149501 0.565625
2 0.19102990033222592 0.8359375 0.1877076411960133 0.8359375 0.1760797342192691 0.846875 0.1760797342192691 0.85 0.17275747508305647 0.8515625 0.17275747508305647 0.8640625 0.1760797342192691 0.865625 0.1760797342192691 0.86875 0.1877076411960133 0.8796875 0.19102990033222592 0.8796875 0.20431893687707642 0.8921875 0.20431893687707642 0.8953125 0.23754152823920266 0.925 0.24916943521594684 0.9203125 0.260797342192691 0.909375 0.260797342192691 0.8953125 0.2574750830564784 0.89375 0.2558139534883721 0.8765625 0.25083056478405313 0.8734375 0.24916943521594684 0.8671875 0.2441860465116279 0.8640625 0.2441860465116279 0.8609375 0.24086378737541528 0.8578125 0.23754152823920266 0.8578125 0.22757475083056478 0.8484375 0.22757475083056478 0.8421875 0.22259136212624583 0.8390625 0.22259136212624583 0.8203125 0.20930232558139536 0.821875 0.20930232558139536 0.8234375 0.19933554817275748 0.8265625 0.19102990033222592 0.8359375
2 0.2973421926910299 0.7734375 0.29069767441860467 0.775 0.287375415282392 0.7796875 0.2807308970099668 0.78125 0.2707641196013289 0.79375 0.26411960132890366 0.7953125 0.2591362126245847 0.8 0.2591362126245847 0.803125 0.26245847176079734 0.8046875 0.26411960132890366 0.8140625 0.26744186046511625 0.815625 0.2691029900332226 0.828125 0.2724252491694352 0.8296875 0.27408637873754155 0.85625 0.26744186046511625 0.865625 0.26744186046511625 0.86875 0.2591362126245847 0.871875 0.2574750830564784 0.8765625 0.2591362126245847 0.878125 0.2591362126245847 0.8953125 0.26245847176079734 0.896875 0.26245847176079734 0.9046875 0.26411960132890366 0.90625 0.27740863787375414 0.90625 0.27906976744186046 0.909375 0.2807308970099668 0.90625 0.287375415282392 0.90625 0.2973421926910299 0.896875 0.29900332225913623 0.8921875 0.3089700996677741 0.884375 0.3089700996677741 0.878125 0.313953488372093 0.8734375 0.31561461794019935 0.865625 0.32558139534883723 0.85625 0.3272425249169435 0.8359375 0.33056478405315615 0.834375 0.33222591362126247 0.828125 0.33222591362126247 0.809375 0.33554817275747506 0.8078125 0.33554817275747506 0.79375 0.33222591362126247 0.7921875 0.33056478405315615 0.784375 0.3222591362126246 0.778125 0.32059800664451826 0.7609375 0.31561461794019935 0.7609375 0.31561461794019935 0.7625 0.30564784053156147 0.765625 0.2973421926910299 0.7734375
2 0.11129568106312292 0.190625 0.10631229235880399 0.1953125 0.09634551495016612 0.1953125 0.0946843853820598 0.1921875 0.08305647840531562 0.1921875 0.08305647840531562 0.203125 0.08637873754152824 0.2109375 0.09136212624584718 0.215625 0.09136212624584718 0.21875 0.0946843853820598 0.2203125 0.09634551495016612 0.2265625 0.09966777408637874 0.228125 0.10132890365448505 0.2359375 0.10465116279069768 0.2375 0.10631229235880399 0.24375 0.11129568106312292 0.246875 0.11129568106312292 0.25 0.11627906976744186 0.253125 0.12292358803986711 0.2671875 0.132890365448505 0.278125 0.1345514950166113 0.284375 0.13953488372093023 0.2875 0.15282392026578073 0.2875 0.15614617940199335 0.284375 0.15946843853820597 0.284375 0.15780730897009967 0.2484375 0.15448504983388706 0.246875 0.15448504983388706 0.225 0.15282392026578073 0.2203125 0.14950166112956811 0.21875 0.1478405315614618 0.2125 0.132890365448505 0.1984375 0.13122923588039867 0.1859375 0.12790697674418605 0.184375 0.12624584717607973 0.1796875 0.12458471760797342 0.1796875 0.11295681063122924 0.18125 0.11129568106312292 0.190625
2 0 0 0 0.0015625 0 0.0484375 0.0016611295681063123 0.0484375 0.0033222591362126247 0.046875 0.029900332225913623 0.046875 0.03156146179401993 0.04375 0.03986710963455149 0.04375 0.04983388704318937 0.040625 0.05813953488372093 0.0328125 0.06312292358803986 0.03125 0.06976744186046512 0.0234375 0.07641196013289037 0.0203125 0.07973421926910298 0.015625 0.08305647840531562 0.015625 0.08970099667774087 0.0078125 0.09800664451827243 0.00625 0.09966777408637874 0 0 0
2 0.34551495016611294 0.7234375 0.3438538205980066 0.728125 0.34053156146179403 0.7296875 0.3388704318936877 0.7375 0.31727574750830567 0.7546875 0.31727574750830567 0.7578125 0.313953488372093 0.7609375 0.3106312292358804 0.7609375 0.2973421926910299 0.7734375 0.29069767441860467 0.775 0.287375415282392 0.7796875 0.2807308970099668 0.78125 0.2707641196013289 0.79375 0.26411960132890366 0.7953125 0.2591362126245847 0.8 0.2591362126245847 0.8078125 0.26245847176079734 0.809375 0.26411960132890366 0.81875 0.26744186046511625 0.8203125 0.2691029900332226 0.834375 0.2724252491694352 0.8359375 0.2691029900332226 0.8390625 0.2724252491694352 0.840625 0.27408637873754155 0.85 0.26744186046511625 0.8640625 0.260797342192691 0.8703125 0.25249169435215946 0.8703125 0.24584717607973422 0.8640625 0.2441860465116279 0.8578125 0.23754152823920266 0.8546875 0.23255813953488372 0.8484375 0.23255813953488372 0.8265625 0.23588039867109634 0.8140625 0.2292358803986711 0.8140625 0.22259136212624583 0.8203125 0.21428571428571427 0.8203125 0.21096345514950166 0.825 0.2026578073089701 0.8265625 0.2009966777408638 0.8296875 0.19435215946843853 0.83125 0.18106312292358803 0.8453125 0.1760797342192691 0.846875 0.1777408637873754 0.8703125 0.18272425249169436 0.875 0.1893687707641196 0.8765625 0.19435215946843853 0.884375 0.2026578073089701 0.8875 0.20431893687707642 0.89375 0.20930232558139536 0.896875 0.20930232558139536 0.9 0.21926910299003322 0.909375 0.22425249169435216 0.9109375 0.22425249169435216 0.9140625 0.23255813953488372 0.9171875 0.23588039867109634 0.921875 0.2441860465116279 0.921875 0.24750830564784054 0.9171875 0.2558139534883721 0.9140625 0.2574750830564784 0.9109375 0.2823920265780731 0.909375 0.30564784053156147 0.8890625 0.3106312292358804 0.8765625 0.313953488372093 0.875 0.31561461794019935 0.8671875 0.32558139534883723 0.85625 0.3272425249169435 0.8359375 0.33056478405315615 0.834375 0.33222591362126247 0.8296875 0.33222591362126247 0.8171875 0.33554817275747506 0.815625 0.3372093023255814 0.7953125 0.34053156146179403 0.7921875 0.3438538205980066 0.7921875 0.34551495016611294 0.7890625 0.3687707641196013 0.7875 0.37209302325581395 0.7828125 0.3754152823920266 0.7828125 0.37375415282392027 0.759375 0.3704318936877076 0.7578125 0.3704318936877076 0.7359375 0.3654485049833887 0.73125 0.3637873754152824 0.725 0.36212624584717606 0.725 0.36046511627906974 0.7234375 0.34551495016611294 0.7234375
2 0.7624584717607974 0.5921875 0.7441860465116279 0.5984375 0.7242524916943521 0.61875 0.7225913621262459 0.640625 0.7209302325581395 0.646875 0.717607973421927 0.6484375 0.7159468438538206 0.653125 0.7242524916943521 0.6734375 0.729235880398671 0.678125 0.7325581395348837 0.678125 0.7342192691029901 0.68125 0.7441860465116279 0.68125 0.7458471760797342 0.678125 0.7641196013289037 0.678125 0.7657807308970099 0.68125 0.7757475083056479 0.6828125 0.8089700996677741 0.6828125 0.8172757475083057 0.68125 0.8189368770764119 0.678125 0.8338870431893688 0.6765625 0.8355481727574751 0.6734375 0.8438538205980066 0.6703125 0.845514950166113 0.659375 0.8554817275747508 0.65 0.8571428571428571 0.634375 0.8521594684385382 0.63125 0.8521594684385382 0.628125 0.8488372093023255 0.625 0.8488372093023255 0.6171875 0.845514950166113 0.615625 0.8438538205980066 0.6015625 0.840531561461794 0.6 0.840531561461794 0.59375 0.8355481727574751 0.5890625 0.8338870431893688 0.5828125 0.8305647840531561 0.58125 0.7857142857142857 0.58125 0.7724252491694352 0.5828125 0.7724252491694352 0.584375 0.7674418604651163 0.5859375 0.7624584717607974 0.5921875
2 0.7225913621262459 0.6890625 0.7225913621262459 0.70625 0.7242524916943521 0.7109375 0.7275747508305648 0.7125 0.729235880398671 0.7328125 0.7325581395348837 0.734375 0.7342192691029901 0.746875 0.7408637873754153 0.7484375 0.7425249169435216 0.7515625 0.7508305647840532 0.75625 0.7508305647840532 0.759375 0.7541528239202658 0.7609375 0.7541528239202658 0.7671875 0.7591362126245847 0.7703125 0.760797342192691 0.775 0.7674418604651163 0.78125 0.7674418604651163 0.784375 0.770764119601329 0.7859375 0.7724252491694352 0.8 0.7757475083056479 0.8015625 0.7757475083056479 0.8046875 0.7790697674418605 0.8046875 0.7807308970099668 0.8078125 0.8023255813953488 0.809375 0.813953488372093 0.7984375 0.813953488372093 0.7953125 0.8222591362126246 0.7890625 0.8222591362126246 0.7859375 0.8338870431893688 0.775 0.8355481727574751 0.7703125 0.8438538205980066 0.7640625 0.845514950166113 0.75625 0.8554817275747508 0.7484375 0.8554817275747508 0.740625 0.8521594684385382 0.740625 0.8488372093023255 0.7359375 0.8421926910299004 0.734375 0.8355481727574751 0.728125 0.8338870431893688 0.715625 0.8305647840531561 0.7140625 0.8272425249169435 0.7046875 0.8172757475083057 0.6953125 0.8106312292358804 0.6953125 0.8056478405315615 0.6921875 0.792358803986711 0.6921875 0.7906976744186046 0.6890625 0.7425249169435216 0.6890625 0.7408637873754153 0.6875 0.739202657807309 0.6875 0.7242524916943521 0.6875 0.7225913621262459 0.6890625
2 0.6129568106312292 0.6515625 0.6146179401993356 0.6625 0.6179401993355482 0.6640625 0.6196013289036545 0.6703125 0.6362126245847176 0.684375 0.6362126245847176 0.6875 0.6395348837209303 0.6890625 0.6428571428571429 0.6953125 0.6395348837209303 0.70625 0.6362126245847176 0.7078125 0.6345514950166113 0.7171875 0.6312292358803987 0.71875 0.6345514950166113 0.7203125 0.6362126245847176 0.7265625 0.6461794019933554 0.734375 0.6461794019933554 0.7390625 0.6495016611295681 0.7390625 0.6561461794019934 0.746875 0.6611295681063123 0.7484375 0.6627906976744186 0.7578125 0.6710963455149501 0.7578125 0.6810631229235881 0.746875 0.6877076411960132 0.746875 0.6893687707641196 0.74375 0.6943521594684385 0.74375 0.6960132890365448 0.746875 0.7225913621262459 0.746875 0.7275747508305648 0.7421875 0.7275747508305648 0.7234375 0.7259136212624585 0.7125 0.7225913621262459 0.7109375 0.7192691029900332 0.6984375 0.7192691029900332 0.6890625 0.7225913621262459 0.6859375 0.7225913621262459 0.6828125 0.7192691029900332 0.671875 0.7159468438538206 0.6703125 0.7142857142857143 0.659375 0.7093023255813954 0.6546875 0.686046511627907 0.653125 0.6710963455149501 0.646875 0.6578073089700996 0.646875 0.6511627906976745 0.6484375 0.6495016611295681 0.6515625 0.6362126245847176 0.6515625 0.6345514950166113 0.6484375 0.6262458471760798 0.646875 0.6245847176079734 0.64375 0.6179401993355482 0.64375 0.6179401993355482 0.6453125 0.6146179401993356 0.646875 0.6129568106312292 0.6515625
2 0.6710963455149501 0.565625 0.6627906976744186 0.5671875 0.6511627906976745 0.578125 0.6461794019933554 0.5890625 0.6378737541528239 0.596875 0.6295681063122923 0.5984375 0.6245847176079734 0.603125 0.6245847176079734 0.60625 0.6212624584717608 0.6078125 0.6196013289036545 0.621875 0.6245847176079734 0.6296875 0.6295681063122923 0.6296875 0.6312292358803987 0.6265625 0.6495016611295681 0.625 0.6511627906976745 0.621875 0.659468438538206 0.6203125 0.6611295681063123 0.6171875 0.6661129568106312 0.6171875 0.6694352159468439 0.6125 0.6777408637873754 0.609375 0.7009966777408638 0.5890625 0.7059800664451827 0.5765625 0.7093023255813954 0.575 0.7093023255813954 0.5703125 0.7043189368770764 0.565625 0.7009966777408638 0.565625 0.6993355481727574 0.5625 0.6893687707641196 0.5609375 0.6877076411960132 0.5578125 0.6810631229235881 0.5578125 0.6810631229235881 0.559375 0.6744186046511628 0.5609375 0.6710963455149501 0.565625