3 0.2453125 0.32084309133489464 0.25 0.3231850117096019 0.2546875 0.33021077283372363 0.2546875 0.3442622950819672 0.2515625 0.351288056206089 0.2515625 0.3700234192037471 0.2546875 0.3770491803278688 0.2546875 0.3840749414519906 0.2625 0.3957845433255269 0.2703125 0.4028103044496487 0.275 0.41451990632318503 0.2765625 0.4379391100702576 0.271875 0.44028103044496486 0.2625 0.4332552693208431 0.2453125 0.40749414519906324 0.2421875 0.39344262295081966 0.2375 0.3864168618266979 0.234375 0.3864168618266979 0.253125 0.4309133489461358 0.25 0.43559718969555034 0.240625 0.4379391100702576 0.23125 0.4449648711943794 0.228125 0.4519906323185012 0.234375 0.4519906323185012 0.240625 0.468384074941452 0.2546875 0.45901639344262296 0.259375 0.4613583138173302 0.265625 0.4707259953161593 0.265625 0.4894613583138173 0.271875 0.5199063231850117 0.265625 0.5386416861826698 0.25 0.5526932084309133 0.2421875 0.5526932084309133 0.2375 0.5573770491803278 0.2390625 0.5667447306791569 0.2359375 0.5831381733021077 0.221875 0.6018735362997658 0.2265625 0.6135831381733021 0.2265625 0.6252927400468384 0.2125 0.6370023419203747 0.203125 0.6487119437939111 0.203125 0.6533957845433255 0.2 0.65807962529274 0.2 0.6651053864168618 0.2078125 0.6768149882903981 0.2109375 0.6861826697892272 0.2140625 0.6885245901639344 0.215625 0.6861826697892272 0.2359375 0.6861826697892272 0.2421875 0.6885245901639344 0.2453125 0.6838407494145199 0.253125 0.6908665105386417 0.246875 0.7002341920374707 0.2453125 0.711943793911007 0.2375 0.7283372365339579 0.2453125 0.7166276346604216 0.2515625 0.711943793911007 0.2546875 0.7049180327868853 0.2703125 0.6885245901639344 0.2859375 0.6885245901639344 0.3 0.6768149882903981 0.340625 0.6744730679156908 0.3515625 0.6697892271662763 0.3625 0.6604215456674473 0.3734375 0.65807962529274 0.3921875 0.6416861826697893 0.396875 0.6276346604215457 0.403125 0.6182669789227166 0.4046875 0.6088992974238876 0.390625 0.6135831381733021 0.371875 0.6112412177985949 0.3671875 0.6135831381733021 0.365625 0.6112412177985949 0.3515625 0.6112412177985949 0.35 0.6088992974238876 0.3515625 0.6018735362997658 0.353125 0.5995316159250585 0.359375 0.6065573770491803 0.3625 0.6018735362997658 0.359375 0.5995316159250585 0.3609375 0.5971896955503513 0.365625 0.5971896955503513 0.365625 0.5925058548009368 0.36875 0.5878220140515222 0.3734375 0.585480093676815 0.3765625 0.5784543325526932 0.384375 0.5737704918032787 0.4140625 0.5737704918032787 0.4140625 0.5714285714285714 0.3984375 0.5620608899297423 0.396875 0.5550351288056206 0.4 0.5480093676814989 0.4 0.5409836065573771 0.3984375 0.5386416861826698 0.3671875 0.5199063231850117 0.3609375 0.5105386416861827 0.35625 0.5105386416861827 0.3515625 0.5058548009367682 0.3390625 0.4894613583138173 0.3359375 0.4496487119437939 0.33125 0.4426229508196721 0.3296875 0.4168618266978923 0.334375 0.405152224824356 0.334375 0.39344262295081966 0.3390625 0.3747072599531616 0.3390625 0.36768149882903983 0.34375 0.3559718969555035 0.3421875 0.34192037470725994 0.3390625 0.34192037470725994 0.3375 0.34660421545667447 0.3359375 0.3770491803278688 0.3328125 0.3911007025761124 0.328125 0.39344262295081966 0.3234375 0.38173302107728335 0.3203125 0.36065573770491804 0.3171875 0.35362997658079626 0.31875 0.3442622950819672 0.321875 0.3395784543325527 0.3234375 0.3255269320843091 0.3203125 0.3185011709601874 0.3203125 0.3372365339578454 0.31875 0.3395784543325527 0.3125 0.3325526932084309 0.3109375 0.3255269320843091 0.3 0.3091334894613583 0.3015625 0.2927400468384075 0.3 0.28805620608899296 0.290625 0.27400468384074944 0.2484375 0.2786885245901639 0.2484375 0.2810304449648712 0.2515625 0.29508196721311475 0.2453125 0.32084309133489464
3 0.3203125 0.32084309133489464 0.3203125 0.3372365339578454 0.3171875 0.3395784543325527 0.315625 0.3372365339578454 0.3109375 0.3255269320843091 0.303125 0.3161592505854801 0.3 0.30679156908665106 0.303125 0.29508196721311475 0.2953125 0.2786885245901639 0.29375 0.2786885245901639 0.2890625 0.2716627634660422 0.28125 0.2716627634660422 0.2734375 0.27634660421545665 0.2484375 0.27634660421545665 0.246875 0.2786885245901639 0.246875 0.2857142857142857 0.25 0.29508196721311475 0.246875 0.2997658079625293 0.246875 0.31381733021077285 0.24375 0.32084309133489464 0.2484375 0.3231850117096019 0.2546875 0.33489461358313816 0.2515625 0.34660421545667447 0.25 0.36533957845433257 0.2546875 0.3793911007025761 0.2546875 0.38875878220140514 0.2703125 0.405152224824356 0.2765625 0.4262295081967213 0.2765625 0.4426229508196721 0.275 0.4449648711943794 0.2703125 0.4426229508196721 0.2734375 0.45433255269320844 0.2703125 0.4566744730679157 0.2703125 0.468384074941452 0.26875 0.4707259953161593 0.26875 0.4964871194379391 0.271875 0.5058548009367682 0.278125 0.5152224824355972 0.271875 0.5339578454332553 0.2625 0.5409836065573771 0.25625 0.550351288056206 0.2453125 0.5573770491803278 0.2390625 0.5667447306791569 0.2375 0.5831381733021077 0.23125 0.5925058548009368 0.228125 0.6042154566744731 0.2296875 0.6323185011709602 0.2265625 0.6370023419203747 0.2203125 0.6370023419203747 0.21875 0.6510538641686182 0.2203125 0.6557377049180327 0.21875 0.65807962529274 0.2109375 0.65807962529274 0.2109375 0.6861826697892272 0.2125 0.6885245901639344 0.228125 0.6861826697892272 0.23125 0.6814988290398126 0.240625 0.6791569086651054 0.2578125 0.6885245901639344 0.2671875 0.6885245901639344 0.26875 0.6861826697892272 0.2890625 0.6861826697892272 0.3 0.6768149882903981 0.3140625 0.6744730679156908 0.3125 0.6721311475409836 0.3140625 0.6697892271662763 0.3171875 0.6721311475409836 0.321875 0.6697892271662763 0.321875 0.667447306791569 0.3140625 0.6627634660421545 0.3015625 0.6651053864168618 0.3 0.6627634660421545 0.2953125 0.6697892271662763 0.290625 0.6721311475409836 0.2890625 0.667447306791569 0.290625 0.6627634660421545 0.2890625 0.6604215456674473 0.30625 0.6416861826697893 0.3078125 0.6323185011709602 0.30625 0.629976580796253 0.303125 0.6323185011709602 0.3 0.6276346604215457 0.3 0.6229508196721312 0.30625 0.6112412177985949 0.3109375 0.6088992974238876 0.315625 0.5995316159250585 0.3203125 0.5971896955503513 0.325 0.5901639344262295 0.3265625 0.5784543325526932 0.3296875 0.5737704918032787 0.328125 0.5714285714285714 0.328125 0.5526932084309133 0.3265625 0.550351288056206 0.328125 0.5199063231850117 0.3265625 0.5175644028103045 0.3265625 0.5058548009367682 0.328125 0.49882903981264637 0.3265625 0.4964871194379391 0.3265625 0.48711943793911006 0.33125 0.47540983606557374 0.334375 0.47306791569086654 0.3359375 0.4519906323185012 0.3296875 0.4332552693208431 0.3296875 0.41451990632318503 0.33125 0.405152224824356 0.334375 0.40046838407494145 0.334375 0.3911007025761124 0.328125 0.40046838407494145 0.31875 0.35362997658079626 0.31875 0.3442622950819672 0.3234375 0.3325526932084309 0.3234375 0.3231850117096019 0.3203125 0.32084309133489464
3 0.271875 0.27634660421545665 0.2484375 0.27634660421545665 0.246875 0.2857142857142857 0.25 0.29508196721311475 0.24375 0.3185011709601874 0.24375 0.3231850117096019 0.25 0.3255269320843091 0.2546875 0.33489461358313816 0.2515625 0.34660421545667447 0.25 0.36533957845433257 0.2546875 0.3793911007025761 0.2546875 0.3864168618266979 0.2703125 0.405152224824356 0.2703125 0.4098360655737705 0.2765625 0.4262295081967213 0.2765625 0.4379391100702576 0.2734375 0.44028103044496486 0.2640625 0.4332552693208431 0.25 0.41451990632318503 0.2421875 0.39344262295081966 0.2359375 0.3840749414519906 0.23125 0.3840749414519906 0.2375 0.39344262295081966 0.2375 0.3981264637002342 0.2421875 0.405152224824356 0.246875 0.41920374707259955 0.253125 0.42857142857142855 0.2484375 0.43559718969555034 0.2390625 0.4379391100702576 0.2296875 0.4449648711943794 0.2265625 0.4496487119437939 0.2265625 0.45433255269320844 0.2234375 0.4566744730679157 0.2234375 0.4613583138173302 0.228125 0.45433255269320844 0.2359375 0.45433255269320844 0.2390625 0.4637002341920375 0.2390625 0.4707259953161593 0.2328125 0.4847775175644028 0.228125 0.48711943793911006 0.221875 0.48243559718969553 0.2234375 0.5011709601873536 0.2265625 0.5081967213114754 0.2265625 0.522248243559719 0.2234375 0.5269320843091335 0.2265625 0.5292740046838408 0.2296875 0.5480093676814989 0.2375 0.5644028103044496 0.2375 0.5737704918032787 0.2359375 0.5807962529274004 0.2203125 0.6018735362997658 0.2265625 0.6182669789227166 0.2265625 0.6229508196721312 0.2078125 0.6440281030444965 0.203125 0.6557377049180327 0.2 0.65807962529274 0.2 0.6697892271662763 0.2078125 0.6814988290398126 0.2078125 0.6861826697892272 0.2109375 0.6885245901639344 0.2453125 0.6908665105386417 0.2484375 0.6885245901639344 0.25 0.6932084309133489 0.2453125 0.6955503512880562 0.24375 0.711943793911007 0.234375 0.7330210772833724 0.2234375 0.7494145199063232 0.2171875 0.7540983606557377 0.2171875 0.7587822014051522 0.2203125 0.7587822014051522 0.228125 0.7494145199063232 0.2296875 0.7423887587822015 0.246875 0.7166276346604216 0.2640625 0.6978922716627635 0.265625 0.6932084309133489 0.290625 0.6885245901639344 0.3 0.6791569086651054 0.30625 0.6791569086651054 0.3078125 0.6768149882903981 0.31875 0.6791569086651054 0.3203125 0.6768149882903981 0.346875 0.6744730679156908 0.3578125 0.6651053864168618 0.375 0.65807962529274 0.378125 0.6533957845433255 0.38125 0.6533957845433255 0.3921875 0.6440281030444965 0.4046875 0.6112412177985949 0.4046875 0.6088992974238876 0.4015625 0.6135831381733021 0.4 0.6112412177985949 0.371875 0.6088992974238876 0.3703125 0.6018735362997658 0.365625 0.5971896955503513 0.3671875 0.5901639344262295 0.378125 0.5784543325526932 0.390625 0.5761124121779859 0.3984375 0.5714285714285714 0.4046875 0.5737704918032787 0.40625 0.5714285714285714 0.4015625 0.5690866510538641 0.396875 0.5597189695550351 0.4 0.5409836065573771 0.3640625 0.5175644028103045 0.359375 0.5105386416861827 0.35625 0.5105386416861827 0.3484375 0.5035128805620609 0.3421875 0.4918032786885246 0.3421875 0.48711943793911006 0.3390625 0.48243559718969553 0.3375 0.4519906323185012 0.33125 0.42857142857142855 0.33125 0.4168618266978923 0.334375 0.4098360655737705 0.340625 0.36768149882903983 0.34375 0.36065573770491804 0.3421875 0.3372365339578454 0.3390625 0.3372365339578454 0.3375 0.34192037470725994 0.3359375 0.3629976580796253 0.3328125 0.3700234192037471 0.3328125 0.3840749414519906 0.328125 0.3911007025761124 0.321875 0.36533957845433257 0.321875 0.3583138173302108 0.31875 0.351288056206089 0.3265625 0.32786885245901637 0.3203125 0.3161592505854801 0.3171875 0.3161592505854801 0.31875 0.3325526932084309 0.3171875 0.33489461358313816 0.3125 0.33021077283372363 0.3125 0.3255269320843091 0.3015625 0.3091334894613583 0.303125 0.2927400468384075 0.3015625 0.28805620608899296 0.290625 0.2716627634660422 0.2890625 0.2716627634660422 0.278125 0.2716627634660422 0.271875 0.27634660421545665
3 0.865625 0.38173302107728335 0.859375 0.3957845433255269 0.8640625 0.405152224824356 0.8625 0.41920374707259955 0.865625 0.4262295081967213 0.865625 0.43559718969555034 0.8625 0.45433255269320844 0.8578125 0.4613583138173302 0.8546875 0.47306791569086654 0.8484375 0.48009367681498827 0.846875 0.477751756440281 0.846875 0.48243559718969553 0.85 0.4847775175644028 0.846875 0.49414519906323184 0.846875 0.5199063231850117 0.84375 0.5245901639344263 0.840625 0.5433255269320844 0.834375 0.5550351288056206 0.83125 0.5831381733021077 0.8171875 0.6159250585480094 0.8171875 0.6206088992974239 0.8125 0.6276346604215457 0.8125 0.6416861826697893 0.8078125 0.6510538641686182 0.8078125 0.6557377049180327 0.8015625 0.6627634660421545 0.796875 0.6768149882903981 0.790625 0.6838407494145199 0.78125 0.7096018735362998 0.775 0.7166276346604216 0.759375 0.7540983606557377 0.759375 0.7634660421545667 0.7625 0.7634660421545667 0.765625 0.7517564402810304 0.7765625 0.7377049180327869 0.78125 0.7213114754098361 0.7859375 0.7142857142857143 0.7875 0.7072599531615925 0.7921875 0.702576112412178 0.8015625 0.6791569086651054 0.8140625 0.6651053864168618 0.815625 0.6604215456674473 0.8140625 0.6557377049180327 0.815625 0.6533957845433255 0.821875 0.6487119437939111 0.828125 0.6229508196721312 0.83125 0.5971896955503513 0.834375 0.5901639344262295 0.8390625 0.5925058548009368 0.8421875 0.6065573770491803 0.8578125 0.6346604215456675 0.8625 0.6463700234192038 0.8625 0.6557377049180327 0.8671875 0.6697892271662763 0.8671875 0.6791569086651054 0.8734375 0.6861826697892272 0.88125 0.6814988290398126 0.9203125 0.6791569086651054 0.9421875 0.6651053864168618 0.94375 0.6604215456674473 0.9484375 0.65807962529274 0.953125 0.6510538641686182 0.9671875 0.6416861826697893 0.971875 0.6323185011709602 0.971875 0.6112412177985949 0.975 0.5925058548009368 0.9859375 0.5644028103044496 0.9953125 0.5597189695550351 0.984375 0.5386416861826698 0.9859375 0.5175644028103045 0.9921875 0.5035128805620609 0.990625 0.5011709601873536 0.984375 0.5035128805620609 0.9828125 0.5011709601873536 0.9796875 0.4707259953161593 0.9734375 0.4566744730679157 0.96875 0.4379391100702576 0.96875 0.4238875878220141 0.9640625 0.3981264637002342 0.9640625 0.3840749414519906 0.9625 0.3864168618266979 0.9625 0.4098360655737705 0.959375 0.4168618266978923 0.95625 0.4168618266978923 0.9421875 0.3981264637002342 0.940625 0.38875878220140514 0.9375 0.38875878220140514 0.9375 0.3957845433255269 0.9421875 0.40749414519906324 0.9421875 0.4215456674473068 0.9484375 0.4332552693208431 0.9546875 0.43559718969555034 0.9546875 0.44028103044496486 0.9515625 0.4426229508196721 0.959375 0.4566744730679157 0.9546875 0.4637002341920375 0.9453125 0.4637002341920375 0.9359375 0.4566744730679157 0.9359375 0.4519906323185012 0.928125 0.4379391100702576 0.9265625 0.42857142857142855 0.928125 0.4215456674473068 0.9265625 0.41920374707259955 0.925 0.3957845433255269 0.921875 0.3981264637002342 0.925 0.4028103044496487 0.925 0.4098360655737705 0.9234375 0.41920374707259955 0.9203125 0.4238875878220141 0.9046875 0.4238875878220141 0.903125 0.4215456674473068 0.9 0.3864168618266979 0.89375 0.3629976580796253 0.890625 0.3583138173302108 0.8890625 0.3583138173302108 0.86875 0.38173302107728335 0.865625 0.38173302107728335
3 0.4078125 0.3747072599531616 0.4203125 0.3793911007025761 0.415625 0.39344262295081966 0.4171875 0.3981264637002342 0.4203125 0.3957845433255269 0.4234375 0.3864168618266979 0.43125 0.3747072599531616 0.43125 0.3700234192037471 0.4265625 0.3629976580796253 0.4171875 0.3629976580796253 0.415625 0.3583138173302108 0.409375 0.3583138173302108 0.409375 0.36065573770491804 0.4046875 0.3700234192037471 0.4078125 0.3747072599531616
3 0.10625 0.2786885245901639 0.10625 0.2857142857142857 0.1015625 0.2927400468384075 0.103125 0.32084309133489464 0.0984375 0.3325526932084309 0.090625 0.3442622950819672 0.0875 0.3629976580796253 0.0796875 0.3793911007025761 0.0796875 0.39344262295081966 0.0734375 0.4028103044496487 0.075 0.41920374707259955 0.065625 0.4332552693208431 0.0734375 0.44028103044496486 0.08125 0.45433255269320844 0.08125 0.45901639344262296 0.09375 0.45901639344262296 0.0984375 0.4613583138173302 0.103125 0.468384074941452 0.109375 0.46604215456674475 0.1140625 0.4496487119437939 0.1203125 0.4426229508196721 0.1234375 0.4426229508196721 0.14375 0.40749414519906324 0.1515625 0.3981264637002342 0.1515625 0.3840749414519906 0.1578125 0.37236533957845436 0.1609375 0.3559718969555035 0.1640625 0.351288056206089 0.1671875 0.3325526932084309 0.1734375 0.3231850117096019 0.1859375 0.3114754098360656 0.171875 0.3114754098360656 0.1625 0.30679156908665106 0.1515625 0.32084309133489464 0.1453125 0.31381733021077285 0.1375 0.31381733021077285 0.1265625 0.3044496487119438 0.115625 0.30210772833723654 0.103125 0.25995316159250587 0.103125 0.26229508196721313 0.103125 0.2716627634660422 0.10625 0.2786885245901639
3 0.865625 0.38173302107728335 0.8625 0.38875878220140514 0.8625 0.40046838407494145 0.8671875 0.4168618266978923 0.8671875 0.4332552693208431 0.8625 0.4566744730679157 0.859375 0.4613583138173302 0.8546875 0.48243559718969553 0.8484375 0.49882903981264637 0.85 0.5105386416861827 0.85625 0.5081967213114754 0.8578125 0.5105386416861827 0.85625 0.5175644028103045 0.8578125 0.5199063231850117 0.8578125 0.5362997658079626 0.85625 0.5386416861826698 0.85625 0.550351288056206 0.85 0.5526932084309133 0.8515625 0.5714285714285714 0.85 0.5737704918032787 0.85 0.5995316159250585 0.8453125 0.6065573770491803 0.8484375 0.6182669789227166 0.8546875 0.6252927400468384 0.859375 0.6370023419203747 0.859375 0.6416861826697893 0.8625 0.6440281030444965 0.8671875 0.667447306791569 0.8671875 0.6768149882903981 0.8734375 0.6838407494145199 0.9203125 0.6791569086651054 0.9390625 0.667447306791569 0.9453125 0.65807962529274 0.9515625 0.6533957845433255 0.953125 0.6487119437939111 0.9625 0.6440281030444965 0.9703125 0.6323185011709602 0.9703125 0.6159250585480094 0.9734375 0.6065573770491803 0.9734375 0.5971896955503513 0.984375 0.5667447306791569 0.9828125 0.5620608899297423 0.9859375 0.5573770491803278 0.9859375 0.5456674473067916 0.9828125 0.5409836065573771 0.9828125 0.5269320843091335 0.9859375 0.5105386416861827 0.9828125 0.5081967213114754 0.98125 0.4847775175644028 0.978125 0.4707259953161593 0.9734375 0.4613583138173302 0.9734375 0.45433255269320844 0.9671875 0.4379391100702576 0.96875 0.4262295081967213 0.965625 0.4168618266978923 0.9640625 0.3911007025761124 0.9625 0.39344262295081966 0.9625 0.41217798594847777 0.959375 0.41920374707259955 0.953125 0.4168618266978923 0.9484375 0.4098360655737705 0.9453125 0.4098360655737705 0.94375 0.41451990632318503 0.9515625 0.4262295081967213 0.95 0.42857142857142855 0.9515625 0.4309133489461358 0.9546875 0.4309133489461358 0.9578125 0.43559718969555034 0.959375 0.44730679156908665 0.9640625 0.4519906323185012 0.9609375 0.45901639344262296 0.9640625 0.4637002341920375 0.9609375 0.468384074941452 0.9546875 0.468384074941452 0.953125 0.4707259953161593 0.9421875 0.468384074941452 0.928125 0.44730679156908665 0.925 0.4379391100702576 0.925 0.4215456674473068 0.921875 0.4262295081967213 0.9140625 0.42857142857142855 0.9125 0.4332552693208431 0.9140625 0.43559718969555034 0.9140625 0.4449648711943794 0.9109375 0.4496487119437939 0.9078125 0.4496487119437939 0.9046875 0.4449648711943794 0.903125 0.44028103044496486 0.903125 0.4215456674473068 0.9015625 0.41920374707259955 0.9015625 0.3981264637002342 0.8984375 0.38875878220140514 0.8984375 0.38173302107728335 0.8921875 0.36065573770491804 0.8875 0.3583138173302108 0.8875 0.36065573770491804 0.86875 0.38173302107728335 0.865625 0.38173302107728335
3 0.1015625 0.29508196721311475 0.1046875 0.30679156908665106 0.103125 0.32084309133489464 0.0984375 0.3325526932084309 0.090625 0.3442622950819672 0.0875 0.3629976580796253 0.0796875 0.3793911007025761 0.0796875 0.39344262295081966 0.0734375 0.4028103044496487 0.0734375 0.41920374707259955 0.0640625 0.4332552693208431 0.0515625 0.44028103044496486 0.0453125 0.4496487119437939 0.0453125 0.45433255269320844 0.040625 0.4637002341920375 0.0390625 0.49882903981264637 0.040625 0.5011709601873536 0.040625 0.5269320843091335 0.0328125 0.531615925058548 0.0328125 0.5339578454332553 0.040625 0.5456674473067916 0.04375 0.5550351288056206 0.04375 0.5644028103044496 0.0359375 0.5690866510538641 0.040625 0.5784543325526932 0.040625 0.5831381733021077 0.0359375 0.5925058548009368 0.034375 0.6135831381733021 0.0359375 0.6182669789227166 0.0296875 0.6276346604215457 0.028125 0.6440281030444965 0.040625 0.6487119437939111 0.040625 0.6323185011709602 0.046875 0.629976580796253 0.05 0.6323185011709602 0.0546875 0.639344262295082 0.059375 0.65807962529274 0.0546875 0.6651053864168618 0.0515625 0.6651053864168618 0.053125 0.667447306791569 0.065625 0.6697892271662763 0.0734375 0.6768149882903981 0.0890625 0.7002341920374707 0.0921875 0.7096018735362998 0.1078125 0.711943793911007 0.115625 0.7189695550351288 0.128125 0.7142857142857143 0.1421875 0.7142857142857143 0.15 0.7283372365339579 0.1625 0.7400468384074942 0.1640625 0.7494145199063232 0.1625 0.7564402810304449 0.1640625 0.7587822014051522 0.16875 0.7564402810304449 0.1671875 0.702576112412178 0.1734375 0.6932084309133489 0.1765625 0.6838407494145199 0.1765625 0.6791569086651054 0.171875 0.6744730679156908 0.171875 0.6627634660421545 0.1765625 0.6533957845433255 0.1765625 0.6440281030444965 0.1796875 0.6346604215456675 0.1796875 0.6276346604215457 0.175 0.6135831381733021 0.1640625 0.5971896955503513 0.1359375 0.5995316159250585 0.134375 0.5971896955503513 0.125 0.5971896955503513 0.121875 0.5925058548009368 0.1203125 0.5807962529274004 0.1171875 0.5761124121779859 0.1171875 0.550351288056206 0.1125 0.5292740046838408 0.109375 0.522248243559719 0.090625 0.5105386416861827 0.0859375 0.5128805620608899 0.1015625 0.5199063231850117 0.1125 0.5386416861826698 0.1140625 0.5714285714285714 0.1125 0.5737704918032787 0.1140625 0.5831381733021077 0.1109375 0.585480093676815 0.10625 0.5807962529274004 0.10625 0.5761124121779859 0.1015625 0.5714285714285714 0.1015625 0.5597189695550351 0.1 0.5573770491803278 0.09375 0.5573770491803278 0.0890625 0.5620608899297423 0.08125 0.5620608899297423 0.0765625 0.550351288056206 0.0734375 0.5339578454332553 0.075 0.531615925058548 0.075 0.5199063231850117 0.0828125 0.5128805620608899 0.075 0.5128805620608899 0.065625 0.5058548009367682 0.0625 0.5011709601873536 0.0625 0.4918032786885246 0.06875 0.477751756440281 0.0859375 0.4613583138173302 0.0953125 0.4613583138173302 0.103125 0.47306791569086654 0.1046875 0.468384074941452 0.109375 0.46604215456674475 0.1140625 0.45433255269320844 0.1140625 0.4496487119437939 0.1234375 0.4426229508196721 0.1421875 0.4098360655737705 0.1515625 0.3981264637002342 0.1515625 0.3840749414519906 0.1578125 0.37236533957845436 0.1609375 0.35362997658079626 0.165625 0.3442622950819672 0.1671875 0.3325526932084309 0.1734375 0.3231850117096019 0.1828125 0.3161592505854801 0.184375 0.3114754098360656 0.1734375 0.3114754098360656 0.1625 0.30679156908665106 0.1546875 0.3185011709601874 0.1484375 0.3185011709601874 0.1453125 0.31381733021077285 0.134375 0.3114754098360656 0.1265625 0.3044496487119438 0.115625 0.30210772833723654 0.103125 0.26229508196721313 0.103125 0.2646370023419204 0.10625 0.2857142857142857 0.1015625 0.29508196721311475
3 0.75 0.30210772833723654 0.7421875 0.30210772833723654 0.734375 0.3114754098360656 0.734375 0.3231850117096019 0.740625 0.3395784543325527 0.7453125 0.3629976580796253 0.7421875 0.3747072599531616 0.74375 0.3957845433255269 0.7390625 0.4028103044496487 0.75 0.4238875878220141 0.75 0.4379391100702576 0.734375 0.4613583138173302 0.73125 0.4637002341920375 0.7109375 0.4637002341920375 0.703125 0.4566744730679157 0.7 0.4566744730679157 0.6984375 0.4519906323185012 0.6921875 0.44730679156908665 0.6859375 0.4379391100702576 0.6703125 0.44028103044496486 0.66875 0.4426229508196721 0.6484375 0.44028103044496486 0.625 0.4566744730679157 0.603125 0.46604215456674475 0.59375 0.477751756440281 0.6015625 0.4894613583138173 0.6125 0.49414519906323184 0.6140625 0.5011709601873536 0.6109375 0.5035128805620609 0.6109375 0.5128805620608899 0.603125 0.522248243559719 0.6015625 0.531615925058548 0.59375 0.5409836065573771 0.5921875 0.550351288056206 0.5890625 0.5550351288056206 0.5890625 0.5644028103044496 0.5828125 0.5761124121779859 0.5859375 0.585480093676815 0.5828125 0.5901639344262295 0.584375 0.6112412177985949 0.5828125 0.6182669789227166 0.584375 0.6206088992974239 0.584375 0.6323185011709602 0.5890625 0.6416861826697893 0.5984375 0.6416861826697893 0.6109375 0.65807962529274 0.64375 0.6604215456674473 0.6546875 0.6768149882903981 0.6609375 0.6768149882903981 0.675 0.6885245901639344 0.6921875 0.6932084309133489 0.696875 0.6978922716627635 0.703125 0.6978922716627635 0.7078125 0.6932084309133489 0.7203125 0.6932084309133489 0.725 0.702576112412178 0.7296875 0.702576112412178 0.7328125 0.7072599531615925 0.7359375 0.7213114754098361 0.7421875 0.7283372365339579 0.74375 0.7330210772833724 0.74375 0.7494145199063232 0.7515625 0.7728337236533958 0.7578125 0.7798594847775175 0.7921875 0.7892271662763466 0.803125 0.7798594847775175 0.80625 0.7798594847775175 0.8109375 0.7728337236533958 0.8109375 0.765807962529274 0.815625 0.7587822014051522 0.8171875 0.7517564402810304 0.8171875 0.7423887587822015 0.8234375 0.7330210772833724 0.8296875 0.7353629976580797 0.846875 0.7517564402810304 0.85625 0.7517564402810304 0.859375 0.747072599531616 0.8578125 0.7400468384074942 0.8609375 0.7330210772833724 0.8578125 0.7283372365339579 0.8578125 0.7236533957845434 0.8515625 0.7072599531615925 0.85 0.7096018735362998 0.8515625 0.7166276346604216 0.85 0.7189695550351288 0.85 0.7283372365339579 0.8515625 0.7306791569086651 0.85 0.7330210772833724 0.8453125 0.7306791569086651 0.840625 0.7353629976580797 0.83125 0.7259953161592506 0.825 0.7236533957845434 0.8203125 0.7283372365339579 0.8140625 0.7423887587822015 0.8109375 0.7611241217798594 0.803125 0.765807962529274 0.79375 0.765807962529274 0.7796875 0.7611241217798594 0.7734375 0.7634660421545667 0.76875 0.7587822014051522 0.76875 0.7517564402810304 0.778125 0.7377049180327869 0.78125 0.7259953161592506 0.784375 0.7236533957845434 0.7875 0.7096018735362998 0.7953125 0.6978922716627635 0.8 0.6838407494145199 0.8125 0.667447306791569 0.8203125 0.6627634660421545 0.8265625 0.6651053864168618 0.8390625 0.6791569086651054 0.840625 0.6861826697892272 0.85 0.7002341920374707 0.8484375 0.6814988290398126 0.8375 0.6651053864168618 0.828125 0.6604215456674473 0.8234375 0.6487119437939111 0.8234375 0.639344262295082 0.8265625 0.6346604215456675 0.8328125 0.5925058548009368 0.8375 0.5878220140515222 0.8375 0.5784543325526932 0.84375 0.5597189695550351 0.8484375 0.5573770491803278 0.8515625 0.5620608899297423 0.8515625 0.5831381733021077 0.85 0.5925058548009368 0.846875 0.5971896955503513 0.8421875 0.594847775175644 0.8421875 0.6018735362997658 0.8484375 0.6135831381733021 0.8484375 0.6182669789227166 0.8578125 0.6323185011709602 0.8671875 0.6651053864168618 0.86875 0.6791569086651054 0.8765625 0.6838407494145199 0.878125 0.6814988290398126 0.91875 0.6791569086651054 0.9296875 0.6697892271662763 0.940625 0.6651053864168618 0.9421875 0.6604215456674473 0.9546875 0.6487119437939111 0.965625 0.6416861826697893 0.9703125 0.6323185011709602 0.971875 0.6229508196721312 0.9703125 0.6159250585480094 0.9734375 0.6042154566744731 0.9734375 0.594847775175644 0.9828125 0.5714285714285714 0.9828125 0.5667447306791569 0.990625 0.5573770491803278 0.990625 0.550351288056206 0.9828125 0.5386416861826698 0.9828125 0.5292740046838408 0.9875 0.5105386416861827 0.990625 0.5081967213114754 0.990625 0.5035128805620609 0.9875 0.5058548009367682 0.9828125 0.5011709601873536 0.9796875 0.47306791569086654 0.9734375 0.45901639344262296 0.9734375 0.4519906323185012 0.9671875 0.43559718969555034 0.96875 0.4262295081967213 0.965625 0.4168618266978923 0.9640625 0.39344262295081966 0.9625 0.4098360655737705 0.9578125 0.4168618266978923 0.953125 0.41451990632318503 0.9390625 0.3911007025761124 0.9375 0.3957845433255269 0.9421875 0.405152224824356 0.9421875 0.4215456674473068 0.9546875 0.44028103044496486 0.9515625 0.4426229508196721 0.959375 0.45433255269320844 0.959375 0.45901639344262296 0.9546875 0.4637002341920375 0.94375 0.4637002341920375 0.934375 0.45433255269320844 0.934375 0.4496487119437939 0.9265625 0.4332552693208431 0.925 0.4028103044496487 0.9234375 0.41920374707259955 0.9203125 0.4238875878220141 0.909375 0.4262295081967213 0.9140625 0.4379391100702576 0.9140625 0.4426229508196721 0.909375 0.4496487119437939 0.9109375 0.45433255269320844 0.915625 0.45433255269320844 0.9203125 0.4613583138173302 0.9203125 0.46604215456674475 0.9265625 0.47306791569086654 0.928125 0.4894613583138173 0.9328125 0.5011709601873536 0.9328125 0.5058548009367682 0.9390625 0.5081967213114754 0.9421875 0.5128805620608899 0.9421875 0.5292740046838408 0.934375 0.5362997658079626 0.9296875 0.5245901639344263 0.93125 0.5199063231850117 0.9140625 0.522248243559719 0.909375 0.5152224824355972 0.9078125 0.5035128805620609 0.9046875 0.49882903981264637 0.9078125 0.48711943793911006 0.9078125 0.45901639344262296 0.90625 0.4496487119437939 0.903125 0.4449648711943794 0.903125 0.4238875878220141 0.9015625 0.4215456674473068 0.9 0.39344262295081966 0.896875 0.3864168618266979 0.89375 0.36768149882903983 0.890625 0.3629976580796253 0.88125 0.36768149882903983 0.878125 0.3747072599531616 0.86875 0.38173302107728335 0.8640625 0.38875878220140514 0.8625 0.40046838407494145 0.8640625 0.4098360655737705 0.859375 0.41451990632318503 0.85625 0.41217798594847777 0.8515625 0.41451990632318503 0.8453125 0.4332552693208431 0.8359375 0.44028103044496486 0.8234375 0.4449648711943794 0.8171875 0.4449648711943794 0.80625 0.43559718969555034 0.803125 0.43559718969555034 0.7875 0.41217798594847777 0.78125 0.3957845433255269 0.778125 0.38173302107728335 0.78125 0.3747072599531616 0.7765625 0.3770491803278688 0.7734375 0.3747072599531616 0.765625 0.36065573770491804 0.7609375 0.34192037470725994 0.7609375 0.3185011709601874 0.7578125 0.2997658079625293 0.7546875 0.297423887587822 0.7546875 0.2997658079625293 0.7515625 0.30679156908665106 0.75 0.30210772833723654
3 0.7171875 0.46604215456674475 0.7 0.4566744730679157 0.6984375 0.4519906323185012 0.6859375 0.44028103044496486 0.66875 0.44028103044496486 0.6640625 0.4426229508196721 0.6625 0.44028103044496486 0.653125 0.44028103044496486 0.640625 0.4496487119437939 0.6328125 0.4519906323185012 0.6296875 0.4566744730679157 0.6171875 0.4637002341920375 0.615625 0.468384074941452 0.609375 0.4707259953161593 0.6078125 0.48243559718969553 0.609375 0.4894613583138173 0.6125 0.4894613583138173 0.615625 0.49414519906323184 0.615625 0.5011709601873536 0.6 0.5362997658079626 0.596875 0.5386416861826698 0.596875 0.5433255269320844 0.5921875 0.5526932084309133 0.5921875 0.5644028103044496 0.59375 0.5667447306791569 0.5890625 0.5761124121779859 0.59375 0.585480093676815 0.5875 0.5995316159250585 0.5890625 0.6042154566744731 0.5859375 0.6182669789227166 0.5890625 0.6229508196721312 0.5890625 0.629976580796253 0.5921875 0.6323185011709602 0.5921875 0.6370023419203747 0.5984375 0.6346604215456675 0.609375 0.6557377049180327 0.6453125 0.6604215456674473 0.6546875 0.6768149882903981 0.6609375 0.6768149882903981 0.671875 0.6861826697892272 0.6859375 0.6932084309133489 0.69375 0.6932084309133489 0.7 0.6978922716627635 0.7078125 0.6932084309133489 0.71875 0.6932084309133489 0.721875 0.6955503512880562 0.725 0.702576112412178 0.7328125 0.7072599531615925 0.7359375 0.7189695550351288 0.74375 0.7306791569086651 0.7453125 0.7377049180327869 0.74375 0.7447306791569087 0.7484375 0.7540983606557377 0.7484375 0.7611241217798594 0.7515625 0.7634660421545667 0.7515625 0.7587822014051522 0.7546875 0.7540983606557377 0.75 0.7447306791569087 0.7578125 0.7330210772833724 0.7609375 0.7189695550351288 0.765625 0.711943793911007 0.7671875 0.6814988290398126 0.7796875 0.6627634660421545 0.78125 0.6557377049180327 0.784375 0.6533957845433255 0.7875 0.6463700234192038 0.7890625 0.6346604215456675 0.7953125 0.6252927400468384 0.79375 0.6229508196721312 0.7953125 0.6206088992974239 0.796875 0.5971896955503513 0.7921875 0.5737704918032787 0.79375 0.5714285714285714 0.79375 0.5620608899297423 0.8015625 0.5409836065573771 0.8 0.49882903981264637 0.80625 0.47540983606557374 0.80625 0.44028103044496486 0.7875 0.41217798594847777 0.778125 0.38173302107728335 0.771875 0.37236533957845436 0.76875 0.3629976580796253 0.765625 0.36065573770491804 0.7609375 0.3395784543325527 0.759375 0.3044496487119438 0.7578125 0.297423887587822 0.7546875 0.29508196721311475 0.7546875 0.297423887587822 0.7515625 0.30679156908665106 0.75 0.30210772833723654 0.7421875 0.30210772833723654 0.734375 0.3114754098360656 0.7359375 0.3325526932084309 0.7390625 0.33489461358313816 0.74375 0.35362997658079626 0.7421875 0.38875878220140514 0.74375 0.3911007025761124 0.7390625 0.4028103044496487 0.740625 0.4098360655737705 0.75 0.4238875878220141 0.75 0.43559718969555034 0.746875 0.4426229508196721 0.740625 0.44730679156908665 0.7375 0.44730679156908665 0.7390625 0.4519906323185012 0.7296875 0.4637002341920375 0.7171875 0.46604215456674475
3 0.9515625 0.747072599531616 0.9890625 0.7423887587822015 0.9984375 0.7283372365339579 0.9984375 0.7096018735362998 0.9859375 0.7353629976580797 0.953125 0.7423887587822015 0.9515625 0.747072599531616
3 0.5140625 0.2154566744730679 0.509375 0.22014051522248243 0.503125 0.22014051522248243 0.4984375 0.22950819672131148 0.4921875 0.2529274004683841 0.490625 0.2716627634660422 0.4875 0.27634660421545665 0.4828125 0.297423887587822 0.4796875 0.2997658079625293 0.4734375 0.3161592505854801 0.4765625 0.3231850117096019 0.475 0.36533957845433257 0.46875 0.38173302107728335 0.4671875 0.405152224824356 0.4640625 0.41451990632318503 0.4625 0.4426229508196721 0.459375 0.45433255269320844 0.45625 0.4566744730679157 0.453125 0.4894613583138173 0.4484375 0.4964871194379391 0.4484375 0.5011709601873536 0.4390625 0.5245901639344263 0.43125 0.5362997658079626 0.428125 0.5456674473067916 0.428125 0.5597189695550351 0.4203125 0.5878220140515222 0.4171875 0.5901639344262295 0.415625 0.5971896955503513 0.4171875 0.6229508196721312 0.4203125 0.6276346604215457 0.4203125 0.667447306791569 0.421875 0.6697892271662763 0.421875 0.6814988290398126 0.4171875 0.6932084309133489 0.4171875 0.6978922716627635 0.4203125 0.6978922716627635 0.4234375 0.702576112412178 0.4234375 0.7306791569086651 0.4171875 0.7423887587822015 0.421875 0.7517564402810304 0.4265625 0.7540983606557377 0.43125 0.7681498829039812 0.4328125 0.7939110070257611 0.4390625 0.810304449648712 0.4375 0.819672131147541 0.4453125 0.819672131147541 0.45625 0.8337236533957846 0.45625 0.8384074941451991 0.478125 0.8571428571428571 0.4828125 0.8571428571428571 0.4859375 0.8618266978922716 0.50625 0.8618266978922716 0.5078125 0.8594847775175644 0.521875 0.8594847775175644 0.5234375 0.8571428571428571 0.553125 0.8571428571428571 0.5546875 0.8548009367681498 0.6015625 0.8501170960187353 0.609375 0.8430913348946136 0.6125 0.8430913348946136 0.6125 0.8384074941451991 0.6078125 0.8313817330210773 0.6140625 0.8290398126463701 0.615625 0.8220140515222483 0.60625 0.8032786885245902 0.6078125 0.7985948477751756 0.60625 0.7962529274004684 0.60625 0.7868852459016393 0.6078125 0.7845433255269321 0.6078125 0.7634660421545667 0.6140625 0.7540983606557377 0.6125 0.7423887587822015 0.6140625 0.7377049180327869 0.621875 0.7306791569086651 0.621875 0.7189695550351288 0.6234375 0.7166276346604216 0.6265625 0.7213114754098361 0.625 0.7236533957845434 0.628125 0.7236533957845434 0.6296875 0.7189695550351288 0.6359375 0.7213114754098361 0.6375 0.7142857142857143 0.6296875 0.7166276346604216 0.628125 0.7142857142857143 0.621875 0.7142857142857143 0.6203125 0.7072599531615925 0.625 0.7002341920374707 0.625 0.6955503512880562 0.621875 0.6932084309133489 0.6171875 0.6932084309133489 0.6203125 0.6978922716627635 0.615625 0.7049180327868853 0.6078125 0.6978922716627635 0.6078125 0.6908665105386417 0.603125 0.6885245901639344 0.5953125 0.6768149882903981 0.596875 0.667447306791569 0.5953125 0.6651053864168618 0.6 0.65807962529274 0.64375 0.6604215456674473 0.65 0.6697892271662763 0.65 0.6744730679156908 0.6609375 0.6814988290398126 0.6640625 0.6885245901639344 0.6765625 0.6885245901639344 0.6859375 0.6932084309133489 0.69375 0.6932084309133489 0.7 0.6978922716627635 0.7078125 0.6932084309133489 0.71875 0.6932084309133489 0.7203125 0.6978922716627635 0.73125 0.7072599531615925 0.7359375 0.7213114754098361 0.74375 0.7306791569086651 0.74375 0.747072599531616 0.746875 0.7517564402810304 0.7515625 0.7681498829039812 0.7625 0.7798594847775175 0.775 0.7822014051522248 0.7640625 0.7728337236533958 0.7671875 0.7517564402810304 0.778125 0.7353629976580797 0.7875 0.7072599531615925 0.7921875 0.702576112412178 0.8015625 0.6791569086651054 0.8078125 0.6697892271662763 0.821875 0.65807962529274 0.821875 0.6463700234192038 0.828125 0.6135831381733021 0.83125 0.6065573770491803 0.83125 0.5971896955503513 0.8375 0.5878220140515222 0.840625 0.5690866510538641 0.8453125 0.5597189695550351 0.85 0.5667447306791569 0.8484375 0.5761124121779859 0.85 0.5831381733021077 0.84375 0.5925058548009368 0.8390625 0.5925058548009368 0.8390625 0.594847775175644 0.8515625 0.6252927400468384 0.859375 0.6370023419203747 0.859375 0.6416861826697893 0.8640625 0.6533957845433255 0.8640625 0.6604215456674473 0.8671875 0.667447306791569 0.8671875 0.6768149882903981 0.8734375 0.6838407494145199 0.878125 0.6838407494145199 0.8796875 0.6814988290398126 0.91875 0.6791569086651054 0.93125 0.6697892271662763 0.9390625 0.667447306791569 0.9546875 0.6487119437939111 0.965625 0.6416861826697893 0.9703125 0.6323185011709602 0.9703125 0.6182669789227166 0.975 0.5901639344262295 0.9828125 0.5714285714285714 0.9828125 0.5644028103044496 0.9875 0.5573770491803278 0.9875 0.550351288056206 0.9828125 0.5409836065573771 0.9828125 0.5269320843091335 0.9890625 0.5058548009367682 0.9828125 0.5011709601873536 0.9796875 0.47306791569086654 0.975 0.46604215456674475 0.9734375 0.4519906323185012 0.96875 0.44028103044496486 0.96875 0.4262295081967213 0.965625 0.41451990632318503 0.9640625 0.3911007025761124 0.9625 0.40749414519906324 0.959375 0.41451990632318503 0.953125 0.41451990632318503 0.940625 0.3981264637002342 0.94375 0.4215456674473068 0.95625 0.4379391100702576 0.9578125 0.4496487119437939 0.9609375 0.4519906323185012 0.9609375 0.4566744730679157 0.95625 0.4637002341920375 0.9421875 0.4637002341920375 0.9359375 0.45901639344262296 0.934375 0.4496487119437939 0.9265625 0.43559718969555034 0.925 0.4028103044496487 0.925 0.4168618266978923 0.921875 0.4238875878220141 0.9046875 0.4262295081967213 0.903125 0.4238875878220141 0.9015625 0.3981264637002342 0.8984375 0.38173302107728335 0.89375 0.36533957845433257 0.890625 0.36065573770491804 0.8875 0.36065573770491804 0.86875 0.38173302107728335 0.865625 0.38173302107728335 0.8609375 0.39344262295081966 0.8640625 0.405152224824356 0.8609375 0.41920374707259955 0.8640625 0.4238875878220141 0.8640625 0.4449648711943794 0.8546875 0.47540983606557374 0.853125 0.477751756440281 0.846875 0.477751756440281 0.85 0.4847775175644028 0.846875 0.4918032786885246 0.846875 0.5058548009367682 0.84375 0.5081967213114754 0.846875 0.5105386416861827 0.846875 0.5245901639344263 0.84375 0.5269320843091335 0.84375 0.5386416861826698 0.840625 0.5480093676814989 0.834375 0.5573770491803278 0.83125 0.5737704918032787 0.83125 0.585480093676815 0.8125 0.6252927400468384 0.8109375 0.6346604215456675 0.8125 0.6416861826697893 0.8078125 0.6487119437939111 0.803125 0.6487119437939111 0.8015625 0.667447306791569 0.7984375 0.6744730679156908 0.7875 0.6885245901639344 0.784375 0.7002341920374707 0.7765625 0.711943793911007 0.771875 0.711943793911007 0.76875 0.702576112412178 0.76875 0.6791569086651054 0.7890625 0.6510538641686182 0.7890625 0.6416861826697893 0.7984375 0.6276346604215457 0.796875 0.6135831381733021 0.8 0.6065573770491803 0.796875 0.5995316159250585 0.796875 0.5925058548009368 0.79375 0.5878220140515222 0.79375 0.5644028103044496 0.8015625 0.5433255269320844 0.8015625 0.5105386416861827 0.8 0.5058548009367682 0.803125 0.4847775175644028 0.80625 0.477751756440281 0.80625 0.4496487119437939 0.8109375 0.4449648711943794 0.7875 0.41217798594847777 0.78125 0.3957845433255269 0.778125 0.3793911007025761 0.765625 0.36065573770491804 0.7609375 0.3395784543325527 0.759375 0.30210772833723654 0.7546875 0.29508196721311475 0.7515625 0.30210772833723654 0.7421875 0.30210772833723654 0.734375 0.3114754098360656 0.734375 0.3255269320843091 0.74375 0.3559718969555035 0.74375 0.36533957845433257 0.740625 0.3747072599531616 0.7421875 0.3793911007025761 0.7421875 0.3981264637002342 0.7390625 0.40046838407494145 0.7390625 0.405152224824356 0.746875 0.4168618266978923 0.75 0.4262295081967213 0.7484375 0.4379391100702576 0.74375 0.4449648711943794 0.7390625 0.44730679156908665 0.7375 0.4449648711943794 0.7265625 0.4449648711943794 0.7296875 0.45433255269320844 0.7328125 0.4566744730679157 0.73125 0.4613583138173302 0.7125 0.4637002341920375 0.7078125 0.45901639344262296 0.7 0.4566744730679157 0.6859375 0.44028103044496486 0.65 0.4426229508196721 0.6375 0.4519906323185012 0.63125 0.4519906323185012 0.6234375 0.45901639344262296 0.615625 0.45901639344262296 0.609375 0.468384074941452 0.6015625 0.468384074941452 0.596875 0.47306791569086654 0.5921875 0.47306791569086654 0.59375 0.48243559718969553 0.6 0.48243559718969553 0.6078125 0.49414519906323184 0.6109375 0.5128805620608899 0.603125 0.522248243559719 0.603125 0.5269320843091335 0.5953125 0.5386416861826698 0.59375 0.5480093676814989 0.584375 0.5620608899297423 0.584375 0.5831381733021077 0.5796875 0.5878220140515222 0.5671875 0.585480093676815 0.5625 0.5925058548009368 0.5625 0.594847775175644 0.565625 0.594847775175644 0.571875 0.5901639344262295 0.5734375 0.5925058548009368 0.571875 0.5995316159250585 0.575 0.5995316159250585 0.578125 0.594847775175644 0.584375 0.6018735362997658 0.5828125 0.6065573770491803 0.56875 0.6112412177985949 0.5578125 0.6088992974238876 0.5515625 0.6018735362997658 0.559375 0.5971896955503513 0.559375 0.5878220140515222 0.5546875 0.585480093676815 0.553125 0.5807962529274004 0.55 0.5807962529274004 0.5515625 0.585480093676815 0.546875 0.5901639344262295 0.5421875 0.5878220140515222 0.54375 0.5995316159250585 0.5421875 0.6018735362997658 0.53125 0.6018735362997658 0.528125 0.5995316159250585 0.5171875 0.5831381733021077 0.5140625 0.5644028103044496 0.51875 0.5526932084309133 0.5234375 0.5526932084309133 0.5296875 0.5480093676814989 0.5359375 0.550351288056206 0.534375 0.5433255269320844 0.5359375 0.5409836065573771 0.5296875 0.5362997658079626 0.53125 0.5292740046838408 0.525 0.522248243559719 0.525 0.5081967213114754 0.528125 0.5035128805620609 0.528125 0.49414519906323184 0.5375 0.477751756440281 0.5359375 0.47306791569086654 0.5375 0.4707259953161593 0.5390625 0.4449648711943794 0.546875 0.43559718969555034 0.5453125 0.4332552693208431 0.5484375 0.4262295081967213 0.5515625 0.4262295081967213 0.5578125 0.41920374707259955 0.5625 0.41920374707259955 0.5609375 0.41451990632318503 0.546875 0.4168618266978923 0.5453125 0.41451990632318503 0.5453125 0.3911007025761124 0.5484375 0.3770491803278688 0.5484375 0.3629976580796253 0.5640625 0.33021077283372363 0.565625 0.3231850117096019 0.5640625 0.32084309133489464 0.5640625 0.3114754098360656 0.56875 0.297423887587822 0.5625 0.2810304449648712 0.5640625 0.23653395784543327 0.5515625 0.22014051522248243 0.55 0.22014051522248243 0.5375 0.2154566744730679 0.5140625 0.2154566744730679
3 0.65 0.44028103044496486 0.646875 0.4449648711943794 0.6421875 0.4449648711943794 0.6375 0.4519906323185012 0.625 0.4566744730679157 0.615625 0.4637002341920375 0.60625 0.47306791569086654 0.6078125 0.4918032786885246 0.6140625 0.5011709601873536 0.609375 0.5152224824355972 0.596875 0.5362997658079626 0.5890625 0.5573770491803278 0.5890625 0.5690866510538641 0.5859375 0.5761124121779859 0.5921875 0.5807962529274004 0.5921875 0.5878220140515222 0.5859375 0.594847775175644 0.5859375 0.6206088992974239 0.5890625 0.6252927400468384 0.5875 0.6323185011709602 0.5890625 0.639344262295082 0.5984375 0.639344262295082 0.6046875 0.6440281030444965 0.609375 0.6557377049180327 0.6171875 0.6557377049180327 0.625 0.6604215456674473 0.64375 0.6604215456674473 0.6546875 0.6768149882903981 0.6671875 0.6791569086651054 0.671875 0.6861826697892272 0.684375 0.6932084309133489 0.703125 0.6955503512880562 0.7109375 0.6908665105386417 0.73125 0.6908665105386417 0.734375 0.6932084309133489 0.7328125 0.6814988290398126 0.734375 0.6768149882903981 0.7296875 0.6651053864168618 0.73125 0.6627634660421545 0.73125 0.6510538641686182 0.7296875 0.6463700234192038 0.734375 0.6370023419203747 0.7375 0.639344262295082 0.7375 0.6370023419203747 0.7328125 0.6346604215456675 0.7296875 0.6252927400468384 0.7328125 0.6206088992974239 0.7328125 0.6159250585480094 0.728125 0.6112412177985949 0.73125 0.6065573770491803 0.734375 0.6088992974238876 0.73125 0.5995316159250585 0.73125 0.5925058548009368 0.7359375 0.585480093676815 0.7453125 0.5784543325526932 0.7453125 0.5737704918032787 0.7421875 0.5714285714285714 0.7421875 0.5644028103044496 0.7453125 0.5620608899297423 0.7453125 0.550351288056206 0.7484375 0.5456674473067916 0.7390625 0.5339578454332553 0.7296875 0.5292740046838408 0.7296875 0.5175644028103045 0.7265625 0.5152224824355972 0.725 0.49882903981264637 0.7171875 0.4964871194379391 0.7125 0.4894613583138173 0.709375 0.468384074941452 0.6984375 0.4519906323185012 0.690625 0.4449648711943794 0.6890625 0.4449648711943794 0.6859375 0.44028103044496486 0.65 0.44028103044496486
3 0.5625 0.41217798594847777 0.553125 0.41451990632318503 0.5484375 0.4215456674473068 0.5484375 0.4262295081967213 0.553125 0.4332552693208431 0.546875 0.43559718969555034 0.546875 0.4496487119437939 0.540625 0.45901639344262296 0.5390625 0.4918032786885246 0.5359375 0.4964871194379391 0.5328125 0.49414519906323184 0.5296875 0.5081967213114754 0.5265625 0.5128805620608899 0.528125 0.5245901639344263 0.51875 0.5386416861826698 0.51875 0.5597189695550351 0.515625 0.5644028103044496 0.51875 0.5807962529274004 0.525 0.5901639344262295 0.51875 0.6018735362997658 0.5296875 0.6018735362997658 0.5328125 0.6065573770491803 0.5390625 0.6088992974238876 0.534375 0.6159250585480094 0.5328125 0.6252927400468384 0.5390625 0.6370023419203747 0.5375 0.6440281030444965 0.540625 0.65807962529274 0.54375 0.6604215456674473 0.54375 0.6510538641686182 0.5484375 0.6463700234192038 0.5640625 0.6487119437939111 0.5640625 0.6370023419203747 0.56875 0.6346604215456675 0.571875 0.6416861826697893 0.5734375 0.6533957845433255 0.5765625 0.65807962529274 0.5734375 0.6604215456674473 0.5734375 0.6744730679156908 0.5875 0.6791569086651054 0.5859375 0.6814988290398126 0.5875 0.6838407494145199 0.5875 0.702576112412178 0.590625 0.711943793911007 0.590625 0.7283372365339579 0.5890625 0.7330210772833724 0.59375 0.7400468384074942 0.5921875 0.7447306791569087 0.59375 0.7494145199063232 0.6015625 0.7611241217798594 0.603125 0.7728337236533958 0.6 0.7939110070257611 0.596875 0.7985948477751756 0.596875 0.8149882903981265 0.59375 0.8220140515222483 0.590625 0.8220140515222483 0.5859375 0.8290398126463701 0.5875 0.8384074941451991 0.5859375 0.8477751756440282 0.5953125 0.8524590163934426 0.596875 0.8501170960187353 0.60625 0.8524590163934426 0.6078125 0.8501170960187353 0.615625 0.8501170960187353 0.6234375 0.8454332552693209 0.6375 0.8524590163934426 0.684375 0.8524590163934426 0.6859375 0.8501170960187353 0.6953125 0.8501170960187353 0.7 0.8337236533957846 0.6953125 0.8266978922716628 0.69375 0.8290398126463701 0.6875 0.8220140515222483 0.6859375 0.8126463700234192 0.6890625 0.8056206088992974 0.69375 0.8032786885245902 0.7015625 0.7868852459016393 0.7109375 0.7845433255269321 0.7109375 0.7704918032786885 0.7078125 0.7704918032786885 0.7 0.7634660421545667 0.6984375 0.7681498829039812 0.7015625 0.7728337236533958 0.6921875 0.7845433255269321 0.6890625 0.7845433255269321 0.684375 0.7775175644028103 0.678125 0.7775175644028103 0.68125 0.7822014051522248 0.6765625 0.7868852459016393 0.6734375 0.7822014051522248 0.675 0.775175644028103 0.6703125 0.775175644028103 0.6640625 0.7798594847775175 0.6625 0.7775175644028103 0.6609375 0.7845433255269321 0.665625 0.8056206088992974 0.659375 0.810304449648712 0.659375 0.8173302107728337 0.6515625 0.8290398126463701 0.6484375 0.8220140515222483 0.640625 0.8149882903981265 0.640625 0.810304449648712 0.6375 0.8220140515222483 0.6328125 0.8126463700234192 0.6234375 0.8126463700234192 0.6171875 0.7892271662763466 0.621875 0.7798594847775175 0.6265625 0.7822014051522248 0.628125 0.7798594847775175 0.625 0.7775175644028103 0.625 0.7728337236533958 0.6296875 0.7704918032786885 0.634375 0.7728337236533958 0.6375 0.765807962529274 0.6421875 0.7681498829039812 0.65625 0.7587822014051522 0.6609375 0.7587822014051522 0.6640625 0.747072599531616 0.671875 0.7377049180327869 0.6703125 0.7353629976580797 0.6734375 0.7306791569086651 0.665625 0.7236533957845434 0.6640625 0.7189695550351288 0.66875 0.7166276346604216 0.675 0.7072599531615925 0.6734375 0.702576112412178 0.675 0.7002341920374707 0.675 0.6908665105386417 0.6609375 0.6791569086651054 0.6546875 0.6768149882903981 0.65 0.6791569086651054 0.64375 0.6721311475409836 0.634375 0.6721311475409836 0.6296875 0.6604215456674473 0.6171875 0.6557377049180327 0.6125 0.6487119437939111 0.6125 0.6440281030444965 0.60625 0.6440281030444965 0.6046875 0.6370023419203747 0.6109375 0.6346604215456675 0.6171875 0.6206088992974239 0.6203125 0.6206088992974239 0.6203125 0.6159250585480094 0.6171875 0.6135831381733021 0.6171875 0.6088992974238876 0.609375 0.6088992974238876 0.60625 0.6042154566744731 0.5953125 0.6159250585480094 0.59375 0.6112412177985949 0.5953125 0.6088992974238876 0.5921875 0.6018735362997658 0.5953125 0.5901639344262295 0.6 0.5878220140515222 0.60625 0.5784543325526932 0.6140625 0.5737704918032787 0.6125 0.5714285714285714 0.609375 0.5737704918032787 0.6046875 0.5620608899297423 0.6 0.5620608899297423 0.59375 0.5573770491803278 0.59375 0.5526932084309133 0.5984375 0.5480093676814989 0.59375 0.5409836065573771 0.6046875 0.5245901639344263 0.60625 0.5081967213114754 0.6171875 0.49414519906323184 0.6171875 0.48711943793911006 0.621875 0.48243559718969553 0.621875 0.4707259953161593 0.628125 0.46604215456674475 0.628125 0.45901639344262296 0.621875 0.4613583138173302 0.6203125 0.45901639344262296 0.621875 0.4496487119437939 0.6234375 0.44730679156908665 0.6328125 0.44730679156908665 0.634375 0.44028103044496486 0.634375 0.4379391100702576 0.6296875 0.4379391100702576 0.6234375 0.4426229508196721 0.615625 0.4309133489461358 0.621875 0.41451990632318503 0.6203125 0.4098360655737705 0.625 0.4028103044496487 0.6359375 0.40046838407494145 0.628125 0.38875878220140514 0.6296875 0.3793911007025761 0.625 0.37236533957845436 0.634375 0.3629976580796253 0.646875 0.36533957845433257 0.6484375 0.3629976580796253 0.6484375 0.3583138173302108 0.6390625 0.34192037470725994 0.65625 0.3185011709601874 0.6609375 0.32084309133489464 0.665625 0.3091334894613583 0.6734375 0.3044496487119438 0.6796875 0.3044496487119438 0.684375 0.3114754098360656 0.684375 0.3231850117096019 0.68125 0.3255269320843091 0.6671875 0.3559718969555035 0.66875 0.3559718969555035 0.6734375 0.3442622950819672 0.6828125 0.33489461358313816 0.6859375 0.32786885245901637 0.6859375 0.2997658079625293 0.696875 0.28337236533957844 0.69375 0.2786885245901639 0.69375 0.2693208430913349 0.6859375 0.2693208430913349 0.678125 0.27634660421545665 0.6796875 0.27634660421545665 0.684375 0.2810304449648712 0.6828125 0.28805620608899296 0.6796875 0.28805620608899296 0.6765625 0.29508196721311475 0.6640625 0.2997658079625293 0.6546875 0.3091334894613583 0.6515625 0.3091334894613583 0.6375 0.33021077283372363 0.634375 0.33021077283372363 0.6296875 0.3395784543325527 0.6203125 0.3442622950819672 0.6015625 0.3747072599531616 0.5921875 0.3770491803278688 0.5890625 0.38173302107728335 0.5890625 0.3864168618266979 0.584375 0.3911007025761124 0.5796875 0.3864168618266979 0.5859375 0.3770491803278688 0.58125 0.3747072599531616 0.575 0.36533957845433257 0.5703125 0.3559718969555035 0.5671875 0.3583138173302108 0.5671875 0.3747072599531616 0.5734375 0.38875878220140514 0.5703125 0.39344262295081966 0.5703125 0.40046838407494145 0.5625 0.41217798594847777
3 0.5078125 0.22014051522248243 0.5015625 0.22014051522248243 0.4953125 0.23653395784543327 0.490625 0.25995316159250587 0.490625 0.2693208430913349 0.4875 0.27400468384074944 0.484375 0.2927400468384075 0.4734375 0.31381733021077285 0.4734375 0.32084309133489464 0.4765625 0.3231850117096019 0.4765625 0.351288056206089 0.475 0.35362997658079626 0.475 0.3629976580796253 0.4671875 0.3864168618266979 0.465625 0.40749414519906324 0.4625 0.41451990632318503 0.4640625 0.41920374707259955 0.4609375 0.4262295081967213 0.4625 0.43559718969555034 0.45625 0.4566744730679157 0.453125 0.48711943793911006 0.44375 0.5128805620608899 0.4359375 0.5292740046838408 0.4328125 0.531615925058548 0.428125 0.5456674473067916 0.428125 0.5573770491803278 0.425 0.5644028103044496 0.425 0.5737704918032787 0.4171875 0.5925058548009368 0.415625 0.6018735362997658 0.415625 0.6159250585480094 0.4203125 0.629976580796253 0.41875 0.6370023419203747 0.4203125 0.639344262295082 0.421875 0.6814988290398126 0.4140625 0.6955503512880562 0.4109375 0.7096018735362998 0.4 0.7259953161592506 0.4015625 0.7353629976580797 0.4125 0.7400468384074942 0.4171875 0.7564402810304449 0.425 0.7587822014051522 0.4296875 0.7634660421545667 0.4328125 0.7775175644028103 0.4328125 0.7962529274004684 0.4359375 0.8009367681498829 0.4359375 0.8220140515222483 0.446875 0.8220140515222483 0.4625 0.8454332552693209 0.4859375 0.8618266978922716 0.5140625 0.8618266978922716 0.515625 0.8594847775175644 0.528125 0.8594847775175644 0.5296875 0.8571428571428571 0.5625 0.8571428571428571 0.5640625 0.8548009367681498 0.5796875 0.8548009367681498 0.58125 0.8524590163934426 0.6046875 0.8524590163934426 0.60625 0.8501170960187353 0.6125 0.8501170960187353 0.6171875 0.8454332552693209 0.63125 0.8430913348946136 0.6359375 0.8360655737704918 0.6359375 0.8290398126463701 0.6328125 0.8243559718969555 0.6296875 0.8290398126463701 0.628125 0.8243559718969555 0.61875 0.819672131147541 0.615625 0.8149882903981265 0.615625 0.775175644028103 0.6171875 0.7728337236533958 0.615625 0.765807962529274 0.621875 0.7634660421545667 0.6265625 0.7564402810304449 0.6375 0.7564402810304449 0.6390625 0.7540983606557377 0.6375 0.7494145199063232 0.63125 0.7517564402810304 0.628125 0.7400468384074942 0.6390625 0.7330210772833724 0.640625 0.7283372365339579 0.64375 0.7283372365339579 0.6484375 0.7213114754098361 0.6578125 0.7236533957845434 0.6546875 0.7142857142857143 0.6546875 0.7072599531615925 0.659375 0.702576112412178 0.6625 0.6908665105386417 0.659375 0.6861826697892272 0.653125 0.6861826697892272 0.6515625 0.6885245901639344 0.640625 0.6838407494145199 0.6390625 0.6861826697892272 0.63125 0.6861826697892272 0.6203125 0.6651053864168618 0.6109375 0.6627634660421545 0.609375 0.667447306791569 0.6 0.6440281030444965 0.590625 0.6440281030444965 0.5859375 0.639344262295082 0.5796875 0.6206088992974239 0.5796875 0.594847775175644 0.5859375 0.5878220140515222 0.5859375 0.5807962529274004 0.5796875 0.5761124121779859 0.584375 0.5690866510538641 0.5828125 0.5526932084309133 0.5875 0.5386416861826698 0.5875 0.531615925058548 0.584375 0.522248243559719 0.5875 0.5175644028103045 0.5875 0.5105386416861827 0.5921875 0.5011709601873536 0.5921875 0.49414519906323184 0.59375 0.4918032786885246 0.6 0.4918032786885246 0.6 0.47306791569086654 0.5984375 0.4707259953161593 0.60625 0.4613583138173302 0.6078125 0.4262295081967213 0.6140625 0.41920374707259955 0.6140625 0.40046838407494145 0.6234375 0.3911007025761124 0.6234375 0.3864168618266979 0.6171875 0.3840749414519906 0.6140625 0.3793911007025761 0.615625 0.3700234192037471 0.640625 0.3325526932084309 0.6453125 0.33021077283372363 0.65 0.32084309133489464 0.6640625 0.30679156908665106 0.684375 0.2997658079625293 0.6921875 0.2857142857142857 0.6890625 0.2810304449648712 0.690625 0.27400468384074944 0.6859375 0.27400468384074944 0.6859375 0.2857142857142857 0.68125 0.29508196721311475 0.675 0.2997658079625293 0.6640625 0.30210772833723654 0.6609375 0.30679156908665106 0.6515625 0.3114754098360656 0.6453125 0.3231850117096019 0.6328125 0.33489461358313816 0.628125 0.3442622950819672 0.621875 0.34660421545667447 0.615625 0.35362997658079626 0.6140625 0.36065573770491804 0.6109375 0.3629976580796253 0.60625 0.3747072599531616 0.5953125 0.3793911007025761 0.5875 0.3911007025761124 0.58125 0.3911007025761124 0.5796875 0.38875878220140514 0.578125 0.3700234192037471 0.575 0.3629976580796253 0.56875 0.3583138173302108 0.5671875 0.36768149882903983 0.56875 0.3700234192037471 0.5671875 0.37236533957845436 0.5703125 0.3793911007025761 0.56875 0.3957845433255269 0.5703125 0.3981264637002342 0.5609375 0.41217798594847777 0.5515625 0.41451990632318503 0.55 0.41217798594847777 0.546875 0.41451990632318503 0.5453125 0.41217798594847777 0.5453125 0.39344262295081966 0.5484375 0.38875878220140514 0.55 0.3629976580796253 0.5515625 0.3559718969555035 0.5640625 0.33021077283372363 0.565625 0.3231850117096019 0.5640625 0.32084309133489464 0.5640625 0.3114754098360656 0.5671875 0.3044496487119438 0.56875 0.2927400468384075 0.5640625 0.28805620608899296 0.5640625 0.2786885245901639 0.5625 0.27634660421545665 0.5640625 0.23653395784543327 0.553125 0.22014051522248243 0.5390625 0.2154566744730679 0.5375 0.2154566744730679 0.5140625 0.2154566744730679 0.5078125 0.22014051522248243
3 0.490625 0.2693208430913349 0.484375 0.2927400468384075 0.478125 0.30210772833723654 0.4734375 0.3161592505854801 0.4765625 0.3231850117096019 0.4765625 0.351288056206089 0.475 0.35362997658079626 0.475 0.3629976580796253 0.4671875 0.38875878220140514 0.4671875 0.4028103044496487 0.4640625 0.41451990632318503 0.465625 0.41920374707259955 0.4640625 0.4215456674473068 0.4640625 0.4332552693208431 0.459375 0.4519906323185012 0.45625 0.4566744730679157 0.4546875 0.477751756440281 0.4515625 0.4918032786885246 0.440625 0.5199063231850117 0.43125 0.5339578454332553 0.4234375 0.5784543325526932 0.4171875 0.5901639344262295 0.415625 0.6159250585480094 0.4203125 0.6276346604215457 0.421875 0.6814988290398126 0.4140625 0.6978922716627635 0.4125 0.7096018735362998 0.4140625 0.7142857142857143 0.41875 0.7142857142857143 0.421875 0.7002341920374707 0.4234375 0.702576112412178 0.4234375 0.7236533957845434 0.421875 0.7259953161592506 0.41875 0.7189695550351288 0.4140625 0.7189695550351288 0.409375 0.7236533957845434 0.4015625 0.7259953161592506 0.4015625 0.7306791569086651 0.4125 0.7353629976580797 0.415625 0.747072599531616 0.421875 0.7564402810304449 0.425 0.7540983606557377 0.4296875 0.7634660421545667 0.4328125 0.7775175644028103 0.4328125 0.7939110070257611 0.4375 0.8009367681498829 0.4390625 0.8079625292740047 0.4375 0.819672131147541 0.446875 0.8220140515222483 0.4625 0.8454332552693209 0.4859375 0.8618266978922716 0.509375 0.8618266978922716 0.5109375 0.8594847775175644 0.525 0.8594847775175644 0.5265625 0.8571428571428571 0.55625 0.8571428571428571 0.5578125 0.8548009367681498 0.571875 0.8548009367681498 0.5734375 0.8524590163934426 0.5921875 0.8524590163934426 0.6015625 0.8454332552693209 0.60625 0.8454332552693209 0.6015625 0.8407494145199064 0.6015625 0.8337236533957846 0.6046875 0.8290398126463701 0.6 0.8220140515222483 0.6015625 0.8173302107728337 0.6 0.8149882903981265 0.6 0.7915690866510539 0.6015625 0.7845433255269321 0.6046875 0.7822014051522248 0.6046875 0.7728337236533958 0.609375 0.7517564402810304 0.6078125 0.7423887587822015 0.6046875 0.7377049180327869 0.60625 0.7283372365339579 0.6015625 0.7166276346604216 0.60625 0.7072599531615925 0.5921875 0.6791569086651054 0.5921875 0.6651053864168618 0.5875 0.65807962529274 0.5859375 0.6463700234192038 0.578125 0.6346604215456675 0.56875 0.6346604215456675 0.559375 0.6159250585480094 0.5546875 0.6159250585480094 0.55 0.6088992974238876 0.546875 0.6088992974238876 0.54375 0.6018735362997658 0.5375 0.6042154566744731 0.525 0.5995316159250585 0.5140625 0.5761124121779859 0.5140625 0.5573770491803278 0.515625 0.5526932084309133 0.53125 0.5433255269320844 0.525 0.5362997658079626 0.528125 0.5292740046838408 0.525 0.5269320843091335 0.525 0.5152224824355972 0.5234375 0.5128805620608899 0.528125 0.4918032786885246 0.53125 0.4894613583138173 0.53125 0.4847775175644028 0.5359375 0.477751756440281 0.5390625 0.4426229508196721 0.5421875 0.4379391100702576 0.5421875 0.4332552693208431 0.55 0.4215456674473068 0.55625 0.41920374707259955 0.55 0.4168618266978923 0.546875 0.4215456674473068 0.54375 0.4028103044496487 0.5484375 0.3770491803278688 0.546875 0.3700234192037471 0.5484375 0.36065573770491804 0.5609375 0.3372365339578454 0.565625 0.3231850117096019 0.5640625 0.3091334894613583 0.56875 0.29508196721311475 0.5640625 0.28805620608899296 0.5625 0.2810304449648712 0.5625 0.25526932084309134 0.565625 0.2388758782201405 0.553125 0.22014051522248243 0.5421875 0.2154566744730679 0.5125 0.2154566744730679 0.50625 0.22014051522248243 0.5015625 0.22014051522248243 0.5015625 0.2224824355971897 0.4953125 0.23653395784543327 0.490625 0.2693208430913349
3 0.7515625 0.3114754098360656 0.7484375 0.30210772833723654 0.7421875 0.30210772833723654 0.734375 0.3091334894613583 0.7359375 0.33021077283372363 0.7390625 0.33489461358313816 0.7453125 0.3583138173302108 0.7453125 0.36533957845433257 0.7421875 0.3747072599531616 0.74375 0.3981264637002342 0.740625 0.4028103044496487 0.7390625 0.40046838407494145 0.7390625 0.4028103044496487 0.75 0.4238875878220141 0.75 0.4379391100702576 0.734375 0.4637002341920375 0.725 0.4707259953161593 0.7203125 0.4707259953161593 0.7203125 0.47306791569086654 0.73125 0.47306791569086654 0.7375 0.468384074941452 0.7453125 0.468384074941452 0.746875 0.4707259953161593 0.740625 0.48243559718969553 0.73125 0.48711943793911006 0.7328125 0.49414519906323184 0.728125 0.5058548009367682 0.73125 0.5081967213114754 0.7421875 0.5081967213114754 0.74375 0.5058548009367682 0.75 0.5058548009367682 0.7546875 0.5128805620608899 0.753125 0.522248243559719 0.7546875 0.5269320843091335 0.7515625 0.531615925058548 0.7625 0.5386416861826698 0.76875 0.5386416861826698 0.7703125 0.5409836065573771 0.7671875 0.5433255269320844 0.76875 0.5456674473067916 0.771875 0.5433255269320844 0.778125 0.5526932084309133 0.775 0.5620608899297423 0.7796875 0.5667447306791569 0.7796875 0.5714285714285714 0.784375 0.5737704918032787 0.7828125 0.5667447306791569 0.8 0.5409836065573771 0.8 0.49414519906323184 0.8046875 0.48009367681498827 0.80625 0.4519906323185012 0.803125 0.43559718969555034 0.7859375 0.4098360655737705 0.778125 0.38173302107728335 0.7734375 0.3770491803278688 0.7625 0.351288056206089 0.759375 0.30210772833723654 0.7546875 0.29508196721311475 0.7546875 0.297423887587822 0.7546875 0.30679156908665106 0.7515625 0.3114754098360656
3 0.7515625 0.3114754098360656 0.7484375 0.30210772833723654 0.7421875 0.30210772833723654 0.734375 0.3114754098360656 0.7359375 0.33021077283372363 0.740625 0.3395784543325527 0.7453125 0.3583138173302108 0.7453125 0.36533957845433257 0.7421875 0.3747072599531616 0.74375 0.3981264637002342 0.740625 0.4028103044496487 0.740625 0.40749414519906324 0.75 0.4238875878220141 0.75 0.4379391100702576 0.734375 0.4637002341920375 0.7234375 0.4707259953161593 0.7140625 0.4707259953161593 0.7140625 0.477751756440281 0.7203125 0.47540983606557374 0.721875 0.477751756440281 0.728125 0.477751756440281 0.7328125 0.47306791569086654 0.7390625 0.47306791569086654 0.740625 0.4707259953161593 0.7421875 0.47306791569086654 0.740625 0.48009367681498827 0.7328125 0.48711943793911006 0.725 0.48711943793911006 0.728125 0.4964871194379391 0.7265625 0.5058548009367682 0.7359375 0.5152224824355972 0.734375 0.5362997658079626 0.7359375 0.5409836065573771 0.7296875 0.5456674473067916 0.7234375 0.5456674473067916 0.7203125 0.550351288056206 0.725 0.550351288056206 0.73125 0.5644028103044496 0.7390625 0.5644028103044496 0.740625 0.5667447306791569 0.7328125 0.5784543325526932 0.7359375 0.5807962529274004 0.734375 0.5878220140515222 0.7234375 0.5878220140515222 0.71875 0.594847775175644 0.7265625 0.6112412177985949 0.721875 0.6206088992974239 0.7171875 0.6229508196721312 0.7171875 0.6252927400468384 0.7203125 0.6229508196721312 0.7234375 0.6276346604215457 0.7234375 0.6346604215456675 0.728125 0.6370023419203747 0.728125 0.6416861826697893 0.73125 0.6463700234192038 0.7328125 0.6651053864168618 0.73125 0.6697892271662763 0.7328125 0.6721311475409836 0.7328125 0.6814988290398126 0.7359375 0.6885245901639344 0.7359375 0.7072599531615925 0.740625 0.7213114754098361 0.7453125 0.7306791569086651 0.75 0.7213114754098361 0.7546875 0.7213114754098361 0.7640625 0.711943793911007 0.765625 0.7072599531615925 0.765625 0.6814988290398126 0.778125 0.6651053864168618 0.7921875 0.6276346604215457 0.7953125 0.5925058548009368 0.7921875 0.5807962529274004 0.7921875 0.5644028103044496 0.8015625 0.5409836065573771 0.8 0.49882903981264637 0.80625 0.477751756440281 0.80625 0.44028103044496486 0.7875 0.41217798594847777 0.778125 0.38173302107728335 0.7734375 0.3770491803278688 0.771875 0.3700234192037471 0.765625 0.36065573770491804 0.7609375 0.34192037470725994 0.759375 0.30210772833723654 0.7546875 0.29508196721311475 0.7546875 0.297423887587822 0.7546875 0.30679156908665106 0.7515625 0.3114754098360656
3 0.9546875 0.4707259953161593 0.946875 0.4707259953161593 0.940625 0.4637002341920375 0.9328125 0.4613583138173302 0.93125 0.4566744730679157 0.9328125 0.4519906323185012 0.9265625 0.4426229508196721 0.925 0.43559718969555034 0.925 0.4215456674473068 0.9234375 0.44028103044496486 0.925 0.4449648711943794 0.921875 0.4496487119437939 0.921875 0.45433255269320844 0.9265625 0.4613583138173302 0.9265625 0.46604215456674475 0.93125 0.47540983606557374 0.9328125 0.4918032786885246 0.9484375 0.5128805620608899 0.9484375 0.5245901639344263 0.9453125 0.5292740046838408 0.9453125 0.5386416861826698 0.940625 0.5456674473067916 0.9296875 0.5456674473067916 0.91875 0.5292740046838408 0.9140625 0.5269320843091335 0.9046875 0.5128805620608899 0.9015625 0.5011709601873536 0.9046875 0.49414519906323184 0.9046875 0.48243559718969553 0.9 0.47540983606557374 0.9 0.4707259953161593 0.903125 0.468384074941452 0.9015625 0.4613583138173302 0.9046875 0.4566744730679157 0.9 0.4426229508196721 0.9015625 0.44028103044496486 0.9015625 0.42857142857142855 0.8921875 0.4215456674473068 0.9 0.41451990632318503 0.896875 0.41217798594847777 0.8984375 0.3957845433255269 0.8953125 0.38173302107728335 0.8875 0.38875878220140514 0.8859375 0.3864168618266979 0.8875 0.3770491803278688 0.8859375 0.37236533957845436 0.8875 0.3700234192037471 0.8828125 0.37236533957845436 0.8796875 0.3981264637002342 0.8765625 0.405152224824356 0.8734375 0.3981264637002342 0.8734375 0.3911007025761124 0.8703125 0.3864168618266979 0.865625 0.38875878220140514 0.8671875 0.40749414519906324 0.865625 0.41217798594847777 0.8609375 0.4168618266978923 0.853125 0.41451990632318503 0.846875 0.4332552693208431 0.8421875 0.4379391100702576 0.8484375 0.4379391100702576 0.85625 0.4262295081967213 0.8640625 0.41920374707259955 0.8671875 0.4215456674473068 0.865625 0.45433255269320844 0.86875 0.4566744730679157 0.8640625 0.45901639344262296 0.8625 0.4707259953161593 0.859375 0.47306791569086654 0.8578125 0.48009367681498827 0.8609375 0.4847775175644028 0.8578125 0.48711943793911006 0.8578125 0.49414519906323184 0.8515625 0.4964871194379391 0.8515625 0.5081967213114754 0.8546875 0.5128805620608899 0.8515625 0.5152224824355972 0.8578125 0.5152224824355972 0.859375 0.5081967213114754 0.8625 0.5081967213114754 0.8640625 0.5105386416861827 0.8625 0.5152224824355972 0.865625 0.522248243559719 0.86875 0.522248243559719 0.88125 0.5081967213114754 0.8828125 0.5152224824355972 0.878125 0.522248243559719 0.88125 0.5245901639344263 0.8796875 0.5292740046838408 0.8828125 0.531615925058548 0.8828125 0.5386416861826698 0.8921875 0.5386416861826698 0.9046875 0.5269320843091335 0.90625 0.5292740046838408 0.9046875 0.5362997658079626 0.90625 0.5409836065573771 0.9046875 0.5433255269320844 0.90625 0.5480093676814989 0.903125 0.550351288056206 0.8984375 0.5480093676814989 0.896875 0.550351288056206 0.9 0.550351288056206 0.9015625 0.5550351288056206 0.896875 0.5620608899297423 0.8984375 0.5644028103044496 0.896875 0.5714285714285714 0.9046875 0.5690866510538641 0.909375 0.5784543325526932 0.9078125 0.5807962529274004 0.8984375 0.5807962529274004 0.89375 0.5901639344262295 0.890625 0.5901639344262295 0.8921875 0.5925058548009368 0.9109375 0.5901639344262295 0.915625 0.5925058548009368 0.9203125 0.5901639344262295 0.921875 0.594847775175644 0.9203125 0.5971896955503513 0.909375 0.5995316159250585 0.9046875 0.6065573770491803 0.9109375 0.6065573770491803 0.9125 0.6135831381733021 0.9171875 0.6159250585480094 0.9109375 0.6206088992974239 0.925 0.6206088992974239 0.925 0.6159250585480094 0.9296875 0.6112412177985949 0.9359375 0.6206088992974239 0.9359375 0.6346604215456675 0.9375 0.6370023419203747 0.934375 0.6416861826697893 0.9359375 0.6510538641686182 0.9328125 0.6557377049180327 0.9375 0.65807962529274 0.94375 0.6510538641686182 0.9390625 0.6416861826697893 0.940625 0.6346604215456675 0.9453125 0.6323185011709602 0.95 0.6370023419203747 0.9484375 0.639344262295082 0.9484375 0.6487119437939111 0.95 0.6487119437939111 0.9671875 0.6346604215456675 0.9671875 0.6229508196721312 0.96875 0.6206088992974239 0.9671875 0.6135831381733021 0.9703125 0.6112412177985949 0.9703125 0.5995316159250585 0.98125 0.5667447306791569 0.98125 0.5480093676814989 0.9796875 0.5456674473067916 0.98125 0.5433255269320844 0.9796875 0.5409836065573771 0.9828125 0.5269320843091335 0.9828125 0.5105386416861827 0.98125 0.5081967213114754 0.98125 0.49414519906323184 0.975 0.48711943793911006 0.978125 0.4707259953161593 0.9734375 0.46604215456674475 0.971875 0.4519906323185012 0.9671875 0.44730679156908665 0.9671875 0.4238875878220141 0.9640625 0.41920374707259955 0.9640625 0.41217798594847777 0.959375 0.4215456674473068 0.95625 0.4215456674473068 0.950067934375 0.41492719672131145 0.9515625 0.4238875878220141 0.959375 0.4379391100702576 0.965625 0.4449648711943794 0.965625 0.468384074941452 0.9640625 0.4707259953161593 0.9625 0.468384074941452 0.95625 0.468384074941452 0.9546875 0.4707259953161593
3 0.7765625 0.3770491803278688 0.765625 0.3583138173302108 0.7609375 0.33489461358313816 0.7609375 0.3114754098360656 0.7578125 0.297423887587822 0.7546875 0.297423887587822 0.7515625 0.30210772833723654 0.7421875 0.30210772833723654 0.734375 0.3114754098360656 0.734375 0.3255269320843091 0.74375 0.3559718969555035 0.7421875 0.3583138173302108 0.74375 0.3629976580796253 0.7421875 0.36533957845433257 0.7421875 0.3981264637002342 0.7390625 0.4028103044496487 0.7421875 0.41217798594847777 0.746875 0.4168618266978923 0.75 0.4309133489461358 0.7484375 0.4379391100702576 0.740625 0.44730679156908665 0.7390625 0.4449648711943794 0.7265625 0.4449648711943794 0.7328125 0.4566744730679157 0.73125 0.4613583138173302 0.709375 0.4613583138173302 0.7 0.4566744730679157 0.6984375 0.4519906323185012 0.6859375 0.44028103044496486 0.6625 0.4426229508196721 0.6609375 0.44028103044496486 0.646875 0.44028103044496486 0.64375 0.4449648711943794 0.628125 0.4519906323185012 0.6234375 0.4566744730679157 0.61875 0.4566744730679157 0.6140625 0.4496487119437939 0.6 0.44730679156908665 0.5921875 0.4519906323185012 0.5921875 0.4566744730679157 0.596875 0.4613583138173302 0.5953125 0.468384074941452 0.5890625 0.4707259953161593 0.58125 0.48009367681498827 0.5734375 0.48009367681498827 0.5703125 0.47540983606557374 0.5671875 0.48009367681498827 0.565625 0.47540983606557374 0.5609375 0.47306791569086654 0.5640625 0.47540983606557374 0.5640625 0.48243559718969553 0.5609375 0.48711943793911006 0.55625 0.48711943793911006 0.5546875 0.49414519906323184 0.5484375 0.48711943793911006 0.55 0.4847775175644028 0.546875 0.48009367681498827 0.540625 0.4847775175644028 0.5421875 0.49882903981264637 0.540625 0.5035128805620609 0.5421875 0.5058548009367682 0.5609375 0.5011709601873536 0.56875 0.5105386416861827 0.575 0.5081967213114754 0.584375 0.5128805620608899 0.5828125 0.5152224824355972 0.5640625 0.5152224824355972 0.565625 0.522248243559719 0.5640625 0.5269320843091335 0.56875 0.5245901639344263 0.5703125 0.5269320843091335 0.56875 0.5362997658079626 0.5703125 0.5409836065573771 0.5640625 0.5456674473067916 0.5625 0.5433255269320844 0.553125 0.5433255269320844 0.5484375 0.5456674473067916 0.546875 0.550351288056206 0.5484375 0.5550351288056206 0.5453125 0.5597189695550351 0.5375 0.5573770491803278 0.5328125 0.5667447306791569 0.5421875 0.5737704918032787 0.5484375 0.5644028103044496 0.55 0.5550351288056206 0.553125 0.5573770491803278 0.5578125 0.550351288056206 0.5625 0.550351288056206 0.5671875 0.5456674473067916 0.571875 0.5480093676814989 0.575 0.5433255269320844 0.5734375 0.5409836065573771 0.578125 0.5362997658079626 0.578125 0.5292740046838408 0.5859375 0.5152224824355972 0.584375 0.5081967213114754 0.5859375 0.5058548009367682 0.5984375 0.5058548009367682 0.6 0.49882903981264637 0.5984375 0.4964871194379391 0.603125 0.49414519906323184 0.6109375 0.5105386416861827 0.603125 0.5199063231850117 0.6015625 0.5292740046838408 0.59375 0.5386416861826698 0.59375 0.5433255269320844 0.5859375 0.5550351288056206 0.5765625 0.5807962529274004 0.571875 0.5807962529274004 0.56875 0.585480093676815 0.565625 0.585480093676815 0.5609375 0.5925058548009368 0.553125 0.5807962529274004 0.5484375 0.5807962529274004 0.5453125 0.5878220140515222 0.5421875 0.5878220140515222 0.546875 0.594847775175644 0.546875 0.5995316159250585 0.55 0.6018735362997658 0.54375 0.6042154566744731 0.540625 0.6088992974238876 0.51875 0.6018735362997658 0.5171875 0.5995316159250585 0.5171875 0.5878220140515222 0.509375 0.5690866510538641 0.509375 0.5550351288056206 0.515625 0.5456674473067916 0.5234375 0.5550351288056206 0.525 0.5526932084309133 0.53125 0.5526932084309133 0.5328125 0.550351288056206 0.5328125 0.5409836065573771 0.5265625 0.5386416861826698 0.525 0.5292740046838408 0.521875 0.5269320843091335 0.5234375 0.5011709601873536 0.528125 0.4847775175644028 0.51875 0.48009367681498827 0.5171875 0.4707259953161593 0.5234375 0.4637002341920375 0.5234375 0.45433255269320844 0.5203125 0.4496487119437939 0.515625 0.4519906323185012 0.509375 0.4426229508196721 0.5125 0.4379391100702576 0.515625 0.4426229508196721 0.5171875 0.4379391100702576 0.515625 0.4332552693208431 0.521875 0.4309133489461358 0.528125 0.4449648711943794 0.5328125 0.44730679156908665 0.5359375 0.4426229508196721 0.5359375 0.43559718969555034 0.53125 0.42857142857142855 0.5359375 0.4262295081967213 0.5375 0.4168618266978923 0.5359375 0.41451990632318503 0.5390625 0.41217798594847777 0.5390625 0.4028103044496487 0.5328125 0.39344262295081966 0.54375 0.3864168618266979 0.54375 0.38173302107728335 0.5390625 0.38173302107728335 0.534375 0.3864168618266979 0.525 0.3864168618266979 0.521875 0.38173302107728335 0.5171875 0.38173302107728335 0.5125 0.3770491803278688 0.515625 0.3700234192037471 0.5125 0.3700234192037471 0.5078125 0.36065573770491804 0.509375 0.34192037470725994 0.5046875 0.3372365339578454 0.5046875 0.32786885245901637 0.5 0.32084309133489464 0.503125 0.3161592505854801 0.5015625 0.3114754098360656 0.5046875 0.3044496487119438 0.5015625 0.29508196721311475 0.5046875 0.2903981264637002 0.5046875 0.28337236533957844 0.509375 0.2810304449648712 0.5078125 0.27634660421545665 0.5109375 0.2716627634660422 0.5078125 0.26229508196721313 0.509375 0.2505854800936768 0.50625 0.24121779859484777 0.509375 0.2388758782201405 0.509375 0.234192037470726 0.5046875 0.22716627634660422 0.509375 0.22482435597189696 0.5015625 0.22716627634660422 0.5015625 0.22950819672131148 0.4984375 0.234192037470726 0.4984375 0.24121779859484777 0.49375 0.25526932084309134 0.490625 0.2786885245901639 0.4875 0.28337236533957844 0.484375 0.297423887587822 0.4765625 0.3114754098360656 0.4765625 0.3185011709601874 0.4796875 0.3255269320843091 0.478125 0.32786885245901637 0.4765625 0.36533957845433257 0.4734375 0.3770491803278688 0.475 0.3793911007025761 0.4703125 0.3840749414519906 0.46875 0.4215456674473068 0.4640625 0.4449648711943794 0.459375 0.4566744730679157 0.459375 0.4637002341920375 0.45625 0.468384074941452 0.45625 0.48009367681498827 0.453125 0.48711943793911006 0.453125 0.49414519906323184 0.446875 0.5058548009367682 0.44375 0.5199063231850117 0.4359375 0.531615925058548 0.4359375 0.5362997658079626 0.4328125 0.5386416861826698 0.428125 0.5620608899297423 0.428125 0.5761124121779859 0.425 0.5784543325526932 0.425 0.5831381733021077 0.41875 0.594847775175644 0.41875 0.6065573770491803 0.4171875 0.6088992974238876 0.4171875 0.6159250585480094 0.421875 0.6276346604215457 0.421875 0.6744730679156908 0.4234375 0.6814988290398126 0.4203125 0.6932084309133489 0.428125 0.7049180327868853 0.428125 0.7189695550351288 0.4265625 0.7213114754098361 0.428125 0.7236533957845434 0.428125 0.7540983606557377 0.4328125 0.765807962529274 0.4328125 0.775175644028103 0.4359375 0.7822014051522248 0.4359375 0.7939110070257611 0.44375 0.8056206088992974 0.44375 0.810304449648712 0.440625 0.8149882903981265 0.45 0.8220140515222483 0.4625 0.8430913348946136 0.46875 0.8454332552693209 0.48125 0.8571428571428571 0.5046875 0.8594847775175644 0.50625 0.8571428571428571 0.55625 0.8548009367681498 0.5578125 0.8524590163934426 0.5796875 0.8501170960187353 0.5796875 0.8407494145199064 0.584375 0.8337236533957846 0.5921875 0.8313817330210773 0.590625 0.8290398126463701 0.5890625 0.8313817330210773 0.5859375 0.8243559718969555 0.58125 0.8243559718969555 0.5796875 0.819672131147541 0.5859375 0.8149882903981265 0.5953125 0.8149882903981265 0.6 0.8079625292740047 0.596875 0.8032786885245902 0.5953125 0.7915690866510539 0.6015625 0.7798594847775175 0.6015625 0.7728337236533958 0.5953125 0.7704918032786885 0.5921875 0.765807962529274 0.5921875 0.7611241217798594 0.5984375 0.7587822014051522 0.6046875 0.765807962529274 0.609375 0.7540983606557377 0.609375 0.747072599531616 0.6046875 0.7377049180327869 0.609375 0.7306791569086651 0.6140625 0.7306791569086651 0.6140625 0.7236533957845434 0.609375 0.7213114754098361 0.6125 0.711943793911007 0.60625 0.6978922716627635 0.6078125 0.6932084309133489 0.60625 0.6885245901639344 0.6 0.6885245901639344 0.59375 0.6814988290398126 0.5921875 0.6604215456674473 0.5890625 0.6627634660421545 0.584375 0.6510538641686182 0.5953125 0.6463700234192038 0.6 0.6510538641686182 0.6 0.6557377049180327 0.6078125 0.6604215456674473 0.6140625 0.6604215456674473 0.615625 0.65807962529274 0.6171875 0.6604215456674473 0.64375 0.6604215456674473 0.65 0.6697892271662763 0.65 0.6744730679156908 0.6546875 0.6791569086651054 0.659375 0.6791569086651054 0.6640625 0.6885245901639344 0.678125 0.6885245901639344 0.6859375 0.6932084309133489 0.69375 0.6932084309133489 0.6984375 0.6978922716627635 0.703125 0.6978922716627635 0.709375 0.6932084309133489 0.7171875 0.6932084309133489 0.7234375 0.702576112412178 0.7296875 0.7049180327868853 0.7328125 0.7166276346604216 0.740625 0.7259953161592506 0.74375 0.7353629976580797 0.74375 0.7494145199063232 0.75 0.7681498829039812 0.7578125 0.7798594847775175 0.7640625 0.7798594847775175 0.7890625 0.7892271662763466 0.80625 0.7798594847775175 0.8109375 0.7704918032786885 0.8109375 0.7634660421545667 0.8015625 0.7681498829039812 0.8 0.765807962529274 0.7828125 0.765807962529274 0.78125 0.7634660421545667 0.7734375 0.765807962529274 0.76875 0.7611241217798594 0.76875 0.7517564402810304 0.784375 0.7189695550351288 0.7875 0.7072599531615925 0.7921875 0.702576112412178 0.8 0.6814988290398126 0.809375 0.667447306791569 0.8140625 0.667447306791569 0.821875 0.6604215456674473 0.8390625 0.6768149882903981 0.8421875 0.6861826697892272 0.8484375 0.6955503512880562 0.846875 0.6814988290398126 0.8390625 0.667447306791569 0.825 0.65807962529274 0.825 0.6510538641686182 0.821875 0.6416861826697893 0.821875 0.6370023419203747 0.825 0.6323185011709602 0.8234375 0.629976580796253 0.8265625 0.6206088992974239 0.8265625 0.6135831381733021 0.8296875 0.6088992974238876 0.8328125 0.5901639344262295 0.828125 0.5925058548009368 0.8234375 0.6065573770491803 0.8125 0.6229508196721312 0.8140625 0.6276346604215457 0.8109375 0.6463700234192038 0.8015625 0.6487119437939111 0.7984375 0.6416861826697893 0.803125 0.6323185011709602 0.8 0.6206088992974239 0.803125 0.6088992974238876 0.79375 0.585480093676815 0.79375 0.5690866510538641 0.8015625 0.5480093676814989 0.803125 0.5175644028103045 0.8015625 0.5152224824355972 0.8015625 0.4964871194379391 0.80625 0.48009367681498827 0.8078125 0.4519906323185012 0.8109375 0.44730679156908665 0.834375 0.4449648711943794 0.8395833328125001 0.43911007025761123 0.8265625 0.4449648711943794 0.815625 0.4449648711943794 0.8015625 0.4332552693208431 0.7875 0.41217798594847777 0.784375 0.3981264637002342 0.7796875 0.38875878220140514 0.7796875 0.3747072599531616 0.7765625 0.3770491803278688
3 0.8671875 0.38173302107728335 0.8625 0.3911007025761124 0.8625 0.40046838407494145 0.86875 0.41451990632318503 0.86875 0.41920374707259955 0.8625 0.45901639344262296 0.859375 0.4613583138173302 0.859375 0.46604215456674475 0.85625 0.4707259953161593 0.85625 0.47540983606557374 0.85 0.4918032786885246 0.8484375 0.5058548009367682 0.85 0.5081967213114754 0.846875 0.5292740046838408 0.84375 0.5339578454332553 0.84375 0.5386416861826698 0.8390625 0.550351288056206 0.834375 0.5573770491803278 0.83125 0.5831381733021077 0.828125 0.585480093676815 0.8234375 0.6042154566744731 0.8125 0.629976580796253 0.8125 0.639344262295082 0.8078125 0.6533957845433255 0.8015625 0.6604215456674473 0.8015625 0.6651053864168618 0.79375 0.6814988290398126 0.790625 0.6838407494145199 0.7859375 0.6978922716627635 0.7640625 0.7400468384074942 0.7640625 0.7447306791569087 0.7578125 0.7587822014051522 0.7578125 0.7728337236533958 0.7609375 0.7728337236533958 0.765625 0.7540983606557377 0.7765625 0.7377049180327869 0.7796875 0.7259953161592506 0.803125 0.6768149882903981 0.8140625 0.6651053864168618 0.8140625 0.6604215456674473 0.8109375 0.65807962529274 0.821875 0.6463700234192038 0.8265625 0.6252927400468384 0.8265625 0.6159250585480094 0.8296875 0.6112412177985949 0.8328125 0.5925058548009368 0.8375 0.5831381733021077 0.8421875 0.5620608899297423 0.8484375 0.5526932084309133 0.85 0.5339578454332553 0.8671875 0.49414519906323184 0.871875 0.49414519906323184 0.8734375 0.4894613583138173 0.88125 0.4918032786885246 0.8859375 0.5011709601873536 0.8828125 0.5058548009367682 0.884375 0.5152224824355972 0.8875 0.5128805620608899 0.8875 0.49882903981264637 0.890625 0.49414519906323184 0.89375 0.49414519906323184 0.896875 0.49882903981264637 0.89375 0.5081967213114754 0.9 0.5199063231850117 0.896875 0.522248243559719 0.896875 0.5269320843091335 0.9 0.531615925058548 0.8984375 0.5362997658079626 0.9015625 0.5409836065573771 0.9015625 0.550351288056206 0.90625 0.5526932084309133 0.9046875 0.5597189695550351 0.9078125 0.5644028103044496 0.909375 0.5550351288056206 0.9078125 0.5526932084309133 0.9078125 0.5339578454332553 0.9046875 0.531615925058548 0.9015625 0.5199063231850117 0.9046875 0.5152224824355972 0.903125 0.5128805620608899 0.903125 0.49882903981264637 0.9046875 0.4964871194379391 0.9046875 0.4847775175644028 0.9078125 0.48009367681498827 0.9078125 0.4613583138173302 0.9046875 0.4566744730679157 0.903125 0.44730679156908665 0.9015625 0.40046838407494145 0.896875 0.3840749414519906 0.8953125 0.3700234192037471 0.8890625 0.3583138173302108 0.8875 0.36065573770491804 0.8703125 0.38173302107728335 0.8671875 0.38173302107728335