3 0.6610978520286396 0.5890625 0.6634844868735084 0.5953125 0.6634844868735084 0.61875 0.665871121718377 0.6203125 0.6682577565632458 0.678125 0.665871121718377 0.6796875 0.6682577565632458 0.68125 0.6682577565632458 0.696875 0.6610978520286396 0.7078125 0.6563245823389021 0.7109375 0.6563245823389021 0.7171875 0.649164677804296 0.725 0.649164677804296 0.74375 0.6443914081145584 0.7515625 0.6324582338902148 0.7578125 0.6276849642004774 0.7640625 0.6181384248210023 0.7671875 0.6085918854415274 0.7671875 0.5918854415274463 0.778125 0.5727923627684964 0.778125 0.568019093078759 0.7765625 0.5584725536992841 0.78125 0.5465393794749404 0.78125 0.5250596658711217 0.7859375 0.5250596658711217 0.7875 0.5513126491646778 0.7875 0.5536992840095465 0.7890625 0.5560859188544153 0.796875 0.5727923627684964 0.80625 0.5727923627684964 0.809375 0.5799522673031027 0.8140625 0.5775656324582339 0.8265625 0.5847255369928401 0.8296875 0.5871121718377088 0.834375 0.6062052505966588 0.834375 0.6252983293556086 0.828125 0.6563245823389021 0.828125 0.665871121718377 0.8265625 0.6706443914081146 0.8234375 0.6921241050119332 0.8265625 0.7040572792362768 0.8328125 0.7159904534606205 0.8265625 0.7231503579952268 0.8265625 0.7279236276849642 0.8234375 0.7326968973747017 0.8234375 0.7398568019093079 0.828125 0.7398568019093079 0.83125 0.7279236276849642 0.840625 0.7279236276849642 0.846875 0.7231503579952268 0.85625 0.7040572792362768 0.8734375 0.6921241050119332 0.8765625 0.6897374701670644 0.8796875 0.6801909307875895 0.8828125 0.6706443914081146 0.8890625 0.6539379474940334 0.8921875 0.6515513126491647 0.89375 0.6539379474940334 0.8953125 0.7016706443914081 0.88125 0.7183770883054893 0.8703125 0.7255369928400954 0.8640625 0.7255369928400954 0.8609375 0.7422434367541766 0.85 0.7565632458233891 0.84375 0.7637231503579952 0.8453125 0.7637231503579952 0.85 0.7708830548926014 0.8578125 0.7780429594272077 0.8578125 0.7828162291169452 0.853125 0.7971360381861575 0.853125 0.8090692124105012 0.85 0.8138424821002387 0.8453125 0.8210023866348448 0.8453125 0.8257756563245824 0.85 0.8329355608591885 0.8515625 0.8424821002386634 0.84375 0.8544152744630071 0.8390625 0.837708830548926 0.81875 0.837708830548926 0.8109375 0.8281622911694511 0.7875 0.8353221957040573 0.73125 0.8281622911694511 0.71875 0.8210023866348448 0.7125 0.8210023866348448 0.7078125 0.8162291169451074 0.7015625 0.8162291169451074 0.6953125 0.8090692124105012 0.68125 0.8066825775656324 0.6640625 0.7995226730310262 0.653125 0.7971360381861575 0.640625 0.7852028639618138 0.6265625 0.7828162291169452 0.61875 0.7732696897374701 0.6109375 0.7708830548926014 0.5984375 0.7589498806682577 0.5921875 0.7517899761336515 0.58125 0.7541766109785203 0.578125 0.6968973747016707 0.578125 0.6945107398568019 0.5765625 0.6921241050119332 0.578125 0.6897374701670644 0.5765625 0.6873508353221957 0.5765625 0.6730310262529833 0.578125 0.6610978520286396 0.5890625
3 0.7637231503579952 0.40625 0.7613365155131265 0.4078125 0.7517899761336515 0.4078125 0.7326968973747017 0.4140625 0.7279236276849642 0.421875 0.7279236276849642 0.428125 0.720763723150358 0.4328125 0.720763723150358 0.4359375 0.7159904534606205 0.4375 0.7159904534606205 0.440625 0.720763723150358 0.440625 0.7279236276849642 0.4359375 0.7374701670644391 0.4359375 0.7446300715990454 0.4421875 0.7517899761336515 0.44375 0.7517899761336515 0.4515625 0.7374701670644391 0.45625 0.7374701670644391 0.459375 0.7303102625298329 0.4640625 0.7279236276849642 0.4625 0.7183770883054893 0.4640625 0.7064439140811456 0.4609375 0.7016706443914081 0.453125 0.6921241050119332 0.4515625 0.6825775656324582 0.4453125 0.6754176610978521 0.45 0.6730310262529833 0.4875 0.6825775656324582 0.4984375 0.6945107398568019 0.5015625 0.7136038186157518 0.4984375 0.7159904534606205 0.5 0.7374701670644391 0.5 0.7398568019093079 0.5015625 0.766109785202864 0.503125 0.7804295942720764 0.5 0.8066825775656324 0.5 0.8138424821002387 0.4984375 0.8210023866348448 0.49375 0.8210023866348448 0.4859375 0.8233890214797136 0.484375 0.8210023866348448 0.4671875 0.8233890214797136 0.465625 0.8233890214797136 0.453125 0.8210023866348448 0.4515625 0.8210023866348448 0.4453125 0.8257756563245824 0.4375 0.8257756563245824 0.421875 0.8210023866348448 0.4171875 0.8210023866348448 0.4125 0.8186157517899761 0.4125 0.8090692124105012 0.40625 0.7637231503579952 0.40625
3 0.16706443914081145 0.6015625 0.16706443914081145 0.6078125 0.16945107398568018 0.609375 0.16706443914081145 0.615625 0.15990453460620524 0.61875 0.15274463007159905 0.6265625 0.14081145584725538 0.6546875 0.13126491646778043 0.6578125 0.10978520286396182 0.671875 0.1026252983293556 0.6796875 0.0883054892601432 0.6796875 0.07875894988066826 0.6890625 0.07637231503579953 0.7328125 0.07159904534606205 0.7375 0.07159904534606205 0.7453125 0.05250596658711217 0.771875 0.0477326968973747 0.7734375 0.0405727923627685 0.78125 0.04295942720763723 0.7859375 0.059665871121718374 0.7953125 0.057279236276849645 0.8109375 0.0477326968973747 0.8203125 0.0477326968973747 0.825 0.057279236276849645 0.825 0.06682577565632458 0.8359375 0.06443914081145585 0.8578125 0.06921241050119331 0.8640625 0.07398568019093078 0.8671875 0.09307875894988067 0.8703125 0.10023866348448687 0.8765625 0.10739856801909307 0.8890625 0.1026252983293556 0.8953125 0.11217183770883055 0.896875 0.11694510739856802 0.9 0.1288782816229117 0.9 0.15513126491646778 0.9078125 0.15513126491646778 0.9109375 0.1909307875894988 0.940625 0.1909307875894988 0.94375 0.19809069212410502 0.9515625 0.20286396181384247 0.953125 0.20286396181384247 0.9578125 0.21479713603818615 0.96875 0.21479713603818615 0.9734375 0.22673031026252982 0.984375 0.22673031026252982 0.9890625 0.23627684964200477 0.996875 0.2458233890214797 0.996875 0.25059665871121717 0.99375 0.25059665871121717 0.9734375 0.2553699284009546 0.9625 0.26014319809069214 0.959375 0.26014319809069214 0.95 0.26968973747016706 0.9421875 0.2744630071599045 0.940625 0.27923627684964203 0.94375 0.28878281622911695 0.94375 0.3031026252983294 0.934375 0.3341288782816229 0.9359375 0.33651551312649164 0.9328125 0.3317422434367542 0.9265625 0.3198090692124105 0.91875 0.3198090692124105 0.915625 0.3126491646778043 0.9125 0.3031026252983294 0.896875 0.3054892601431981 0.8671875 0.3221957040572792 0.8609375 0.3317422434367542 0.8625 0.3532219570405728 0.884375 0.35799522673031026 0.8984375 0.35799522673031026 0.9125 0.360381861575179 0.9140625 0.35799522673031026 0.9171875 0.360381861575179 0.93125 0.35799522673031026 0.9359375 0.360381861575179 0.9375 0.360381861575179 0.9578125 0.3532219570405728 0.975 0.36754176610978523 0.965625 0.3794749403341289 0.9421875 0.3818615751789976 0.91875 0.38663484486873506 0.9109375 0.38424821002386633 0.8796875 0.3937947494033413 0.865625 0.3914081145584726 0.8578125 0.3818615751789976 0.8453125 0.3818615751789976 0.83125 0.38902147971360385 0.8140625 0.3937947494033413 0.8109375 0.40572792362768495 0.8140625 0.4081145584725537 0.8125 0.3818615751789976 0.7953125 0.37708830548926014 0.775 0.36754176610978523 0.7640625 0.3436754176610978 0.746875 0.3436754176610978 0.7421875 0.33890214797136037 0.740625 0.3317422434367542 0.7328125 0.3317422434367542 0.7296875 0.3221957040572792 0.725 0.3198090692124105 0.71875 0.315035799522673 0.7171875 0.31026252983293556 0.709375 0.30787589498806683 0.69375 0.29594272076372313 0.675 0.29594272076372313 0.66875 0.28878281622911695 0.6609375 0.2911694510739857 0.63125 0.28878281622911695 0.6296875 0.28878281622911695 0.6234375 0.2840095465393795 0.6109375 0.2720763723150358 0.603125 0.2744630071599045 0.596875 0.2840095465393795 0.5921875 0.27923627684964203 0.5890625 0.28162291169451076 0.578125 0.26730310262529833 0.5796875 0.2553699284009546 0.5859375 0.2100238663484487 0.5859375 0.18854415274463007 0.5828125 0.17899761336515513 0.5734375 0.1718377088305489 0.5734375 0.162291169451074 0.578125 0.16467780429594273 0.5796875 0.162291169451074 0.596875 0.16706443914081145 0.6015625
3 0 0 0 0.0015625 0 0.2296875 0.00477326968973747 0.2328125 0.03341288782816229 0.2328125 0.03579952267303103 0.23125 0.03818615751789976 0.2328125 0.07398568019093078 0.2328125 0.08353221957040573 0.23125 0.08591885441527446 0.2328125 0.20047732696897375 0.2328125 0.20286396181384247 0.23125 0.21241050119331742 0.23125 0.21479713603818615 0.2328125 0.2720763723150358 0.2328125 0.27684964200477324 0.234375 0.27923627684964203 0.2328125 0.3460620525059666 0.2328125 0.34844868735083534 0.23125 0.46539379474940334 0.2328125 0.4701670644391408 0.2296875 0.4701670644391408 0.2125 0.47255369928400953 0.2109375 0.47255369928400953 0.2046875 0.4701670644391408 0.203125 0.47255369928400953 0.2015625 0.47255369928400953 0.1203125 0.4701670644391408 0.11875 0.4701670644391408 0.103125 0.47255369928400953 0.1015625 0.47255369928400953 0.0515625 0.4701670644391408 0.0484375 0.47255369928400953 0.04375 0.4701670644391408 0.0421875 0.4701670644391408 0.028125 0.47255369928400953 0.0265625 0.47494033412887826 0 0.20047732696897375 0 0.19331742243436753 0.003125 0.18854415274463007 0 0.08353221957040573 0 0.081145584725537 0.0015625 0.07159904534606205 0 0.06443914081145585 0.0015625 0.06205250596658711 0 0 0
3 0.548926014319809 0 0.5346062052505967 0.00625 0.5178997613365155 0.0046875 0.5155131264916468 0.00625 0.5107398568019093 0.0046875 0.5059665871121718 0.0125 0.5083532219570406 0.0296875 0.5059665871121718 0.03125 0.5059665871121718 0.1359375 0.5083532219570406 0.1390625 0.5059665871121718 0.140625 0.5059665871121718 0.2171875 0.5083532219570406 0.21875 0.5083532219570406 0.225 0.5155131264916468 0.23125 0.5393794749403341 0.23125 0.5465393794749404 0.2296875 0.548926014319809 0.23125 0.5536992840095465 0.228125 0.5560859188544153 0.2296875 0.5608591885441527 0.228125 0.5632458233890215 0.2296875 0.6014319809069213 0.2296875 0.6085918854415274 0.225 0.6181384248210023 0.2234375 0.6229116945107399 0.21875 0.630071599045346 0.2171875 0.665871121718377 0.2171875 0.6968973747016707 0.2296875 0.7064439140811456 0.2296875 0.7088305489260143 0.2265625 0.7016706443914081 0.2234375 0.6992840095465394 0.21875 0.6921241050119332 0.2171875 0.6921241050119332 0.2125 0.6873508353221957 0.2078125 0.6897374701670644 0.1953125 0.6992840095465394 0.190625 0.720763723150358 0.190625 0.7398568019093079 0.1984375 0.747016706443914 0.1984375 0.7613365155131265 0.2046875 0.766109785202864 0.209375 0.7708830548926014 0.209375 0.7995226730310262 0.228125 0.8042959427207638 0.228125 0.8042959427207638 0.2234375 0.7995226730310262 0.2171875 0.801909307875895 0.2140625 0.7947494033412887 0.209375 0.7947494033412887 0.19375 0.7971360381861575 0.1875 0.801909307875895 0.184375 0.8210023866348448 0.1875 0.8210023866348448 0.18125 0.8114558472553699 0.175 0.8210023866348448 0.1703125 0.8210023866348448 0.1578125 0.8233890214797136 0.15625 0.8353221957040573 0.153125 0.8568019093078759 0.153125 0.8663484486873508 0.146875 0.8735083532219571 0.1453125 0.9284009546539379 0.146875 0.9427207637231504 0.15 0.9665871121718377 0.15 0.9928400954653938 0.1546875 0.9856801909307876 0.1484375 0.9809069212410502 0.1484375 0.9761336515513126 0.1453125 0.9737470167064439 0.1359375 0.9665871121718377 0.1359375 0.9594272076372315 0.1328125 0.9618138424821002 0.13125 0.9880668257756563 0.13125 0.9928400954653938 0.1265625 0.9904534606205251 0.1171875 0.9856801909307876 0.1171875 0.9809069212410502 0.128125 0.9498806682577565 0.128125 0.9474940334128878 0.125 0.9522673031026253 0.1234375 0.9498806682577565 0.1125 0.9570405727923628 0.1078125 0.9618138424821002 0.1078125 0.9737470167064439 0.103125 0.9952267303102625 0.0921875 0.9976133651551312 0.0890625 0.9976133651551312 0.0625 0.9928400954653938 0.0578125 0.9689737470167065 0.059375 0.9570405727923628 0.0546875 0.9522673031026253 0.0515625 0.9522673031026253 0.0453125 0.9451073985680191 0.0390625 0.9260143198090692 0.0375 0.9212410501193318 0.0390625 0.9140811455847255 0.0359375 0.9045346062052506 0.0390625 0.8949880668257757 0.0390625 0.8926014319809069 0.0375 0.8902147971360382 0.0390625 0.837708830548926 0.0390625 0.8210023866348448 0.0328125 0.8162291169451074 0.028125 0.8162291169451074 0.0234375 0.7995226730310262 0.0234375 0.7852028639618138 0.028125 0.7780429594272077 0.028125 0.7732696897374701 0.025 0.7732696897374701 0.01875 0.7684964200477327 0.0234375 0.7637231503579952 0.0234375 0.7541766109785203 0.028125 0.7494033412887828 0.0234375 0.7422434367541766 0.0234375 0.7374701670644391 0.0203125 0.7374701670644391 0.015625 0.7231503579952268 0.0203125 0.7159904534606205 0.0203125 0.711217183770883 0.0234375 0.7016706443914081 0.0234375 0.6801909307875895 0.015625 0.6778042959427207 0.0125 0.6801909307875895 0.0078125 0.6682577565632458 0.0078125 0.665871121718377 0.0125 0.6634844868735084 0.0078125 0.6610978520286396 0.0078125 0.6587112171837709 0.0140625 0.639618138424821 0.0171875 0.6205250596658711 0.0140625 0.6133651551312649 0.009375 0.6109785202863962 0.0046875 0.5990453460620525 0.0046875 0.5966587112171837 0.00625 0.5871121718377088 0.0046875 0.5847255369928401 0.00625 0.5823389021479713 0.0046875 0.5799522673031027 0.00625 0.5847255369928401 0.0078125 0.5823389021479713 0.009375 0.5656324582338902 0.009375 0.5584725536992841 0.0078125 0.5513126491646778 0.003125 0.5513126491646778 0 0.548926014319809 0
3 0.6515513126491647 0.428125 0.6610978520286396 0.434375 0.6754176610978521 0.4359375 0.6921241050119332 0.4484375 0.6921241050119332 0.4515625 0.7159904534606205 0.465625 0.7255369928400954 0.465625 0.7374701670644391 0.4609375 0.747016706443914 0.45 0.7422434367541766 0.4484375 0.7374701670644391 0.453125 0.7159904534606205 0.453125 0.6968973747016707 0.440625 0.6968973747016707 0.4375 0.6873508353221957 0.43125 0.6825775656324582 0.43125 0.6563245823389021 0.4171875 0.6443914081145584 0.4140625 0.6443914081145584 0.415625 0.6443914081145584 0.4265625 0.6515513126491647 0.428125
3 0.31026252983293556 0 0.3126491646778043 0.0015625 0.3221957040572792 0.0140625 0.324582338902148 0.03125 0.315035799522673 0.0375 0.3054892601431981 0.0390625 0.3031026252983294 0.0421875 0.3031026252983294 0.05625 0.30787589498806683 0.059375 0.315035799522673 0.059375 0.3221957040572792 0.0625 0.3317422434367542 0.0625 0.3412887828162291 0.05625 0.3341288782816229 0.046875 0.33890214797136037 0.040625 0.35799522673031026 0.0375 0.4224343675417661 0.0375 0.42482100238663484 0.0359375 0.4701670644391408 0.034375 0.47494033412887826 0.021875 0.47494033412887826 0 0.4105011933174224 0 0.4081145584725537 0.003125 0.4009546539379475 0.003125 0.39856801909307876 0 0.31026252983293556 0
3 0.6897374701670644 0.3734375 0.6682577565632458 0.3734375 0.665871121718377 0.375 0.6706443914081146 0.3828125 0.6706443914081146 0.396875 0.6801909307875895 0.40625 0.6801909307875895 0.4109375 0.6873508353221957 0.409375 0.6897374701670644 0.4125 0.6921241050119332 0.4109375 0.6992840095465394 0.4140625 0.6945107398568019 0.421875 0.6945107398568019 0.428125 0.6921241050119332 0.4296875 0.6825775656324582 0.4296875 0.665871121718377 0.421875 0.6634844868735084 0.4140625 0.6587112171837709 0.4140625 0.649164677804296 0.40625 0.6539379474940334 0.39375 0.6467780429594272 0.3921875 0.6205250596658711 0.4046875 0.6205250596658711 0.4078125 0.6372315035799523 0.41875 0.6348448687350835 0.4375 0.6372315035799523 0.440625 0.6420047732696897 0.440625 0.6515513126491647 0.4359375 0.6754176610978521 0.4359375 0.6825775656324582 0.44375 0.6921241050119332 0.4484375 0.6921241050119332 0.4515625 0.7136038186157518 0.465625 0.7255369928400954 0.465625 0.7541766109785203 0.45625 0.7708830548926014 0.4671875 0.7756563245823389 0.4578125 0.7852028639618138 0.4515625 0.7852028639618138 0.4453125 0.7732696897374701 0.434375 0.7732696897374701 0.4296875 0.7684964200477327 0.425 0.7637231503579952 0.425 0.7589498806682577 0.434375 0.7541766109785203 0.4375 0.7446300715990454 0.4359375 0.7374701670644391 0.43125 0.7374701670644391 0.428125 0.7326968973747017 0.425 0.7326968973747017 0.4140625 0.7422434367541766 0.4078125 0.7494033412887828 0.40625 0.7494033412887828 0.403125 0.7374701670644391 0.3984375 0.7279236276849642 0.3984375 0.7255369928400954 0.396875 0.7231503579952268 0.39375 0.7231503579952268 0.3828125 0.7136038186157518 0.375 0.7040572792362768 0.3734375 0.7016706443914081 0.3734375 0.6921241050119332 0.375 0.6897374701670644 0.3734375
3 0.6682577565632458 0.3734375 0.665871121718377 0.375 0.6706443914081146 0.3828125 0.6706443914081146 0.3984375 0.6754176610978521 0.4046875 0.6754176610978521 0.4125 0.6706443914081146 0.415625 0.6634844868735084 0.4140625 0.6515513126491647 0.4046875 0.6563245823389021 0.396875 0.6539379474940334 0.3921875 0.639618138424821 0.39375 0.6205250596658711 0.403125 0.6205250596658711 0.409375 0.6348448687350835 0.41875 0.6324582338902148 0.4328125 0.6348448687350835 0.4390625 0.639618138424821 0.4421875 0.6539379474940334 0.4375 0.6610978520286396 0.4390625 0.665871121718377 0.4359375 0.6706443914081146 0.4359375 0.6801909307875895 0.440625 0.6778042959427207 0.4546875 0.6730310262529833 0.4640625 0.6778042959427207 0.4671875 0.6754176610978521 0.4875 0.6825775656324582 0.4984375 0.6921241050119332 0.5 0.7255369928400954 0.5 0.7279236276849642 0.4984375 0.7303102625298329 0.5 0.7374701670644391 0.4984375 0.7517899761336515 0.5015625 0.7732696897374701 0.5015625 0.7852028639618138 0.4984375 0.8090692124105012 0.4984375 0.8210023866348448 0.490625 0.8210023866348448 0.4421875 0.8257756563245824 0.4359375 0.8233890214797136 0.434375 0.8210023866348448 0.4140625 0.8090692124105012 0.40625 0.7732696897374701 0.40625 0.766109785202864 0.4046875 0.7637231503579952 0.40625 0.7517899761336515 0.40625 0.747016706443914 0.4 0.7279236276849642 0.3984375 0.7231503579952268 0.3890625 0.7231503579952268 0.3828125 0.7136038186157518 0.375 0.711217183770883 0.375 0.7040572792362768 0.3734375 0.6682577565632458 0.3734375
0 0.22911694510739858 0.35625 0.2243436754176611 0.359375 0.2100238663484487 0.359375 0.20763723150357996 0.3609375 0.2100238663484487 0.365625 0.22673031026252982 0.3703125 0.23389021479713604 0.3703125 0.23627684964200477 0.36875 0.24821002386634844 0.36875 0.2529832935560859 0.3640625 0.25059665871121717 0.3609375 0.24821002386634844 0.3609375 0.23627684964200477 0.35625 0.22911694510739858 0.35625
0 0.38902147971360385 0.3 0.3914081145584726 0.2984375 0.3914081145584726 0.2921875 0.38902147971360385 0.290625 0.3794749403341289 0.2890625 0.3747016706443914 0.290625 0.36992840095465396 0.296875 0.3723150357995227 0.2984375 0.3747016706443914 0.3015625 0.38902147971360385 0.3
0 0.315035799522673 0.2578125 0.315035799522673 0.2640625 0.3269689737470167 0.26875 0.3436754176610978 0.26875 0.3556085918854415 0.2640625 0.35799522673031026 0.2578125 0.3556085918854415 0.25625 0.3341288782816229 0.25625 0.3317422434367542 0.2546875 0.32935560859188545 0.2546875 0.3221957040572792 0.2546875 0.315035799522673 0.2578125
0 0.35799522673031026 0.2703125 0.3747016706443914 0.2796875 0.3914081145584726 0.2796875 0.3914081145584726 0.26875 0.38902147971360385 0.265625 0.38424821002386633 0.265625 0.3794749403341289 0.2625 0.37708830548926014 0.2578125 0.3747016706443914 0.2578125 0.360381861575179 0.259375 0.35799522673031026 0.2703125
5 0.26252983293556087 0.3765625 0.26252983293556087 0.3796875 0.2577565632458234 0.3828125 0.2577565632458234 0.3859375 0.25059665871121717 0.39375 0.25059665871121717 0.4 0.2458233890214797 0.4078125 0.25059665871121717 0.415625 0.2529832935560859 0.415625 0.2553699284009546 0.409375 0.2720763723150358 0.3890625 0.2720763723150358 0.3796875 0.27684964200477324 0.3671875 0.2744630071599045 0.3671875 0.26968973747016706 0.36875 0.26252983293556087 0.3765625
5 0.6610978520286396 0.4296875 0.6682577565632458 0.434375 0.6778042959427207 0.4359375 0.684964200477327 0.44375 0.6921241050119332 0.446875 0.6921241050119332 0.45 0.7136038186157518 0.4625 0.7231503579952268 0.4625 0.7255369928400954 0.45625 0.7159904534606205 0.4546875 0.7064439140811456 0.45 0.6897374701670644 0.434375 0.6706443914081146 0.4265625 0.665871121718377 0.421875 0.6587112171837709 0.421875 0.6467780429594272 0.4140625 0.639618138424821 0.41875 0.6420047732696897 0.4203125 0.6467780429594272 0.425 0.6610978520286396 0.4296875
2 0.41766109785202865 0.05 0.4105011933174224 0.0578125 0.4105011933174224 0.0671875 0.4200477326968974 0.0734375 0.4200477326968974 0.0890625 0.41766109785202865 0.0921875 0.4295942720763723 0.1 0.4343675417661098 0.1 0.441527446300716 0.1046875 0.4486873508353222 0.1046875 0.4701670644391408 0.1 0.47255369928400953 0.090625 0.4701670644391408 0.0890625 0.4701670644391408 0.0796875 0.4630071599045346 0.075 0.4606205250596659 0.0703125 0.4606205250596659 0.0546875 0.45346062052505964 0.046875 0.441527446300716 0.040625 0.43914081145584727 0.040625 0.431980906921241 0.040625 0.41766109785202865 0.05
2 0.37708830548926014 0.14375 0.37708830548926014 0.146875 0.3723150357995227 0.15 0.3723150357995227 0.1609375 0.3818615751789976 0.1671875 0.38663484486873506 0.18125 0.3937947494033413 0.1859375 0.4009546539379475 0.1859375 0.4105011933174224 0.178125 0.4128878281622912 0.1515625 0.39618138424821003 0.140625 0.3937947494033413 0.140625 0.3818615751789976 0.140625 0.37708830548926014 0.14375
2 0.06921241050119331 0.1140625 0.059665871121718374 0.115625 0.05250596658711217 0.1203125 0.05250596658711217 0.1265625 0.059665871121718374 0.1328125 0.06205250596658711 0.1390625 0.07159904534606205 0.1421875 0.0883054892601432 0.1421875 0.10501193317422435 0.1359375 0.11217183770883055 0.1296875 0.11455847255369929 0.1234375 0.10978520286396182 0.11875 0.0954653937947494 0.115625 0.09307875894988067 0.109375 0.09069212410501193 0.109375 0.07398568019093078 0.109375 0.06921241050119331 0.1140625
2 0.315035799522673 0.16875 0.315035799522673 0.178125 0.3221957040572792 0.1875 0.3221957040572792 0.19375 0.3269689737470167 0.1953125 0.3341288782816229 0.203125 0.360381861575179 0.209375 0.3627684964200477 0.215625 0.36992840095465396 0.2203125 0.3747016706443914 0.2203125 0.3914081145584726 0.209375 0.39618138424821003 0.1875 0.3914081145584726 0.1859375 0.3794749403341289 0.16875 0.3723150357995227 0.1640625 0.3627684964200477 0.1625 0.35799522673031026 0.159375 0.33651551312649164 0.159375 0.3341288782816229 0.1578125 0.3317422434367542 0.1578125 0.3221957040572792 0.159375 0.315035799522673 0.16875
2 0.3436754176610978 0.0734375 0.3460620525059666 0.078125 0.35799522673031026 0.078125 0.36754176610978523 0.075 0.3747016706443914 0.0625 0.3747016706443914 0.05625 0.36754176610978523 0.05 0.36754176610978523 0.0453125 0.360381861575179 0.040625 0.34844868735083534 0.040625 0.33651551312649164 0.0453125 0.33651551312649164 0.05 0.3412887828162291 0.05625 0.3341288782816229 0.0640625 0.33651551312649164 0.065625 0.33651551312649164 0.06875 0.3436754176610978 0.0734375
2 0.03818615751789976 0.08125 0.03579952267303103 0.0828125 0.03579952267303103 0.0953125 0.03818615751789976 0.1 0.0405727923627685 0.103125 0.050119331742243436 0.1046875 0.05489260143198091 0.1078125 0.06682577565632458 0.10625 0.081145584725537 0.1015625 0.0883054892601432 0.096875 0.09307875894988067 0.0875 0.081145584725537 0.084375 0.06205250596658711 0.0734375 0.0477326968973747 0.0703125 0.045346062052505964 0.0734375 0.04295942720763723 0.071875 0.0405727923627685 0.0734375 0.03341288782816229 0.06875 0.03341288782816229 0.0703125 0.03341288782816229 0.078125 0.03818615751789976 0.08125
2 0.26014319809069214 0.40625 0.2553699284009546 0.4140625 0.26014319809069214 0.4203125 0.27923627684964203 0.4328125 0.28878281622911695 0.4328125 0.31026252983293556 0.4125 0.31026252983293556 0.4078125 0.30787589498806683 0.4046875 0.3031026252983294 0.4046875 0.2863961813842482 0.3984375 0.2840095465393795 0.3984375 0.2744630071599045 0.396875 0.26014319809069214 0.40625
2 0 0.2015625 0.00477326968973747 0.2015625 0.014319809069212411 0.1953125 0.021479713603818614 0.19375 0.028639618138424822 0.1859375 0.026252983293556086 0.1765625 0.021479713603818614 0.171875 0.011933174224343675 0.171875 0.00954653937947494 0.1703125 0.007159904534606206 0.1703125 0 0.171875 0 0.2015625
2 0.2052505966587112 0.1640625 0.1957040572792363 0.175 0.1957040572792363 0.18125 0.2052505966587112 0.190625 0.21479713603818615 0.19375 0.23389021479713604 0.19375 0.2386634844868735 0.190625 0.25059665871121717 0.190625 0.26014319809069214 0.19375 0.2720763723150358 0.19375 0.2840095465393795 0.1859375 0.2863961813842482 0.1765625 0.2840095465393795 0.175 0.2840095465393795 0.1671875 0.27684964200477324 0.1578125 0.26730310262529833 0.153125 0.26252983293556087 0.153125 0.2553699284009546 0.1484375 0.25059665871121717 0.140625 0.22673031026252982 0.1421875 0.22673031026252982 0.14375 0.2243436754176611 0.1515625 0.2052505966587112 0.1640625
2 0.1718377088305489 0.078125 0.16706443914081145 0.08125 0.1575178997613365 0.096875 0.1575178997613365 0.1046875 0.15513126491646778 0.10625 0.1575178997613365 0.1078125 0.15990453460620524 0.1234375 0.16945107398568018 0.128125 0.1766109785202864 0.128125 0.18615751789976134 0.1265625 0.1957040572792363 0.121875 0.21479713603818615 0.121875 0.2243436754176611 0.115625 0.2243436754176611 0.096875 0.21479713603818615 0.0890625 0.21241050119331742 0.0828125 0.19809069212410502 0.075 0.1957040572792363 0.075 0.18377088305489261 0.075 0.1718377088305489 0.078125
2 0.29832935560859186 0.2859375 0.2911694510739857 0.2890625 0.2911694510739857 0.2953125 0.29832935560859186 0.303125 0.315035799522673 0.303125 0.3198090692124105 0.3015625 0.3198090692124105 0.2859375 0.31026252983293556 0.28125 0.30787589498806683 0.28125 0.29832935560859186 0.2828125 0.29832935560859186 0.2859375
2 0.41766109785202865 0.0953125 0.4009546539379475 0.096875 0.39618138424821003 0.1 0.3937947494033413 0.1078125 0.39618138424821003 0.1109375 0.4009546539379475 0.1140625 0.4152744630071599 0.115625 0.4343675417661098 0.1078125 0.431980906921241 0.1015625 0.4295942720763723 0.1015625 0.42482100238663484 0.096875 0.41766109785202865 0.0953125
2 0.37708830548926014 0.1453125 0.3723150357995227 0.1515625 0.3723150357995227 0.1609375 0.36992840095465396 0.1625 0.36515513126491644 0.1625 0.3532219570405728 0.1578125 0.3221957040572792 0.1578125 0.3126491646778043 0.171875 0.3221957040572792 0.1875 0.3221957040572792 0.1921875 0.3341288782816229 0.203125 0.3317422434367542 0.221875 0.3341288782816229 0.225 0.3460620525059666 0.2265625 0.34844868735083534 0.225 0.36515513126491644 0.225 0.37708830548926014 0.2203125 0.3914081145584726 0.2109375 0.3937947494033413 0.2 0.39856801909307876 0.19375 0.39856801909307876 0.1875 0.4081145584725537 0.178125 0.4081145584725537 0.1734375 0.4128878281622912 0.1671875 0.4105011933174224 0.15 0.3937947494033413 0.140625 0.3914081145584726 0.140625 0.38424821002386633 0.140625 0.37708830548926014 0.1453125
2 0.28162291169451076 0.09375 0.27684964200477324 0.09375 0.26730310262529833 0.1015625 0.26730310262529833 0.1078125 0.2744630071599045 0.115625 0.27684964200477324 0.1234375 0.2863961813842482 0.1265625 0.29594272076372313 0.1265625 0.30787589498806683 0.1234375 0.324582338902148 0.1109375 0.324582338902148 0.1015625 0.3198090692124105 0.0984375 0.3198090692124105 0.09375 0.31026252983293556 0.090625 0.30787589498806683 0.0875 0.3054892601431981 0.0875 0.28878281622911695 0.0890625 0.28162291169451076 0.09375
2 0.10739856801909307 0.0796875 0.10023866348448687 0.0859375 0.10023866348448687 0.0921875 0.1026252983293556 0.0953125 0.11933174224343675 0.1015625 0.11933174224343675 0.10625 0.13126491646778043 0.1125 0.14081145584725538 0.1125 0.15274463007159905 0.1078125 0.1575178997613365 0.084375 0.15274463007159905 0.075 0.14081145584725538 0.0703125 0.13126491646778043 0.0703125 0.13126491646778043 0.071875 0.11694510739856802 0.078125 0.10739856801909307 0.0796875
2 0.7517899761336515 0.4515625 0.7589498806682577 0.4546875 0.7637231503579952 0.4640625 0.7684964200477327 0.4671875 0.7732696897374701 0.465625 0.7756563245823389 0.4578125 0.7852028639618138 0.4515625 0.7852028639618138 0.4453125 0.7732696897374701 0.434375 0.7732696897374701 0.4296875 0.766109785202864 0.425 0.7637231503579952 0.4265625 0.7517899761336515 0.44375 0.7517899761336515 0.4515625
2 0.3341288782816229 0.353125 0.3341288782816229 0.35625 0.3221957040572792 0.3671875 0.3221957040572792 0.3703125 0.33651551312649164 0.38125 0.3436754176610978 0.38125 0.3460620525059666 0.384375 0.360381861575179 0.3890625 0.38424821002386633 0.3890625 0.4033412887828162 0.38125 0.4081145584725537 0.3734375 0.4081145584725537 0.3640625 0.4009546539379475 0.35625 0.3818615751789976 0.346875 0.3794749403341289 0.34375 0.36754176610978523 0.34375 0.36515513126491644 0.3421875 0.3627684964200477 0.3421875 0.34844868735083534 0.34375 0.3341288782816229 0.353125
2 0.1288782816229117 0.36875 0.12649164677804295 0.3734375 0.12649164677804295 0.390625 0.13126491646778043 0.3921875 0.13365155131264916 0.390625 0.14558472553699284 0.390625 0.15274463007159905 0.3921875 0.16467780429594273 0.3859375 0.16467780429594273 0.3828125 0.1431980906921241 0.36875 0.14081145584725538 0.36875 0.13126491646778043 0.3671875 0.1288782816229117 0.36875
2 0.16706443914081145 0.3859375 0.16706443914081145 0.3890625 0.1575178997613365 0.39375 0.15274463007159905 0.4 0.15035799522673032 0.4140625 0.15513126491646778 0.421875 0.15513126491646778 0.4328125 0.16706443914081145 0.44375 0.1718377088305489 0.4515625 0.17899761336515513 0.4546875 0.21957040572792363 0.4578125 0.23627684964200477 0.45 0.24343675417661098 0.4421875 0.2458233890214797 0.4171875 0.2315035799522673 0.4 0.2315035799522673 0.396875 0.2243436754176611 0.390625 0.2100238663484487 0.3828125 0.19809069212410502 0.3828125 0.1957040572792363 0.38125 0.19331742243436753 0.38125 0.18854415274463007 0.3796875 0.16706443914081145 0.3859375
2 0.3460620525059666 0.459375 0.33890214797136037 0.46875 0.33890214797136037 0.48125 0.35083532219570407 0.4890625 0.3627684964200477 0.490625 0.3723150357995227 0.4953125 0.38424821002386633 0.4984375 0.4033412887828162 0.4984375 0.4081145584725537 0.4921875 0.4105011933174224 0.4734375 0.4033412887828162 0.465625 0.4033412887828162 0.4625 0.3914081145584726 0.4546875 0.3818615751789976 0.453125 0.3794749403341289 0.453125 0.35799522673031026 0.453125 0.3460620525059666 0.459375
2 0.059665871121718374 0.425 0.05250596658711217 0.4296875 0.0477326968973747 0.4296875 0.045346062052505964 0.434375 0.03579952267303103 0.4390625 0.03341288782816229 0.44375 0.026252983293556086 0.4484375 0.021479713603818614 0.4625 0.02386634844868735 0.475 0.028639618138424822 0.48125 0.04295942720763723 0.490625 0.07398568019093078 0.50625 0.09785202863961814 0.50625 0.10023866348448687 0.5046875 0.10978520286396182 0.5046875 0.12410501193317422 0.4984375 0.13842482100238662 0.4953125 0.15274463007159905 0.4859375 0.16467780429594273 0.475 0.16467780429594273 0.4640625 0.16945107398568018 0.4578125 0.16467780429594273 0.4453125 0.15274463007159905 0.4375 0.1431980906921241 0.4359375 0.13842482100238662 0.43125 0.11933174224343675 0.428125 0.10501193317422435 0.421875 0.1026252983293556 0.421875 0.07159904534606205 0.421875 0.059665871121718374 0.425
2 0.2171837708830549 0.1296875 0.21479713603818615 0.13125 0.21479713603818615 0.1375 0.2171837708830549 0.1390625 0.24105011933174225 0.1390625 0.2553699284009546 0.1359375 0.2649164677804296 0.1359375 0.2720763723150358 0.13125 0.2720763723150358 0.1171875 0.2577565632458234 0.109375 0.22673031026252982 0.109375 0.22673031026252982 0.1109375 0.21479713603818615 0.1234375 0.2171837708830549 0.1296875
2 0.1766109785202864 0.3828125 0.16706443914081145 0.3859375 0.15513126491646778 0.39375 0.15513126491646778 0.396875 0.15035799522673032 0.4 0.14797136038186157 0.4125 0.14081145584725538 0.4140625 0.13365155131264916 0.41875 0.13365155131264916 0.4234375 0.13842482100238662 0.4234375 0.1431980906921241 0.4265625 0.14081145584725538 0.4296875 0.11933174224343675 0.428125 0.11694510739856802 0.425 0.10739856801909307 0.421875 0.07398568019093078 0.421875 0.050119331742243436 0.4296875 0.03579952267303103 0.4390625 0.02386634844868735 0.4515625 0.02386634844868735 0.475 0.05250596658711217 0.4953125 0.07637231503579953 0.50625 0.10023866348448687 0.5046875 0.1026252983293556 0.50625 0.11933174224343675 0.503125 0.12171837708830549 0.50625 0.11933174224343675 0.5078125 0.11933174224343675 0.5203125 0.1288782816229117 0.5265625 0.13842482100238662 0.5296875 0.16467780429594273 0.5296875 0.17899761336515513 0.521875 0.18854415274463007 0.528125 0.1909307875894988 0.534375 0.20047732696897375 0.540625 0.2100238663484487 0.540625 0.21957040572792363 0.534375 0.22911694510739858 0.5328125 0.2315035799522673 0.5296875 0.22911694510739858 0.5140625 0.24821002386634844 0.5015625 0.24821002386634844 0.4828125 0.23627684964200477 0.465625 0.2243436754176611 0.459375 0.23627684964200477 0.4515625 0.23627684964200477 0.4484375 0.24343675417661098 0.44375 0.2458233890214797 0.4390625 0.2458233890214797 0.4171875 0.24105011933174225 0.4078125 0.2315035799522673 0.4 0.2315035799522673 0.396875 0.2171837708830549 0.3859375 0.20763723150357996 0.3828125 0.2052505966587112 0.3828125 0.18615751789976134 0.38125 0.1766109785202864 0.3828125
2 0 0.2328125 0.07637231503579953 0.2328125 0.07637231503579953 0.2234375 0.06921241050119331 0.2125 0.057279236276849645 0.2046875 0.05489260143198091 0.196875 0.04295942720763723 0.1921875 0.0405727923627685 0.1921875 0.028639618138424822 0.1921875 0.02386634844868735 0.1953125 0.01909307875894988 0.1953125 0.011933174224343675 0.1984375 0 0.209375 0 0.2328125
2 0.6873508353221957 0.3734375 0.6706443914081146 0.3734375 0.665871121718377 0.375 0.6706443914081146 0.3828125 0.6706443914081146 0.396875 0.6801909307875895 0.40625 0.6873508353221957 0.40625 0.6897374701670644 0.4046875 0.7016706443914081 0.4046875 0.7016706443914081 0.4015625 0.7088305489260143 0.396875 0.7183770883054893 0.396875 0.720763723150358 0.3953125 0.720763723150358 0.3828125 0.711217183770883 0.375 0.7016706443914081 0.3734375 0.6992840095465394 0.3734375 0.6897374701670644 0.375 0.6873508353221957 0.3734375
2 0.13126491646778043 0.175 0.12410501193317422 0.18125 0.1288782816229117 0.1890625 0.13126491646778043 0.2015625 0.15274463007159905 0.203125 0.16467780429594273 0.2 0.16706443914081145 0.196875 0.1766109785202864 0.19375 0.18854415274463007 0.1828125 0.18854415274463007 0.1765625 0.18615751789976134 0.175 0.18138424821002386 0.1734375 0.162291169451074 0.1734375 0.15990453460620524 0.171875 0.1575178997613365 0.171875 0.14081145584725538 0.171875 0.13126491646778043 0.175
2 0.6205250596658711 0.403125 0.6205250596658711 0.4078125 0.6348448687350835 0.4171875 0.639618138424821 0.4171875 0.6443914081145584 0.4078125 0.6539379474940334 0.3984375 0.6539379474940334 0.3921875 0.6515513126491647 0.3921875 0.639618138424821 0.39375 0.6205250596658711 0.403125
2 0.17422434367541767 0.078125 0.16706443914081145 0.0828125 0.1575178997613365 0.0984375 0.1575178997613365 0.1203125 0.15990453460620524 0.1234375 0.1431980906921241 0.1359375 0.14081145584725538 0.1421875 0.14081145584725538 0.1578125 0.1431980906921241 0.1625 0.15513126491646778 0.1703125 0.17899761336515513 0.171875 0.18138424821002386 0.1703125 0.1957040572792363 0.1703125 0.20763723150357996 0.1625 0.21241050119331742 0.1546875 0.2243436754176611 0.15 0.21957040572792363 0.146875 0.21957040572792363 0.14375 0.22673031026252982 0.1390625 0.24821002386634844 0.1390625 0.2529832935560859 0.1375 0.2577565632458234 0.1390625 0.26014319809069214 0.140625 0.2553699284009546 0.1421875 0.2553699284009546 0.15 0.26014319809069214 0.15 0.2649164677804296 0.1453125 0.26252983293556087 0.1375 0.2720763723150358 0.13125 0.2720763723150358 0.1171875 0.2577565632458234 0.109375 0.23389021479713604 0.109375 0.22911694510739858 0.1078125 0.2243436754176611 0.1046875 0.2243436754176611 0.096875 0.21479713603818615 0.0890625 0.21241050119331742 0.0828125 0.20047732696897375 0.0765625 0.19809069212410502 0.0765625 0.18854415274463007 0.075 0.17422434367541767 0.078125
2 0.2863961813842482 0.36875 0.27923627684964203 0.375 0.27923627684964203 0.3828125 0.2863961813842482 0.3921875 0.2935560859188544 0.396875 0.3054892601431981 0.3984375 0.31742243436754175 0.4046875 0.33651551312649164 0.4109375 0.35083532219570407 0.4046875 0.3556085918854415 0.390625 0.3412887828162291 0.3828125 0.3341288782816229 0.3828125 0.3198090692124105 0.371875 0.3198090692124105 0.36875 0.315035799522673 0.3671875 0.3126491646778043 0.3671875 0.2911694510739857 0.3671875 0.2863961813842482 0.36875
2 0.11694510739856802 0.1296875 0.09307875894988067 0.1453125 0.09307875894988067 0.159375 0.10023866348448687 0.1703125 0.10978520286396182 0.1765625 0.12410501193317422 0.178125 0.14081145584725538 0.1703125 0.14081145584725538 0.1625 0.1360381861575179 0.1546875 0.13842482100238662 0.1328125 0.13365155131264916 0.13125 0.13126491646778043 0.13125 0.1288782816229117 0.1296875 0.11694510739856802 0.1296875
2 0.05250596658711217 0.175 0.04295942720763723 0.18125 0.0405727923627685 0.1875 0.0477326968973747 0.19375 0.05250596658711217 0.19375 0.057279236276849645 0.196875 0.06205250596658711 0.20625 0.06682577565632458 0.209375 0.081145584725537 0.2125 0.1026252983293556 0.2125 0.11694510739856802 0.209375 0.12649164677804295 0.2015625 0.12649164677804295 0.1875 0.11455847255369929 0.178125 0.10739856801909307 0.178125 0.10501193317422435 0.175 0.0954653937947494 0.175 0.09307875894988067 0.1734375 0.09069212410501193 0.1734375 0.059665871121718374 0.1734375 0.05250596658711217 0.175
2 0.059665871121718374 0 0.059665871121718374 0.0015625 0.05250596658711217 0.00625 0.05250596658711217 0.015625 0.06443914081145585 0.0203125 0.081145584725537 0.0203125 0.09307875894988067 0.025 0.10739856801909307 0.0234375 0.11217183770883055 0.021875 0.11455847255369929 0.0109375 0.10978520286396182 0.0046875 0.10023866348448687 0 0.059665871121718374 0
2 0.38902147971360385 0.3953125 0.3818615751789976 0.396875 0.36992840095465396 0.4046875 0.36515513126491644 0.4125 0.36754176610978523 0.41875 0.3818615751789976 0.43125 0.3818615751789976 0.45 0.4009546539379475 0.4515625 0.4128878281622912 0.4484375 0.4200477326968974 0.44375 0.42720763723150357 0.44375 0.431980906921241 0.4390625 0.4439140811455847 0.4359375 0.45346062052505964 0.428125 0.45346062052505964 0.4234375 0.43914081145584727 0.4140625 0.4152744630071599 0.403125 0.4128878281622912 0.403125 0.40572792362768495 0.3984375 0.38902147971360385 0.3953125
2 0.27923627684964203 0.0078125 0.2744630071599045 0.0078125 0.26252983293556087 0.015625 0.26252983293556087 0.01875 0.2553699284009546 0.0234375 0.2386634844868735 0.025 0.21957040572792363 0.0375 0.21957040572792363 0.0453125 0.22195704057279236 0.046875 0.22673031026252982 0.0484375 0.24821002386634844 0.0484375 0.2529832935560859 0.059375 0.26252983293556087 0.06875 0.2720763723150358 0.071875 0.2744630071599045 0.075 0.2840095465393795 0.075 0.29594272076372313 0.06875 0.30071599045346065 0.0359375 0.30787589498806683 0.03125 0.31026252983293556 0.0234375 0.315035799522673 0.0203125 0.315035799522673 0.0140625 0.30787589498806683 0.0046875 0.29594272076372313 0.00625 0.2935560859188544 0.0046875 0.2911694510739857 0.0046875 0.2840095465393795 0.0046875 0.27923627684964203 0.0078125
2 0.42720763723150357 0.45 0.4033412887828162 0.4546875 0.40572792362768495 0.4625 0.4152744630071599 0.475 0.4128878281622912 0.490625 0.41766109785202865 0.49375 0.42482100238663484 0.49375 0.42720763723150357 0.4921875 0.42720763723150357 0.484375 0.431980906921241 0.478125 0.431980906921241 0.471875 0.45584725536992843 0.446875 0.45584725536992843 0.440625 0.45346062052505964 0.440625 0.431980906921241 0.446875 0.42720763723150357 0.45
2 0.12649164677804295 0.390625 0.10978520286396182 0.4 0.10739856801909307 0.4046875 0.10739856801909307 0.4203125 0.12410501193317422 0.4265625 0.13365155131264916 0.4265625 0.13365155131264916 0.4171875 0.14081145584725538 0.4125 0.14558472553699284 0.4125 0.14797136038186157 0.4015625 0.16467780429594273 0.3828125 0.13842482100238662 0.3671875 0.13126491646778043 0.3671875 0.13126491646778043 0.36875 0.12649164677804295 0.375 0.12649164677804295 0.390625
2 0.2840095465393795 0.325 0.2744630071599045 0.3203125 0.2649164677804296 0.3203125 0.26252983293556087 0.3328125 0.2577565632458234 0.3375 0.2577565632458234 0.3484375 0.26252983293556087 0.353125 0.26252983293556087 0.3578125 0.26968973747016706 0.359375 0.2744630071599045 0.3640625 0.2840095465393795 0.365625 0.3198090692124105 0.365625 0.3317422434367542 0.35625 0.3341288782816229 0.3515625 0.3556085918854415 0.3359375 0.3556085918854415 0.3109375 0.35083532219570407 0.30625 0.3436754176610978 0.3046875 0.315035799522673 0.303125 0.3126491646778043 0.3046875 0.3031026252983294 0.3046875 0.3031026252983294 0.30625 0.2911694510739857 0.3125 0.2840095465393795 0.325
2 0.16467780429594273 0.03125 0.16945107398568018 0.040625 0.17899761336515513 0.04375 0.18854415274463007 0.04375 0.1909307875894988 0.0296875 0.20286396181384247 0.0203125 0.20047732696897375 0.0078125 0.19331742243436753 0.003125 0.18138424821002386 0.003125 0.17422434367541767 0.0078125 0.16467780429594273 0.0078125 0.1575178997613365 0.0109375 0.15035799522673032 0.0171875 0.15035799522673032 0.021875 0.15274463007159905 0.021875 0.15513126491646778 0.0265625 0.16467780429594273 0.03125
2 0.25059665871121717 0.459375 0.2458233890214797 0.4625 0.2458233890214797 0.4703125 0.27684964200477324 0.490625 0.3031026252983294 0.4921875 0.30787589498806683 0.490625 0.3198090692124105 0.4828125 0.3198090692124105 0.478125 0.3269689737470167 0.4734375 0.32935560859188545 0.46875 0.31742243436754175 0.4609375 0.29832935560859186 0.4609375 0.29594272076372313 0.459375 0.29594272076372313 0.4546875 0.30071599045346065 0.45 0.30071599045346065 0.440625 0.29594272076372313 0.4375 0.27923627684964203 0.4390625 0.27684964200477324 0.4375 0.26252983293556087 0.4375 0.26252983293556087 0.4390625 0.2553699284009546 0.446875 0.25059665871121717 0.459375
2 0.315035799522673 0.303125 0.30071599045346065 0.30625 0.28878281622911695 0.3171875 0.28878281622911695 0.3234375 0.2863961813842482 0.325 0.2744630071599045 0.3203125 0.26730310262529833 0.3203125 0.26252983293556087 0.3234375 0.26252983293556087 0.334375 0.2577565632458234 0.3390625 0.2577565632458234 0.3484375 0.26252983293556087 0.35625 0.2744630071599045 0.3640625 0.2840095465393795 0.3671875 0.27923627684964203 0.375 0.27923627684964203 0.3828125 0.2863961813842482 0.3921875 0.2935560859188544 0.396875 0.30787589498806683 0.3984375 0.31026252983293556 0.4015625 0.3341288782816229 0.4109375 0.3412887828162291 0.409375 0.34844868735083534 0.4046875 0.3532219570405728 0.3984375 0.3532219570405728 0.390625 0.35799522673031026 0.3875 0.360381861575179 0.3890625 0.3818615751789976 0.3890625 0.4033412887828162 0.38125 0.4081145584725537 0.3734375 0.4081145584725537 0.365625 0.4033412887828162 0.359375 0.38663484486873506 0.3484375 0.3747016706443914 0.34375 0.360381861575179 0.34375 0.3532219570405728 0.340625 0.3556085918854415 0.3359375 0.3556085918854415 0.3125 0.3436754176610978 0.3046875 0.3341288782816229 0.30625 0.3317422434367542 0.3046875 0.32935560859188545 0.3046875 0.3269689737470167 0.303125 0.315035799522673 0.303125
2 0.05489260143198091 0.0671875 0.081145584725537 0.084375 0.09307875894988067 0.084375 0.11933174224343675 0.071875 0.12410501193317422 0.071875 0.1288782816229117 0.06875 0.1288782816229117 0.0625 0.10978520286396182 0.046875 0.08353221957040573 0.046875 0.06921241050119331 0.0546875 0.059665871121718374 0.0546875 0.059665871121718374 0.05625 0.05250596658711217 0.0640625 0.05489260143198091 0.0671875
2 0.10739856801909307 0.4203125 0.12171837708830549 0.4265625 0.13126491646778043 0.4265625 0.13365155131264916 0.425 0.13126491646778043 0.41875 0.14558472553699284 0.4109375 0.14797136038186157 0.4 0.15274463007159905 0.396875 0.15274463007159905 0.39375 0.11933174224343675 0.39375 0.11933174224343675 0.3953125 0.10739856801909307 0.403125 0.10739856801909307 0.4203125
2 0.4439140811455847 0.1796875 0.4295942720763723 0.1890625 0.42720763723150357 0.2 0.431980906921241 0.209375 0.441527446300716 0.2125 0.45346062052505964 0.2125 0.4606205250596659 0.215625 0.4701670644391408 0.2140625 0.47494033412887826 0.203125 0.47494033412887826 0.1921875 0.47255369928400953 0.190625 0.47255369928400953 0.1734375 0.4701670644391408 0.171875 0.4677804295942721 0.1734375 0.4630071599045346 0.1796875 0.4439140811455847 0.1796875
2 0.4630071599045346 0.06875 0.4606205250596659 0.0671875 0.4630071599045346 0.05625 0.44630071599045346 0.0421875 0.431980906921241 0.040625 0.4105011933174224 0.05625 0.4105011933174224 0.0609375 0.40572792362768495 0.0640625 0.38424821002386633 0.0671875 0.3747016706443914 0.071875 0.3747016706443914 0.0796875 0.3818615751789976 0.0875 0.4033412887828162 0.0984375 0.4152744630071599 0.0984375 0.41766109785202865 0.096875 0.4295942720763723 0.1 0.43675417661097854 0.1046875 0.4510739856801909 0.1046875 0.4701670644391408 0.1 0.47255369928400953 0.0875 0.4701670644391408 0.0859375 0.4701670644391408 0.078125 0.4677804295942721 0.078125 0.4630071599045346 0.075 0.4630071599045346 0.06875
2 0.14081145584725538 0.140625 0.14081145584725538 0.15625 0.1431980906921241 0.1625 0.14797136038186157 0.165625 0.1575178997613365 0.1703125 0.16706443914081145 0.171875 0.18615751789976134 0.171875 0.19331742243436753 0.1703125 0.20763723150357996 0.1609375 0.21241050119331742 0.153125 0.21241050119331742 0.1359375 0.2100238663484487 0.1328125 0.17422434367541767 0.13125 0.1575178997613365 0.1265625 0.15513126491646778 0.128125 0.14558472553699284 0.1328125 0.14081145584725538 0.140625
2 0.17422434367541767 0.46875 0.16945107398568018 0.46875 0.16706443914081145 0.475 0.1575178997613365 0.48125 0.15513126491646778 0.4859375 0.13365155131264916 0.5 0.12410501193317422 0.503125 0.11933174224343675 0.5078125 0.11933174224343675 0.521875 0.1360381861575179 0.5296875 0.16467780429594273 0.5296875 0.17899761336515513 0.521875 0.18854415274463007 0.528125 0.19331742243436753 0.5375 0.20286396181384247 0.5421875 0.2100238663484487 0.5421875 0.21479713603818615 0.5375 0.2243436754176611 0.5359375 0.2315035799522673 0.53125 0.2315035799522673 0.5171875 0.22911694510739858 0.5140625 0.2458233890214797 0.50625 0.24821002386634844 0.5 0.24821002386634844 0.490625 0.24343675417661098 0.4765625 0.22673031026252982 0.4625 0.22195704057279236 0.4609375 0.19809069212410502 0.4609375 0.1957040572792363 0.459375 0.19331742243436753 0.4609375 0.18615751789976134 0.4609375 0.17422434367541767 0.46875