3 0.21524663677130046 0 0.21524663677130046 0.0015625 0.21300448430493274 0.0046875 0.1905829596412556 0.0046875 0.1905829596412556 0.0265625 0.19506726457399104 0.028125 0.19506726457399104 0.034375 0.19955156950672645 0.0359375 0.19955156950672645 0.040625 0.19506726457399104 0.0421875 0.19506726457399104 0.0484375 0.1860986547085202 0.053125 0.1860986547085202 0.0578125 0.17937219730941703 0.059375 0.17937219730941703 0.065625 0.17488789237668162 0.0671875 0.17488789237668162 0.071875 0.1681614349775785 0.0765625 0.1547085201793722 0.0765625 0.15246636771300448 0.0734375 0.14573991031390135 0.0734375 0.14349775784753363 0.0703125 0.13004484304932734 0.0703125 0.12780269058295965 0.0671875 0.10089686098654709 0.0671875 0.09417040358744394 0.0734375 0.08968609865470852 0.0734375 0.08520179372197309 0.0765625 0.08520179372197309 0.0828125 0.08071748878923767 0.084375 0.08071748878923767 0.1140625 0.08520179372197309 0.115625 0.08520179372197309 0.1203125 0.08968609865470852 0.121875 0.08968609865470852 0.128125 0.09417040358744394 0.128125 0.10089686098654709 0.1328125 0.10089686098654709 0.1375 0.10986547085201794 0.14375 0.10986547085201794 0.15625 0.11659192825112108 0.1578125 0.11659192825112108 0.1625 0.12556053811659193 0.16875 0.13228699551569506 0.165625 0.13452914798206278 0.16875 0.1412556053811659 0.1703125 0.1412556053811659 0.1734375 0.14573991031390135 0.175 0.14573991031390135 0.1828125 0.15022421524663676 0.184375 0.15022421524663676 0.2046875 0.13901345291479822 0.2125 0.13452914798206278 0.2125 0.13452914798206278 0.21875 0.13004484304932734 0.2203125 0.13004484304932734 0.225 0.1210762331838565 0.2296875 0.1210762331838565 0.2390625 0.11659192825112108 0.240625 0.1210762331838565 0.2453125 0.11659192825112108 0.246875 0.11659192825112108 0.2734375 0.10986547085201794 0.275 0.10986547085201794 0.284375 0.10538116591928251 0.2859375 0.10538116591928251 0.29375 0.10089686098654709 0.2953125 0.10089686098654709 0.3046875 0.10538116591928251 0.3078125 0.11434977578475336 0.3078125 0.11659192825112108 0.3046875 0.12331838565022421 0.3046875 0.13004484304932734 0.309375 0.13004484304932734 0.31875 0.13452914798206278 0.3203125 0.13452914798206278 0.325 0.14349775784753363 0.325 0.14573991031390135 0.3296875 0.1591928251121076 0.3296875 0.16143497757847533 0.33125 0.16143497757847533 0.3359375 0.1547085201793722 0.3375 0.1547085201793722 0.346875 0.15246636771300448 0.3484375 0.14573991031390135 0.3453125 0.13901345291479822 0.3515625 0.13004484304932734 0.3515625 0.12780269058295965 0.3484375 0.1210762331838565 0.3484375 0.1210762331838565 0.3640625 0.11659192825112108 0.365625 0.1210762331838565 0.36875 0.1210762331838565 0.378125 0.13004484304932734 0.3828125 0.13004484304932734 0.3875 0.13452914798206278 0.3890625 0.13452914798206278 0.3921875 0.1412556053811659 0.39375 0.1412556053811659 0.3984375 0.15022421524663676 0.403125 0.15022421524663676 0.40625 0.1547085201793722 0.409375 0.1591928251121076 0.409375 0.16591928251121077 0.4140625 0.16591928251121077 0.41875 0.17040358744394618 0.4203125 0.17040358744394618 0.4265625 0.16591928251121077 0.428125 0.16591928251121077 0.4328125 0.16143497757847533 0.434375 0.1591928251121076 0.4390625 0.1547085201793722 0.4390625 0.1547085201793722 0.44375 0.1412556053811659 0.4515625 0.1412556053811659 0.4578125 0.13452914798206278 0.459375 0.13452914798206278 0.4671875 0.13004484304932734 0.46875 0.13004484304932734 0.471875 0.13452914798206278 0.4734375 0.13452914798206278 0.48125 0.1412556053811659 0.4828125 0.1412556053811659 0.4859375 0.14573991031390135 0.4890625 0.15246636771300448 0.4890625 0.1547085201793722 0.4859375 0.1591928251121076 0.4859375 0.1591928251121076 0.4796875 0.16367713004484305 0.478125 0.16591928251121077 0.471875 0.17040358744394618 0.4734375 0.17040358744394618 0.48125 0.17488789237668162 0.4828125 0.17488789237668162 0.5125 0.16143497757847533 0.521875 0.16143497757847533 0.5265625 0.1547085201793722 0.528125 0.1547085201793722 0.534375 0.14573991031390135 0.5390625 0.14573991031390135 0.5484375 0.1412556053811659 0.55 0.1412556053811659 0.5625 0.14573991031390135 0.5640625 0.14573991031390135 0.571875 0.15022421524663676 0.5734375 0.15022421524663676 0.5859375 0.1547085201793722 0.5875 0.1547085201793722 0.6109375 0.16143497757847533 0.6125 0.16143497757847533 0.6171875 0.16591928251121077 0.61875 0.16591928251121077 0.628125 0.17488789237668162 0.634375 0.18834080717488788 0.634375 0.1905829596412556 0.6359375 0.1905829596412556 0.6453125 0.19506726457399104 0.646875 0.19506726457399104 0.6734375 0.19955156950672645 0.675 0.19955156950672645 0.6796875 0.2040358744394619 0.68125 0.2040358744394619 0.690625 0.21076233183856502 0.6921875 0.21076233183856502 0.696875 0.21973094170403587 0.7015625 0.21973094170403587 0.7078125 0.2242152466367713 0.7109375 0.22869955156950672 0.7109375 0.23094170403587444 0.7140625 0.24663677130044842 0.7140625 0.24887892376681614 0.71875 0.2623318385650224 0.71875 0.2623318385650224 0.715625 0.26681614349775784 0.7140625 0.26905829596412556 0.71875 0.27802690582959644 0.71875 0.2802690582959641 0.7203125 0.2802690582959641 0.73125 0.289237668161435 0.7328125 0.289237668161435 0.7390625 0.2802690582959641 0.74375 0.27802690582959644 0.740625 0.2600896860986547 0.740625 0.257847533632287 0.7375 0.24887892376681614 0.7375 0.24663677130044842 0.7359375 0.24663677130044842 0.7234375 0.242152466367713 0.7265625 0.2242152466367713 0.7265625 0.21748878923766815 0.7328125 0.21076233183856502 0.7328125 0.21076233183856502 0.7390625 0.2040358744394619 0.740625 0.2040358744394619 0.753125 0.21076233183856502 0.7546875 0.21076233183856502 0.759375 0.21973094170403587 0.7640625 0.21973094170403587 0.7703125 0.2242152466367713 0.771875 0.2242152466367713 0.78125 0.21973094170403587 0.7828125 0.21973094170403587 0.790625 0.2242152466367713 0.79375 0.242152466367713 0.79375 0.24887892376681614 0.8015625 0.2556053811659193 0.803125 0.2556053811659193 0.8078125 0.2600896860986547 0.809375 0.2600896860986547 0.815625 0.2645739910313901 0.8171875 0.2645739910313901 0.821875 0.273542600896861 0.821875 0.2757847533632287 0.825 0.2825112107623318 0.825 0.289237668161435 0.81875 0.2982062780269058 0.81875 0.3004484304932735 0.815625 0.3071748878923767 0.815625 0.3094170403587444 0.821875 0.3183856502242152 0.821875 0.3251121076233184 0.8265625 0.3251121076233184 0.8296875 0.33856502242152464 0.8390625 0.3475336322869955 0.8390625 0.34977578475336324 0.84375 0.3542600896860987 0.8453125 0.3542600896860987 0.85 0.3609865470852018 0.85 0.3632286995515695 0.853125 0.36771300448430494 0.853125 0.3789237668161435 0.8640625 0.3923766816143498 0.8640625 0.3991031390134529 0.8703125 0.4080717488789238 0.871875 0.4080717488789238 0.875 0.40358744394618834 0.8765625 0.40358744394618834 0.8875 0.3991031390134529 0.8890625 0.3991031390134529 0.940625 0.40358744394618834 0.94375 0.4327354260089686 0.94375 0.4349775784753363 0.946875 0.44170403587443946 0.946875 0.4439461883408072 0.94375 0.4618834080717489 0.94375 0.4641255605381166 0.940625 0.47757847533632286 0.940625 0.4798206278026906 0.946875 0.484304932735426 0.9484375 0.484304932735426 0.9578125 0.4910313901345291 0.9578125 0.49327354260089684 0.9609375 0.5358744394618834 0.9609375 0.5403587443946188 0.9578125 0.5403587443946188 0.9515625 0.547085201793722 0.95 0.547085201793722 0.9375 0.5515695067264574 0.9359375 0.5538116591928252 0.9296875 0.5627802690582959 0.9359375 0.5717488789237668 0.9359375 0.5717488789237668 0.93125 0.5852017937219731 0.9234375 0.5874439461883408 0.91875 0.5964125560538116 0.91875 0.6053811659192825 0.9125 0.6053811659192825 0.9 0.600896860986547 0.8984375 0.600896860986547 0.89375 0.6053811659192825 0.8921875 0.6053811659192825 0.8859375 0.6076233183856502 0.884375 0.6412556053811659 0.884375 0.6434977578475336 0.88125 0.6502242152466368 0.88125 0.6524663677130045 0.884375 0.6614349775784754 0.884375 0.6636771300448431 0.8875 0.6704035874439462 0.8875 0.672645739910314 0.8921875 0.695067264573991 0.8921875 0.6973094170403588 0.8875 0.7062780269058296 0.8875 0.7085201793721974 0.884375 0.7152466367713004 0.884375 0.7219730941704036 0.878125 0.7511210762331838 0.878125 0.7533632286995515 0.88125 0.7600896860986547 0.88125 0.7623318385650224 0.884375 0.7757847533632287 0.884375 0.7780269058295964 0.8875 0.7959641255605381 0.8875 0.7982062780269058 0.884375 0.804932735426009 0.884375 0.8161434977578476 0.875 0.820627802690583 0.875 0.820627802690583 0.871875 0.8295964125560538 0.8671875 0.8295964125560538 0.8453125 0.8251121076233184 0.84375 0.8251121076233184 0.8375 0.8094170403587444 0.8296875 0.8094170403587444 0.8265625 0.8026905829596412 0.8265625 0.7959641255605381 0.821875 0.7959641255605381 0.803125 0.8026905829596412 0.7984375 0.8094170403587444 0.7984375 0.8094170403587444 0.7953125 0.8161434977578476 0.790625 0.820627802690583 0.790625 0.820627802690583 0.7609375 0.8139013452914798 0.759375 0.8139013452914798 0.74375 0.8094170403587444 0.7421875 0.8094170403587444 0.7328125 0.804932735426009 0.73125 0.804932735426009 0.7234375 0.8004484304932735 0.721875 0.8004484304932735 0.70625 0.804932735426009 0.7046875 0.804932735426009 0.6921875 0.8094170403587444 0.690625 0.8094170403587444 0.68125 0.8251121076233184 0.6734375 0.827354260089686 0.66875 0.8340807174887892 0.66875 0.8408071748878924 0.6625 0.8452914798206278 0.6625 0.8385650224215246 0.6578125 0.8452914798206278 0.65625 0.8452914798206278 0.6390625 0.8497757847533632 0.6375 0.8497757847533632 0.6265625 0.8542600896860987 0.625 0.8542600896860987 0.615625 0.8497757847533632 0.6140625 0.8497757847533632 0.6078125 0.8452914798206278 0.6046875 0.8408071748878924 0.6046875 0.8251121076233184 0.59375 0.8251121076233184 0.590625 0.8116591928251121 0.590625 0.8094170403587444 0.5953125 0.8026905829596412 0.5953125 0.7959641255605381 0.6015625 0.7914798206278026 0.6015625 0.7914798206278026 0.60625 0.7869955156950673 0.6078125 0.7847533632286996 0.6125 0.7802690582959642 0.6109375 0.7802690582959642 0.6078125 0.7757847533632287 0.60625 0.7757847533632287 0.5984375 0.7690582959641256 0.596875 0.7690582959641256 0.58125 0.7645739910313901 0.5796875 0.7645739910313901 0.5703125 0.7600896860986547 0.56875 0.7600896860986547 0.559375 0.7556053811659192 0.5578125 0.7556053811659192 0.5421875 0.7511210762331838 0.540625 0.7511210762331838 0.5359375 0.7443946188340808 0.534375 0.7443946188340808 0.528125 0.7399103139013453 0.5265625 0.7399103139013453 0.521875 0.7309417040358744 0.5171875 0.7309417040358744 0.5140625 0.726457399103139 0.5140625 0.7107623318385651 0.503125 0.7107623318385651 0.49375 0.7152466367713004 0.4921875 0.7152466367713004 0.4828125 0.726457399103139 0.475 0.7309417040358744 0.475 0.7354260089686099 0.471875 0.7354260089686099 0.465625 0.7399103139013453 0.4640625 0.7399103139013453 0.4390625 0.7443946188340808 0.4375 0.7443946188340808 0.428125 0.7511210762331838 0.4265625 0.7511210762331838 0.4203125 0.7556053811659192 0.41875 0.7556053811659192 0.39375 0.7511210762331838 0.3921875 0.7511210762331838 0.3859375 0.7466367713004485 0.3859375 0.7443946188340808 0.3828125 0.7376681614349776 0.3828125 0.7354260089686099 0.3796875 0.726457399103139 0.3796875 0.7197309417040358 0.375 0.7197309417040358 0.371875 0.7152466367713004 0.3703125 0.7197309417040358 0.3671875 0.7197309417040358 0.3578125 0.7152466367713004 0.35625 0.7152466367713004 0.3453125 0.7107623318385651 0.34375 0.7107623318385651 0.340625 0.7062780269058296 0.3375 0.6928251121076233 0.3375 0.6860986547085202 0.3328125 0.6860986547085202 0.3 0.679372197309417 0.2984375 0.679372197309417 0.2921875 0.6748878923766816 0.290625 0.6748878923766816 0.278125 0.6704035874439462 0.2765625 0.6704035874439462 0.26875 0.6614349775784754 0.2625 0.6614349775784754 0.2578125 0.6547085201793722 0.25625 0.6547085201793722 0.25 0.6614349775784754 0.2484375 0.6614349775784754 0.2375 0.6659192825112108 0.2359375 0.6681614349775785 0.23125 0.6748878923766816 0.23125 0.6771300448430493 0.228125 0.6860986547085202 0.228125 0.6883408071748879 0.225 0.695067264573991 0.225 0.6995515695067265 0.221875 0.6995515695067265 0.215625 0.7062780269058296 0.2140625 0.7062780269058296 0.2015625 0.7107623318385651 0.2 0.7107623318385651 0.1890625 0.7062780269058296 0.1875 0.7062780269058296 0.18125 0.6995515695067265 0.1796875 0.6995515695067265 0.175 0.695067264573991 0.1734375 0.695067264573991 0.1671875 0.6748878923766816 0.15625 0.6748878923766816 0.15 0.6614349775784754 0.1421875 0.6614349775784754 0.1359375 0.6547085201793722 0.134375 0.6547085201793722 0.121875 0.6457399103139013 0.1203125 0.6457399103139013 0.115625 0.6412556053811659 0.1140625 0.6412556053811659 0.1078125 0.6367713004484304 0.1046875 0.6233183856502242 0.1046875 0.6210762331838565 0.1078125 0.6121076233183856 0.1078125 0.6098654708520179 0.1015625 0.6053811659192825 0.1 0.6053811659192825 0.0875 0.5964125560538116 0.0828125 0.5964125560538116 0.0734375 0.5919282511210763 0.0703125 0.5874439461883408 0.0703125 0.5852017937219731 0.0671875 0.57847533632287 0.0703125 0.5762331838565022 0.0671875 0.5672645739910314 0.0671875 0.5650224215246636 0.065625 0.5650224215246636 0.053125 0.5717488789237668 0.0515625 0.5717488789237668 0.05 0.5650224215246636 0.0484375 0.5650224215246636 0.0359375 0.5672645739910314 0.034375 0.5919282511210763 0.034375 0.594170403587444 0.0375 0.600896860986547 0.0375 0.6031390134529148 0.040625 0.6165919282511211 0.040625 0.6188340807174888 0.04375 0.6367713004484304 0.04375 0.6457399103139013 0.0375 0.6457399103139013 0.025 0.6412556053811659 0.0234375 0.6412556053811659 0.01875 0.6367713004484304 0.0171875 0.6367713004484304 0.0140625 0.6300448430493274 0.0125 0.6300448430493274 0.0078125 0.6031390134529148 0.0078125 0.600896860986547 0.0046875 0.5739910313901345 0.0046875 0.5717488789237668 0 0.5627802690582959 0 0.5605381165919282 0.0046875 0.48878923766816146 0.0046875 0.48654708520179374 0 0.484304932735426 0 0.4820627802690583 0.0046875 0.30493273542600896 0.0046875 0.30269058295964124 0 0.21524663677130046 0
2 0.5739910313901345 0.4484375 0.5739910313901345 0.471875 0.5874439461883408 0.48125 0.6098654708520179 0.48125 0.6121076233183856 0.478125 0.6165919282511211 0.478125 0.6210762331838565 0.475 0.6210762331838565 0.459375 0.6165919282511211 0.4578125 0.6165919282511211 0.4515625 0.6121076233183856 0.4515625 0.600896860986547 0.4421875 0.57847533632287 0.4421875 0.57847533632287 0.44375 0.57847533632287 0.446875 0.5739910313901345 0.4484375
2 0.7533632286995515 0.83125 0.7511210762331838 0.834375 0.742152466367713 0.834375 0.742152466367713 0.8640625 0.7466367713004485 0.865625 0.7466367713004485 0.8703125 0.7533632286995515 0.871875 0.7533632286995515 0.875 0.7668161434977578 0.884375 0.7757847533632287 0.884375 0.7780269058295964 0.8875 0.804932735426009 0.8875 0.8295964125560538 0.8703125 0.8295964125560538 0.865625 0.8340807174887892 0.8640625 0.8340807174887892 0.8484375 0.8295964125560538 0.846875 0.8295964125560538 0.840625 0.8094170403587444 0.8296875 0.8094170403587444 0.8265625 0.7713004484304933 0.8265625 0.7713004484304933 0.828125 0.7690582959641256 0.83125 0.7533632286995515 0.83125
2 0.3744394618834081 0.08125 0.36771300448430494 0.0875 0.3632286995515695 0.0875 0.3632286995515695 0.09375 0.35874439461883406 0.0953125 0.35874439461883406 0.1 0.3542600896860987 0.1015625 0.3542600896860987 0.1109375 0.35874439461883406 0.1125 0.35874439461883406 0.1234375 0.36771300448430494 0.1234375 0.36995515695067266 0.128125 0.3721973094170404 0.128125 0.3744394618834081 0.1234375 0.3811659192825112 0.1234375 0.3901345291479821 0.1171875 0.3968609865470852 0.1171875 0.40582959641255606 0.1109375 0.4080717488789238 0.10625 0.4125560538116592 0.10625 0.4170403587443946 0.103125 0.4170403587443946 0.0984375 0.42152466367713004 0.096875 0.42152466367713004 0.0875 0.4170403587443946 0.0859375 0.4170403587443946 0.08125 0.4080717488789238 0.08125 0.40582959641255606 0.0796875 0.40582959641255606 0.0765625 0.3834080717488789 0.0765625 0.3834080717488789 0.078125 0.3811659192825112 0.08125 0.3744394618834081 0.08125
2 0.2757847533632287 0.09375 0.26905829596412556 0.0953125 0.26905829596412556 0.10625 0.2757847533632287 0.1078125 0.2757847533632287 0.1109375 0.289237668161435 0.1203125 0.30269058295964124 0.1203125 0.30493273542600896 0.1234375 0.35201793721973096 0.1234375 0.35650224215246634 0.1203125 0.35650224215246634 0.1125 0.35201793721973096 0.1109375 0.35201793721973096 0.0984375 0.3430493273542601 0.09375 0.3430493273542601 0.0875 0.33856502242152464 0.0875 0.3273542600896861 0.0796875 0.3273542600896861 0.0765625 0.32062780269058294 0.0765625 0.3183856502242152 0.0734375 0.2937219730941704 0.0734375 0.2937219730941704 0.075 0.2757847533632287 0.0875 0.2757847533632287 0.09375
2 0.13004484304932734 0.2453125 0.13452914798206278 0.246875 0.13452914798206278 0.253125 0.1412556053811659 0.2546875 0.1412556053811659 0.2625 0.14573991031390135 0.2640625 0.14573991031390135 0.2703125 0.15022421524663676 0.2734375 0.1591928251121076 0.2734375 0.16143497757847533 0.2765625 0.1681614349775785 0.2765625 0.1726457399103139 0.2734375 0.1726457399103139 0.26875 0.17713004484304934 0.2671875 0.17713004484304934 0.2609375 0.18385650224215247 0.259375 0.18385650224215247 0.25 0.18834080717488788 0.2484375 0.18834080717488788 0.24375 0.19282511210762332 0.2421875 0.19282511210762332 0.2125 0.18385650224215247 0.20625 0.17040358744394618 0.20625 0.1681614349775785 0.2015625 0.1547085201793722 0.2015625 0.1547085201793722 0.203125 0.13004484304932734 0.2203125 0.13004484304932734 0.2453125
2 0.3004484304932735 0.7640625 0.3004484304932735 0.7703125 0.30493273542600896 0.771875 0.30493273542600896 0.7875 0.3094170403587444 0.7890625 0.3094170403587444 0.79375 0.31390134529147984 0.7953125 0.31390134529147984 0.8015625 0.32062780269058294 0.803125 0.32062780269058294 0.8078125 0.3251121076233184 0.809375 0.3251121076233184 0.8125 0.3295964125560538 0.815625 0.3430493273542601 0.815625 0.3452914798206278 0.81875 0.36771300448430494 0.81875 0.36995515695067266 0.815625 0.37668161434977576 0.815625 0.3834080717488789 0.8078125 0.38789237668161436 0.8078125 0.38789237668161436 0.803125 0.3968609865470852 0.7984375 0.3968609865470852 0.7859375 0.38789237668161436 0.78125 0.38789237668161436 0.778125 0.3789237668161435 0.778125 0.3721973094170404 0.771875 0.3632286995515695 0.771875 0.35650224215246634 0.7671875 0.35650224215246634 0.7640625 0.34977578475336324 0.7640625 0.3475336322869955 0.7609375 0.33408071748878926 0.7609375 0.33183856502242154 0.7578125 0.30493273542600896 0.7578125 0.30493273542600896 0.759375 0.30493273542600896 0.7625 0.3004484304932735 0.7640625
2 0.24439461883408073 0.615625 0.23766816143497757 0.621875 0.23094170403587444 0.621875 0.22869955156950672 0.6265625 0.2242152466367713 0.6265625 0.21973094170403587 0.6296875 0.21973094170403587 0.634375 0.21524663677130046 0.6359375 0.21524663677130046 0.6453125 0.21076233183856502 0.646875 0.21076233183856502 0.6515625 0.21524663677130046 0.653125 0.21524663677130046 0.659375 0.21973094170403587 0.6625 0.22869955156950672 0.6625 0.23094170403587444 0.665625 0.24663677130044842 0.665625 0.24887892376681614 0.66875 0.26681614349775784 0.66875 0.26905829596412556 0.665625 0.27802690582959644 0.665625 0.2914798206278027 0.65625 0.2937219730941704 0.6515625 0.2982062780269058 0.6515625 0.2982062780269058 0.64375 0.30269058295964124 0.6421875 0.30269058295964124 0.6265625 0.2982062780269058 0.625 0.2982062780269058 0.621875 0.2937219730941704 0.621875 0.28699551569506726 0.615625 0.2802690582959641 0.615625 0.27802690582959644 0.6125 0.2600896860986547 0.6125 0.2600896860986547 0.6140625 0.257847533632287 0.615625 0.24439461883408073 0.615625
2 0.3452914798206278 0.1296875 0.3430493273542601 0.1328125 0.33856502242152464 0.1328125 0.3295964125560538 0.1390625 0.3295964125560538 0.1796875 0.33408071748878926 0.18125 0.33408071748878926 0.1875 0.33856502242152464 0.190625 0.3430493273542601 0.190625 0.3452914798206278 0.19375 0.35650224215246634 0.19375 0.3632286995515695 0.1875 0.36771300448430494 0.1875 0.36771300448430494 0.18125 0.3721973094170404 0.1796875 0.3721973094170404 0.1671875 0.37668161434977576 0.165625 0.37668161434977576 0.1390625 0.3721973094170404 0.1375 0.3721973094170404 0.1328125 0.36771300448430494 0.1296875 0.3609865470852018 0.128125 0.3609865470852018 0.125 0.3542600896860987 0.125 0.3542600896860987 0.1265625 0.35201793721973096 0.1296875 0.3452914798206278 0.1296875
2 0.26905829596412556 0.334375 0.2533632286995516 0.3484375 0.24887892376681614 0.3484375 0.24439461883408073 0.3515625 0.24439461883408073 0.35625 0.2399103139013453 0.3578125 0.2399103139013453 0.378125 0.24887892376681614 0.384375 0.2533632286995516 0.384375 0.2600896860986547 0.3890625 0.2600896860986547 0.3921875 0.26905829596412556 0.3984375 0.273542600896861 0.3984375 0.2757847533632287 0.4015625 0.2914798206278027 0.4015625 0.2937219730941704 0.3984375 0.2982062780269058 0.3984375 0.2982062780269058 0.3625 0.2914798206278027 0.3609375 0.2914798206278027 0.334375 0.28475336322869954 0.33125 0.28475336322869954 0.3328125 0.2825112107623318 0.334375 0.26905829596412556 0.334375
2 0.7982062780269058 0.603125 0.7914798206278026 0.6046875 0.7914798206278026 0.6140625 0.7869955156950673 0.615625 0.7869955156950673 0.6515625 0.7914798206278026 0.653125 0.7914798206278026 0.65625 0.8340807174887892 0.65625 0.8340807174887892 0.653125 0.8408071748878924 0.6484375 0.8452914798206278 0.6484375 0.8452914798206278 0.6390625 0.8497757847533632 0.6375 0.8497757847533632 0.6328125 0.8542600896860987 0.63125 0.8542600896860987 0.6078125 0.8295964125560538 0.59375 0.8295964125560538 0.590625 0.8071748878923767 0.590625 0.8071748878923767 0.5921875 0.7982062780269058 0.5984375 0.7982062780269058 0.603125
2 0.7219730941704036 0.778125 0.7219730941704036 0.78125 0.7152466367713004 0.7859375 0.7085201793721974 0.7859375 0.7062780269058296 0.7890625 0.6973094170403588 0.7890625 0.695067264573991 0.7921875 0.6816143497757847 0.7921875 0.6748878923766816 0.8 0.6681614349775785 0.8 0.6614349775784754 0.80625 0.6569506726457399 0.80625 0.6569506726457399 0.815625 0.6614349775784754 0.815625 0.6636771300448431 0.81875 0.6704035874439462 0.81875 0.672645739910314 0.821875 0.6905829596412556 0.821875 0.6928251121076233 0.825 0.7017937219730942 0.8265625 0.7017937219730942 0.8296875 0.7107623318385651 0.8296875 0.7107623318385651 0.8265625 0.7219730941704036 0.81875 0.7309417040358744 0.81875 0.7466367713004485 0.8046875 0.7511210762331838 0.8046875 0.7600896860986547 0.7984375 0.7600896860986547 0.778125 0.7556053811659192 0.7765625 0.7556053811659192 0.771875 0.7511210762331838 0.76875 0.742152466367713 0.76875 0.742152466367713 0.7703125 0.7309417040358744 0.778125 0.7219730941704036 0.778125
2 0.6524663677130045 0.8375 0.6524663677130045 0.85 0.647982062780269 0.8515625 0.647982062780269 0.8640625 0.6434977578475336 0.865625 0.6434977578475336 0.8703125 0.647982062780269 0.871875 0.647982062780269 0.878125 0.6569506726457399 0.884375 0.6614349775784754 0.884375 0.6636771300448431 0.8875 0.6704035874439462 0.8875 0.672645739910314 0.8921875 0.695067264573991 0.8921875 0.6973094170403588 0.8875 0.7107623318385651 0.8875 0.7152466367713004 0.884375 0.7152466367713004 0.8625 0.7107623318385651 0.8609375 0.7107623318385651 0.8546875 0.695067264573991 0.846875 0.695067264573991 0.840625 0.6905829596412556 0.8375 0.6816143497757847 0.8375 0.679372197309417 0.834375 0.672645739910314 0.834375 0.6704035874439462 0.83125 0.6569506726457399 0.83125 0.6569506726457399 0.8328125 0.6569506726457399 0.8359375 0.6524663677130045 0.8375
2 0.6031390134529148 0.646875 0.600896860986547 0.65 0.594170403587444 0.65 0.5919282511210763 0.653125 0.5874439461883408 0.653125 0.5874439461883408 0.6796875 0.594170403587444 0.68125 0.594170403587444 0.6875 0.6031390134529148 0.6921875 0.6031390134529148 0.696875 0.6121076233183856 0.7015625 0.6121076233183856 0.7046875 0.6502242152466368 0.7046875 0.6524663677130045 0.7 0.6659192825112108 0.7 0.6681614349775785 0.696875 0.6748878923766816 0.696875 0.6816143497757847 0.690625 0.6860986547085202 0.690625 0.6905829596412556 0.6875 0.6905829596412556 0.68125 0.695067264573991 0.6796875 0.695067264573991 0.6703125 0.6905829596412556 0.66875 0.6905829596412556 0.646875 0.6524663677130045 0.646875 0.6502242152466368 0.64375 0.6188340807174888 0.64375 0.6188340807174888 0.6453125 0.6165919282511211 0.646875 0.6031390134529148 0.646875
2 0.09641255605381166 0.0703125 0.09417040358744394 0.0734375 0.08968609865470852 0.0734375 0.08520179372197309 0.0765625 0.08520179372197309 0.0828125 0.08071748878923767 0.084375 0.08071748878923767 0.1171875 0.08520179372197309 0.11875 0.08520179372197309 0.1234375 0.08968609865470852 0.125 0.08968609865470852 0.128125 0.09641255605381166 0.1296875 0.09641255605381166 0.134375 0.10089686098654709 0.1375 0.10762331838565023 0.1375 0.10986547085201794 0.1421875 0.12780269058295965 0.1421875 0.12780269058295965 0.1390625 0.13452914798206278 0.134375 0.14349775784753363 0.134375 0.15022421524663676 0.128125 0.1591928251121076 0.128125 0.16143497757847533 0.1234375 0.1681614349775785 0.1234375 0.17937219730941703 0.1140625 0.18385650224215247 0.1140625 0.18834080717488788 0.1109375 0.18834080717488788 0.1078125 0.19282511210762332 0.10625 0.19282511210762332 0.090625 0.18834080717488788 0.0875 0.17937219730941703 0.0875 0.17713004484304934 0.084375 0.17040358744394618 0.084375 0.16367713004484305 0.0796875 0.16367713004484305 0.0765625 0.15022421524663676 0.0765625 0.14798206278026907 0.0734375 0.1412556053811659 0.0734375 0.13901345291479822 0.0703125 0.12556053811659193 0.0703125 0.12331838565022421 0.0671875 0.10986547085201794 0.0671875 0.10986547085201794 0.06875 0.10762331838565023 0.0703125 0.09641255605381166 0.0703125
2 0.49327354260089684 0.634375 0.4977578475336323 0.6359375 0.4977578475336323 0.6421875 0.5044843049327354 0.64375 0.5044843049327354 0.6515625 0.5089686098654709 0.653125 0.5089686098654709 0.65625 0.5179372197309418 0.6625 0.531390134529148 0.6625 0.5336322869955157 0.665625 0.5605381165919282 0.665625 0.5627802690582959 0.6625 0.5717488789237668 0.6625 0.5739910313901345 0.659375 0.5807174887892377 0.659375 0.5807174887892377 0.653125 0.5852017937219731 0.6515625 0.5852017937219731 0.6265625 0.5807174887892377 0.625 0.5807174887892377 0.621875 0.5717488789237668 0.615625 0.5672645739910314 0.615625 0.5605381165919282 0.6109375 0.5605381165919282 0.6078125 0.5560538116591929 0.6046875 0.5381165919282511 0.6046875 0.5358744394618834 0.6015625 0.5134529147982063 0.6015625 0.5112107623318386 0.5984375 0.4977578475336323 0.5984375 0.4977578475336323 0.6 0.49327354260089684 0.6015625 0.49327354260089684 0.634375
2 0.49327354260089684 0.1078125 0.4910313901345291 0.1125 0.484304932735426 0.1125 0.484304932735426 0.1171875 0.4798206278026906 0.11875 0.4798206278026906 0.1234375 0.4730941704035874 0.125 0.4730941704035874 0.1453125 0.47757847533632286 0.1453125 0.48878923766816146 0.153125 0.48878923766816146 0.15625 0.49551569506726456 0.15625 0.4977578475336323 0.159375 0.531390134529148 0.159375 0.5336322869955157 0.15625 0.5403587443946188 0.15625 0.5403587443946188 0.15 0.547085201793722 0.1484375 0.547085201793722 0.121875 0.5426008968609866 0.121875 0.5269058295964125 0.1109375 0.5269058295964125 0.1078125 0.5179372197309418 0.1078125 0.515695067264574 0.1046875 0.5044843049327354 0.1046875 0.5044843049327354 0.10625 0.5022421524663677 0.1078125 0.49327354260089684 0.1078125
2 0.5739910313901345 0.0796875 0.5627802690582959 0.084375 0.5627802690582959 0.0890625 0.5582959641255605 0.090625 0.5582959641255605 0.1140625 0.5538116591928252 0.115625 0.5538116591928252 0.1234375 0.5582959641255605 0.125 0.5582959641255605 0.134375 0.5852017937219731 0.134375 0.600896860986547 0.1234375 0.600896860986547 0.084375 0.5964125560538116 0.0828125 0.5964125560538116 0.0734375 0.5919282511210763 0.0703125 0.57847533632287 0.0703125 0.57847533632287 0.071875 0.5739910313901345 0.0734375 0.5739910313901345 0.0796875
2 0.19955156950672645 0.6734375 0.19506726457399104 0.6765625 0.19955156950672645 0.678125 0.19955156950672645 0.6828125 0.2040358744394619 0.684375 0.2040358744394619 0.69375 0.21076233183856502 0.6953125 0.21076233183856502 0.7 0.21524663677130046 0.7015625 0.21524663677130046 0.7046875 0.2242152466367713 0.7109375 0.23318385650224216 0.7109375 0.23542600896860988 0.7140625 0.2623318385650224 0.7140625 0.26905829596412556 0.7078125 0.273542600896861 0.7078125 0.27802690582959644 0.7046875 0.27802690582959644 0.6921875 0.26681614349775784 0.6875 0.26681614349775784 0.684375 0.2600896860986547 0.684375 0.2533632286995516 0.678125 0.24887892376681614 0.678125 0.23766816143497757 0.6671875 0.2242152466367713 0.6671875 0.2219730941704036 0.6640625 0.21076233183856502 0.6640625 0.21076233183856502 0.665625 0.19955156950672645 0.6703125 0.19955156950672645 0.6734375
2 0.6569506726457399 0.340625 0.6569506726457399 0.346875 0.6524663677130045 0.3484375 0.6524663677130045 0.375 0.6569506726457399 0.3765625 0.6569506726457399 0.38125 0.6614349775784754 0.38125 0.6636771300448431 0.384375 0.6748878923766816 0.384375 0.6771300448430493 0.38125 0.6860986547085202 0.38125 0.6883408071748879 0.378125 0.695067264573991 0.378125 0.6973094170403588 0.375 0.7062780269058296 0.375 0.7085201793721974 0.3703125 0.7152466367713004 0.3703125 0.7197309417040358 0.3671875 0.7197309417040358 0.3484375 0.7152466367713004 0.346875 0.7152466367713004 0.340625 0.7107623318385651 0.3375 0.6973094170403588 0.3375 0.695067264573991 0.334375 0.6681614349775785 0.334375 0.6681614349775785 0.3359375 0.6614349775784754 0.340625 0.6569506726457399 0.340625
2 0.5829596412556054 0.0109375 0.5807174887892377 0.0140625 0.5739910313901345 0.0140625 0.5739910313901345 0.0203125 0.5672645739910314 0.021875 0.5829596412556054 0.03125 0.5829596412556054 0.034375 0.5919282511210763 0.034375 0.594170403587444 0.0375 0.600896860986547 0.0375 0.6031390134529148 0.040625 0.6165919282511211 0.040625 0.6188340807174888 0.04375 0.6367713004484304 0.04375 0.6390134529147982 0.040625 0.6502242152466368 0.040625 0.6502242152466368 0.028125 0.6457399103139013 0.0265625 0.6457399103139013 0.021875 0.6412556053811659 0.0203125 0.6412556053811659 0.0140625 0.6367713004484304 0.0109375 0.6322869955156951 0.0109375 0.6300448430493274 0.0078125 0.594170403587444 0.0078125 0.594170403587444 0.009375 0.5919282511210763 0.0109375 0.5829596412556054 0.0109375
2 0.3632286995515695 0.365625 0.3609865470852018 0.36875 0.3542600896860987 0.36875 0.35201793721973096 0.371875 0.3452914798206278 0.371875 0.3430493273542601 0.3765625 0.33856502242152464 0.3765625 0.33408071748878926 0.3796875 0.33183856502242154 0.3859375 0.3251121076233184 0.3859375 0.3183856502242152 0.39375 0.31390134529147984 0.39375 0.31390134529147984 0.3984375 0.32062780269058294 0.4 0.32062780269058294 0.40625 0.3295964125560538 0.4109375 0.3295964125560538 0.415625 0.33856502242152464 0.4203125 0.33856502242152464 0.4265625 0.3430493273542601 0.4265625 0.3452914798206278 0.4296875 0.35201793721973096 0.4296875 0.3542600896860987 0.4328125 0.3968609865470852 0.4328125 0.40358744394618834 0.4265625 0.4125560538116592 0.4265625 0.4125560538116592 0.4203125 0.4170403587443946 0.41875 0.4170403587443946 0.4109375 0.42152466367713004 0.409375 0.42152466367713004 0.396875 0.4170403587443946 0.3953125 0.4170403587443946 0.3828125 0.4125560538116592 0.38125 0.4125560538116592 0.3765625 0.40582959641255606 0.375 0.40582959641255606 0.36875 0.4013452914798206 0.365625 0.39461883408071746 0.365625 0.3923766816143498 0.3625 0.3789237668161435 0.3625 0.3789237668161435 0.3640625 0.37668161434977576 0.365625 0.3632286995515695 0.365625
2 0.6278026905829597 0.60625 0.6233183856502242 0.6078125 0.6233183856502242 0.625 0.6322869955156951 0.63125 0.6412556053811659 0.63125 0.6434977578475336 0.634375 0.6659192825112108 0.634375 0.6681614349775785 0.6375 0.6771300448430493 0.6390625 0.6771300448430493 0.6421875 0.695067264573991 0.6421875 0.6973094170403588 0.6375 0.7062780269058296 0.6375 0.7197309417040358 0.628125 0.7197309417040358 0.615625 0.7152466367713004 0.6140625 0.7152466367713004 0.6046875 0.7062780269058296 0.5984375 0.672645739910314 0.5984375 0.6704035874439462 0.6015625 0.6569506726457399 0.6015625 0.6502242152466368 0.5953125 0.6322869955156951 0.5953125 0.6322869955156951 0.596875 0.6278026905829597 0.5984375 0.6278026905829597 0.60625