5 0.4453125 0.7633587786259542 0.4296875 0.7633587786259542 0.428125 0.7659033078880407 0.4109375 0.7659033078880407 0.3953125 0.7735368956743003 0.3890625 0.7735368956743003 0.384375 0.7786259541984732 0.3765625 0.7811704834605598 0.3703125 0.7888040712468194 0.3625 0.7913486005089059 0.353125 0.7989821882951654 0.3515625 0.8040712468193384 0.334375 0.816793893129771 0.328125 0.8269720101781171 0.328125 0.8346055979643766 0.33125 0.8396946564885496 0.340625 0.8396946564885496 0.34375 0.8320610687022901 0.359375 0.8193384223918575 0.3640625 0.811704834605598 0.3703125 0.806615776081425 0.375 0.806615776081425 0.396875 0.7888040712468194 0.4078125 0.7888040712468194 0.428125 0.7811704834605598 0.446875 0.7811704834605598 0.4484375 0.7786259541984732 0.515625 0.7786259541984732 0.5140625 0.7659033078880407 0.5109375 0.7633587786259542 0.5015625 0.7608142493638677 0.4953125 0.7633587786259542 0.49375 0.7608142493638677 0.4921875 0.7608142493638677 0.446875 0.7608142493638677 0.4453125 0.7633587786259542
5 0 0.732824427480916 0.021875 0.7353689567430025 0.0234375 0.7379134860050891 0.03125 0.7379134860050891 0.0484375 0.7455470737913485 0.0578125 0.7455470737913485 0.0765625 0.7531806615776081 0.11875 0.7557251908396947 0.1203125 0.7582697201017812 0.153125 0.7633587786259542 0.1546875 0.7659033078880407 0.1671875 0.7659033078880407 0.1765625 0.7709923664122137 0.1921875 0.7709923664122137 0.1984375 0.7760814249363868 0.215625 0.7811704834605598 0.225 0.7888040712468194 0.23125 0.7888040712468194 0.240625 0.7938931297709924 0.25625 0.806615776081425 0.2625 0.806615776081425 0.271875 0.811704834605598 0.2859375 0.8269720101781171 0.29375 0.8269720101781171 0.29375 0.821882951653944 0.284375 0.8091603053435115 0.28125 0.8091603053435115 0.265625 0.7913486005089059 0.253125 0.7862595419847328 0.25 0.7811704834605598 0.2421875 0.7786259541984732 0.2390625 0.7735368956743003 0.225 0.7709923664122137 0.2046875 0.7582697201017812 0.165625 0.7506361323155216 0.1546875 0.7455470737913485 0.13125 0.7455470737913485 0.1296875 0.7430025445292621 0.1046875 0.7404580152671756 0.103125 0.7379134860050891 0.078125 0.7379134860050891 0.0765625 0.7353689567430025 0.0578125 0.732824427480916 0.025 0.7201017811704835 0.0140625 0.7201017811704835 0.00625 0.7150127226463104 0 0.7150127226463104 0 0.7175572519083969 0 0.732824427480916
5 0.6203125 0.8091603053435115 0.615625 0.816793893129771 0.615625 0.8244274809160306 0.61875 0.8244274809160306 0.6296875 0.8371501272264631 0.64375 0.8447837150127226 0.6578125 0.8575063613231552 0.6625 0.8575063613231552 0.68125 0.8676844783715013 0.684375 0.8727735368956743 0.69375 0.8753180661577609 0.715625 0.8880407124681934 0.7359375 0.8880407124681934 0.75625 0.8804071246819338 0.7578125 0.8702290076335878 0.7140625 0.8702290076335878 0.7125 0.8676844783715013 0.70625 0.8676844783715013 0.696875 0.8600508905852418 0.6828125 0.8549618320610687 0.6796875 0.8498727735368957 0.671875 0.8473282442748091 0.6671875 0.8422391857506362 0.6609375 0.8422391857506362 0.6453125 0.8269720101781171 0.6375 0.8244274809160306 0.634375 0.8193384223918575 0.6328125 0.8193384223918575 0.6234375 0.8091603053435115 0.6203125 0.8091603053435115
5 0.4484375 0.7633587786259542 0.4125 0.7659033078880407 0.396875 0.7735368956743003 0.3890625 0.7735368956743003 0.334375 0.816793893129771 0.328125 0.8269720101781171 0.328125 0.8346055979643766 0.33125 0.8396946564885496 0.340625 0.8396946564885496 0.3484375 0.8269720101781171 0.359375 0.8193384223918575 0.3640625 0.811704834605598 0.3703125 0.806615776081425 0.375 0.806615776081425 0.396875 0.7888040712468194 0.4078125 0.7888040712468194 0.4265625 0.7811704834605598 0.4734375 0.7786259541984732 0.475 0.7760814249363868 0.515625 0.7786259541984732 0.5140625 0.7659033078880407 0.5109375 0.7633587786259542 0.509375 0.7633587786259542 0.45 0.7608142493638677 0.4484375 0.7633587786259542
5 0.696875 0.5318066157760815 0.6953125 0.5368956743002544 0.69375 0.5572519083969466 0.690625 0.5648854961832062 0.6890625 0.5750636132315522 0.690625 0.5776081424936387 0.6875 0.5903307888040712 0.6875 0.5954198473282443 0.6921875 0.6005089058524173 0.703125 0.5903307888040712 0.703125 0.5826972010178118 0.70625 0.5776081424936387 0.7078125 0.544529262086514 0.709375 0.5419847328244275 0.70625 0.5241730279898219 0.7046875 0.5267175572519084 0.7015625 0.5318066157760815 0.696875 0.5318066157760815
5 0.2125 0.6183206106870229 0.2171875 0.6310432569974554 0.221875 0.6361323155216285 0.228125 0.6590330788804071 0.2421875 0.6819338422391857 0.246875 0.6972010178117048 0.253125 0.7048346055979644 0.2546875 0.7150127226463104 0.259375 0.72264631043257 0.2640625 0.712468193384224 0.2625 0.6997455470737913 0.2515625 0.6793893129770993 0.2484375 0.6666666666666666 0.2359375 0.6463104325699746 0.228125 0.6234096692111959 0.215625 0.6081424936386769 0.2140625 0.6081424936386769 0.2109375 0.6106870229007634 0.2125 0.6183206106870229
4 0.8390625 0 0.8328125 0.002544529262086514 0.8265625 0.010178117048346057 0.825 0.03307888040712468 0.8171875 0.04580152671755725 0.80625 0.05597964376590331 0.7984375 0.06870229007633588 0.775 0.08142493638676845 0.7640625 0.0916030534351145 0.7640625 0.10432569974554708 0.771875 0.1272264631043257 0.7734375 0.15776081424936386 0.771875 0.16030534351145037 0.7703125 0.19338422391857507 0.765625 0.2035623409669211 0.7609375 0.22646310432569974 0.784375 0.23155216284987276 0.7890625 0.2340966921119593 0.79375 0.24173027989821882 0.80625 0.24427480916030533 0.815625 0.2595419847328244 0.8234375 0.26208651399491095 0.834375 0.27989821882951654 0.846875 0.2900763358778626 0.8515625 0.30279898218829515 0.8515625 0.31297709923664124 0.85625 0.32061068702290074 0.859375 0.3333333333333333 0.85625 0.3460559796437659 0.8609375 0.3638676844783715 0.8609375 0.37404580152671757 0.8578125 0.3816793893129771 0.8578125 0.40966921119592875 0.846875 0.4223918575063613 0.84375 0.4223918575063613 0.8421875 0.43256997455470736 0.8390625 0.43765903307888043 0.821875 0.44783715012722647 0.81875 0.4580152671755725 0.8109375 0.4631043256997455 0.803125 0.4631043256997455 0.803125 0.4758269720101781 0.7984375 0.48346055979643765 0.7765625 0.4860050890585242 0.7703125 0.5038167938931297 0.7609375 0.5012722646310432 0.75625 0.4961832061068702 0.74375 0.4961832061068702 0.73125 0.48854961832061067 0.7265625 0.49363867684478374 0.7234375 0.5038167938931297 0.715625 0.5165394402035624 0.7140625 0.544529262086514 0.709375 0.5674300254452926 0.7109375 0.5750636132315522 0.7078125 0.5903307888040712 0.7 0.6030534351145038 0.6984375 0.6106870229007634 0.703125 0.6259541984732825 0.70625 0.628498727735369 0.71875 0.6208651399491094 0.734375 0.6208651399491094 0.7390625 0.6234096692111959 0.759375 0.648854961832061 0.7703125 0.648854961832061 0.771875 0.6513994910941476 0.771875 0.648854961832061 0.76875 0.6463104325699746 0.76875 0.6412213740458015 0.7609375 0.628498727735369 0.7578125 0.6183206106870229 0.7578125 0.5979643765903307 0.7609375 0.5928753180661578 0.7640625 0.5750636132315522 0.7734375 0.5597964376590331 0.775 0.5470737913486005 0.778125 0.539440203562341 0.7828125 0.5318066157760815 0.7890625 0.5318066157760815 0.790625 0.5292620865139949 0.79375 0.5139949109414759 0.7984375 0.5063613231552163 0.803125 0.5012722646310432 0.8109375 0.49872773536895676 0.815625 0.4910941475826972 0.828125 0.4860050890585242 0.8390625 0.4681933842239186 0.846875 0.46564885496183206 0.85625 0.4707379134860051 0.8703125 0.455470737913486 0.878125 0.455470737913486 0.884375 0.4681933842239186 0.8984375 0.4681933842239186 0.90625 0.48346055979643765 0.909375 0.48346055979643765 0.9171875 0.49363867684478374 0.91875 0.5063613231552163 0.9234375 0.5114503816793893 0.925 0.5216284987277354 0.9234375 0.5241730279898219 0.9234375 0.5419847328244275 0.93125 0.5572519083969466 0.93125 0.5674300254452926 0.9234375 0.5852417302798982 0.925 0.6005089058524173 0.9234375 0.6106870229007634 0.9171875 0.6208651399491094 0.9140625 0.6310432569974554 0.915625 0.6412213740458015 0.9125 0.648854961832061 0.9015625 0.6564885496183206 0.896875 0.6666666666666666 0.890625 0.6692111959287532 0.8765625 0.6844783715012722 0.8765625 0.6870229007633588 0.8796875 0.6921119592875318 0.8921875 0.6946564885496184 0.90625 0.7022900763358778 0.9125 0.7175572519083969 0.91875 0.7201017811704835 0.928125 0.732824427480916 0.9296875 0.7480916030534351 0.940625 0.7659033078880407 0.946875 0.7938931297709924 0.9421875 0.8015267175572519 0.94375 0.8193384223918575 0.9375 0.8269720101781171 0.934375 0.8269720101781171 0.9359375 0.8524173027989822 0.9328125 0.8600508905852418 0.9203125 0.8600508905852418 0.915625 0.8778625954198473 0.9015625 0.8778625954198473 0.8984375 0.8905852417302799 0.89375 0.8956743002544529 0.8796875 0.8956743002544529 0.8765625 0.8931297709923665 0.86875 0.8982188295165394 0.8625 0.8982188295165394 0.8609375 0.8956743002544529 0.828125 0.8956743002544529 0.81875 0.8880407124681934 0.8109375 0.8905852417302799 0.79375 0.8600508905852418 0.790625 0.8600508905852418 0.7796875 0.8422391857506362 0.7796875 0.8371501272264631 0.76875 0.8193384223918575 0.7671875 0.8091603053435115 0.759375 0.8142493638676844 0.753125 0.8091603053435115 0.74375 0.7913486005089059 0.7390625 0.7913486005089059 0.7234375 0.7760814249363868 0.7140625 0.7735368956743003 0.7015625 0.7557251908396947 0.6890625 0.7506361323155216 0.68125 0.7353689567430025 0.678125 0.7353689567430025 0.671875 0.7506361323155216 0.6703125 0.7608142493638677 0.6609375 0.7735368956743003 0.659375 0.7709923664122137 0.6515625 0.7709923664122137 0.6484375 0.7760814249363868 0.6484375 0.7862595419847328 0.6515625 0.7888040712468194 0.665625 0.7888040712468194 0.6703125 0.7938931297709924 0.6796875 0.7938931297709924 0.6859375 0.806615776081425 0.6828125 0.811704834605598 0.6375 0.8091603053435115 0.6375 0.811704834605598 0.65 0.8244274809160306 0.6578125 0.8269720101781171 0.671875 0.8396946564885496 0.6765625 0.8396946564885496 0.6984375 0.8575063613231552 0.7078125 0.8575063613231552 0.725 0.8651399491094147 0.7578125 0.8625954198473282 0.7640625 0.8702290076335878 0.7640625 0.8753180661577609 0.7578125 0.8854961832061069 0.746875 0.8931297709923665 0.7125 0.8931297709923665 0.7109375 0.8905852417302799 0.7046875 0.8905852417302799 0.6875 0.8778625954198473 0.6828125 0.8778625954198473 0.66875 0.8676844783715013 0.6640625 0.8676844783715013 0.65625 0.8600508905852418 0.64375 0.8549618320610687 0.63125 0.8422391857506362 0.625 0.8422391857506362 0.6171875 0.8320610687022901 0.6 0.8346055979643766 0.590625 0.8498727735368957 0.584375 0.8549618320610687 0.58125 0.8549618320610687 0.5734375 0.8473282442748091 0.56875 0.8473282442748091 0.5625 0.8498727735368957 0.559375 0.8549618320610687 0.553125 0.8549618320610687 0.546875 0.8371501272264631 0.5390625 0.8371501272264631 0.525 0.8091603053435115 0.5171875 0.8091603053435115 0.515625 0.806615776081425 0.5140625 0.7913486005089059 0.50625 0.7862595419847328 0.4796875 0.7837150127226463 0.478125 0.7862595419847328 0.45 0.7862595419847328 0.4484375 0.7888040712468194 0.4125 0.7913486005089059 0.4109375 0.7938931297709924 0.396875 0.7964376590330788 0.384375 0.8091603053435115 0.3796875 0.8091603053435115 0.371875 0.816793893129771 0.3671875 0.816793893129771 0.3609375 0.8269720101781171 0.353125 0.8295165394402035 0.34375 0.8422391857506362 0.3421875 0.8575063613231552 0.3453125 0.8625954198473282 0.3453125 0.8702290076335878 0.340625 0.8778625954198473 0.3296875 0.8829516539440203 0.309375 0.8829516539440203 0.309375 0.8905852417302799 0.30625 0.8956743002544529 0.290625 0.8956743002544529 0.2875 0.8905852417302799 0.2890625 0.8575063613231552 0.2875 0.8549618320610687 0.2875 0.8422391857506362 0.2828125 0.8320610687022901 0.275 0.8269720101781171 0.271875 0.8193384223918575 0.2484375 0.8091603053435115 0.2375 0.7989821882951654 0.228125 0.7964376590330788 0.2234375 0.7913486005089059 0.21875 0.7913486005089059 0.20625 0.7837150127226463 0.1921875 0.7837150127226463 0.1765625 0.7735368956743003 0.1546875 0.7735368956743003 0.153125 0.7709923664122137 0.13125 0.7684478371501272 0.1296875 0.7659033078880407 0.1171875 0.7659033078880407 0.115625 0.7633587786259542 0.0953125 0.7659033078880407 0.0890625 0.7582697201017812 0.08125 0.7582697201017812 0.0796875 0.7557251908396947 0.059375 0.7557251908396947 0.05 0.7506361323155216 0.0375 0.7506361323155216 0.0234375 0.7430025445292621 0 0.7404580152671756 0 0.9949109414758269 0.0015625 0.9974554707379135 0.0625 0.9974554707379135 0.0640625 0.9949109414758269 0.0734375 0.9949109414758269 0.075 0.9974554707379135 0.1359375 0.9974554707379135 0.1421875 0.9949109414758269 0.1453125 0.9974554707379135 0.15 0.9949109414758269 0.153125 0.9974554707379135 0.1546875 0.9949109414758269 0.1640625 0.9949109414758269 0.165625 0.9974554707379135 0.2375 0.9974554707379135 0.2390625 0.9949109414758269 0.259375 0.9949109414758269 0.2609375 0.9974554707379135 0.2796875 0.9974554707379135 0.28125 0.9949109414758269 0.34375 0.9949109414758269 0.3453125 0.9974554707379135 0.375 0.9974554707379135 0.3765625 0.9949109414758269 0.384375 0.9949109414758269 0.3859375 0.9974554707379135 0.490625 0.9974554707379135 0.4921875 0.9949109414758269 0.5 0.9949109414758269 0.5015625 0.9974554707379135 0.5140625 0.9974554707379135 0.5328125 0.9847328244274809 0.5484375 0.9796437659033079 0.553125 0.9745547073791349 0.565625 0.9720101781170484 0.5734375 0.9669211195928753 0.5828125 0.9669211195928753 0.5859375 0.9745547073791349 0.58125 0.9847328244274809 0.5734375 0.9872773536895675 0.5640625 0.9949109414758269 0.5921875 0.9949109414758269 0.59375 0.9974554707379135 0.5984375 0.9949109414758269 0.6 0.9974554707379135 0.6734375 0.9949109414758269 0.675 0.9974554707379135 0.7265625 0.9974554707379135 0.728125 0.9949109414758269 0.7390625 0.9949109414758269 0.740625 0.9974554707379135 0.778125 0.9974554707379135 0.7796875 0.9949109414758269 0.790625 0.9949109414758269 0.7921875 0.9974554707379135 0.884375 0.9974554707379135 0.8875 0.9949109414758269 0.8890625 0.9974554707379135 0.8984375 0.9974554707379135 0.9 0.9949109414758269 0.90625 0.9949109414758269 0.9078125 0.9974554707379135 0.94375 0.9974554707379135 0.9453125 0.9949109414758269 0.946875 0.9974554707379135 0.9953125 0.9974554707379135 0.9984375 0.9923664122137404 0.9984375 0.8905852417302799 0.996875 0.8880407124681934 0.9984375 0.8854961832061069 0.9984375 0.8625954198473282 0.996875 0.8600508905852418 0.996875 0.8447837150127226 0.9984375 0.8346055979643766 0.996875 0.8295165394402035 0.9984375 0.8269720101781171 0.9984375 0.8091603053435115 0.996875 0.806615776081425 0.996875 0.7888040712468194 0.9984375 0.7786259541984732 0.996875 0.7760814249363868 0.9984375 0.7735368956743003 0.9984375 0.7251908396946565 0.996875 0.72264631043257 0.9984375 0.7201017811704835 0.996875 0.7175572519083969 0.996875 0.6666666666666666 0.9984375 0.6641221374045801 0.9984375 0.35368956743002544 0.996875 0.3511450381679389 0.9984375 0.3486005089058524 0.9984375 0.33587786259541985 0.996875 0.33078880407124683 0.9984375 0.3282442748091603 0.9984375 0.2951653944020356 0.996875 0.2900763358778626 0.9984375 0.2875318066157761 0.9984375 0.22391857506361323 0.996875 0.22137404580152673 0.9984375 0.21882951653944022 0.9984375 0.1806615776081425 0.996875 0.178117048346056 0.996875 0.15012722646310434 0.9984375 0.1475826972010178 0.9984375 0.005089058524173028 0.99375 0 0.9515625 0.002544529262086514 0.95 0 0.9484375 0 0.915625 0 0.9046875 0.005089058524173028 0.903125 0.002544529262086514 0.8890625 0.002544529262086514 0.8875 0 0.8390625 0
2 0.1671875 0.3994910941475827 0.1609375 0.4173027989821883 0.15 0.4223918575063613 0.1453125 0.44274809160305345 0.1421875 0.44783715012722647 0.1328125 0.45038167938931295 0.13125 0.4631043256997455 0.1328125 0.4681933842239186 0.1296875 0.4732824427480916 0.11875 0.4758269720101781 0.115625 0.48091603053435117 0.115625 0.4910941475826972 0.10625 0.5089058524173028 0.10625 0.5190839694656488 0.103125 0.5267175572519084 0.103125 0.5343511450381679 0.1046875 0.5368956743002544 0.1046875 0.5470737913486005 0.1109375 0.5648854961832062 0.121875 0.5750636132315522 0.153125 0.5801526717557252 0.1640625 0.5852417302798982 0.175 0.5852417302798982 0.1921875 0.5928753180661578 0.203125 0.5928753180661578 0.20625 0.5852417302798982 0.20625 0.5725190839694656 0.2078125 0.5699745547073791 0.209375 0.46564885496183206 0.2078125 0.4631043256997455 0.2078125 0.4351145038167939 0.203125 0.4173027989821883 0.1984375 0.41475826972010177 0.1921875 0.40458015267175573 0.1875 0.40458015267175573 0.1859375 0.3994910941475827 0.184375 0.3994910941475827 0.1765625 0.3944020356234097 0.1671875 0.3994910941475827
2 0.859375 0.6972010178117048 0.8578125 0.6997455470737913 0.8421875 0.6997455470737913 0.840625 0.7022900763358778 0.8203125 0.7022900763358778 0.79375 0.712468193384224 0.7859375 0.72264631043257 0.7859375 0.7302798982188295 0.78125 0.7379134860050891 0.78125 0.7480916030534351 0.7765625 0.7557251908396947 0.775 0.7709923664122137 0.771875 0.7811704834605598 0.775 0.8015267175572519 0.775 0.8142493638676844 0.790625 0.8524173027989822 0.7953125 0.8575063613231552 0.8 0.8575063613231552 0.80625 0.8753180661577609 0.8109375 0.8804071246819338 0.8203125 0.8778625954198473 0.8265625 0.8880407124681934 0.83125 0.8905852417302799 0.840625 0.8905852417302799 0.84375 0.8854961832061069 0.85 0.8854961832061069 0.8609375 0.8931297709923665 0.8671875 0.8931297709923665 0.871875 0.8854961832061069 0.890625 0.8905852417302799 0.9 0.8727735368956743 0.9125 0.8702290076335878 0.9140625 0.8600508905852418 0.9171875 0.8549618320610687 0.93125 0.8524173027989822 0.9328125 0.8473282442748091 0.9296875 0.8396946564885496 0.928125 0.8269720101781171 0.9390625 0.816793893129771 0.9359375 0.8015267175572519 0.9421875 0.7913486005089059 0.934375 0.7786259541984732 0.9359375 0.7659033078880407 0.9328125 0.7557251908396947 0.925 0.7557251908396947 0.921875 0.7506361323155216 0.9234375 0.7379134860050891 0.921875 0.732824427480916 0.909375 0.7201017811704835 0.9015625 0.7201017811704835 0.9 0.7175572519083969 0.9 0.7048346055979644 0.896875 0.7022900763358778 0.88125 0.7022900763358778 0.8796875 0.6997455470737913 0.878125 0.6997455470737913 0.8765625 0.6972010178117048 0.859375 0.6972010178117048
2 0.865625 0.4681933842239186 0.85625 0.48346055979643765 0.8453125 0.4732824427480916 0.8390625 0.4758269720101781 0.828125 0.49872773536895676 0.81875 0.4961832061068702 0.8109375 0.5114503816793893 0.8015625 0.5114503816793893 0.7953125 0.5292620865139949 0.7953125 0.5419847328244275 0.7921875 0.5470737913486005 0.7828125 0.5419847328244275 0.7796875 0.549618320610687 0.778125 0.5699745547073791 0.7765625 0.5725190839694656 0.7703125 0.5725190839694656 0.7671875 0.5801526717557252 0.7671875 0.6005089058524173 0.7625 0.6055979643765903 0.7625 0.6132315521628499 0.76875 0.6310432569974554 0.784375 0.6539440203562341 0.790625 0.6692111959287532 0.790625 0.6819338422391857 0.79375 0.6997455470737913 0.8015625 0.7022900763358778 0.803125 0.6997455470737913 0.8265625 0.6997455470737913 0.828125 0.6972010178117048 0.8484375 0.6946564885496184 0.8609375 0.6895674300254453 0.9109375 0.6412213740458015 0.909375 0.628498727735369 0.9109375 0.6208651399491094 0.9171875 0.6106870229007634 0.9203125 0.6005089058524173 0.91875 0.5852417302798982 0.925 0.5648854961832062 0.925 0.5597964376590331 0.9203125 0.549618320610687 0.9203125 0.5190839694656488 0.9140625 0.5114503816793893 0.9109375 0.49363867684478374 0.903125 0.49363867684478374 0.9 0.48854961832061067 0.8984375 0.4758269720101781 0.884375 0.47837150127226463 0.8796875 0.4732824427480916 0.8765625 0.4631043256997455 0.875 0.4631043256997455 0.8703125 0.4631043256997455 0.865625 0.4681933842239186
2 0.3859375 0.648854961832061 0.3859375 0.6717557251908397 0.3984375 0.6768447837150128 0.4015625 0.6946564885496184 0.4078125 0.6972010178117048 0.409375 0.6946564885496184 0.4171875 0.6946564885496184 0.41875 0.7048346055979644 0.421875 0.7099236641221374 0.4359375 0.7073791348600509 0.440625 0.7150127226463104 0.446875 0.7150127226463104 0.4546875 0.7099236641221374 0.4671875 0.7099236641221374 0.4875 0.6997455470737913 0.5 0.6768447837150128 0.5046875 0.6437659033078881 0.4859375 0.6513994910941476 0.4640625 0.6539440203562341 0.45 0.6641221374045801 0.4453125 0.6641221374045801 0.434375 0.6539440203562341 0.4140625 0.6564885496183206 0.40625 0.648854961832061 0.40625 0.6361323155216285 0.3828125 0.6310432569974554 0.3828125 0.6335877862595419 0.38125 0.6412213740458015 0.3859375 0.648854961832061
2 0.5671875 0.21628498727735368 0.5609375 0.22137404580152673 0.5546875 0.22137404580152673 0.55 0.22646310432569974 0.546875 0.24427480916030533 0.540625 0.2544529262086514 0.534375 0.2595419847328244 0.53125 0.2697201017811705 0.53125 0.27735368956743 0.528125 0.2824427480916031 0.521875 0.2824427480916031 0.5171875 0.2875318066157761 0.515625 0.33078880407124683 0.5171875 0.3333333333333333 0.5171875 0.361323155216285 0.521875 0.37150127226463103 0.5234375 0.38676844783715014 0.528125 0.4020356234096692 0.5390625 0.4173027989821883 0.5609375 0.46055979643765904 0.5625 0.4707379134860051 0.571875 0.4860050890585242 0.571875 0.4910941475826972 0.5890625 0.5114503816793893 0.5984375 0.5318066157760815 0.6046875 0.5343511450381679 0.6203125 0.5292620865139949 0.6265625 0.5241730279898219 0.634375 0.5241730279898219 0.640625 0.5165394402035624 0.659375 0.5063613231552163 0.6640625 0.5063613231552163 0.6703125 0.49872773536895676 0.6703125 0.49363867684478374 0.6765625 0.48346055979643765 0.68125 0.48091603053435117 0.690625 0.46564885496183206 0.690625 0.4580152671755725 0.6875 0.45038167938931295 0.6953125 0.43765903307888043 0.6984375 0.42493638676844786 0.6984375 0.4173027989821883 0.6921875 0.4071246819338422 0.6921875 0.3994910941475827 0.696875 0.3816793893129771 0.696875 0.36895674300254455 0.6859375 0.35368956743002544 0.690625 0.33078880407124683 0.690625 0.32061068702290074 0.6796875 0.3155216284987277 0.675 0.30788804071246817 0.6765625 0.30279898218829515 0.6765625 0.2824427480916031 0.659375 0.272264631043257 0.6546875 0.26208651399491095 0.646875 0.22900763358778625 0.6375 0.22646310432569974 0.6234375 0.2035623409669211 0.6046875 0.20610687022900764 0.6 0.2010178117048346 0.5796875 0.2035623409669211 0.578125 0.2010178117048346 0.5765625 0.2035623409669211 0.5734375 0.2035623409669211 0.5671875 0.21628498727735368
2 0.1578125 0.5877862595419847 0.140625 0.5877862595419847 0.1390625 0.5903307888040712 0.121875 0.5903307888040712 0.1171875 0.5928753180661578 0.1 0.6157760814249363 0.1 0.6208651399491094 0.0921875 0.6335877862595419 0.0859375 0.6539440203562341 0.0875 0.6641221374045801 0.084375 0.6717557251908397 0.084375 0.6819338422391857 0.0890625 0.6895674300254453 0.0890625 0.7048346055979644 0.1 0.7251908396946565 0.1078125 0.7353689567430025 0.1171875 0.7353689567430025 0.128125 0.727735368956743 0.1328125 0.7353689567430025 0.1390625 0.7353689567430025 0.1546875 0.7175572519083969 0.1578125 0.72264631043257 0.1640625 0.72264631043257 0.1765625 0.7099236641221374 0.1828125 0.712468193384224 0.1859375 0.7099236641221374 0.190625 0.6997455470737913 0.203125 0.6870229007633588 0.2078125 0.6717557251908397 0.2125 0.6641221374045801 0.2125 0.628498727735369 0.2078125 0.6055979643765903 0.203125 0.6005089058524173 0.1828125 0.5979643765903307 0.175 0.5928753180661578 0.1734375 0.5928753180661578 0.159375 0.5903307888040712 0.1578125 0.5877862595419847
2 0.2953125 0.6793893129770993 0.2890625 0.6844783715012722 0.284375 0.6946564885496184 0.278125 0.6921119592875318 0.275 0.6946564885496184 0.275 0.6997455470737913 0.2640625 0.7150127226463104 0.2609375 0.7251908396946565 0.2609375 0.7455470737913485 0.265625 0.7582697201017812 0.265625 0.7709923664122137 0.26875 0.7837150127226463 0.2796875 0.8015267175572519 0.296875 0.816793893129771 0.3078125 0.8193384223918575 0.3125 0.8142493638676844 0.3265625 0.8142493638676844 0.334375 0.8015267175572519 0.3359375 0.7913486005089059 0.328125 0.7735368956743003 0.334375 0.7659033078880407 0.3359375 0.7531806615776081 0.3390625 0.7455470737913485 0.3390625 0.7379134860050891 0.328125 0.7201017811704835 0.328125 0.712468193384224 0.334375 0.6997455470737913 0.3328125 0.6844783715012722 0.3265625 0.6768447837150128 0.315625 0.6768447837150128 0.3140625 0.6743002544529262 0.3125 0.6743002544529262 0.30625 0.6793893129770993 0.2953125 0.6793893129770993
2 0.296875 0.8320610687022901 0.2953125 0.8498727735368957 0.296875 0.8549618320610687 0.29375 0.8651399491094147 0.29375 0.8854961832061069 0.2953125 0.8854961832061069 0.296875 0.8753180661577609 0.3015625 0.8651399491094147 0.3046875 0.8651399491094147 0.3140625 0.8753180661577609 0.334375 0.8753180661577609 0.340625 0.8727735368956743 0.340625 0.8625954198473282 0.3359375 0.8575063613231552 0.334375 0.8473282442748091 0.3171875 0.8244274809160306 0.315625 0.8244274809160306 0.3046875 0.8244274809160306 0.296875 0.8320610687022901
2 0.6578125 0.0737913486005089 0.6484375 0.07124681933842239 0.6453125 0.0737913486005089 0.634375 0.09923664122137404 0.628125 0.10178117048346055 0.625 0.10687022900763359 0.6234375 0.11959287531806616 0.6171875 0.1297709923664122 0.615625 0.13740458015267176 0.615625 0.1628498727735369 0.621875 0.18829516539440203 0.6265625 0.1984732824427481 0.6375 0.21628498727735368 0.646875 0.22137404580152673 0.653125 0.2340966921119593 0.659375 0.26208651399491095 0.6734375 0.2748091603053435 0.6765625 0.2748091603053435 0.68125 0.2824427480916031 0.68125 0.3053435114503817 0.6828125 0.3104325699745547 0.6984375 0.3155216284987277 0.746875 0.24427480916030533 0.746875 0.23918575063613232 0.75625 0.22137404580152673 0.7625 0.19592875318066158 0.765625 0.19083969465648856 0.7671875 0.16793893129770993 0.76875 0.16539440203562342 0.76875 0.1450381679389313 0.765625 0.12468193384223919 0.759375 0.11704834605597965 0.7578125 0.09669211195928754 0.7546875 0.0916030534351145 0.7484375 0.0916030534351145 0.746875 0.089058524173028 0.7421875 0.07124681933842239 0.728125 0.06361323155216285 0.7234375 0.05343511450381679 0.7171875 0.05343511450381679 0.709375 0.058524173027989825 0.7046875 0.05343511450381679 0.6921875 0.05343511450381679 0.684375 0.061068702290076333 0.68125 0.061068702290076333 0.675 0.05343511450381679 0.6734375 0.05343511450381679 0.6671875 0.05597964376590331 0.6578125 0.0737913486005089
2 0.6328125 0.544529262086514 0.6234375 0.539440203562341 0.615625 0.539440203562341 0.6140625 0.5419847328244275 0.5984375 0.544529262086514 0.5890625 0.5521628498727735 0.5828125 0.5521628498727735 0.5734375 0.5623409669211196 0.5671875 0.5648854961832062 0.559375 0.5776081424936387 0.55 0.5852417302798982 0.5375 0.6081424936386769 0.53125 0.6157760814249363 0.528125 0.6157760814249363 0.5203125 0.6310432569974554 0.515625 0.6335877862595419 0.50625 0.6539440203562341 0.50625 0.6819338422391857 0.5015625 0.6895674300254453 0.5015625 0.7048346055979644 0.50625 0.7150127226463104 0.5046875 0.727735368956743 0.50625 0.7353689567430025 0.5125 0.7480916030534351 0.5125 0.7582697201017812 0.5171875 0.7659033078880407 0.51875 0.7964376590330788 0.521875 0.8015267175572519 0.528125 0.7989821882951654 0.5390625 0.8244274809160306 0.5484375 0.8244274809160306 0.5515625 0.8295165394402035 0.5515625 0.8371501272264631 0.55625 0.8447837150127226 0.5734375 0.8346055979643766 0.584375 0.8447837150127226 0.5921875 0.8396946564885496 0.59375 0.8320610687022901 0.603125 0.816793893129771 0.6078125 0.821882951653944 0.6125 0.8193384223918575 0.6140625 0.811704834605598 0.6203125 0.8040712468193384 0.625 0.7862595419847328 0.6390625 0.7888040712468194 0.64375 0.7786259541984732 0.6484375 0.7582697201017812 0.6609375 0.7608142493638677 0.6640625 0.7582697201017812 0.6703125 0.7404580152671756 0.6703125 0.7201017811704835 0.671875 0.7175572519083969 0.690625 0.7175572519083969 0.690625 0.6997455470737913 0.684375 0.6743002544529262 0.6859375 0.6717557251908397 0.6921875 0.6717557251908397 0.696875 0.6641221374045801 0.696875 0.6513994910941476 0.6921875 0.6437659033078881 0.690625 0.6335877862595419 0.69375 0.6259541984732825 0.69375 0.6157760814249363 0.6796875 0.5928753180661578 0.6828125 0.5801526717557252 0.68125 0.5725190839694656 0.6765625 0.5648854961832062 0.6640625 0.5572519083969466 0.6578125 0.5470737913486005 0.65625 0.5470737913486005 0.6546875 0.544529262086514 0.6328125 0.544529262086514
2 0.4578125 0.3994910941475827 0.4421875 0.3994910941475827 0.4359375 0.40458015267175573 0.4328125 0.41475826972010177 0.41875 0.41475826972010177 0.4109375 0.4223918575063613 0.4078125 0.4223918575063613 0.4078125 0.43765903307888043 0.40625 0.4402035623409669 0.396875 0.4402035623409669 0.3859375 0.4529262086513995 0.3859375 0.4707379134860051 0.375 0.48091603053435117 0.3734375 0.49363867684478374 0.375 0.49872773536895676 0.365625 0.5089058524173028 0.3640625 0.5139949109414759 0.3640625 0.5267175572519084 0.3703125 0.539440203562341 0.365625 0.544529262086514 0.3625 0.5597964376590331 0.3640625 0.5648854961832062 0.375 0.5750636132315522 0.375 0.5801526717557252 0.36875 0.5979643765903307 0.384375 0.6132315521628499 0.3859375 0.628498727735369 0.3890625 0.6310432569974554 0.4046875 0.6310432569974554 0.4078125 0.6361323155216285 0.4078125 0.648854961832061 0.4109375 0.6539440203562341 0.4203125 0.6564885496183206 0.4328125 0.6513994910941476 0.4421875 0.6615776081424937 0.4484375 0.6641221374045801 0.46875 0.6513994910941476 0.49375 0.6463104325699746 0.496875 0.6412213740458015 0.5046875 0.638676844783715 0.5109375 0.6310432569974554 0.5140625 0.6310432569974554 0.528125 0.6106870229007634 0.534375 0.6055979643765903 0.5609375 0.5623409669211196 0.565625 0.5597964376590331 0.571875 0.549618320610687 0.584375 0.5419847328244275 0.58125 0.5267175572519084 0.5765625 0.5216284987277354 0.5703125 0.5038167938931297 0.559375 0.48854961832061067 0.5546875 0.4758269720101781 0.5125 0.4173027989821883 0.50625 0.41475826972010177 0.49375 0.4020356234096692 0.4828125 0.3969465648854962 0.48125 0.3969465648854962 0.4625 0.3944020356234097 0.4578125 0.3994910941475827
2 0.715625 0.6335877862595419 0.715625 0.6463104325699746 0.7140625 0.648854961832061 0.7 0.6361323155216285 0.6953125 0.638676844783715 0.7 0.6513994910941476 0.7 0.6692111959287532 0.6890625 0.6819338422391857 0.69375 0.6997455470737913 0.69375 0.7175572519083969 0.690625 0.727735368956743 0.690625 0.7379134860050891 0.6953125 0.7455470737913485 0.709375 0.7557251908396947 0.715625 0.7659033078880407 0.7390625 0.7837150127226463 0.7421875 0.7837150127226463 0.7546875 0.8015267175572519 0.7578125 0.8015267175572519 0.7578125 0.7709923664122137 0.7609375 0.7608142493638677 0.7671875 0.7506361323155216 0.76875 0.7251908396946565 0.775 0.7073791348600509 0.775 0.6921119592875318 0.76875 0.6793893129770993 0.76875 0.6743002544529262 0.75625 0.6539440203562341 0.7515625 0.6513994910941476 0.74375 0.6361323155216285 0.740625 0.6335877862595419 0.728125 0.6335877862595419 0.7265625 0.6310432569974554 0.725 0.6310432569974554 0.7171875 0.6310432569974554 0.715625 0.6335877862595419
2 0.5484375 0.17557251908396945 0.5296875 0.178117048346056 0.525 0.18829516539440203 0.5125 0.19338422391857507 0.503125 0.21119592875318066 0.4984375 0.21374045801526717 0.496875 0.22646310432569974 0.4921875 0.2340966921119593 0.5 0.25190839694656486 0.5 0.2595419847328244 0.490625 0.2697201017811705 0.490625 0.2748091603053435 0.5078125 0.2951653944020356 0.5125 0.2951653944020356 0.5203125 0.27989821882951654 0.525 0.27989821882951654 0.528125 0.2748091603053435 0.528125 0.26717557251908397 0.5328125 0.2544529262086514 0.54375 0.24427480916030533 0.55 0.22137404580152673 0.55625 0.21628498727735368 0.5640625 0.21628498727735368 0.575 0.1984732824427481 0.5875 0.2010178117048346 0.5921875 0.19592875318066158 0.6 0.19592875318066158 0.6046875 0.2010178117048346 0.609375 0.2010178117048346 0.6109375 0.1984732824427481 0.6109375 0.19338422391857507 0.6015625 0.183206106870229 0.59375 0.1806615776081425 0.5890625 0.17557251908396945 0.571875 0.17302798982188294 0.5703125 0.17048346055979643 0.56875 0.17048346055979643 0.5515625 0.17048346055979643 0.5484375 0.17557251908396945
2 0.728125 0.2748091603053435 0.7046875 0.31297709923664124 0.69375 0.33587786259541985 0.6921875 0.3511450381679389 0.7015625 0.3638676844783715 0.7015625 0.3791348600508906 0.6984375 0.38676844783715014 0.696875 0.4020356234096692 0.7046875 0.4122137404580153 0.703125 0.42748091603053434 0.6984375 0.44274809160305345 0.7 0.45038167938931295 0.7109375 0.46564885496183206 0.7265625 0.4631043256997455 0.7359375 0.4732824427480916 0.7375 0.48091603053435117 0.740625 0.48346055979643765 0.746875 0.48091603053435117 0.7609375 0.49363867684478374 0.7671875 0.4961832061068702 0.76875 0.49363867684478374 0.76875 0.4758269720101781 0.7703125 0.4732824427480916 0.7828125 0.4758269720101781 0.784375 0.47837150127226463 0.7953125 0.4758269720101781 0.796875 0.4681933842239186 0.7953125 0.46055979643765904 0.7984375 0.455470737913486 0.8125 0.455470737913486 0.8140625 0.44529262086513993 0.8171875 0.4402035623409669 0.834375 0.4351145038167939 0.8359375 0.42493638676844786 0.834375 0.4223918575063613 0.834375 0.40966921119592875 0.8359375 0.4071246819338422 0.8484375 0.40966921119592875 0.853125 0.40458015267175573 0.8515625 0.3842239185750636 0.85625 0.37659033078880405 0.85625 0.3638676844783715 0.846875 0.3486005089058524 0.846875 0.34096692111959287 0.853125 0.3333333333333333 0.853125 0.3282442748091603 0.8453125 0.3155216284987277 0.8453125 0.30025445292620867 0.8375 0.2900763358778626 0.828125 0.28498727735368956 0.821875 0.2697201017811705 0.815625 0.26463104325699743 0.8078125 0.26463104325699743 0.8046875 0.2595419847328244 0.8046875 0.2544529262086514 0.8 0.24936386768447838 0.7890625 0.24681933842239187 0.7859375 0.24173027989821882 0.7734375 0.2366412213740458 0.759375 0.2366412213740458 0.7484375 0.24681933842239187 0.7484375 0.24936386768447838 0.734375 0.2697201017811705 0.728125 0.2748091603053435
2 0.2546875 0.40458015267175573 0.2484375 0.41475826972010177 0.2390625 0.4223918575063613 0.234375 0.43765903307888043 0.23125 0.4402035623409669 0.23125 0.44529262086513993 0.225 0.46055979643765904 0.2234375 0.4707379134860051 0.2203125 0.4758269720101781 0.2203125 0.48854961832061067 0.2171875 0.49363867684478374 0.215625 0.5063613231552163 0.2125 0.5114503816793893 0.2109375 0.5877862595419847 0.209375 0.5954198473282443 0.2140625 0.6030534351145038 0.21875 0.6055979643765903 0.2203125 0.6106870229007634 0.225 0.6132315521628499 0.24375 0.6132315521628499 0.259375 0.6030534351145038 0.26875 0.5903307888040712 0.2734375 0.5877862595419847 0.2765625 0.5750636132315522 0.28125 0.5674300254452926 0.2875 0.5597964376590331 0.290625 0.5597964376590331 0.29375 0.5521628498727735 0.2953125 0.5368956743002544 0.30625 0.5241730279898219 0.3078125 0.5190839694656488 0.3078125 0.5114503816793893 0.3046875 0.5063613231552163 0.30625 0.4961832061068702 0.3109375 0.4910941475826972 0.31875 0.4707379134860051 0.31875 0.4631043256997455 0.315625 0.455470737913486 0.3171875 0.4351145038167939 0.309375 0.42748091603053434 0.309375 0.4198473282442748 0.30625 0.4122137404580153 0.296875 0.40966921119592875 0.2921875 0.4020356234096692 0.278125 0.40458015267175573 0.2765625 0.4020356234096692 0.275 0.4020356234096692 0.2625 0.4071246819338422 0.2546875 0.40458015267175573
3 0 0.732824427480916 0.00625 0.7353689567430025 0.021875 0.7353689567430025 0.046875 0.7455470737913485 0.05625 0.7455470737913485 0.0765625 0.7531806615776081 0.1171875 0.7557251908396947 0.11875 0.7582697201017812 0.1296875 0.7582697201017812 0.1421875 0.7633587786259542 0.153125 0.7633587786259542 0.1546875 0.7659033078880407 0.1671875 0.7659033078880407 0.1765625 0.7709923664122137 0.190625 0.7709923664122137 0.1984375 0.7760814249363868 0.2046875 0.7760814249363868 0.225 0.7888040712468194 0.23125 0.7888040712468194 0.240625 0.7938931297709924 0.2484375 0.8015267175572519 0.2515625 0.8015267175572519 0.2546875 0.806615776081425 0.2625 0.806615776081425 0.2890625 0.8295165394402035 0.29375 0.8295165394402035 0.2953125 0.8244274809160306 0.2890625 0.8142493638676844 0.275 0.8015267175572519 0.2734375 0.7964376590330788 0.2609375 0.7913486005089059 0.2515625 0.7811704834605598 0.24375 0.7786259541984732 0.2390625 0.7735368956743003 0.225 0.7709923664122137 0.2046875 0.7582697201017812 0.1859375 0.7557251908396947 0.165625 0.7480916030534351 0.15625 0.7480916030534351 0.1546875 0.7455470737913485 0.134375 0.7455470737913485 0.1328125 0.7430025445292621 0.121875 0.7430025445292621 0.1203125 0.7404580152671756 0.10625 0.7404580152671756 0.1046875 0.7379134860050891 0.078125 0.7379134860050891 0.0765625 0.7353689567430025 0.0671875 0.7353689567430025 0.0421875 0.7251908396946565 0.0265625 0.72264631043257 0.025 0.7201017811704835 0.015625 0.7201017811704835 0.0078125 0.7150127226463104 0 0.7150127226463104 0 0.7175572519083969 0 0.732824427480916