5 0.3546875 0.2511737089201878 0.3546875 0.2746478873239437 0.35 0.28169014084507044 0.3484375 0.29577464788732394 0.353125 0.3051643192488263 0.3578125 0.32629107981220656 0.3609375 0.3286384976525822 0.36875 0.3474178403755869 0.38125 0.38497652582159625 0.3875 0.392018779342723 0.3921875 0.3873239436619718 0.3921875 0.3826291079812207 0.371875 0.3286384976525822 0.3703125 0.3051643192488263 0.3625 0.2793427230046948 0.359375 0.23943661971830985 0.35625 0.2347417840375587 0.35625 0.2300469483568075 0.3546875 0.2300469483568075 0.3546875 0.2323943661971831 0.353125 0.24882629107981222 0.3546875 0.2511737089201878
4 0.496875 0.5070422535211268 0.49375 0.5140845070422535 0.475 0.5469483568075117 0.4734375 0.5539906103286385 0.4515625 0.5868544600938967 0.4453125 0.5915492957746479 0.4375 0.6032863849765259 0.3984375 0.636150234741784 0.3859375 0.636150234741784 0.3796875 0.6267605633802817 0.3796875 0.6220657276995305 0.3734375 0.6244131455399061 0.3765625 0.6291079812206573 0.3765625 0.6338028169014085 0.371875 0.6384976525821596 0.3703125 0.6549295774647887 0.3671875 0.6643192488262911 0.36875 0.6690140845070423 0.378125 0.6737089201877934 0.3859375 0.6854460093896714 0.3875 0.6995305164319249 0.3953125 0.715962441314554 0.3953125 0.7230046948356808 0.3921875 0.7300469483568075 0.390625 0.7417840375586855 0.3796875 0.7629107981220657 0.3875 0.7769953051643192 0.3984375 0.7816901408450704 0.409375 0.7934272300469484 0.4109375 0.8028169014084507 0.41875 0.8215962441314554 0.425 0.8262910798122066 0.4328125 0.823943661971831 0.4328125 0.8169014084507042 0.4359375 0.8075117370892019 0.4453125 0.795774647887324 0.440625 0.7793427230046949 0.4328125 0.7676056338028169 0.43125 0.7605633802816901 0.4265625 0.755868544600939 0.4265625 0.7370892018779343 0.425 0.7323943661971831 0.4265625 0.7300469483568075 0.4328125 0.7300469483568075 0.4390625 0.7230046948356808 0.4453125 0.7394366197183099 0.465625 0.7417840375586855 0.4703125 0.744131455399061 0.4796875 0.7582159624413145 0.4875 0.7629107981220657 0.4921875 0.7605633802816901 0.496875 0.7511737089201878 0.4953125 0.7323943661971831 0.4984375 0.7230046948356808 0.4984375 0.6971830985915493 0.5 0.6901408450704225 0.496875 0.6830985915492958 0.490625 0.6807511737089202 0.4890625 0.676056338028169 0.49375 0.6737089201877934 0.4953125 0.676056338028169 0.5015625 0.676056338028169 0.5046875 0.6713615023474179 0.5046875 0.6643192488262911 0.4953125 0.6572769953051644 0.4875 0.6572769953051644 0.4828125 0.6502347417840375 0.484375 0.647887323943662 0.5015625 0.647887323943662 0.50625 0.6455399061032864 0.515625 0.6314553990610329 0.51875 0.6338028169014085 0.5203125 0.6431924882629108 0.5296875 0.6455399061032864 0.53125 0.636150234741784 0.5296875 0.6291079812206573 0.53125 0.6267605633802817 0.5296875 0.6244131455399061 0.525 0.6267605633802817 0.5234375 0.6244131455399061 0.5328125 0.6126760563380281 0.5578125 0.6032863849765259 0.5734375 0.6032863849765259 0.578125 0.6009389671361502 0.5859375 0.5892018779342723 0.584375 0.568075117370892 0.5796875 0.5657276995305164 0.578125 0.5610328638497653 0.5640625 0.5563380281690141 0.559375 0.5586854460093896 0.5578125 0.5657276995305164 0.5546875 0.5657276995305164 0.553125 0.5633802816901409 0.55625 0.5610328638497653 0.55625 0.539906103286385 0.5453125 0.539906103286385 0.5421875 0.5422535211267606 0.540625 0.539906103286385 0.546875 0.5258215962441315 0.546875 0.5187793427230047 0.55 0.5117370892018779 0.559375 0.5023474178403756 0.55625 0.49765258215962443 0.553125 0.49765258215962443 0.5453125 0.49061032863849763 0.5359375 0.4765258215962441 0.53125 0.4624413145539906 0.51875 0.45774647887323944 0.5125 0.4624413145539906 0.5125 0.4647887323943662 0.5 0.4859154929577465 0.496875 0.5070422535211268
2 0.234375 0.44366197183098594 0.225 0.45539906103286387 0.2234375 0.460093896713615 0.2234375 0.48826291079812206 0.2265625 0.49765258215962443 0.2234375 0.5046948356807511 0.2203125 0.5046948356807511 0.2203125 0.5093896713615024 0.2296875 0.5070422535211268 0.2375 0.5117370892018779 0.2421875 0.5187793427230047 0.24375 0.528169014084507 0.259375 0.5446009389671361 0.2765625 0.5422535211267606 0.278125 0.5446009389671361 0.284375 0.5446009389671361 0.3078125 0.5117370892018779 0.309375 0.5 0.3171875 0.4835680751173709 0.3171875 0.4507042253521127 0.321875 0.44366197183098594 0.2875 0.43661971830985913 0.2765625 0.4225352112676056 0.2609375 0.42488262910798125 0.259375 0.4225352112676056 0.2578125 0.4225352112676056 0.240625 0.4272300469483568 0.234375 0.44366197183098594
2 0.08125 0.45539906103286387 0.0765625 0.4624413145539906 0.0765625 0.47183098591549294 0.071875 0.4953051643192488 0.071875 0.5375586854460094 0.075 0.5539906103286385 0.08125 0.5751173708920188 0.0921875 0.5985915492957746 0.1 0.6056338028169014 0.10625 0.6197183098591549 0.1109375 0.6197183098591549 0.1234375 0.6338028169014085 0.134375 0.636150234741784 0.1453125 0.6126760563380281 0.146875 0.6032863849765259 0.1453125 0.5985915492957746 0.1453125 0.5727699530516432 0.146875 0.5704225352112676 0.15 0.5375586854460094 0.15625 0.5305164319248826 0.165625 0.528169014084507 0.178125 0.5164319248826291 0.184375 0.5140845070422535 0.1890625 0.5023474178403756 0.1875 0.4835680751173709 0.184375 0.4812206572769953 0.165625 0.4812206572769953 0.1640625 0.4835680751173709 0.1515625 0.4835680751173709 0.1375 0.4788732394366197 0.1328125 0.47417840375586856 0.11875 0.4694835680751174 0.1 0.45539906103286387 0.0890625 0.43896713615023475 0.0875 0.43896713615023475 0.084375 0.4413145539906103 0.08125 0.45539906103286387
2 0.1375 0.25821596244131456 0.1328125 0.25821596244131456 0.1265625 0.2605633802816901 0.1125 0.2793427230046948 0.1109375 0.2863849765258216 0.1 0.3028169014084507 0.0984375 0.31220657276995306 0.090625 0.3286384976525822 0.0890625 0.3474178403755869 0.084375 0.3568075117370892 0.0828125 0.39906103286384975 0.084375 0.4014084507042254 0.084375 0.4225352112676056 0.0875 0.4272300469483568 0.0921875 0.44366197183098594 0.0984375 0.45305164319248825 0.1125 0.460093896713615 0.1171875 0.4671361502347418 0.134375 0.47183098591549294 0.14375 0.4788732394366197 0.171875 0.4788732394366197 0.1734375 0.4765258215962441 0.1890625 0.4765258215962441 0.1953125 0.45774647887323944 0.2 0.4507042253521127 0.2109375 0.44835680751173707 0.2203125 0.43427230046948356 0.228125 0.4107981220657277 0.2265625 0.38967136150234744 0.228125 0.3873239436619718 0.228125 0.37089201877934275 0.2234375 0.36384976525821594 0.221875 0.3427230046948357 0.2140625 0.3380281690140845 0.209375 0.3192488262910798 0.2 0.31690140845070425 0.1734375 0.27699530516431925 0.16875 0.27230046948356806 0.1625 0.2746478873239437 0.159375 0.2676056338028169 0.153125 0.2652582159624413 0.15 0.2605633802816901 0.1484375 0.2605633802816901 0.140625 0.26291079812206575 0.1375 0.25821596244131456
2 0.25 0.3779342723004695 0.25 0.3873239436619718 0.253125 0.39436619718309857 0.2546875 0.4131455399061033 0.259375 0.42018779342723006 0.265625 0.4225352112676056 0.271875 0.41784037558685444 0.278125 0.41784037558685444 0.284375 0.4107981220657277 0.2953125 0.39436619718309857 0.2984375 0.38497652582159625 0.2984375 0.3755868544600939 0.3 0.3732394366197183 0.296875 0.36619718309859156 0.29375 0.36384976525821594 0.2859375 0.37089201877934275 0.2765625 0.36384976525821594 0.275 0.36384976525821594 0.2625 0.36619718309859156 0.25 0.3779342723004695
2 0.296875 0.07042253521126761 0.2796875 0.0892018779342723 0.26875 0.1056338028169014 0.265625 0.12206572769953052 0.259375 0.13849765258215962 0.259375 0.15258215962441316 0.2546875 0.1643192488262911 0.2546875 0.18544600938967137 0.2484375 0.19483568075117372 0.25 0.22065727699530516 0.2484375 0.22300469483568075 0.2484375 0.2323943661971831 0.2546875 0.24882629107981222 0.259375 0.2535211267605634 0.2546875 0.2652582159624413 0.25625 0.2746478873239437 0.2671875 0.2863849765258216 0.2640625 0.2981220657276995 0.25625 0.3075117370892019 0.25625 0.31690140845070425 0.2453125 0.33568075117370894 0.2453125 0.3591549295774648 0.25 0.37089201877934275 0.25625 0.37089201877934275 0.26875 0.3591549295774648 0.275 0.3591549295774648 0.2828125 0.36619718309859156 0.2875 0.36619718309859156 0.303125 0.3380281690140845 0.321875 0.3215962441314554 0.325 0.3145539906103286 0.3296875 0.31220657276995306 0.3453125 0.2934272300469484 0.3453125 0.28169014084507044 0.3515625 0.2676056338028169 0.3515625 0.2347417840375587 0.3484375 0.22065727699530516 0.34375 0.21830985915492956 0.3453125 0.2136150234741784 0.3484375 0.215962441314554 0.35 0.2136150234741784 0.3484375 0.20892018779342722 0.3484375 0.15258215962441316 0.3453125 0.14788732394366197 0.3453125 0.1267605633802817 0.34375 0.12441314553990611 0.3453125 0.12206572769953052 0.3453125 0.09154929577464789 0.3390625 0.07746478873239436 0.3296875 0.07511737089201878 0.3203125 0.05868544600938967 0.3140625 0.05868544600938967 0.3140625 0.06103286384976526 0.3046875 0.07042253521126761 0.296875 0.07042253521126761
2 0.44375 0.352112676056338 0.4265625 0.352112676056338 0.425 0.3544600938967136 0.4109375 0.3568075117370892 0.4 0.3755868544600939 0.3953125 0.38967136150234744 0.3875 0.3967136150234742 0.3875 0.4107981220657277 0.384375 0.4154929577464789 0.36875 0.4131455399061033 0.3609375 0.42018779342723006 0.3546875 0.42018779342723006 0.34375 0.43661971830985913 0.3390625 0.43896713615023475 0.3328125 0.4507042253521127 0.328125 0.4765258215962441 0.328125 0.48826291079812206 0.321875 0.49765258215962443 0.3234375 0.5140845070422535 0.353125 0.5586854460093896 0.35625 0.568075117370892 0.371875 0.5892018779342723 0.3734375 0.596244131455399 0.384375 0.6126760563380281 0.3875 0.6291079812206573 0.3890625 0.6314553990610329 0.396875 0.6314553990610329 0.4 0.6267605633802817 0.4078125 0.6244131455399061 0.4203125 0.6103286384976526 0.4265625 0.607981220657277 0.4390625 0.596244131455399 0.440625 0.5915492957746479 0.45625 0.5751173708920188 0.4578125 0.568075117370892 0.4625 0.5610328638497653 0.4703125 0.5539906103286385 0.475 0.539906103286385 0.478125 0.5375586854460094 0.4953125 0.5023474178403756 0.4984375 0.4812206572769953 0.509375 0.4647887323943662 0.5109375 0.45774647887323944 0.515625 0.4507042253521127 0.51875 0.431924882629108 0.525 0.41784037558685444 0.5234375 0.3826291079812207 0.51875 0.3779342723004695 0.5078125 0.3779342723004695 0.50625 0.3755868544600939 0.509375 0.37089201877934275 0.509375 0.3544600938967136 0.4890625 0.3380281690140845 0.4875 0.3380281690140845 0.46875 0.33568075117370894 0.44375 0.352112676056338
2 0.2671875 0.5422535211267606 0.259375 0.5469483568075117 0.25625 0.5539906103286385 0.25625 0.5774647887323944 0.2609375 0.5868544600938967 0.28125 0.5892018779342723 0.2859375 0.5845070422535211 0.2984375 0.57981220657277 0.3015625 0.5751173708920188 0.3015625 0.5704225352112676 0.3078125 0.5610328638497653 0.3125 0.5422535211267606 0.3125 0.5352112676056338 0.315625 0.528169014084507 0.315625 0.5140845070422535 0.3109375 0.5070422535211268 0.309375 0.5093896713615024 0.2828125 0.5446009389671361 0.2671875 0.5422535211267606
2 0.296875 0.07042253521126761 0.2796875 0.0892018779342723 0.26875 0.1056338028169014 0.265625 0.12206572769953052 0.259375 0.13849765258215962 0.259375 0.15258215962441316 0.2546875 0.1643192488262911 0.2546875 0.18544600938967137 0.2484375 0.19483568075117372 0.25 0.22300469483568075 0.2484375 0.2300469483568075 0.25 0.23943661971830985 0.259375 0.25586854460093894 0.2546875 0.2676056338028169 0.25625 0.2746478873239437 0.265625 0.2887323943661972 0.2640625 0.29577464788732394 0.2546875 0.31220657276995306 0.25625 0.31690140845070425 0.2484375 0.32629107981220656 0.2453125 0.33568075117370894 0.2453125 0.3591549295774648 0.25 0.37089201877934275 0.2578125 0.37089201877934275 0.2625 0.36384976525821594 0.2703125 0.3591549295774648 0.278125 0.3615023474178404 0.2828125 0.36619718309859156 0.2890625 0.36619718309859156 0.3 0.3427230046948357 0.309375 0.33568075117370894 0.3109375 0.33098591549295775 0.3203125 0.32629107981220656 0.334375 0.3051643192488263 0.34375 0.2981220657276995 0.353125 0.28169014084507044 0.3609375 0.2793427230046948 0.359375 0.27699530516431925 0.359375 0.2676056338028169 0.3609375 0.2652582159624413 0.35625 0.24882629107981222 0.35625 0.20187793427230047 0.3609375 0.19483568075117372 0.3625 0.18544600938967137 0.3703125 0.16666666666666666 0.371875 0.15258215962441316 0.3765625 0.1431924882629108 0.38125 0.1056338028169014 0.3875 0.0892018779342723 0.390625 0.08685446009389672 0.390625 0.07276995305164319 0.3859375 0.06338028169014084 0.384375 0.051643192488262914 0.38125 0.04929577464788732 0.365625 0.06103286384976526 0.3609375 0.07746478873239436 0.3515625 0.09154929577464789 0.346875 0.09389671361502347 0.3390625 0.07746478873239436 0.3296875 0.07511737089201878 0.3203125 0.05868544600938967 0.3140625 0.05868544600938967 0.3140625 0.06103286384976526 0.3078125 0.06807511737089202 0.296875 0.07042253521126761
2 0.365625 0.05868544600938967 0.3609375 0.07042253521126761 0.3609375 0.07511737089201878 0.35 0.09154929577464789 0.346875 0.10328638497652583 0.346875 0.11971830985915492 0.3484375 0.12206572769953052 0.3484375 0.1431924882629108 0.3515625 0.1572769953051643 0.35 0.19483568075117372 0.353125 0.20657276995305165 0.3546875 0.20892018779342722 0.35625 0.20657276995305165 0.35625 0.20187793427230047 0.359375 0.19953051643192488 0.3640625 0.18309859154929578 0.3671875 0.1807511737089202 0.3703125 0.1619718309859155 0.3765625 0.14553990610328638 0.3828125 0.10328638497652583 0.3921875 0.08450704225352113 0.3921875 0.07511737089201878 0.3875 0.06807511737089202 0.384375 0.046948356807511735 0.3796875 0.046948356807511735 0.3796875 0.04929577464788732 0.36875 0.05868544600938967 0.365625 0.05868544600938967
2 0.1890625 0.528169014084507 0.184375 0.528169014084507 0.178125 0.5328638497652582 0.1609375 0.5586854460093896 0.153125 0.57981220657277 0.15 0.6056338028169014 0.1421875 0.6244131455399061 0.1390625 0.6267605633802817 0.1375 0.6384976525821596 0.14375 0.6502347417840375 0.146875 0.676056338028169 0.153125 0.6854460093896714 0.1671875 0.687793427230047 0.1703125 0.6807511737089202 0.1734375 0.6807511737089202 0.1796875 0.6713615023474179 0.18125 0.6502347417840375 0.1875 0.6384976525821596 0.1875 0.6150234741784038 0.190625 0.6103286384976526 0.190625 0.5774647887323944 0.196875 0.5563380281690141 0.196875 0.5469483568075117 0.1953125 0.5446009389671361 0.19375 0.5446009389671361 0.190625 0.539906103286385 0.1890625 0.528169014084507
3 0.6203125 0.4413145539906103 0.6125 0.43427230046948356 0.603125 0.43661971830985913 0.5984375 0.44835680751173707 0.596875 0.47183098591549294 0.5875 0.49061032863849763 0.565625 0.5046948356807511 0.553125 0.5046948356807511 0.5484375 0.5164319248826291 0.5453125 0.5187793427230047 0.54375 0.528169014084507 0.5328125 0.5422535211267606 0.53125 0.5516431924882629 0.534375 0.5563380281690141 0.540625 0.5563380281690141 0.5453125 0.568075117370892 0.540625 0.5751173708920188 0.5359375 0.5751173708920188 0.5359375 0.57981220657277 0.5328125 0.5845070422535211 0.5359375 0.5892018779342723 0.5484375 0.5892018779342723 0.55 0.5985915492957746 0.5515625 0.5915492957746479 0.55625 0.5915492957746479 0.559375 0.5985915492957746 0.55625 0.6032863849765259 0.5484375 0.6056338028169014 0.54375 0.5985915492957746 0.5375 0.6032863849765259 0.528125 0.6032863849765259 0.5296875 0.6056338028169014 0.51875 0.6220657276995305 0.5109375 0.6244131455399061 0.509375 0.6338028169014085 0.5046875 0.6408450704225352 0.4984375 0.6408450704225352 0.4953125 0.6314553990610329 0.490625 0.636150234741784 0.4828125 0.636150234741784 0.48125 0.6291079812206573 0.478125 0.6267605633802817 0.4796875 0.6314553990610329 0.4703125 0.6408450704225352 0.471875 0.647887323943662 0.4671875 0.6502347417840375 0.4671875 0.6549295774647887 0.4609375 0.6643192488262911 0.45625 0.6643192488262911 0.45625 0.6690140845070423 0.446875 0.6830985915492958 0.4421875 0.6830985915492958 0.4359375 0.676056338028169 0.43125 0.6784037558685446 0.4296875 0.676056338028169 0.4328125 0.6643192488262911 0.4296875 0.6619718309859155 0.4296875 0.6572769953051644 0.43125 0.6549295774647887 0.4390625 0.6549295774647887 0.4390625 0.6525821596244131 0.4328125 0.6502347417840375 0.4296875 0.6525821596244131 0.4265625 0.647887323943662 0.4328125 0.6431924882629108 0.4328125 0.636150234741784 0.4234375 0.6338028169014085 0.41875 0.6220657276995305 0.3984375 0.6384976525821596 0.3921875 0.6384976525821596 0.390625 0.6408450704225352 0.384375 0.636150234741784 0.3796875 0.636150234741784 0.3765625 0.6291079812206573 0.371875 0.6291079812206573 0.3640625 0.6502347417840375 0.3640625 0.6572769953051644 0.365625 0.6619718309859155 0.3765625 0.6619718309859155 0.378125 0.6713615023474179 0.384375 0.676056338028169 0.390625 0.6948356807511737 0.3890625 0.6995305164319249 0.39375 0.7300469483568075 0.4 0.7394366197183099 0.40625 0.7417840375586855 0.4078125 0.7394366197183099 0.4171875 0.7582159624413145 0.41875 0.7793427230046949 0.415625 0.784037558685446 0.4109375 0.7793427230046949 0.403125 0.7816901408450704 0.4125 0.7981220657276995 0.41875 0.8004694835680751 0.415625 0.8028169014084507 0.415625 0.812206572769953 0.425 0.823943661971831 0.43125 0.8215962441314554 0.4328125 0.8075117370892019 0.440625 0.8004694835680751 0.45625 0.7981220657276995 0.4765625 0.7887323943661971 0.4875 0.7887323943661971 0.4921875 0.7934272300469484 0.5015625 0.7934272300469484 0.5046875 0.7887323943661971 0.515625 0.7863849765258216 0.51875 0.7816901408450704 0.53125 0.7746478873239436 0.546875 0.7746478873239436 0.565625 0.7863849765258216 0.5953125 0.7934272300469484 0.6 0.8004694835680751 0.60625 0.8028169014084507 0.609375 0.8075117370892019 0.6171875 0.8051643192488263 0.621875 0.8075117370892019 0.6359375 0.8169014084507042 0.640625 0.8262910798122066 0.6671875 0.823943661971831 0.6671875 0.8192488262910798 0.6640625 0.8169014084507042 0.6515625 0.8145539906103286 0.65 0.8075117370892019 0.6453125 0.8028169014084507 0.6484375 0.7981220657276995 0.64375 0.7981220657276995 0.640625 0.7934272300469484 0.64375 0.7887323943661971 0.6484375 0.7887323943661971 0.653125 0.7816901408450704 0.6828125 0.7816901408450704 0.6859375 0.7863849765258216 0.69375 0.7887323943661971 0.6984375 0.7934272300469484 0.7015625 0.8028169014084507 0.7109375 0.8145539906103286 0.7234375 0.8169014084507042 0.7328125 0.812206572769953 0.7390625 0.812206572769953 0.7453125 0.8145539906103286 0.75625 0.8309859154929577 0.759375 0.8427230046948356 0.7625 0.863849765258216 0.7625 0.8849765258215962 0.7703125 0.8826291079812206 0.771875 0.8849765258215962 0.775 0.8779342723004695 0.7703125 0.8708920187793427 0.76875 0.8450704225352113 0.7765625 0.8309859154929577 0.778125 0.823943661971831 0.778125 0.8075117370892019 0.78125 0.8004694835680751 0.78125 0.784037558685446 0.7859375 0.7676056338028169 0.7890625 0.7488262910798122 0.7875 0.744131455399061 0.7890625 0.7417840375586855 0.775 0.7206572769953051 0.7703125 0.7089201877934272 0.7671875 0.6924882629107981 0.7625 0.6854460093896714 0.759375 0.6713615023474179 0.7390625 0.647887323943662 0.734375 0.6338028169014085 0.734375 0.6267605633802817 0.725 0.6244131455399061 0.71875 0.6150234741784038 0.71875 0.6032863849765259 0.70625 0.5915492957746479 0.7046875 0.5821596244131455 0.6984375 0.5727699530516432 0.6953125 0.5586854460093896 0.6875 0.5469483568075117 0.678125 0.5422535211267606 0.66875 0.5164319248826291 0.659375 0.5046948356807511 0.6546875 0.5023474178403756 0.65625 0.49765258215962443 0.653125 0.49295774647887325 0.6546875 0.4859154929577465 0.653125 0.4835680751173709 0.653125 0.47417840375586856 0.65625 0.4671361502347418 0.65625 0.45774647887323944 0.65 0.45539906103286387 0.6453125 0.44835680751173707 0.646875 0.43896713615023475 0.6421875 0.431924882629108 0.640625 0.431924882629108 0.625 0.4413145539906103 0.6203125 0.4413145539906103