5 0.23125 0.3051948051948052 0.2296875 0.30735930735930733 0.2125 0.30735930735930733 0.196875 0.31385281385281383 0.1859375 0.3246753246753247 0.16875 0.36147186147186144 0.16875 0.37012987012987014 0.178125 0.37012987012987014 0.1890625 0.35064935064935066 0.1984375 0.3398268398268398 0.209375 0.3354978354978355 0.2109375 0.33116883116883117 0.2203125 0.3268398268398268 0.2265625 0.3203463203463203 0.2421875 0.3181818181818182 0.24375 0.3203463203463203 0.259375 0.3225108225108225 0.2609375 0.3181818181818182 0.25625 0.30952380952380953 0.2546875 0.30952380952380953 0.2421875 0.3051948051948052 0.23125 0.3051948051948052
5 0.621875 0.5108225108225108 0.61875 0.5497835497835498 0.615625 0.5627705627705628 0.615625 0.5757575757575758 0.6125 0.5844155844155844 0.6109375 0.6883116883116883 0.6125 0.6904761904761905 0.6125 0.7380952380952381 0.6109375 0.7467532467532467 0.6125 0.7489177489177489 0.6125 0.7748917748917749 0.6140625 0.7770562770562771 0.6125 0.7792207792207793 0.6125 0.8095238095238095 0.615625 0.816017316017316 0.615625 0.8268398268398268 0.6171875 0.829004329004329 0.6203125 0.8874458874458875 0.621875 0.8896103896103896 0.6234375 0.9826839826839827 0.6265625 0.9978354978354979 0.6359375 0.9978354978354979 0.640625 0.9956709956709957 0.6421875 0.9913419913419913 0.640625 0.9848484848484849 0.640625 0.8896103896103896 0.6421875 0.8874458874458875 0.6421875 0.8636363636363636 0.6390625 0.8528138528138528 0.640625 0.8225108225108225 0.6359375 0.8246753246753247 0.6328125 0.8203463203463204 0.634375 0.803030303030303 0.63125 0.7943722943722944 0.63125 0.7813852813852814 0.6296875 0.7792207792207793 0.6296875 0.7402597402597403 0.628125 0.7380952380952381 0.628125 0.7164502164502164 0.6265625 0.7142857142857143 0.6265625 0.6904761904761905 0.6234375 0.6753246753246753 0.6234375 0.6277056277056277 0.625 0.6255411255411255 0.6265625 0.5844155844155844 0.63125 0.5562770562770563 0.63125 0.5411255411255411 0.634375 0.5281385281385281 0.634375 0.5151515151515151 0.6328125 0.512987012987013 0.63125 0.512987012987013 0.628125 0.5086580086580087 0.621875 0.5108225108225108
5 0.4125 0.5476190476190477 0.425 0.564935064935065 0.4328125 0.5714285714285714 0.4484375 0.5974025974025974 0.4546875 0.6038961038961039 0.46875 0.6277056277056277 0.4703125 0.6385281385281385 0.475 0.6428571428571429 0.4828125 0.6623376623376623 0.490625 0.6731601731601732 0.5 0.7034632034632035 0.5078125 0.7056277056277056 0.509375 0.696969696969697 0.5015625 0.6601731601731602 0.4953125 0.6493506493506493 0.4921875 0.6385281385281385 0.478125 0.6147186147186147 0.478125 0.6103896103896104 0.44375 0.5606060606060606 0.4375 0.5562770562770563 0.43125 0.5476190476190477 0.4203125 0.5411255411255411 0.41875 0.5411255411255411 0.4140625 0.5411255411255411 0.4125 0.5476190476190477
5 0.5265625 0.7186147186147186 0.5203125 0.7186147186147186 0.51875 0.7207792207792207 0.51875 0.7316017316017316 0.525 0.7510822510822511 0.525 0.7575757575757576 0.528125 0.7640692640692641 0.5328125 0.7922077922077922 0.5375 0.8073593073593074 0.5375 0.8181818181818182 0.54375 0.8398268398268398 0.55 0.8852813852813853 0.553125 0.8917748917748918 0.5609375 0.9372294372294372 0.565625 0.9523809523809523 0.5703125 0.987012987012987 0.5734375 0.9956709956709957 0.5796875 0.9978354978354979 0.58125 0.9956709956709957 0.5890625 0.9956709956709957 0.5890625 0.9891774891774892 0.5859375 0.9826839826839827 0.5859375 0.974025974025974 0.5765625 0.922077922077922 0.5734375 0.9155844155844156 0.5734375 0.9069264069264069 0.56875 0.8896103896103896 0.5640625 0.854978354978355 0.5609375 0.8484848484848485 0.5546875 0.8008658008658008 0.5421875 0.7380952380952381 0.5421875 0.7164502164502164 0.540625 0.7142857142857143 0.5390625 0.7142857142857143 0.53125 0.7142857142857143 0.5265625 0.7186147186147186
5 0.275 0.3398268398268398 0.2859375 0.36363636363636365 0.3 0.38311688311688313 0.3078125 0.38095238095238093 0.309375 0.37662337662337664 0.290625 0.3333333333333333 0.2859375 0.3333333333333333 0.2859375 0.3354978354978355 0.2796875 0.3398268398268398 0.275 0.3398268398268398
5 0.178125 0.34415584415584416 0.171875 0.3528138528138528 0.16875 0.36147186147186144 0.16875 0.36796536796536794 0.1734375 0.37012987012987014 0.178125 0.37012987012987014 0.1890625 0.35064935064935066 0.1984375 0.3398268398268398 0.209375 0.3354978354978355 0.2265625 0.3203463203463203 0.240625 0.3181818181818182 0.2421875 0.3203463203463203 0.259375 0.3225108225108225 0.265625 0.3268398268398268 0.265625 0.3246753246753247 0.2578125 0.30952380952380953 0.2421875 0.3051948051948052 0.2125 0.30735930735930733 0.196875 0.31385281385281383 0.196875 0.31601731601731603 0.1828125 0.33116883116883117 0.178125 0.34415584415584416
5 0.5125 0.3181818181818182 0.5125 0.329004329004329 0.515625 0.3354978354978355 0.515625 0.3528138528138528 0.51875 0.3658008658008658 0.5203125 0.3874458874458874 0.5234375 0.3961038961038961 0.525 0.4329004329004329 0.5296875 0.4588744588744589 0.5296875 0.512987012987013 0.53125 0.5151515151515151 0.53125 0.5454545454545454 0.5328125 0.5476190476190477 0.5328125 0.577922077922078 0.5375 0.5865800865800865 0.540625 0.5844155844155844 0.5421875 0.47186147186147187 0.540625 0.4696969696969697 0.5390625 0.43073593073593075 0.5359375 0.4199134199134199 0.5359375 0.4004329004329004 0.5328125 0.38311688311688313 0.53125 0.3484848484848485 0.5296875 0.3463203463203463 0.5296875 0.3008658008658009 0.528125 0.30303030303030304 0.51875 0.30952380952380953 0.5125 0.3181818181818182
5 0.578125 0.21645021645021645 0.5640625 0.22727272727272727 0.5609375 0.22727272727272727 0.5578125 0.23376623376623376 0.5453125 0.24458874458874458 0.5359375 0.25757575757575757 0.5265625 0.27705627705627706 0.5265625 0.29004329004329005 0.5296875 0.30735930735930733 0.534375 0.2922077922077922 0.55625 0.2597402597402597 0.575 0.24242424242424243 0.5875 0.23376623376623376 0.5953125 0.23160173160173161 0.6046875 0.22077922077922077 0.61875 0.22294372294372294 0.621875 0.21212121212121213 0.6171875 0.2077922077922078 0.615625 0.2077922077922078 0.5984375 0.2077922077922078 0.578125 0.21645021645021645
5 0.56171875 0.6341991341991342 0.025 0.07575757575757576
5 0.621875 0.5108225108225108 0.6203125 0.5367965367965368 0.6140625 0.5714285714285714 0.6125 0.6060606060606061 0.6109375 0.6082251082251082 0.6125 0.7727272727272727 0.6234375 0.7878787878787878 0.6265625 0.7857142857142857 0.6296875 0.7878787878787878 0.628125 0.7467532467532467 0.6265625 0.7445887445887446 0.6265625 0.6904761904761905 0.6234375 0.6774891774891775 0.6234375 0.6277056277056277 0.625 0.6255411255411255 0.625 0.6038961038961039 0.6296875 0.5714285714285714 0.63125 0.538961038961039 0.634375 0.5281385281385281 0.634375 0.5151515151515151 0.6328125 0.512987012987013 0.63125 0.512987012987013 0.628125 0.5086580086580087 0.621875 0.5108225108225108
5 0.5625 0.22727272727272727 0.5515625 0.24025974025974026 0.546875 0.24242424242424243 0.5375 0.2554112554112554 0.5328125 0.2662337662337662 0.525 0.2748917748917749 0.5234375 0.2922077922077922 0.509375 0.3116883116883117 0.5125 0.33116883116883117 0.515625 0.33766233766233766 0.51875 0.3787878787878788 0.521875 0.3874458874458874 0.5234375 0.4090909090909091 0.525 0.41125541125541126 0.525 0.4329004329004329 0.5296875 0.45454545454545453 0.5296875 0.512987012987013 0.53125 0.5151515151515151 0.53125 0.5411255411255411 0.5328125 0.5432900432900433 0.5328125 0.5692640692640693 0.534375 0.5714285714285714 0.5328125 0.577922077922078 0.5390625 0.5865800865800865 0.540625 0.5844155844155844 0.540625 0.5303030303030303 0.5421875 0.5281385281385281 0.5421875 0.47186147186147187 0.540625 0.4696969696969697 0.5390625 0.4329004329004329 0.5359375 0.4199134199134199 0.5328125 0.36363636363636365 0.5296875 0.3463203463203463 0.53125 0.30303030303030304 0.540625 0.2813852813852814 0.55625 0.2597402597402597 0.571875 0.24675324675324675 0.5734375 0.24242424242424243 0.596875 0.22943722943722944 0.60625 0.21861471861471862 0.61875 0.22077922077922077 0.6203125 0.20995670995670995 0.615625 0.2077922077922078 0.6140625 0.2077922077922078 0.590625 0.20995670995670995 0.5625 0.22727272727272727
5 0.5734375 0.6190476190476191 0.578125 0.6298701298701299 0.578125 0.6363636363636364 0.5828125 0.6471861471861472 0.5953125 0.696969696969697 0.609375 0.7164502164502164 0.6109375 0.7142857142857143 0.6109375 0.6926406926406926 0.60625 0.6623376623376623 0.603125 0.6558441558441559 0.6015625 0.6428571428571429 0.5984375 0.6385281385281385 0.590625 0.6060606060606061 0.584375 0.6017316017316018 0.575 0.6017316017316018 0.575 0.6038961038961039 0.5734375 0.6060606060606061 0.5734375 0.6190476190476191
0 0.64375 0.341991341991342 0.628125 0.35064935064935066 0.621875 0.3593073593073593 0.61875 0.38095238095238093 0.615625 0.3852813852813853 0.6078125 0.3852813852813853 0.590625 0.36363636363636365 0.5734375 0.3658008658008658 0.5625 0.38095238095238093 0.5625 0.3961038961038961 0.565625 0.4069264069264069 0.5625 0.4134199134199134 0.5734375 0.44155844155844154 0.571875 0.4458874458874459 0.5734375 0.45454545454545453 0.571875 0.46320346320346323 0.5734375 0.4696969696969697 0.584375 0.48484848484848486 0.596875 0.4935064935064935 0.615625 0.49783549783549785 0.634375 0.5108225108225108 0.646875 0.5108225108225108 0.659375 0.5151515151515151 0.6765625 0.5151515151515151 0.678125 0.512987012987013 0.6984375 0.512987012987013 0.709375 0.5 0.709375 0.4935064935064935 0.7015625 0.48484848484848486 0.7171875 0.47619047619047616 0.7296875 0.4588744588744589 0.7359375 0.43073593073593075 0.728125 0.4134199134199134 0.709375 0.40476190476190477 0.6875 0.4090909090909091 0.6796875 0.4134199134199134 0.678125 0.41125541125541126 0.6796875 0.40476190476190477 0.6796875 0.37012987012987014 0.678125 0.36363636363636365 0.6703125 0.35064935064935066 0.6625 0.3463203463203463 0.6609375 0.3463203463203463 0.6546875 0.341991341991342 0.64375 0.341991341991342
2 0.7875 0.27705627705627706 0.765625 0.3008658008658009 0.75625 0.30303030303030304 0.74375 0.3116883116883117 0.7296875 0.30952380952380953 0.7203125 0.3181818181818182 0.71875 0.30952380952380953 0.7234375 0.29004329004329005 0.71875 0.29004329004329005 0.70625 0.30952380952380953 0.703125 0.329004329004329 0.7 0.3333333333333333 0.696875 0.3463203463203463 0.6890625 0.35714285714285715 0.684375 0.3593073593073593 0.6828125 0.38961038961038963 0.6859375 0.4025974025974026 0.6953125 0.40476190476190477 0.703125 0.4004329004329004 0.7109375 0.4004329004329004 0.7296875 0.41125541125541126 0.7359375 0.42207792207792205 0.7375 0.44155844155844154 0.73125 0.46320346320346323 0.753125 0.44372294372294374 0.7515625 0.43073593073593075 0.7546875 0.4264069264069264 0.7671875 0.42207792207792205 0.7875 0.40476190476190477 0.790625 0.39826839826839827 0.7875 0.3917748917748918 0.80625 0.37012987012987014 0.8140625 0.3658008658008658 0.815625 0.36363636363636365 0.8140625 0.354978354978355 0.815625 0.35064935064935066 0.83125 0.3354978354978355 0.83125 0.3268398268398268 0.8359375 0.3203463203463203 0.8375 0.3008658008658009 0.8296875 0.29653679653679654 0.821875 0.2857142857142857 0.8078125 0.28354978354978355 0.803125 0.2727272727272727 0.8015625 0.2727272727272727 0.79375 0.2727272727272727 0.7875 0.27705627705627706
2 0.6484375 0.7857142857142857 0.640625 0.8008658008658008 0.6375 0.803030303030303 0.6375 0.8095238095238095 0.6421875 0.8095238095238095 0.6546875 0.7965367965367965 0.6671875 0.79004329004329 0.6953125 0.7857142857142857 0.6984375 0.79004329004329 0.703125 0.79004329004329 0.703125 0.7857142857142857 0.69375 0.7748917748917749 0.671875 0.7683982683982684 0.6703125 0.7705627705627706 0.6515625 0.7857142857142857 0.6484375 0.7857142857142857
2 0.1171875 0.3181818181818182 0.1125 0.3181818181818182 0.109375 0.3246753246753247 0.109375 0.33766233766233766 0.1125 0.3463203463203463 0.1296875 0.37012987012987014 0.14375 0.37662337662337664 0.1453125 0.3658008658008658 0.1390625 0.3528138528138528 0.1234375 0.33766233766233766 0.121875 0.33766233766233766 0.1171875 0.3268398268398268 0.1171875 0.3181818181818182
2 0.165625 0.3225108225108225 0.1625 0.3246753246753247 0.159375 0.3333333333333333 0.159375 0.341991341991342 0.1640625 0.3463203463203463 0.1734375 0.3463203463203463 0.1796875 0.33766233766233766 0.1796875 0.3225108225108225 0.175 0.30735930735930733 0.1734375 0.30735930735930733 0.16875 0.3116883116883117 0.165625 0.3225108225108225
2 0.1953125 0.3484848484848485 0.1984375 0.3658008658008658 0.2140625 0.3658008658008658 0.2171875 0.36147186147186144 0.2203125 0.33766233766233766 0.2171875 0.33116883116883117 0.215625 0.3333333333333333 0.1984375 0.341991341991342 0.1953125 0.3484848484848485
2 0.4421875 0.49783549783549785 0.4296875 0.49783549783549785 0.4140625 0.487012987012987 0.403125 0.487012987012987 0.4015625 0.48917748917748916 0.4015625 0.5 0.396875 0.5151515151515151 0.396875 0.5281385281385281 0.39375 0.5367965367965368 0.39375 0.5432900432900433 0.3953125 0.5454545454545454 0.4046875 0.5454545454545454 0.446875 0.5043290043290043 0.4515625 0.5021645021645021 0.45625 0.49567099567099565 0.45625 0.49134199134199136 0.4546875 0.49134199134199136 0.446875 0.4935064935064935 0.4421875 0.49783549783549785
2 0.196875 0.3722943722943723 0.1828125 0.3917748917748918 0.1859375 0.39826839826839827 0.190625 0.4004329004329004 0.2171875 0.4004329004329004 0.2296875 0.3939393939393939 0.234375 0.3852813852813853 0.234375 0.3722943722943723 0.221875 0.36796536796536794 0.2203125 0.36796536796536794 0.2078125 0.3722943722943723 0.196875 0.3722943722943723
2 0.803125 0.2792207792207792 0.803125 0.2727272727272727 0.7953125 0.2727272727272727 0.7875 0.27705627705627706 0.765625 0.3008658008658009 0.75625 0.30303030303030304 0.7453125 0.3116883116883117 0.7296875 0.30952380952380953 0.7203125 0.3181818181818182 0.71875 0.30952380952380953 0.7234375 0.29004329004329005 0.71875 0.29004329004329005 0.70625 0.30952380952380953 0.703125 0.329004329004329 0.7 0.3333333333333333 0.696875 0.3463203463203463 0.690625 0.354978354978355 0.6859375 0.354978354978355 0.68125 0.3593073593073593 0.6828125 0.3658008658008658 0.6828125 0.4004329004329004 0.6859375 0.40476190476190477 0.696875 0.40476190476190477 0.703125 0.4004329004329004 0.709375 0.4004329004329004 0.7265625 0.4090909090909091 0.7328125 0.4155844155844156 0.7375 0.4264069264069264 0.7375 0.43722943722943725 0.734375 0.4523809523809524 0.7296875 0.46320346320346323 0.73125 0.4653679653679654 0.753125 0.4458874458874459 0.7515625 0.43073593073593075 0.7546875 0.4264069264069264 0.7671875 0.42207792207792205 0.775 0.4134199134199134 0.7859375 0.4069264069264069 0.790625 0.4004329004329004 0.7875 0.3917748917748918 0.80625 0.37012987012987014 0.8140625 0.3658008658008658 0.815625 0.36363636363636365 0.8140625 0.354978354978355 0.815625 0.35064935064935066 0.83125 0.3354978354978355 0.83125 0.3268398268398268 0.8359375 0.3203463203463203 0.8375 0.3008658008658009 0.8265625 0.2943722943722944 0.821875 0.2857142857142857 0.8171875 0.28354978354978355 0.815625 0.28354978354978355 0.80625 0.28354978354978355 0.803125 0.2792207792207792
2 0.540625 0.41774891774891776 0.5390625 0.42857142857142855 0.540625 0.43073593073593075 0.540625 0.4458874458874459 0.5453125 0.47619047619047616 0.55 0.4935064935064935 0.55 0.5043290043290043 0.553125 0.5108225108225108 0.553125 0.525974025974026 0.5578125 0.5411255411255411 0.5578125 0.5476190476190477 0.5609375 0.5584415584415584 0.5640625 0.5584415584415584 0.56875 0.5670995670995671 0.571875 0.5670995670995671 0.5796875 0.5476190476190477 0.5796875 0.5411255411255411 0.5828125 0.5367965367965368 0.5828125 0.5324675324675324 0.5921875 0.5194805194805194 0.6015625 0.5 0.584375 0.48917748917748916 0.5734375 0.474025974025974 0.56875 0.461038961038961 0.56875 0.45454545454545453 0.5625 0.4458874458874459 0.5640625 0.44155844155844154 0.5609375 0.44155844155844154 0.559375 0.43722943722943725 0.5578125 0.43722943722943725 0.5453125 0.41774891774891776 0.540625 0.41774891774891776
2 0.6015625 0.5043290043290043 0.590625 0.5238095238095238 0.5875 0.525974025974026 0.575 0.5627705627705628 0.5734375 0.5735930735930735 0.565625 0.5887445887445888 0.5671875 0.5930735930735931 0.5765625 0.5974025974025974 0.5875 0.5974025974025974 0.6015625 0.5865800865800865 0.6140625 0.564935064935065 0.61875 0.5324675324675324 0.61875 0.512987012987013 0.6171875 0.5043290043290043 0.6125 0.5 0.6109375 0.5 0.60625 0.5 0.6015625 0.5043290043290043
2 0.484375 0.37662337662337664 0.478125 0.36796536796536794 0.46875 0.36147186147186144 0.45625 0.3593073593073593 0.453125 0.36147186147186144 0.45 0.37662337662337664 0.4453125 0.38311688311688313 0.4390625 0.3852813852813853 0.4359375 0.38961038961038963 0.4359375 0.4004329004329004 0.44375 0.41774891774891776 0.4421875 0.42424242424242425 0.434375 0.43506493506493504 0.434375 0.44805194805194803 0.4375 0.4588744588744589 0.440625 0.461038961038961 0.4515625 0.4805194805194805 0.4546875 0.48268398268398266 0.4671875 0.48268398268398266 0.46875 0.48484848484848486 0.4625 0.49134199134199136 0.4546875 0.5043290043290043 0.453125 0.5108225108225108 0.45 0.512987012987013 0.446875 0.525974025974026 0.4421875 0.5324675324675324 0.440625 0.5454545454545454 0.4484375 0.5627705627705628 0.4609375 0.577922077922078 0.465625 0.5800865800865801 0.478125 0.6017316017316018 0.4890625 0.6060606060606061 0.5203125 0.6060606060606061 0.528125 0.6017316017316018 0.53125 0.5952380952380952 0.53125 0.5541125541125541 0.5296875 0.551948051948052 0.5296875 0.5324675324675324 0.528125 0.5303030303030303 0.5296875 0.5194805194805194 0.5265625 0.5 0.5265625 0.4458874458874459 0.5234375 0.44155844155844154 0.5234375 0.4134199134199134 0.51875 0.3852813852813853 0.5109375 0.36796536796536794 0.503125 0.35714285714285715 0.5015625 0.35714285714285715 0.496875 0.35714285714285715 0.484375 0.37662337662337664
2 0.421875 0.6515151515151515 0.4125 0.6558441558441559 0.3875 0.6796536796536796 0.384375 0.683982683982684 0.384375 0.6883116883116883 0.3984375 0.6796536796536796 0.4296875 0.6688311688311688 0.434375 0.6645021645021645 0.4484375 0.6645021645021645 0.453125 0.658008658008658 0.4515625 0.6536796536796536 0.45 0.6536796536796536 0.4484375 0.6515151515151515 0.421875 0.6515151515151515
1 0.66875 0.22077922077922077 0.653125 0.24025974025974026 0.6484375 0.2532467532467532 0.6390625 0.2662337662337662 0.60625 0.2727272727272727 0.603125 0.2748917748917749 0.6015625 0.2813852813852814 0.609375 0.3051948051948052 0.6125 0.3333333333333333 0.621875 0.3484848484848485 0.628125 0.3484848484848485 0.640625 0.3398268398268398 0.65625 0.3398268398268398 0.671875 0.3484848484848485 0.675 0.354978354978355 0.6796875 0.354978354978355 0.6859375 0.3463203463203463 0.6921875 0.3463203463203463 0.6953125 0.341991341991342 0.7046875 0.30735930735930733 0.7203125 0.2857142857142857 0.725 0.2857142857142857 0.728125 0.29004329004329005 0.725 0.2922077922077922 0.721875 0.30303030303030304 0.7234375 0.3116883116883117 0.7296875 0.3051948051948052 0.7453125 0.30735930735930733 0.746875 0.3051948051948052 0.746875 0.29004329004329005 0.74375 0.2813852813852814 0.7421875 0.2597402597402597 0.734375 0.24891774891774893 0.73125 0.23809523809523808 0.7171875 0.21861471861471862 0.7078125 0.21428571428571427 0.70625 0.20995670995670995 0.690625 0.19913419913419914 0.6875 0.19913419913419914 0.6828125 0.19264069264069264 0.678125 0.19264069264069264 0.678125 0.19480519480519481 0.6734375 0.2012987012987013 0.66875 0.22077922077922077
1 0.3140625 0.38095238095238093 0.30625 0.38311688311688313 0.29375 0.39826839826839827 0.2859375 0.4025974025974026 0.2796875 0.41125541125541126 0.275 0.4134199134199134 0.265625 0.42857142857142855 0.25 0.4458874458874459 0.24375 0.4675324675324675 0.2453125 0.49567099567099565 0.2421875 0.512987012987013 0.24375 0.5151515151515151 0.24375 0.5367965367965368 0.240625 0.5497835497835498 0.2453125 0.5627705627705628 0.25625 0.5714285714285714 0.2671875 0.5887445887445888 0.275 0.5909090909090909 0.2890625 0.6017316017316018 0.3015625 0.6038961038961039 0.3078125 0.6103896103896104 0.3140625 0.6103896103896104 0.3203125 0.6060606060606061 0.328125 0.6082251082251082 0.3671875 0.5822510822510822 0.371875 0.5844155844155844 0.3765625 0.5822510822510822 0.3828125 0.5735930735930735 0.3859375 0.564935064935065 0.3890625 0.5627705627705628 0.3921875 0.5324675324675324 0.3953125 0.5281385281385281 0.3953125 0.5151515151515151 0.4 0.5 0.3984375 0.4696969696969697 0.403125 0.46320346320346323 0.403125 0.4588744588744589 0.3953125 0.44805194805194803 0.3921875 0.43722943722943725 0.3921875 0.42857142857142855 0.3828125 0.4155844155844156 0.38125 0.4025974025974026 0.378125 0.39826839826839827 0.36875 0.3939393939393939 0.3640625 0.3852813852813853 0.35 0.38095238095238093 0.3421875 0.37445887445887444 0.340625 0.37445887445887444 0.325 0.3722943722943723 0.3140625 0.38095238095238093
1 0.1234375 0.3268398268398268 0.1203125 0.33116883116883117 0.1171875 0.3246753246753247 0.1171875 0.3181818181818182 0.1125 0.3181818181818182 0.109375 0.3268398268398268 0.109375 0.3354978354978355 0.1125 0.34415584415584416 0.128125 0.36796536796536794 0.121875 0.3917748917748918 0.125 0.4393939393939394 0.13125 0.45021645021645024 0.1375 0.4523809523809524 0.15 0.4696969696969697 0.1546875 0.47186147186147187 0.16875 0.461038961038961 0.1765625 0.4588744588744589 0.190625 0.4393939393939394 0.1921875 0.4329004329004329 0.2 0.42424242424242425 0.203125 0.4069264069264069 0.20625 0.4004329004329004 0.215625 0.4004329004329004 0.2296875 0.3939393939393939 0.234375 0.38095238095238093 0.234375 0.37445887445887444 0.2296875 0.37012987012987014 0.2140625 0.3658008658008658 0.21875 0.35064935064935066 0.21875 0.3354978354978355 0.215625 0.329004329004329 0.2234375 0.3203463203463203 0.2203125 0.31601731601731603 0.20625 0.3181818181818182 0.203125 0.31385281385281383 0.2015625 0.3203463203463203 0.196875 0.3203463203463203 0.190625 0.3246753246753247 0.1828125 0.3333333333333333 0.1796875 0.329004329004329 0.1765625 0.3116883116883117 0.171875 0.30952380952380953 0.1625 0.3268398268398268 0.159375 0.33766233766233766 0.153125 0.3398268398268398 0.134375 0.31601731601731603 0.13125 0.30735930735930733 0.1296875 0.30735930735930733 0.125 0.30952380952380953 0.1234375 0.3268398268398268
1 0.125 0.3787878787878788 0.121875 0.3939393939393939 0.1234375 0.39826839826839827 0.125 0.4393939393939394 0.13125 0.45021645021645024 0.1390625 0.4523809523809524 0.15 0.4696969696969697 0.1546875 0.47186147186147187 0.178125 0.45670995670995673 0.190625 0.4393939393939394 0.1921875 0.4329004329004329 0.2 0.42424242424242425 0.203125 0.40476190476190477 0.2015625 0.4025974025974026 0.1875 0.4025974025974026 0.175 0.38961038961038963 0.1703125 0.38961038961038963 0.1640625 0.3939393939393939 0.15625 0.3939393939393939 0.146875 0.38311688311688313 0.1359375 0.37662337662337664 0.134375 0.37662337662337664 0.128125 0.37445887445887444 0.125 0.3787878787878788
1 0.659375 0.13852813852813853 0.6609375 0.1471861471861472 0.65625 0.1645021645021645 0.6515625 0.170995670995671 0.64375 0.16666666666666666 0.6390625 0.16017316017316016 0.6328125 0.16017316017316016 0.6265625 0.16883116883116883 0.61875 0.170995670995671 0.6140625 0.17532467532467533 0.6046875 0.17532467532467533 0.596875 0.16883116883116883 0.5921875 0.16017316017316016 0.5890625 0.16233766233766234 0.5890625 0.170995670995671 0.5921875 0.18181818181818182 0.5921875 0.19913419913419914 0.5890625 0.20346320346320346 0.58125 0.20346320346320346 0.5671875 0.19264069264069264 0.565625 0.19696969696969696 0.5734375 0.21645021645021645 0.578125 0.21645021645021645 0.5859375 0.20995670995670995 0.59375 0.2077922077922078 0.6046875 0.21428571428571427 0.6046875 0.22294372294372294 0.6015625 0.22727272727272727 0.584375 0.24025974025974026 0.5796875 0.24025974025974026 0.5703125 0.2510822510822511 0.575 0.26406926406926406 0.58125 0.27056277056277056 0.596875 0.27056277056277056 0.6015625 0.2748917748917749 0.603125 0.2878787878787879 0.609375 0.30303030303030304 0.6125 0.33116883116883117 0.615625 0.3398268398268398 0.621875 0.3484848484848485 0.628125 0.3484848484848485 0.6421875 0.3398268398268398 0.65625 0.3398268398268398 0.671875 0.3484848484848485 0.675 0.354978354978355 0.68125 0.354978354978355 0.684375 0.3484848484848485 0.6890625 0.3484848484848485 0.6953125 0.341991341991342 0.70625 0.3051948051948052 0.7203125 0.2857142857142857 0.725 0.2857142857142857 0.728125 0.29004329004329005 0.7234375 0.29653679653679654 0.721875 0.30952380952380953 0.7296875 0.3051948051948052 0.7453125 0.30735930735930733 0.746875 0.3051948051948052 0.746875 0.2922077922077922 0.7421875 0.27056277056277056 0.7421875 0.2597402597402597 0.734375 0.24891774891774893 0.73125 0.23809523809523808 0.7171875 0.21861471861471862 0.7078125 0.21428571428571427 0.70625 0.20995670995670995 0.690625 0.19913419913419914 0.6875 0.19913419913419914 0.6796875 0.18831168831168832 0.6796875 0.18181818181818182 0.6765625 0.1774891774891775 0.6765625 0.17316017316017315 0.66875 0.15800865800865802 0.665625 0.13636363636363635 0.6546875 0.12121212121212122 0.6546875 0.12337662337662338 0.6546875 0.12987012987012986 0.659375 0.13852813852813853