3 0.580402 0.373534 0.904988 0.405360 0.881165 0.551089 0.741206 0.706868 0.562535 0.708543 0.559557 0.619765 0.699516 0.561139 0.696538 0.519263 0.631025 0.420436 0.580402 0.373534
3 0.392797 0.440536 0.139680 0.492462 0.074167 0.608040 0.151591 0.675042 0.175414 0.720268 0.190303 0.765494 0.324307 0.812395 0.425554 0.767169 0.461288 0.708543 0.371952 0.661642 0.342174 0.611390 0.348130 0.566164 0.383864 0.500838 0.392797 0.440536
4 0.383864 0.036851 0.428532 0.271357 0.559557 0.366834 0.613158 0.371859 0.491066 0.273032 0.455332 0.103853 0.383864 0.036851
4 0.779918 0.229481 0.765029 0.386935 0.806719 0.393635 0.818630 0.311558 0.779918 0.229481
4 0.976456 0.340034 0.904988 0.366834 0.878187 0.393635 0.899032 0.400335 0.955611 0.371859 0.991346 0.360134 0.991346 0.340034 0.976456 0.340034
0 0.351107 0.003350 0.383864 0.036851 0.470221 0.110553 0.502978 0.125628 0.541690 0.144054 0.583380 0.137353 0.625070 0.155779 0.639959 0.175879 0.759073 0.209380 0.726317 0.118928 0.756095 0.098827 0.866276 0.063652 0.851387 0.051926 0.916899 0.018425 0.890099 0.010050 0.913921 0.000000 0.351107 0.003350
0 0.282617 0.056951 0.184348 0.105528 0.175414 0.172529 0.187326 0.229481 0.229015 0.262982 0.240927 0.278057 0.300484 0.278057 0.324307 0.309883 0.410664 0.184255 0.395775 0.103853 0.345152 0.051926 0.282617 0.056951
0 0.782896 0.117253 0.830542 0.103853 0.875209 0.112228 0.910944 0.137353 0.940722 0.088777 0.958589 0.058626 1.000000 0.043551 0.994323 0.252931 0.842453 0.296482 0.842453 0.296482 0.768007 0.204355 0.732272 0.123953 0.753117 0.102178 0.782896 0.117253
0 0.336218 0.403685 0.324307 0.324958 0.318351 0.303183 0.297506 0.283082 0.243905 0.283082 0.234971 0.298157 0.246883 0.324958 0.270705 0.371859 0.270705 0.398660 0.264750 0.418760 0.348130 0.420436 0.336218 0.403685
0 0.109901 0.204355 0.231993 0.286432 0.240927 0.338358 0.000000 0.356784 0.000000 0.249581 0.002699 0.172529 0.109901 0.204355
0 0.896054 0.594640 0.818630 0.685092 0.890099 0.720268 0.961567 0.740369 1.000000 0.728643 0.994323 0.695142 0.979434 0.668342 0.985390 0.648241 0.922855 0.639866 0.931789 0.614740 0.934766 0.608040 0.896054 0.594640
6 0.410664 0.507538 0.654848 0.480737 0.687605 0.561139 0.532756 0.626466 0.559557 0.708543 0.580402 0.760469 0.407687 0.809045 0.068211 0.973199 0.002699 0.874372 0.002699 0.708543 0.000000 0.574539 0.065234 0.541039 0.103946 0.544389 0.068211 0.608040 0.148613 0.678392 0.172436 0.728643 0.178392 0.780570 0.229015 0.793970 0.300484 0.812395 0.380886 0.797320 0.419598 0.770519 0.452354 0.742044 0.479155 0.698492 0.431509 0.675042 0.363019 0.613065 0.377908 0.567839 0.410664 0.507538