0 0.573701 0.224455 0.806532 0.224455 0.806532 0.490787 0.573701 0.490787
0 0.806532 0.139028 0.994138 0.139028 0.994138 0.514238 0.806532 0.514238
0 0.829983 0.737018 0.962311 0.737018 0.962311 0.964824 0.829983 0.964824
0 0.660805 0.725293 0.823284 0.725293 0.823284 0.994975 0.660805 0.994975
0 0.555277 0.757119 0.662479 0.757119 0.662479 0.948074 0.555277 0.948074
0 0.305695 0.390284 0.389447 0.390284 0.389447 0.500837 0.305695 0.500837
0 0.315745 0.695142 0.386097 0.695142 0.386097 0.773869 0.315745 0.773869
0 0.205193 0.366835 0.237019 0.366835 0.237019 0.413735 0.205193 0.413735
0 0.265494 0.139028 0.287270 0.139028 0.287270 0.179229 0.265494 0.179229
1 0.508375 0.520938 0.875209 0.520938 0.875209 0.721944 0.508375 0.721944
1 0.895310 0.534338 1.000000 0.534338 1.000000 0.681742 0.895310 0.681742
1 0.394473 0.331659 0.486599 0.331659 0.486599 0.487438 0.394473 0.487438