1 0.470414 0.497777 0.183432 0.442372
0 0.230769 0.663389 0.461538 0.671339
0 0.875000 0.203233 0.250000 0.382352
0 0.683432 0.578916 0.162722 0.208960
0 0.699704 0.849007 0.387574 0.286764
0 0.153107 0.181643 0.306213 0.363287
0 0.332840 0.125428 0.204142 0.248973
0 0.819527 0.472213 0.360947 0.533514
4 0.568047 0.237689 0.112426 0.469048
1 0.551775 0.582250 0.115385 0.331224
4 0.597633 0.744527 0.121302 0.326778
4 0.340237 0.406635 0.082840 0.420143
4 0.722633 0.704514 0.238166 0.104480
4 0.840976 0.218793 0.312130 0.422366
4 0.262574 0.271033 0.036982 0.113372