1 0.843968 0.627119 0.815055 0.640080 0.787139 0.647059 0.765204 0.663011 0.744267 0.689930 0.731306 0.732802 0.718345 0.760718 0.720339 0.825523 0.747258 0.883350 0.765204 0.900299 0.800100 0.927218 0.821037 0.954138 0.840977 0.968096 0.918744 0.942173 0.932702 0.920239 0.960618 0.892323 0.970588 0.864407 0.974576 0.831505 0.979561 0.768694 0.992522 0.728814 0.983549 0.686939 0.950648 0.661017 0.914756 0.638086 0.873878 0.635095
1 0.880857 0.320040 0.851944 0.321037 0.809073 0.363908 0.754237 0.383848 0.738285 0.405783 0.727318 0.444666 0.736291 0.496510 0.741276 0.538385 0.762213 0.579262 0.776171 0.603190 0.797109 0.626122 0.808076 0.631107 0.815055 0.633101 0.826022 0.629113 0.846959 0.618146 0.852941 0.605184 0.885842 0.634098 0.946660 0.657029 0.979561 0.654038 0.992522 0.599202 1.000000 0.488534 1.000000 0.368893
1 0.246760 0.199402 0.297607 0.233300 0.307577 0.282154 0.318544 0.303091 0.324526 0.351944 0.309571 0.377866 0.293619 0.405783 0.008475 0.410768 0.011466 0.362911 0.016451 0.331007 0.013460 0.304088 0.019442 0.279163 0.022433 0.250249 0.022433 0.237288 0.045364 0.222333 0.069292 0.209372 0.103190 0.208375 0.086241 0.183450 0.105184 0.180459 0.130110 0.197408 0.171984 0.188435 0.187936 0.192423 0.164008 0.221336 0.140080 0.234297 0.130110 0.236291 0.142074 0.255234 0.160020 0.245264 0.184945 0.233300
1 0.270688 0.445663 0.254736 0.474576 0.216849 0.482552 0.150050 0.488534 0.124128 0.484546 0.088235 0.477567 0.065304 0.454636
1 0.377368 0.343968 0.326520 0.373878 0.318544 0.393819 0.303589 0.413759 0.290628 0.443669 0.257727 0.480558 0.251745 0.545364 0.250748 0.607178 0.272682 0.641077 0.295613 0.698903 0.330508 0.740778 0.377368 0.754736 0.415254 0.754736 0.487039 0.740778 0.660518 0.656032 0.720339 0.487537 0.539880 0.362911 0.460120 0.341974 0.397308 0.345962 0.397308 0.426720 0.451147 0.454636 0.470090 0.512463 0.468096 0.535394 0.446162 0.518445 0.433200 0.547358 0.402293 0.578265 0.385344 0.562313 0.368395 0.561316 0.364407 0.568295 0.341476 0.542373 0.334497 0.522433 0.332502 0.539382 0.326520 0.546361 0.316550 0.535394 0.315553 0.509472 0.324526 0.467597 0.342473 0.454636 0.365404 0.435693 0.373380 0.420738 0.374377 0.385842
1 0.382353 0.427717 0.393320 0.425723 0.430209 0.448654 0.456132 0.462612 0.466102 0.503490 0.466102 0.531406 0.442173 0.519442 0.437188 0.534397 0.415254 0.567298 0.394317 0.560319 0.366401 0.553340 0.348455 0.545364 0.338485 0.527418 0.328514 0.520439 0.327517 0.488534 0.328514 0.466600 0.348455 0.448654 0.361416 0.437687 0.366401 0.430708
4 0.858923 0.621137 0.869890 0.624128 0.915753 0.437687 0.882851 0.198405 0.853938 0.151545 0.813061 0.107677 0.761216 0.028913 0.725324 0.029910 0.755234 0.090728 0.799103 0.151545 0.830010 0.160518 0.846959 0.184447 0.880857 0.274177 0.885842 0.392822 0.887836 0.501496 0.849950 0.623131
4 0.389332 0.414756 0.393320 0.421735 0.394317 0.308076 0.423230 0.155533 0.441176 0.079761 0.428215 0.070788 0.397308 0.226321 0.384347 0.312064 0.374377 0.386839 0.370389 0.433699
4 0.259721 0.000997 0.247757 0.074776 0.218843 0.133599 0.190927 0.191426 0.162014 0.221336 0.137089 0.242273 0.141077 0.255234 0.195912 0.215354 0.212861 0.171486 0.230808 0.131605 0.257727 0.075773 0.277667 0.004985
4 0.449153 0.066800 0.482054 0.138584 0.509970 0.199402 0.527916 0.254237 0.526919 0.308076 0.527916 0.353938 0.524925 0.372881 0.533898 0.385842 0.553838 0.377866 0.559821 0.352941 0.546859 0.242273 0.507976 0.133599 0.478066 0.055833 0.460120 0.043868
4 0.826022 0.048853 0.935693 0.128614 0.966600 0.174477 0.986540 0.223330 1.000000 0.278166 0.987537 0.346959 0.962612 0.375872 0.950648 0.390828 0.951645 0.403789 0.961615 0.405783 0.984546 0.390828 0.997507 0.373878 1.000000 0.323031 1.000000 0.177468 0.927717 0.085743 0.841974 0.029910 0.795115 0.026919
