4 0.904786 0.223330 0.736291 0.561316 0.589731 0.807577 0.517946 0.907278 0.554835 0.920239 0.629611 0.796610 0.728315 0.619143 0.926720 0.228315
4 0.555833 0.010967 0.601695 0.147557 0.625623 0.248255 0.677468 0.653041 0.696411 0.622134 0.644566 0.226321 0.617647 0.122632 0.585743 0.000000
4 0.303589 0.526421 0.326520 0.761715 0.338485 0.981057 0.343470 0.835494 0.333500 0.498504
4 0.327517 0.981057 0.208873 0.883350 0.166999 0.757727 0.163011 0.830508 0.185942 0.902293 0.239781 0.961117 0.296610 1.000000
4 0.213858 0.812562 0.216849 0.788634 0.136092 0.608175 0.145065 0.600199 0.275673 0.871386 0.312562 0.897308 0.325523 0.908275 0.336491 0.984048 0.305583 0.965105 0.288634 0.923230
4 0.431206 0.912263 0.344467 0.829511 0.344467 0.858425 0.406281 0.929212
4 0.261715 0.738784 0.323529 0.811565 0.321535 0.831505 0.254736 0.753739
4 0.288634 0.036889 0.373380 0.350947 0.395314 0.517448 0.418245 0.851446 0.431206 0.914257 0.488036 0.935194 0.434197 0.652044 0.407278 0.331007 0.334497 0.017946
4 0.496012 0.006979 0.410269 0.326022 0.442173 0.295115 0.450150 0.257228 0.516949 0.007976
4 0.482054 0.462612 0.483051 0.862413 0.511964 0.871386 0.518943 0.487537 0.518943 0.453639 0.524925 0.440678
4 0.535892 0.312064 0.574776 0.077767 0.589731 0.098704 0.548853 0.328016
4 0.876869 0.104686 1.000000 0.425723 0.997507 0.343968 0.887836 0.100698
4 0.829013 0.018943 1.000000 0.262213 0.997507 0.206381 0.835992 0.002991 0.821037 0.005982
4 0.062313 0.368893 0.128116 0.525424 0.138086 0.539382 0.134098 0.605184 0.149053 0.604187 0.159023 0.508475 0.142074 0.503490 0.083250 0.358923
1 0.243769 0.063809 0.194915 0.205384 0.151047 0.228315 0.065304 0.230309 0.008475 0.203390 0.002493 0.002991 0.236790 0.000000
1 0.624626 0.004985 0.605683 0.052841 0.547856 0.164506 0.595713 0.273180 0.661515 0.354935 0.708375 0.393819 0.771186 0.404786 0.830010 0.397807 0.891825 0.287139 0.920738 0.336989 0.950648 0.335992 0.919741 0.261216 0.978564 0.228315 1.000000 0.130608 0.982552 0.000000
1 0.242772 0.461615 0.348455 0.377866 0.336491 0.298106 0.297607 0.249252 0.249751 0.268195 0.226820 0.330010 0.211864 0.439681
