3 0.632602 0.772682 0.599701 0.741775 0.638584 0.726820 0.673480 0.702891 0.711366 0.708873 0.746261 0.726820 0.765204 0.738784 0.770189 0.777667 0.760219 0.795613 0.735294 0.820538 0.717348 0.836491 0.714357 0.847458 0.694417 0.847458 0.664506 0.849452 0.637587 0.858425 0.621635 0.853440 0.621635 0.818544
5 0.726321 0.858425 0.748255 0.895314 0.739282 0.922233 0.735294 0.940179 0.733300 0.958126 0.718345 0.946162 0.705384 0.907278 0.693420 0.875374 0.693420 0.845464
5 0.810070 0.856431 0.806082 0.836491 0.754237 0.819541 0.739282 0.813559 0.761216 0.812562 0.776171 0.817547 0.798106 0.826520 0.809073 0.830508 0.815055 0.852443
5 0.604686 0.817547 0.606680 0.831505 0.616650 0.842473 0.604686 0.850449 0.595713 0.863410 0.593719 0.876371 0.600698 0.879362 0.610668 0.872383 0.621635 0.864407 0.623629 0.863410 0.627617 0.876371 0.617647 0.888335 0.618644 0.889332 0.631605 0.881356 0.637587 0.864407 0.638584 0.860419 0.649551 0.860419 0.657527 0.866401 0.660518 0.870389 0.668495 0.873380 0.679462 0.878365 0.686441 0.882353 0.687438 0.892323 0.683450 0.903290 0.682453 0.920239 0.683450 0.926221 0.686441 0.930209 0.701396 0.923230 0.701396 0.907278 0.695414 0.896311 0.687438 0.883350 0.689432 0.857428 0.687438 0.853440 0.653539 0.857428 0.650548 0.858425 0.640578 0.857428 0.629611 0.851446 0.619641 0.834497 0.616650 0.826520
4 0.990528 0.509472 0.732303 0.604187 0.665503 0.680957 0.650548 0.701894 0.678465 0.702891 0.679462 0.676969 0.760219 0.606181 0.991525 0.528415
4 0.980558 0.480558 0.872881 0.507478 0.843968 0.545364 0.802094 0.622134 0.783151 0.667996 0.765204 0.707876 0.763210 0.729811 0.790130 0.696909 0.822034 0.615155 0.863908 0.558325 0.903789 0.525424 1.000000 0.511466
4 0.837986 0.657029 0.769192 0.724826 0.762213 0.736790 0.769192 0.741775 0.795115 0.722832 0.825025 0.684945 0.842971 0.674975
4 0.687438 0.805583 0.731306 0.794616 0.733300 0.666002 0.719342 0.588235 0.704387 0.532403 0.684447 0.453639 0.668495 0.473579 0.675474 0.515454 0.674477 0.539382 0.669492 0.559322 0.671486 0.574277
4 0.477069 0.662014 0.634596 0.737787 0.628614 0.760718 0.445165 0.667996
4 0.621635 0.717846 0.446162 0.577268 0.505982 0.598205 0.624626 0.711864
4 0.755234 0.304088 0.781157 0.507478 0.753240 0.653041 0.792124 0.552343 0.771186 0.304088
0 0.652542 0.554337 0.479063 0.536391 0.378365 0.556331 0.312562 0.551346 0.281655 0.536391 0.276670 0.491525 0.293619 0.461615 0.325523 0.402792 0.356431 0.372881 0.395314 0.365902 0.422233 0.354935 0.452144 0.359920 0.487039 0.374875 0.535892 0.399801 0.570788 0.427717 0.613659 0.462612 0.649551 0.497507 0.664506 0.507478
0 0.327517 0.715852 0.309571 0.720837 0.313559 0.745763 0.319541 0.756730 0.240778 0.781655 0.200897 0.784646 0.190927 0.781655 0.188933 0.746760 0.178963 0.719840 0.147059 0.723829 0.055334 0.689930 0.033400 0.685942 0.044367 0.649053 0.079262 0.619143 0.099202 0.564307 0.123131 0.549352 0.151047 0.537388 0.173978 0.526421 0.214855 0.543370 0.253739 0.567298 0.282652 0.582253 0.315553 0.603190 0.334497 0.608175 0.328514 0.668993
0 0.343470 0.732802 0.371386 0.677966 0.386341 0.658026 0.382353 0.678963 0.404287 0.680957 0.427218 0.672981 0.450150 0.659023 0.482054 0.658026 0.499003 0.648056 0.528913 0.633101 0.523928 0.589232 0.489033 0.550349 0.438185 0.552343 0.380359 0.558325 0.351446 0.573280 0.333500 0.592223
0 0.279661 0.549352 0.225823 0.483549 0.219840 0.435693 0.222832 0.406780 0.234796 0.366899 0.233799 0.320040 0.244766 0.281157 0.279661 0.263210 0.295613 0.259222 0.352443 0.261216 0.397308 0.262213 0.450150 0.263210 0.498006 0.271186 0.534895 0.289133 0.563809 0.296112 0.586740 0.311067 0.596710 0.334995 0.590728 0.362911 0.541874 0.323031 0.474078 0.329013 0.452144 0.333001 0.407278 0.337986 0.371386 0.356929 0.337488 0.402792
0 0.560818 0.276171 0.571785 0.240279 0.585743 0.212363 0.609671 0.192423 0.639581 0.174477 0.686441 0.174477 0.717348 0.188435 0.714357 0.231306 0.707378 0.272183 0.717348 0.343968 0.723330 0.396810 0.713360 0.439681 0.706381 0.480558 0.696411 0.512463 0.687438 0.456630 0.665503 0.476570 0.639581 0.435693 0.629611 0.417747 0.610668 0.391825 0.583749 0.368893 0.568794 0.334995
0 0.581755 0.178465 0.557827 0.151545 0.557827 0.123629 0.571785 0.091725 0.590728 0.065803 0.600698 0.034895 0.611665 0.030907 0.650548 0.037886 0.718345 0.077767 0.744267 0.095713 0.838983 0.077767 0.861914 0.072782 0.896810 0.064806 0.927717 0.078764 0.948654 0.099701 0.971585 0.113659 0.995513 0.118644 0.992522 0.150548 1.000000 0.208375 0.996510 0.248255 1.000000 0.304088 1.000000 0.381854 0.994516 0.443669 0.998504 0.470588 0.961615 0.458624 0.910768 0.423729 0.871884 0.382851 0.837986 0.349950 0.823031 0.319043 0.833001 0.281157 0.846959 0.247258
0 0.823031 0.260219 0.785145 0.251246 0.765204 0.261216 0.727318 0.271186 0.714357 0.274177 0.705384 0.305085 0.716351 0.361914 0.727318 0.395813 0.743270 0.418744 0.766201 0.444666 0.782154 0.460618 0.814058 0.468594 0.840977 0.464606 0.867896 0.453639 0.907777 0.440678 0.927717 0.432702 0.909771 0.409771 0.866899 0.373878 0.846959 0.344965
0 0.850947 0.697906 0.862911 0.719840 0.871884 0.746760 0.881854 0.767697 0.902792 0.766700 0.930708 0.741775 0.966600 0.710867 0.982552 0.678963 1.000000 0.651047 1.000000 0.607178 1.000000 0.569292 0.997507 0.538385 0.997507 0.525424 0.962612 0.451645 0.925723 0.435693 0.911765 0.434696 0.849950 0.464606 0.792124 0.494516 0.780160 0.508475
