1 0.535892 0.145563 0.443170 0.164506 0.445165 0.186441 0.398305 0.248255 0.355434 0.289133 0.332502 0.360917 0.304586 0.417747 0.317547 0.491525 0.330508 0.590229 0.347458 0.627119 0.375374 0.675972 0.362413 0.758724 0.392323 0.773679 0.410269 0.809571 0.427218 0.862413 0.444167 0.909272 0.518943 0.923230 0.586740 0.790628 0.668495 0.592223 0.698405 0.490528 0.677468 0.420738 0.671486 0.355932 0.664506 0.283151 0.622632 0.179462 0.598704 0.142572
0 0.004487 0.955135 0.050349 0.941176 0.055334 0.908275 0.076271 0.934197 0.115155 0.927218 0.136092 0.914257 0.156032 0.878365 0.162014 0.858425 0.176969 0.852443 0.175972 0.797607 0.176969 0.761715 0.186939 0.749751 0.213858 0.728814 0.246760 0.686939 0.244766 0.652044 0.271685 0.643071 0.303589 0.608175 0.310568 0.555334 0.314556 0.401795 0.339482 0.335992 0.362413 0.309073 0.331505 0.264207 0.320538 0.251246 0.242772 0.214357 0.240778 0.197408 0.264706 0.176471 0.269691 0.156530 0.340479 0.151545 0.387338 0.141575 0.338485 0.005982 0.315553 0.044865 0.284646 0.000997 0.000000 0.000000
0 0.736291 0.829511 0.730309 0.876371 0.742273 0.904287 0.756231 0.898305 0.750249 0.948156 0.765204 0.971087 0.786142 0.966102 0.785145 0.955135 0.799103 1.000000 0.976570 0.999003 0.942672 0.575274 0.881854 0.602193 0.849950 0.631107 0.815055 0.739781 0.771186 0.776670 0.746261 0.813559 0.738285 0.835494
0 0.643569 1.000000 0.654536 0.968096 0.666500 0.993021 0.698405 0.938185 0.708375 0.894317 0.731306 0.850449 0.759222 0.795613 0.721336 0.635095 0.704387 0.618146 0.682453 0.645065 0.680459 0.685942 0.670489 0.685942 0.659521 0.659023 0.658524 0.647059 0.519940 0.921236 0.467099 0.922233 0.455135 0.962114 0.477069 0.992024 0.488036 1.000000 0.638584 1.000000
0 0.742273 0.644068 0.723330 0.653041 0.759222 0.783649 0.803091 0.750748 0.840977 0.681954 0.852941 0.621137 0.925723 0.585244 0.944666 0.579262 0.912762 0.506481 0.876869 0.457627 0.855932 0.451645 0.865902 0.475573 0.889831 0.487537 0.885842 0.504487 0.838983 0.506481 0.788136 0.472582 0.779163 0.454636 0.735294 0.461615 0.727318 0.480558 0.728315 0.516451 0.720339 0.535394 0.691426 0.563310 0.679462 0.572283 0.654536 0.650050 0.657527 0.661017 0.666500 0.680957 0.678465 0.686939 0.698405 0.626122 0.708375 0.617149 0.728315 0.650050
0 0.774177 0.306082 0.841974 0.304088 0.888833 0.309073 0.928714 0.327019 0.953639 0.348953 0.962612 0.364905 0.940678 0.375872 0.974576 0.394816 0.983549 0.403789 0.980558 0.432702 0.968594 0.442672 0.942672 0.438684 0.930708 0.443669 0.907777 0.430708
0 0.662512 0.225324 0.663509 0.185444 0.688435 0.219342 0.729312 0.236291 0.749252 0.239282 0.764207 0.194417 0.783151 0.204387 0.797109 0.211366 0.811067 0.211366 0.830010 0.187438 0.833001 0.169492 0.849950 0.184447 0.862911 0.189432 0.888833 0.182453 0.895813 0.159521 0.885842 0.127617 0.874875 0.095713 0.898804 0.117647 0.920738 0.118644 0.940678 0.084746 0.941675 0.049850 0.961615 0.055833 0.966600 0.012961 0.967597 0.000000 0.562812 0.000997 0.572782 0.098704 0.598704 0.137587 0.621635 0.165503 0.638584 0.205384 0.653539 0.225324
0 0.402293 0.144566 0.427218 0.155533 0.448156 0.144566 0.452144 0.122632 0.464108 0.152542 0.478066 0.140578 0.538883 0.133599 0.533898 0.078764 0.528913 0.014955 0.529910 0.000997 0.289631 0.000000 0.312562 0.038883 0.337488 0.006979 0.394317 0.140578
0 0.043370 0.957129 0.097208 0.950150 0.135095 0.957129 0.156032 0.965105 0.171984 0.980060 0.183948 1.000000 0.009472 1.000000 0.000000 0.963111 0.029412 0.952144
4 0.241775 0.832502 0.352443 0.814556 0.399302 0.804586 0.385344 0.787637 0.190927 0.803589 0.177966 0.816550 0.176969 0.850449
4 0.125125 0.935194 0.371386 0.818544 0.398305 0.821535 0.381356 0.842473 0.222832 0.946162 0.185942 0.969093 0.172981 0.973081 0.124128 0.950150
4 0.994516 0.994018 0.987537 0.797607 0.974576 0.579262 0.956630 0.562313 1.000000 0.693918 1.000000 0.634098 0.944666 0.501496 0.919741 0.441675 0.703390 0.253240 0.695414 0.286142 0.797109 0.377866 0.890828 0.469591 0.948654 0.582253 0.977567 1.000000
4 0.910768 0.303091 1.000000 0.220339 0.999501 0.191426 0.879860 0.295115 0.883848 0.309073 0.904786 0.305085
4 0.545862 0.003988 0.554835 0.003988 0.564806 0.052841 0.573779 0.124626 0.562812 0.138584 0.538883 0.126620 0.528913 0.000000
