1 0.553125 0.2532467532467532 0.5484375 0.25757575757575757 0.5390625 0.2597402597402597 0.525 0.2792207792207792 0.521875 0.2792207792207792 0.51875 0.2857142857142857 0.515625 0.2857142857142857 0.5109375 0.2922077922077922 0.5109375 0.29653679653679654 0.5078125 0.2987012987012987 0.503125 0.3181818181818182 0.5 0.3203463203463203 0.4953125 0.3528138528138528 0.4921875 0.354978354978355 0.4921875 0.36147186147186144 0.4953125 0.36363636363636365 0.5 0.4090909090909091 0.5125 0.4264069264069264 0.5171875 0.42857142857142855 0.53125 0.45021645021645024 0.5375 0.4523809523809524 0.5390625 0.45670995670995673 0.5515625 0.46320346320346323 0.55625 0.46320346320346323 0.5578125 0.4675324675324675 0.565625 0.4675324675324675 0.584375 0.474025974025974 0.5859375 0.47835497835497837 0.5953125 0.4805194805194805 0.6015625 0.48917748917748916 0.6171875 0.49783549783549785 0.63125 0.49783549783549785 0.6421875 0.49134199134199136 0.646875 0.4805194805194805 0.646875 0.474025974025974 0.65 0.47186147186147187 0.65 0.46320346320346323 0.646875 0.461038961038961 0.6421875 0.44372294372294374 0.6390625 0.44155844155844154 0.6375 0.43073593073593075 0.6359375 0.3961038961038961 0.6375 0.3939393939393939 0.6375 0.3658008658008658 0.6390625 0.36363636363636365 0.6390625 0.341991341991342 0.6421875 0.3398268398268398 0.6421875 0.3225108225108225 0.6390625 0.3203463203463203 0.6390625 0.31385281385281383 0.634375 0.30735930735930733 0.634375 0.30303030303030304 0.6296875 0.2987012987012987 0.6265625 0.2878787878787879 0.6109375 0.2662337662337662 0.6078125 0.2662337662337662 0.6046875 0.2597402597402597 0.5859375 0.2532467532467532 0.584375 0.24891774891774893 0.565625 0.24891774891774893 0.565625 0.2510822510822511 0.5640625 0.2532467532467532 0.553125 0.2532467532467532
1 0.66875 0.5411255411255411 0.6640625 0.5432900432900433 0.6609375 0.5497835497835498 0.653125 0.5541125541125541 0.6453125 0.564935064935065 0.64375 0.5714285714285714 0.63125 0.5865800865800865 0.6203125 0.6103896103896104 0.6078125 0.6277056277056277 0.6078125 0.6320346320346321 0.59375 0.6515151515151515 0.5890625 0.6666666666666666 0.584375 0.670995670995671 0.584375 0.6926406926406926 0.59375 0.7077922077922078 0.6078125 0.7142857142857143 0.609375 0.7186147186147186 0.646875 0.7251082251082251 0.6484375 0.7294372294372294 0.6734375 0.7359307359307359 0.675 0.7402597402597403 0.6828125 0.7424242424242424 0.7171875 0.7424242424242424 0.725 0.7402597402597403 0.7265625 0.7359307359307359 0.7375 0.7316017316017316 0.740625 0.7251082251082251 0.7515625 0.7186147186147186 0.7515625 0.7142857142857143 0.75625 0.7077922077922078 0.759375 0.7077922077922078 0.7640625 0.6991341991341992 0.7640625 0.6948051948051948 0.76875 0.6926406926406926 0.771875 0.6861471861471862 0.775 0.6861471861471862 0.7765625 0.6818181818181818 0.79375 0.6818181818181818 0.7953125 0.6861471861471862 0.825 0.6861471861471862 0.8265625 0.6818181818181818 0.8296875 0.6818181818181818 0.8265625 0.6796536796536796 0.821875 0.6666666666666666 0.81875 0.6645021645021645 0.8140625 0.6515151515151515 0.809375 0.6471861471861472 0.8078125 0.6385281385281385 0.803125 0.6341991341991342 0.803125 0.6298701298701299 0.7984375 0.6212121212121212 0.8015625 0.6082251082251082 0.8046875 0.6038961038961039 0.8078125 0.6038961038961039 0.80625 0.5822510822510822 0.803125 0.5800865800865801 0.803125 0.564935064935065 0.8078125 0.5606060606060606 0.8078125 0.551948051948052 0.8 0.5411255411255411 0.7921875 0.5367965367965368 0.7703125 0.5367965367965368 0.765625 0.538961038961039 0.7609375 0.5497835497835498 0.7578125 0.551948051948052 0.7578125 0.5584415584415584 0.7546875 0.5627705627705628 0.7546875 0.5670995670995671 0.7484375 0.5735930735930735 0.7484375 0.5800865800865801 0.7453125 0.5844155844155844 0.7390625 0.577922077922078 0.7375 0.564935064935065 0.7328125 0.5606060606060606 0.728125 0.5497835497835498 0.725 0.5497835497835498 0.721875 0.5432900432900433 0.7015625 0.5367965367965368 0.7 0.5367965367965368 0.6828125 0.5367965367965368 0.66875 0.5411255411255411
1 0.20625 0.5909090909090909 0.2015625 0.5952380952380952 0.2015625 0.5995670995670995 0.184375 0.6298701298701299 0.1828125 0.6385281385281385 0.1796875 0.6406926406926406 0.1796875 0.6796536796536796 0.1828125 0.6818181818181818 0.1828125 0.6883116883116883 0.1875 0.7012987012987013 0.1921875 0.7056277056277056 0.1921875 0.70995670995671 0.2171875 0.7424242424242424 0.253125 0.7445887445887446 0.2546875 0.7424242424242424 0.2703125 0.7402597402597403 0.271875 0.7359307359307359 0.2953125 0.7294372294372294 0.2953125 0.7056277056277056 0.2921875 0.696969696969697 0.290625 0.6818181818181818 0.2875 0.6796536796536796 0.2875 0.6731601731601732 0.2828125 0.658008658008658 0.275 0.6493506493506493 0.275 0.645021645021645 0.271875 0.6406926406926406 0.26875 0.6406926406926406 0.2671875 0.645021645021645 0.2609375 0.6428571428571429 0.259375 0.6341991341991342 0.25625 0.6320346320346321 0.25625 0.6255411255411255 0.253125 0.6212121212121212 0.253125 0.6168831168831169 0.2484375 0.6125541125541125 0.24375 0.5952380952380952 0.240625 0.5930735930735931 0.240625 0.5800865800865801 0.2359375 0.5735930735930735 0.221875 0.5757575757575758 0.221875 0.577922077922078 0.20625 0.5865800865800865 0.20625 0.5909090909090909
1 0.2703125 0.21428571428571427 0.2546875 0.21645021645021645 0.253125 0.22077922077922077 0.2484375 0.22077922077922077 0.2453125 0.22510822510822512 0.2421875 0.22510822510822512 0.2375 0.24025974025974026 0.234375 0.24242424242424243 0.2328125 0.27705627705627706 0.234375 0.2792207792207792 0.246875 0.2727272727272727 0.2515625 0.2727272727272727 0.253125 0.2683982683982684 0.259375 0.2683982683982684 0.265625 0.26406926406926406 0.278125 0.2619047619047619 0.28125 0.2662337662337662 0.278125 0.27056277056277056 0.278125 0.2748917748917749 0.265625 0.2922077922077922 0.2609375 0.3051948051948052 0.2515625 0.3181818181818182 0.2484375 0.3181818181818182 0.2453125 0.3246753246753247 0.2453125 0.3484848484848485 0.25 0.37445887445887444 0.2625 0.3917748917748918 0.2703125 0.3917748917748918 0.271875 0.3874458874458874 0.284375 0.3852813852813853 0.2921875 0.38095238095238093 0.30625 0.38095238095238093 0.3078125 0.37662337662337664 0.3234375 0.37662337662337664 0.3296875 0.3722943722943723 0.334375 0.36363636363636365 0.35 0.3593073593073593 0.3546875 0.35064935064935066 0.3578125 0.329004329004329 0.3609375 0.3268398268398268 0.3640625 0.31385281385281383 0.36875 0.30952380952380953 0.3734375 0.29653679653679654 0.3734375 0.29004329004329005 0.3765625 0.2878787878787879 0.378125 0.27705627705627706 0.378125 0.24891774891774893 0.3703125 0.23809523809523808 0.3578125 0.23160173160173161 0.3546875 0.22510822510822512 0.340625 0.22077922077922077 0.3203125 0.22077922077922077 0.31875 0.21645021645021645 0.2953125 0.21428571428571427 0.29375 0.21212121212121213 0.2921875 0.21212121212121213 0.271875 0.21212121212121213 0.2703125 0.21428571428571427
1 0.2109375 0.21645021645021645 0.20625 0.23376623376623376 0.20625 0.2683982683982684 0.209375 0.2857142857142857 0.2140625 0.2922077922077922 0.215625 0.2987012987012987 0.2140625 0.3008658008658009 0.2 0.3008658008658009 0.1875 0.29653679653679654 0.1859375 0.2922077922077922 0.178125 0.29004329004329005 0.1625 0.29004329004329005 0.159375 0.2922077922077922 0.1671875 0.3051948051948052 0.175 0.30952380952380953 0.1796875 0.3181818181818182 0.1828125 0.3181818181818182 0.190625 0.329004329004329 0.1875 0.3333333333333333 0.1875 0.33766233766233766 0.1796875 0.3463203463203463 0.175 0.3593073593073593 0.1703125 0.3658008658008658 0.1703125 0.37445887445887444 0.175 0.3787878787878788 0.175 0.40476190476190477 0.178125 0.4134199134199134 0.184375 0.4199134199134199 0.19375 0.4199134199134199 0.1953125 0.42424242424242425 0.2046875 0.42857142857142855 0.2140625 0.44155844155844154 0.221875 0.44155844155844154 0.228125 0.43722943722943725 0.228125 0.4329004329004329 0.234375 0.42424242424242425 0.2375 0.42424242424242425 0.240625 0.4155844155844156 0.24375 0.4155844155844156 0.25625 0.39826839826839827 0.259375 0.39826839826839827 0.2625 0.3917748917748918 0.2703125 0.3917748917748918 0.271875 0.3874458874458874 0.2921875 0.38095238095238093 0.30625 0.38095238095238093 0.3078125 0.37662337662337664 0.3296875 0.37445887445887444 0.3359375 0.36363636363636365 0.353125 0.3593073593073593 0.35625 0.3354978354978355 0.3609375 0.329004329004329 0.3609375 0.3225108225108225 0.3640625 0.31385281385281383 0.3703125 0.3051948051948052 0.3734375 0.2878787878787879 0.3765625 0.2857142857142857 0.378125 0.2748917748917749 0.3765625 0.24675324675324675 0.3703125 0.23809523809523808 0.3578125 0.23160173160173161 0.35625 0.22727272727272727 0.3484375 0.22294372294372294 0.31875 0.22077922077922077 0.3171875 0.21645021645021645 0.3046875 0.21645021645021645 0.290625 0.21212121212121213 0.2734375 0.21212121212121213 0.271875 0.21428571428571427 0.2546875 0.21645021645021645 0.253125 0.22077922077922077 0.246875 0.22294372294372294 0.240625 0.23160173160173161 0.2375 0.23160173160173161 0.2359375 0.22943722943722944 0.2359375 0.21428571428571427 0.23125 0.20995670995670995 0.2296875 0.20995670995670995 0.21875 0.20995670995670995 0.2109375 0.21645021645021645
1 0.3265625 0.3787878787878788 0.325 0.38311688311688313 0.3015625 0.38311688311688313 0.2796875 0.38961038961038963 0.278125 0.3939393939393939 0.2640625 0.39826839826839827 0.2609375 0.40476190476190477 0.25 0.41125541125541126 0.2421875 0.42207792207792205 0.234375 0.4393939393939394 0.2390625 0.44155844155844154 0.2421875 0.45021645021645024 0.2453125 0.4523809523809524 0.2453125 0.47186147186147187 0.25 0.49783549783549785 0.253125 0.5 0.2578125 0.5194805194805194 0.2609375 0.5194805194805194 0.2640625 0.5281385281385281 0.26875 0.5324675324675324 0.2734375 0.5476190476190477 0.2734375 0.5562770562770563 0.2796875 0.564935064935065 0.28125 0.5800865800865801 0.284375 0.5822510822510822 0.2859375 0.5887445887445888 0.29375 0.5952380952380952 0.2953125 0.5995670995670995 0.3109375 0.6060606060606061 0.321875 0.6060606060606061 0.3390625 0.5995670995670995 0.35 0.5844155844155844 0.353125 0.5844155844155844 0.35625 0.5800865800865801 0.35625 0.5757575757575758 0.3625 0.5692640692640693 0.3625 0.564935064935065 0.36875 0.5584415584415584 0.36875 0.5541125541125541 0.3734375 0.5454545454545454 0.3734375 0.538961038961039 0.3765625 0.5367965367965368 0.38125 0.5108225108225108 0.384375 0.5086580086580087 0.3890625 0.4653679653679654 0.3921875 0.46320346320346323 0.396875 0.43073593073593075 0.4 0.42857142857142855 0.4015625 0.3874458874458874 0.4 0.3787878787878788 0.396875 0.37662337662337664 0.39375 0.36796536796536794 0.3890625 0.3658008658008658 0.365625 0.36796536796536794 0.365625 0.37012987012987014 0.3375 0.3787878787878788 0.3265625 0.3787878787878788
1 0.40625 0.3463203463203463 0.4046875 0.35064935064935066 0.396875 0.354978354978355 0.3953125 0.36363636363636365 0.396875 0.37012987012987014 0.403125 0.3787878787878788 0.403125 0.4199134199134199 0.4015625 0.42207792207792205 0.4015625 0.43506493506493504 0.3984375 0.43722943722943725 0.396875 0.44372294372294374 0.39375 0.47186147186147187 0.390625 0.474025974025974 0.3890625 0.5043290043290043 0.3953125 0.5086580086580087 0.396875 0.512987012987013 0.4109375 0.5194805194805194 0.4421875 0.5194805194805194 0.44375 0.5173160173160173 0.44375 0.5064935064935064 0.4390625 0.49134199134199136 0.4390625 0.48484848484848486 0.4359375 0.48268398268398266 0.4359375 0.474025974025974 0.4328125 0.46320346320346323 0.4328125 0.45021645021645024 0.43125 0.44805194805194803 0.4328125 0.4264069264069264 0.4375 0.4090909090909091 0.4421875 0.40476190476190477 0.4640625 0.4069264069264069 0.46875 0.4134199134199134 0.471875 0.4134199134199134 0.478125 0.4199134199134199 0.4875 0.4329004329004329 0.4921875 0.44805194805194803 0.496875 0.4523809523809524 0.5015625 0.45021645021645024 0.5015625 0.44155844155844154 0.4984375 0.4393939393939394 0.4953125 0.39826839826839827 0.49375 0.3874458874458874 0.490625 0.3852813852813853 0.4890625 0.3658008658008658 0.4859375 0.36147186147186144 0.4796875 0.36147186147186144 0.478125 0.35714285714285715 0.4671875 0.35714285714285715 0.459375 0.354978354978355 0.4546875 0.35064935064935066 0.45 0.35064935064935066 0.4484375 0.3463203463203463 0.440625 0.341991341991342 0.4390625 0.341991341991342 0.421875 0.341991341991342 0.40625 0.3463203463203463
1 0.403125 0.24891774891774893 0.3890625 0.2683982683982684 0.3859375 0.2792207792207792 0.3796875 0.2878787878787879 0.3796875 0.2943722943722944 0.375 0.3008658008658009 0.371875 0.3181818181818182 0.3671875 0.3246753246753247 0.3625 0.3398268398268398 0.3625 0.354978354978355 0.3671875 0.36363636363636365 0.39375 0.36147186147186144 0.396875 0.37012987012987014 0.403125 0.3787878787878788 0.403125 0.42424242424242425 0.4015625 0.4264069264069264 0.4015625 0.43722943722943725 0.3984375 0.4393939393939394 0.396875 0.45670995670995673 0.39375 0.4653679653679654 0.39375 0.47835497835497837 0.390625 0.4805194805194805 0.3890625 0.5043290043290043 0.390625 0.5086580086580087 0.39375 0.5086580086580087 0.3953125 0.512987012987013 0.4 0.512987012987013 0.40625 0.5194805194805194 0.440625 0.5194805194805194 0.44375 0.5151515151515151 0.44375 0.5064935064935064 0.440625 0.5021645021645021 0.440625 0.4935064935064935 0.4390625 0.487012987012987 0.4359375 0.48484848484848486 0.4359375 0.47619047619047616 0.4328125 0.4675324675324675 0.43125 0.43722943722943725 0.4359375 0.41125541125541126 0.44375 0.40476190476190477 0.459375 0.40476190476190477 0.4671875 0.4090909090909091 0.46875 0.4134199134199134 0.478125 0.41774891774891776 0.4875 0.43073593073593075 0.4921875 0.44805194805194803 0.4984375 0.45021645021645024 0.496875 0.4090909090909091 0.49375 0.3874458874458874 0.490625 0.3852813852813853 0.4890625 0.3658008658008658 0.48125 0.36147186147186144 0.4796875 0.35714285714285715 0.459375 0.354978354978355 0.45625 0.35064935064935066 0.4515625 0.35064935064935066 0.45 0.3463203463203463 0.4453125 0.3463203463203463 0.4359375 0.33766233766233766 0.4375 0.3333333333333333 0.4484375 0.33116883116883117 0.4546875 0.3268398268398268 0.45625 0.3225108225108225 0.459375 0.3268398268398268 0.465625 0.3181818181818182 0.4640625 0.31601731601731603 0.4640625 0.30303030303030304 0.45625 0.3008658008658009 0.4515625 0.2943722943722944 0.4515625 0.29004329004329005 0.4546875 0.2857142857142857 0.45 0.2792207792207792 0.4578125 0.2748917748917749 0.45625 0.27056277056277056 0.4515625 0.2662337662337662 0.45 0.2597402597402597 0.446875 0.26406926406926406 0.4421875 0.26406926406926406 0.4390625 0.2554112554112554 0.434375 0.2532467532467532 0.4328125 0.24891774891774893 0.41875 0.24242424242424243 0.4171875 0.24458874458874458 0.4109375 0.24458874458874458 0.403125 0.24891774891774893
1 0.765625 0.1406926406926407 0.7640625 0.15584415584415584 0.7609375 0.16017316017316016 0.7328125 0.16233766233766234 0.73125 0.16666666666666666 0.7234375 0.16666666666666666 0.715625 0.170995670995671 0.7125 0.1774891774891775 0.703125 0.18398268398268397 0.6984375 0.19696969696969696 0.6921875 0.20562770562770563 0.6921875 0.20995670995670995 0.671875 0.23376623376623376 0.6671875 0.2532467532467532 0.6609375 0.2597402597402597 0.659375 0.2727272727272727 0.6546875 0.2792207792207792 0.6546875 0.29004329004329005 0.6515625 0.2987012987012987 0.6515625 0.3051948051948052 0.646875 0.3116883116883117 0.646875 0.3333333333333333 0.64375 0.341991341991342 0.64375 0.36363636363636365 0.640625 0.3658008658008658 0.6390625 0.4134199134199134 0.640625 0.4155844155844156 0.640625 0.42857142857142855 0.64375 0.43073593073593075 0.64375 0.43722943722943725 0.6484375 0.44805194805194803 0.6609375 0.4523809523809524 0.6828125 0.4523809523809524 0.696875 0.44805194805194803 0.7015625 0.44155844155844154 0.7140625 0.43722943722943725 0.71875 0.43073593073593075 0.7328125 0.42424242424242425 0.734375 0.4199134199134199 0.740625 0.4155844155844156 0.7484375 0.4134199134199134 0.75 0.4090909090909091 0.7609375 0.40476190476190477 0.7734375 0.3874458874458874 0.7828125 0.38095238095238093 0.7875 0.36796536796536794 0.7921875 0.36363636363636365 0.7953125 0.3528138528138528 0.7984375 0.35064935064935066 0.7984375 0.3463203463203463 0.803125 0.3354978354978355 0.80625 0.3333333333333333 0.8109375 0.3181818181818182 0.8109375 0.30303030303030304 0.8140625 0.3008658008658009 0.8140625 0.2878787878787879 0.815625 0.2857142857142857 0.81875 0.23376623376623376 0.815625 0.22077922077922077 0.815625 0.18398268398268397 0.81875 0.170995670995671 0.825 0.1645021645021645 0.8265625 0.15584415584415584 0.8296875 0.15367965367965367 0.83125 0.1406926406926407 0.834375 0.1341991341991342 0.834375 0.11904761904761904 0.828125 0.11688311688311688 0.8171875 0.1341991341991342 0.8078125 0.13636363636363635 0.8 0.1341991341991342 0.7984375 0.12987012987012986 0.7875 0.1277056277056277 0.7828125 0.11904761904761904 0.7796875 0.11904761904761904 0.7796875 0.12121212121212122 0.76875 0.1406926406926407 0.765625 0.1406926406926407
1 0.515625 0.47619047619047616 0.5140625 0.4805194805194805 0.5078125 0.48268398268398266 0.503125 0.4935064935064935 0.503125 0.5021645021645021 0.5 0.5043290043290043 0.5 0.5151515151515151 0.496875 0.525974025974026 0.4921875 0.5303030303030303 0.4875 0.551948051948052 0.484375 0.5541125541125541 0.484375 0.5670995670995671 0.4875 0.5692640692640693 0.4890625 0.577922077922078 0.496875 0.5822510822510822 0.5 0.5930735930735931 0.503125 0.5952380952380952 0.503125 0.6125541125541125 0.4921875 0.6277056277056277 0.4921875 0.6385281385281385 0.4953125 0.6406926406926406 0.496875 0.6536796536796536 0.5 0.6601731601731602 0.503125 0.6645021645021645 0.5328125 0.670995670995671 0.534375 0.6753246753246753 0.5609375 0.6774891774891775 0.58125 0.6645021645021645 0.584375 0.6558441558441559 0.603125 0.6320346320346321 0.6078125 0.6190476190476191 0.6140625 0.6125541125541125 0.6140625 0.6082251082251082 0.6359375 0.577922077922078 0.6390625 0.5692640692640693 0.6421875 0.5670995670995671 0.646875 0.551948051948052 0.6421875 0.525974025974026 0.6390625 0.525974025974026 0.6359375 0.5194805194805194 0.625 0.5151515151515151 0.6140625 0.5 0.5984375 0.49134199134199136 0.596875 0.487012987012987 0.584375 0.48268398268398266 0.5796875 0.47619047619047616 0.5734375 0.474025974025974 0.571875 0.474025974025974 0.53125 0.47186147186147187 0.515625 0.47619047619047616
1 0.4 0.5367965367965368 0.39375 0.5367965367965368 0.3796875 0.5432900432900433 0.3734375 0.551948051948052 0.3734375 0.5562770562770563 0.3671875 0.5627705627705628 0.3671875 0.5670995670995671 0.3625 0.5735930735930735 0.3625 0.577922077922078 0.3453125 0.6017316017316018 0.3390625 0.6060606060606061 0.3390625 0.6147186147186147 0.3453125 0.6168831168831169 0.346875 0.6212121212121212 0.353125 0.6212121212121212 0.36875 0.6277056277056277 0.3734375 0.6341991341991342 0.3703125 0.6385281385281385 0.3578125 0.6406926406926406 0.35625 0.645021645021645 0.34375 0.6471861471861472 0.3421875 0.6536796536796536 0.3484375 0.6645021645021645 0.3546875 0.6666666666666666 0.359375 0.6753246753246753 0.3625 0.6753246753246753 0.3671875 0.6861471861471862 0.3703125 0.6861471861471862 0.38125 0.7012987012987013 0.384375 0.7012987012987013 0.3875 0.7077922077922078 0.4 0.7142857142857143 0.4015625 0.7186147186147186 0.4390625 0.7229437229437229 0.446875 0.7186147186147186 0.446875 0.7142857142857143 0.459375 0.6926406926406926 0.459375 0.6796536796536796 0.45625 0.6731601731601732 0.453125 0.6731601731601732 0.4484375 0.6666666666666666 0.4171875 0.6688311688311688 0.4109375 0.6645021645021645 0.4109375 0.6406926406926406 0.4171875 0.6320346320346321 0.41875 0.6255411255411255 0.4234375 0.6212121212121212 0.4265625 0.6082251082251082 0.43125 0.6038961038961039 0.434375 0.5952380952380952 0.44375 0.5887445887445888 0.4453125 0.5844155844155844 0.45625 0.577922077922078 0.45625 0.5735930735930735 0.45 0.5670995670995671 0.45 0.5627705627705628 0.446875 0.5584415584415584 0.446875 0.551948051948052 0.44375 0.5497835497835498 0.440625 0.5303030303030303 0.4296875 0.5303030303030303 0.428125 0.5281385281385281 0.4265625 0.5303030303030303 0.4015625 0.5324675324675324 0.4 0.5367965367965368
1 0.5359375 0.1406926406926407 0.5359375 0.14502164502164502 0.53125 0.14935064935064934 0.528125 0.16666666666666666 0.5234375 0.17316017316017315 0.51875 0.20562770562770563 0.5203125 0.20995670995670995 0.5203125 0.24025974025974026 0.51875 0.24242424242424243 0.49375 0.20562770562770563 0.4796875 0.19913419913419914 0.478125 0.19480519480519481 0.4734375 0.19480519480519481 0.46875 0.2012987012987013 0.471875 0.20562770562770563 0.475 0.22510822510822512 0.475 0.23593073593073594 0.4734375 0.23809523809523808 0.459375 0.23160173160173161 0.45625 0.22510822510822512 0.4515625 0.22294372294372294 0.45 0.22510822510822512 0.453125 0.24242424242424243 0.45625 0.24458874458874458 0.459375 0.2683982683982684 0.4625 0.2683982683982684 0.4734375 0.2857142857142857 0.4796875 0.29004329004329005 0.48125 0.2987012987012987 0.484375 0.30303030303030304 0.4828125 0.31601731601731603 0.4859375 0.31601731601731603 0.4875 0.3203463203463203 0.490625 0.31601731601731603 0.4984375 0.3181818181818182 0.4984375 0.33116883116883117 0.4953125 0.3484848484848485 0.4921875 0.35064935064935066 0.4921875 0.36147186147186144 0.4953125 0.36363636363636365 0.4984375 0.40476190476190477 0.503125 0.41125541125541126 0.5078125 0.42424242424242425 0.5171875 0.42857142857142855 0.53125 0.45021645021645024 0.5375 0.4523809523809524 0.5390625 0.45670995670995673 0.5421875 0.45670995670995673 0.5453125 0.461038961038961 0.55625 0.46320346320346323 0.5578125 0.4675324675324675 0.565625 0.4675324675324675 0.584375 0.474025974025974 0.5859375 0.47835497835497837 0.5953125 0.4805194805194805 0.6015625 0.48917748917748916 0.6125 0.4935064935064935 0.615625 0.49783549783549785 0.63125 0.49783549783549785 0.6359375 0.49567099567099565 0.640625 0.48917748917748916 0.64375 0.48917748917748916 0.646875 0.4805194805194805 0.646875 0.474025974025974 0.65 0.47186147186147187 0.65 0.46320346320346323 0.6453125 0.4588744588744589 0.6421875 0.44805194805194803 0.6390625 0.4458874458874459 0.6390625 0.4329004329004329 0.6359375 0.4199134199134199 0.6390625 0.3398268398268398 0.6421875 0.33766233766233766 0.6421875 0.3203463203463203 0.6390625 0.3181818181818182 0.634375 0.30303030303030304 0.6296875 0.2987012987012987 0.628125 0.29004329004329005 0.6109375 0.2662337662337662 0.6078125 0.2662337662337662 0.6046875 0.2597402597402597 0.5859375 0.2532467532467532 0.584375 0.24891774891774893 0.5625 0.24891774891774893 0.5609375 0.2532467532467532 0.553125 0.2532467532467532 0.5515625 0.2510822510822511 0.553125 0.24458874458874458 0.5578125 0.24242424242424243 0.5890625 0.24025974025974026 0.590625 0.23593073593073594 0.5953125 0.23593073593073594 0.60625 0.22943722943722944 0.6109375 0.22294372294372294 0.6109375 0.21428571428571427 0.6140625 0.20562770562770563 0.6203125 0.19913419913419914 0.61875 0.19480519480519481 0.6015625 0.19480519480519481 0.6 0.19913419913419914 0.5765625 0.20346320346320346 0.5734375 0.19913419913419914 0.571875 0.18398268398268397 0.5671875 0.17965367965367965 0.5640625 0.15151515151515152 0.55625 0.1406926406926407 0.54375 0.1341991341991342 0.5421875 0.13636363636363635 0.5390625 0.13636363636363635 0.5359375 0.1406926406926407
1 0.7359375 0.4264069264069264 0.725 0.43073593073593075 0.721875 0.43722943722943725 0.70625 0.44372294372294374 0.7046875 0.44805194805194803 0.7 0.44805194805194803 0.6890625 0.45454545454545453 0.6796875 0.45454545454545453 0.678125 0.4588744588744589 0.6640625 0.4588744588744589 0.6609375 0.461038961038961 0.659375 0.4696969696969697 0.65625 0.47186147186147187 0.65625 0.48484848484848486 0.659375 0.48484848484848486 0.6625 0.49134199134199136 0.6625 0.512987012987013 0.6609375 0.5151515151515151 0.6625 0.5194805194805194 0.665625 0.5194805194805194 0.6671875 0.525974025974026 0.6703125 0.5303030303030303 0.6734375 0.5303030303030303 0.675 0.5346320346320347 0.709375 0.5346320346320347 0.721875 0.538961038961039 0.7296875 0.5476190476190477 0.740625 0.5476190476190477 0.7453125 0.5454545454545454 0.746875 0.5411255411255411 0.759375 0.5367965367965368 0.76875 0.5238095238095238 0.771875 0.5108225108225108 0.775 0.5086580086580087 0.7796875 0.48917748917748916 0.7796875 0.44155844155844154 0.7765625 0.43073593073593075 0.771875 0.4264069264069264 0.771875 0.42207792207792205 0.7671875 0.4155844155844156 0.7640625 0.4155844155844156 0.7625 0.41125541125541126 0.7546875 0.41125541125541126 0.7546875 0.4134199134199134 0.7375 0.42207792207792205 0.7359375 0.4264069264069264
2 0.7921875 0.1277056277056277 0.7859375 0.12121212121212122 0.7859375 0.11688311688311688 0.778125 0.11688311688311688 0.7765625 0.12337662337662338 0.771875 0.12987012987012986 0.771875 0.1341991341991342 0.7671875 0.1406926406926407 0.7640625 0.1406926406926407 0.7625 0.15584415584415584 0.765625 0.16017316017316016 0.765625 0.1645021645021645 0.7703125 0.16883116883116883 0.7734375 0.17965367965367965 0.79375 0.20562770562770563 0.796875 0.21428571428571427 0.809375 0.23160173160173161 0.815625 0.23593073593073594 0.821875 0.23593073593073594 0.821875 0.22727272727272727 0.81875 0.22510822510822512 0.815625 0.21428571428571427 0.8171875 0.17965367965367965 0.81875 0.17316017316017315 0.825 0.16666666666666666 0.825 0.16233766233766234 0.8296875 0.15800865800865802 0.834375 0.1341991341991342 0.8375 0.13203463203463203 0.8375 0.11688311688311688 0.8328125 0.11255411255411256 0.8265625 0.11255411255411256 0.8265625 0.11471861471861472 0.815625 0.12987012987012986 0.7921875 0.1277056277056277
2 0.4609375 0.6515151515151515 0.459375 0.6558441558441559 0.453125 0.658008658008658 0.4515625 0.6688311688311688 0.45625 0.670995670995671 0.465625 0.6861471861471862 0.4703125 0.6861471861471862 0.475 0.670995670995671 0.4796875 0.6645021645021645 0.48125 0.6515151515151515 0.4859375 0.6471861471861472 0.4828125 0.6406926406926406 0.4828125 0.6428571428571429 0.465625 0.6515151515151515 0.4609375 0.6515151515151515
2 0.1921875 0.38311688311688313 0.190625 0.3787878787878788 0.1765625 0.3787878787878788 0.175 0.4069264069264069 0.1796875 0.41774891774891776 0.1859375 0.4199134199134199 0.1875 0.42424242424242425 0.190625 0.42424242424242425 0.1921875 0.4199134199134199 0.196875 0.4199134199134199 0.1984375 0.42424242424242425 0.2046875 0.42857142857142855 0.2140625 0.44155844155844154 0.2140625 0.4458874458874459 0.2203125 0.4458874458874459 0.221875 0.44155844155844154 0.228125 0.4393939393939394 0.2296875 0.4329004329004329 0.2421875 0.4155844155844156 0.2453125 0.4155844155844156 0.25 0.4069264069264069 0.2546875 0.40476190476190477 0.2609375 0.3961038961038961 0.240625 0.3722943722943723 0.2390625 0.3658008658008658 0.2328125 0.36796536796536794 0.2328125 0.37012987012987014 0.2234375 0.3852813852813853 0.1921875 0.38311688311688313
2 0.175 0.3852813852813853 0.175 0.4069264069264069 0.1765625 0.4134199134199134 0.1828125 0.4199134199134199 0.1984375 0.41774891774891776 0.2 0.4199134199134199 0.209375 0.4199134199134199 0.2171875 0.40476190476190477 0.2203125 0.4025974025974026 0.221875 0.3961038961038961 0.2203125 0.38961038961038963 0.2125 0.3852813852813853 0.19375 0.38311688311688313 0.1921875 0.3787878787878788 0.1828125 0.3787878787878788 0.175 0.37445887445887444 0.175 0.37662337662337664 0.1765625 0.38311688311688313 0.175 0.3852813852813853
2 0.575 0.20346320346320346 0.5734375 0.20995670995670995 0.5703125 0.21212121212121213 0.5703125 0.21861471861471862 0.565625 0.22943722943722944 0.5625 0.23160173160173161 0.5609375 0.24025974025974026 0.590625 0.24025974025974026 0.5921875 0.23593073593073594 0.5984375 0.23593073593073594 0.6078125 0.22943722943722944 0.6125 0.22077922077922077 0.6125 0.21212121212121213 0.6171875 0.20346320346320346 0.6234375 0.19913419913419914 0.6234375 0.19480519480519481 0.596875 0.19480519480519481 0.596875 0.19696969696969696 0.58125 0.20346320346320346 0.575 0.20346320346320346
2 0.1796875 0.34415584415584416 0.1796875 0.3484848484848485 0.171875 0.35714285714285715 0.16875 0.3722943722943723 0.171875 0.37662337662337664 0.175 0.37662337662337664 0.1765625 0.38095238095238093 0.1796875 0.37662337662337664 0.184375 0.37662337662337664 0.1859375 0.38095238095238093 0.19375 0.38095238095238093 0.1953125 0.37662337662337664 0.2 0.37445887445887444 0.2 0.36796536796536794 0.196875 0.36147186147186144 0.196875 0.33116883116883117 0.2 0.329004329004329 0.2 0.3268398268398268 0.19375 0.329004329004329 0.1859375 0.3398268398268398 0.1796875 0.34415584415584416
2 0.4515625 0.23809523809523808 0.453125 0.2510822510822511 0.4671875 0.2554112554112554 0.478125 0.2554112554112554 0.4796875 0.24891774891774893 0.475 0.24242424242424243 0.475 0.23809523809523808 0.4703125 0.23376623376623376 0.4640625 0.23160173160173161 0.4625 0.22727272727272727 0.45625 0.22294372294372294 0.4484375 0.22077922077922077 0.4484375 0.22294372294372294 0.4484375 0.23160173160173161 0.4515625 0.23809523809523808
2 0.8234375 0.12121212121212122 0.815625 0.12987012987012986 0.8015625 0.12987012987012986 0.7859375 0.12337662337662338 0.78125 0.1277056277056277 0.78125 0.13852813852813853 0.784375 0.1406926406926407 0.784375 0.15800865800865802 0.7890625 0.170995670995671 0.7890625 0.1774891774891775 0.7921875 0.17965367965367965 0.79375 0.18614718614718614 0.8078125 0.18614718614718614 0.809375 0.18181818181818182 0.8140625 0.18181818181818182 0.8265625 0.1645021645021645 0.8265625 0.16017316017316016 0.83125 0.15367965367965367 0.834375 0.13636363636363635 0.8375 0.1341991341991342 0.8375 0.11688311688311688 0.8328125 0.11255411255411256 0.83125 0.11255411255411256 0.8265625 0.11255411255411256 0.8234375 0.12121212121212122
2 0.4515625 0.5151515151515151 0.44375 0.5303030303030303 0.4453125 0.5497835497835498 0.4484375 0.551948051948052 0.453125 0.5670995670995671 0.459375 0.5735930735930735 0.4625 0.5735930735930735 0.4640625 0.577922077922078 0.4703125 0.577922077922078 0.4734375 0.5735930735930735 0.475 0.564935064935065 0.478125 0.5627705627705628 0.4796875 0.551948051948052 0.478125 0.5497835497835498 0.478125 0.538961038961039 0.475 0.5367965367965368 0.4703125 0.5064935064935064 0.4671875 0.5043290043290043 0.4640625 0.4935064935064935 0.4640625 0.487012987012987 0.4625 0.48268398268398266 0.45625 0.4805194805194805 0.45625 0.48268398268398266 0.453125 0.48484848484848486 0.4515625 0.5151515151515151
2 0.6296875 0.29004329004329005 0.6328125 0.3008658008658009 0.640625 0.3116883116883117 0.64375 0.3116883116883117 0.646875 0.3008658008658009 0.6515625 0.2943722943722944 0.653125 0.27056277056277056 0.65 0.2662337662337662 0.6359375 0.2662337662337662 0.6234375 0.27056277056277056 0.6234375 0.2727272727272727 0.625 0.2857142857142857 0.6296875 0.29004329004329005
2 0.1625 0.4393939393939394 0.1640625 0.4675324675324675 0.16875 0.47186147186147187 0.1703125 0.4805194805194805 0.1859375 0.5021645021645021 0.190625 0.5043290043290043 0.1921875 0.5021645021645021 0.19375 0.487012987012987 0.1859375 0.47835497835497837 0.1859375 0.4653679653679654 0.1828125 0.45670995670995673 0.184375 0.4264069264069264 0.178125 0.4264069264069264 0.1765625 0.42207792207792205 0.16875 0.42207792207792205 0.16875 0.42424242424242425 0.1640625 0.43073593073593075 0.1625 0.4393939393939394
2 0.2078125 0.22510822510822512 0.20625 0.23376623376623376 0.20625 0.2683982683982684 0.2109375 0.2878787878787879 0.215625 0.2922077922077922 0.21875 0.3008658008658009 0.228125 0.2987012987012987 0.23125 0.2532467532467532 0.2328125 0.24242424242424243 0.2359375 0.24025974025974026 0.2359375 0.21428571428571427 0.2296875 0.20562770562770563 0.2234375 0.20562770562770563 0.2234375 0.2077922077922078 0.2140625 0.21212121212121213 0.2078125 0.22510822510822512
2 0.7890625 0.6277056277056277 0.784375 0.6363636363636364 0.7625 0.6406926406926406 0.7609375 0.6558441558441559 0.7625 0.6666666666666666 0.765625 0.6753246753246753 0.7734375 0.6861471861471862 0.8140625 0.6883116883116883 0.815625 0.6861471861471862 0.8296875 0.6861471861471862 0.83125 0.6818181818181818 0.81875 0.6645021645021645 0.8140625 0.6515151515151515 0.809375 0.6471861471861472 0.8078125 0.6363636363636364 0.8015625 0.6277056277056277 0.8 0.6277056277056277 0.79375 0.6255411255411255 0.7890625 0.6277056277056277
2 0.4375 0.41125541125541126 0.4359375 0.4155844155844156 0.4328125 0.44805194805194803 0.4375 0.4805194805194805 0.440625 0.48268398268398266 0.4421875 0.49567099567099565 0.4453125 0.5 0.4453125 0.5064935064935064 0.4515625 0.5086580086580087 0.4546875 0.5043290043290043 0.4546875 0.4805194805194805 0.459375 0.47835497835497837 0.4640625 0.48484848484848486 0.4671875 0.5021645021645021 0.471875 0.5086580086580087 0.475 0.525974025974026 0.4796875 0.5324675324675324 0.4796875 0.5367965367965368 0.4875 0.5367965367965368 0.4890625 0.5303030303030303 0.49375 0.525974025974026 0.4984375 0.5064935064935064 0.4984375 0.49567099567099565 0.5015625 0.4935064935064935 0.5015625 0.47186147186147187 0.4984375 0.4696969696969697 0.4984375 0.46320346320346323 0.4953125 0.4588744588744589 0.49375 0.45021645021645024 0.490625 0.44805194805194803 0.4859375 0.4329004329004329 0.478125 0.42207792207792205 0.46875 0.4155844155844156 0.4671875 0.41125541125541126 0.45625 0.4069264069264069 0.4546875 0.4069264069264069 0.44375 0.4069264069264069 0.4375 0.41125541125541126
2 0.2296875 0.38311688311688313 0.225 0.3874458874458874 0.225 0.3917748917748918 0.21875 0.3961038961038961 0.2171875 0.40476190476190477 0.2140625 0.4090909090909091 0.2109375 0.4090909090909091 0.2078125 0.4155844155844156 0.2078125 0.42857142857142855 0.2140625 0.4393939393939394 0.228125 0.4393939393939394 0.2296875 0.4329004329004329 0.2421875 0.4155844155844156 0.2453125 0.4155844155844156 0.2484375 0.4090909090909091 0.2515625 0.4090909090909091 0.25625 0.4025974025974026 0.259375 0.4025974025974026 0.2609375 0.3939393939393939 0.259375 0.38961038961038963 0.25625 0.38961038961038963 0.25 0.38311688311688313 0.240625 0.36796536796536794 0.234375 0.36796536796536794 0.234375 0.37012987012987014 0.2296875 0.3787878787878788 0.2296875 0.38311688311688313
2 0.1765625 0.3116883116883117 0.1875 0.3268398268398268 0.2 0.3268398268398268 0.2015625 0.3225108225108225 0.2140625 0.3181818181818182 0.215625 0.30735930735930733 0.2125 0.30303030303030304 0.1875 0.29653679653679654 0.1859375 0.2922077922077922 0.18125 0.29004329004329005 0.159375 0.29004329004329005 0.1546875 0.2878787878787879 0.1546875 0.29004329004329005 0.1640625 0.3051948051948052 0.1765625 0.3116883116883117
2 0.7953125 0.6818181818181818 0.7953125 0.6861471861471862 0.8 0.6883116883116883 0.8296875 0.6883116883116883 0.8328125 0.6818181818181818 0.8296875 0.6731601731601732 0.81875 0.6601731601731602 0.8140625 0.6493506493506493 0.809375 0.6493506493506493 0.809375 0.6515151515151515 0.8078125 0.6645021645021645 0.7953125 0.6818181818181818
2 0.303125 0.6515151515151515 0.303125 0.6558441558441559 0.3078125 0.6601731601731602 0.3078125 0.6645021645021645 0.321875 0.670995670995671 0.3234375 0.6753246753246753 0.3328125 0.6796536796536796 0.34375 0.696969696969697 0.3484375 0.6991341991341992 0.35 0.6926406926406926 0.3453125 0.6753246753246753 0.3453125 0.6688311688311688 0.3421875 0.6666666666666666 0.3390625 0.6515151515151515 0.334375 0.6471861471861472 0.3328125 0.6406926406926406 0.3234375 0.6277056277056277 0.3109375 0.6233766233766234 0.30625 0.6168831168831169 0.29375 0.6125541125541125 0.2921875 0.6082251082251082 0.2890625 0.6082251082251082 0.2890625 0.6103896103896104 0.2890625 0.6320346320346321 0.303125 0.6515151515151515
2 0.7640625 0.5367965367965368 0.7578125 0.5432900432900433 0.7578125 0.551948051948052 0.753125 0.5692640692640693 0.7484375 0.5735930735930735 0.7484375 0.5930735930735931 0.7453125 0.6103896103896104 0.75 0.6212121212121212 0.753125 0.6233766233766234 0.7578125 0.645021645021645 0.7609375 0.6471861471861472 0.7609375 0.6861471861471862 0.7625 0.6883116883116883 0.753125 0.7186147186147186 0.7578125 0.7121212121212122 0.7625 0.70995670995671 0.7625 0.7056277056277056 0.7671875 0.7012987012987013 0.76875 0.6948051948051948 0.7765625 0.6861471861471862 0.8234375 0.6883116883116883 0.83125 0.6861471861471862 0.83125 0.6796536796536796 0.8265625 0.6753246753246753 0.815625 0.6515151515151515 0.809375 0.645021645021645 0.809375 0.6385281385281385 0.80625 0.6298701298701299 0.803125 0.6277056277056277 0.80625 0.6233766233766234 0.80625 0.6125541125541125 0.809375 0.6038961038961039 0.80625 0.564935064935065 0.8109375 0.5584415584415584 0.8109375 0.551948051948052 0.8078125 0.5497835497835498 0.80625 0.5432900432900433 0.79375 0.5367965367965368 0.7921875 0.5324675324675324 0.778125 0.5303030303030303 0.7734375 0.5324675324675324 0.7734375 0.5346320346320347 0.771875 0.5367965367965368 0.7640625 0.5367965367965368
2 0.475 0.6515151515151515 0.471875 0.670995670995671 0.46875 0.6731601731601732 0.4671875 0.6796536796536796 0.4671875 0.6861471861471862 0.4609375 0.6948051948051948 0.4609375 0.6991341991341992 0.45625 0.7077922077922078 0.446875 0.7207792207792207 0.4359375 0.7272727272727273 0.434375 0.7316017316017316 0.4265625 0.7380952380952381 0.4265625 0.7445887445887446 0.4296875 0.7489177489177489 0.4296875 0.7532467532467533 0.4359375 0.7575757575757576 0.446875 0.7575757575757576 0.4625 0.7510822510822511 0.46875 0.7424242424242424 0.471875 0.7424242424242424 0.4875 0.7207792207792207 0.490625 0.70995670995671 0.49375 0.7077922077922078 0.496875 0.6623376623376623 0.49375 0.6515151515151515 0.4890625 0.6471861471861472 0.4875 0.6471861471861472 0.48125 0.645021645021645 0.475 0.6515151515151515
2 0.1828125 0.5281385281385281 0.1703125 0.5281385281385281 0.16875 0.525974025974026 0.1609375 0.5324675324675324 0.1609375 0.5454545454545454 0.15625 0.551948051948052 0.15625 0.6017316017316018 0.159375 0.6038961038961039 0.175 0.6038961038961039 0.1828125 0.5995670995670995 0.184375 0.5952380952380952 0.1921875 0.5909090909090909 0.1953125 0.5844155844155844 0.1984375 0.5844155844155844 0.2046875 0.577922077922078 0.2046875 0.5735930735930735 0.209375 0.564935064935065 0.215625 0.5584415584415584 0.2171875 0.538961038961039 0.2109375 0.5367965367965368 0.209375 0.5324675324675324 0.203125 0.5303030303030303 0.2 0.525974025974026 0.1921875 0.5281385281385281 0.190625 0.5216450216450217 0.1796875 0.5216450216450217 0.1796875 0.5238095238095238 0.184375 0.525974025974026 0.1828125 0.5281385281385281
2 0.25 0.27056277056277056 0.2484375 0.2748917748917749 0.2421875 0.27705627705627706 0.2359375 0.2857142857142857 0.23125 0.2878787878787879 0.2296875 0.30735930735930733 0.2390625 0.3203463203463203 0.2453125 0.3203463203463203 0.25 0.3116883116883117 0.253125 0.3116883116883117 0.2671875 0.2943722943722944 0.2703125 0.2813852813852814 0.2734375 0.27705627705627706 0.2796875 0.2727272727272727 0.2796875 0.2683982683982684 0.284375 0.26406926406926406 0.2828125 0.2597402597402597 0.2796875 0.2597402597402597 0.2796875 0.2619047619047619 0.2640625 0.2683982683982684 0.25 0.27056277056277056
2 0.2015625 0.329004329004329 0.1921875 0.3333333333333333 0.190625 0.3398268398268398 0.19375 0.35064935064935066 0.1828125 0.37445887445887444 0.1921875 0.37662337662337664 0.19375 0.38095238095238093 0.20625 0.38095238095238093 0.221875 0.3852813852813853 0.2234375 0.3917748917748918 0.2234375 0.3852813852813853 0.228125 0.38095238095238093 0.2328125 0.36796536796536794 0.2390625 0.36363636363636365 0.240625 0.3593073593073593 0.240625 0.3354978354978355 0.23125 0.3225108225108225 0.2234375 0.3225108225108225 0.221875 0.3203463203463203 0.2203125 0.3203463203463203 0.203125 0.3246753246753247 0.2015625 0.329004329004329
2 0.4484375 0.2792207792207792 0.4453125 0.2813852813852814 0.4453125 0.2857142857142857 0.440625 0.2922077922077922 0.440625 0.3051948051948052 0.44375 0.3116883116883117 0.44375 0.329004329004329 0.45 0.3333333333333333 0.4515625 0.33766233766233766 0.48125 0.3398268398268398 0.4828125 0.3333333333333333 0.4859375 0.33116883116883117 0.4828125 0.329004329004329 0.48125 0.3203463203463203 0.4796875 0.2922077922077922 0.4734375 0.28354978354978355 0.471875 0.27705627705627706 0.4640625 0.2683982683982684 0.4625 0.2683982683982684 0.4515625 0.2683982683982684 0.4484375 0.2792207792207792
2 0.296875 0.6147186147186147 0.3078125 0.6168831168831169 0.309375 0.6212121212121212 0.3234375 0.6277056277056277 0.3265625 0.6341991341991342 0.3296875 0.6341991341991342 0.3328125 0.6385281385281385 0.365625 0.6385281385281385 0.3765625 0.6341991341991342 0.3734375 0.6341991341991342 0.371875 0.6298701298701299 0.3421875 0.6233766233766234 0.340625 0.6190476190476191 0.3125 0.6125541125541125 0.3109375 0.6082251082251082 0.303125 0.6082251082251082 0.3015625 0.6060606060606061 0.3 0.6060606060606061 0.29375 0.6082251082251082 0.296875 0.6147186147186147
2 0.2046875 0.3246753246753247 0.2 0.3246753246753247 0.1984375 0.329004329004329 0.1875 0.3354978354978355 0.1796875 0.3463203463203463 0.175 0.354978354978355 0.175 0.3593073593073593 0.16875 0.36796536796536794 0.16875 0.3722943722943723 0.171875 0.37662337662337664 0.175 0.37662337662337664 0.1765625 0.38095238095238093 0.1796875 0.37662337662337664 0.1828125 0.37662337662337664 0.184375 0.38095238095238093 0.2015625 0.38095238095238093 0.203125 0.38311688311688313 0.2171875 0.38311688311688313 0.2203125 0.3852813852813853 0.2390625 0.36147186147186144 0.240625 0.354978354978355 0.240625 0.3354978354978355 0.2296875 0.3203463203463203 0.228125 0.3203463203463203 0.215625 0.3181818181818182 0.2046875 0.3246753246753247
2 0.7578125 0.6883116883116883 0.7578125 0.696969696969697 0.753125 0.7121212121212122 0.7484375 0.7164502164502164 0.7484375 0.7229437229437229 0.75625 0.7186147186147186 0.7578125 0.7142857142857143 0.7671875 0.7077922077922078 0.771875 0.6926406926406926 0.771875 0.683982683982684 0.7625 0.670995670995671 0.7609375 0.6731601731601732 0.7609375 0.6861471861471862 0.7578125 0.6883116883116883
2 0.7609375 0.5454545454545454 0.7578125 0.5476190476190477 0.753125 0.5692640692640693 0.7484375 0.5757575757575758 0.75 0.5844155844155844 0.7546875 0.5909090909090909 0.7625 0.5887445887445888 0.7640625 0.5844155844155844 0.771875 0.5800865800865801 0.790625 0.5822510822510822 0.7953125 0.5800865800865801 0.80625 0.5670995670995671 0.8109375 0.5541125541125541 0.8 0.538961038961039 0.7921875 0.5367965367965368 0.790625 0.5324675324675324 0.7765625 0.5324675324675324 0.7765625 0.5346320346320347 0.7625 0.538961038961039 0.7609375 0.5454545454545454
2 0.159375 0.5367965367965368 0.15625 0.538961038961039 0.15625 0.5497835497835498 0.1671875 0.5476190476190477 0.171875 0.5411255411255411 0.1796875 0.5367965367965368 0.1921875 0.5346320346320347 0.19375 0.5303030303030303 0.2015625 0.5281385281385281 0.1984375 0.5216450216450217 0.1921875 0.5194805194805194 0.171875 0.5194805194805194 0.1671875 0.5216450216450217 0.1671875 0.5238095238095238 0.1609375 0.5281385281385281 0.159375 0.5367965367965368
2 0.5390625 0.1341991341991342 0.5359375 0.13852813852813853 0.5359375 0.14285714285714285 0.5296875 0.15151515151515152 0.528125 0.16666666666666666 0.5234375 0.17316017316017315 0.5203125 0.18831168831168832 0.521875 0.22943722943722944 0.5265625 0.22294372294372294 0.534375 0.22077922077922077 0.553125 0.21861471861471862 0.5546875 0.22077922077922077 0.565625 0.22077922077922077 0.56875 0.21861471861471862 0.56875 0.21212121212121213 0.571875 0.20995670995670995 0.571875 0.18831168831168832 0.5671875 0.18181818181818182 0.565625 0.15151515151515152 0.5640625 0.1471861471861472 0.559375 0.14502164502164502 0.553125 0.13636363636363635 0.5515625 0.13636363636363635 0.55 0.1341991341991342 0.5390625 0.1341991341991342
2 0.25 0.5476190476190477 0.246875 0.5952380952380952 0.25 0.6103896103896104 0.253125 0.6125541125541125 0.25625 0.6212121212121212 0.2609375 0.6212121212121212 0.2671875 0.6255411255411255 0.271875 0.6341991341991342 0.2765625 0.6341991341991342 0.2796875 0.6255411255411255 0.2796875 0.6082251082251082 0.2828125 0.6060606060606061 0.2828125 0.5865800865800865 0.2796875 0.5844155844155844 0.2765625 0.5627705627705628 0.2703125 0.5562770562770563 0.2671875 0.5432900432900433 0.2625 0.538961038961039 0.2609375 0.538961038961039 0.25625 0.538961038961039 0.25 0.5476190476190477
2 0.5359375 0.14285714285714285 0.5296875 0.15151515151515152 0.5265625 0.16883116883116883 0.5234375 0.170995670995671 0.51875 0.19913419913419914 0.5203125 0.24242424242424243 0.51875 0.24458874458874458 0.5109375 0.22727272727272727 0.49375 0.20346320346320346 0.48125 0.19913419913419914 0.4796875 0.19480519480519481 0.471875 0.19480519480519481 0.4671875 0.2012987012987013 0.46875 0.2077922077922078 0.471875 0.20995670995670995 0.475 0.23160173160173161 0.4734375 0.23593073593073594 0.46875 0.23593073593073594 0.4625 0.22727272727272727 0.45 0.22077922077922077 0.45 0.23376623376623376 0.453125 0.2510822510822511 0.45625 0.2532467532467532 0.45625 0.2619047619047619 0.459375 0.2727272727272727 0.4671875 0.2813852813852814 0.4671875 0.2878787878787879 0.4734375 0.29004329004329005 0.4796875 0.2987012987012987 0.4796875 0.30952380952380953 0.4765625 0.3116883116883117 0.4765625 0.3203463203463203 0.4734375 0.3246753246753247 0.4671875 0.3181818181818182 0.471875 0.3116883116883117 0.465625 0.30303030303030304 0.465625 0.3181818181818182 0.4625 0.3225108225108225 0.459375 0.3225108225108225 0.459375 0.329004329004329 0.4796875 0.3268398268398268 0.484375 0.3333333333333333 0.49375 0.3333333333333333 0.4984375 0.31385281385281383 0.5015625 0.3116883116883117 0.5046875 0.2987012987012987 0.509375 0.2943722943722944 0.509375 0.29004329004329005 0.5234375 0.2748917748917749 0.528125 0.2727272727272727 0.5375 0.25757575757575757 0.55 0.2510822510822511 0.5546875 0.24242424242424243 0.590625 0.24025974025974026 0.5921875 0.23593073593073594 0.6046875 0.23160173160173161 0.6109375 0.22294372294372294 0.6125 0.21212121212121213 0.615625 0.20562770562770563 0.6203125 0.2012987012987013 0.6203125 0.19480519480519481 0.596875 0.19480519480519481 0.5953125 0.19913419913419914 0.5765625 0.20346320346320346 0.5734375 0.19913419913419914 0.571875 0.18181818181818182 0.5671875 0.1774891774891775 0.565625 0.15151515151515152 0.55625 0.13852813852813853 0.5484375 0.1341991341991342 0.546875 0.1341991341991342 0.5375 0.13636363636363635 0.5359375 0.14285714285714285
2 0.3234375 0.6255411255411255 0.3265625 0.6298701298701299 0.3265625 0.6341991341991342 0.334375 0.6385281385281385 0.36875 0.6385281385281385 0.3765625 0.6341991341991342 0.3734375 0.6341991341991342 0.371875 0.6298701298701299 0.3421875 0.6233766233766234 0.340625 0.6190476190476191 0.3390625 0.6190476190476191 0.3265625 0.6168831168831169 0.3234375 0.6255411255411255
2 0.1828125 0.43073593073593075 0.1828125 0.43722943722943725 0.1796875 0.4393939393939394 0.1796875 0.44805194805194803 0.1828125 0.45021645021645024 0.1859375 0.4805194805194805 0.190625 0.48484848484848486 0.1921875 0.4935064935064935 0.196875 0.4935064935064935 0.2 0.48917748917748916 0.2 0.48484848484848486 0.2046875 0.4805194805194805 0.209375 0.4653679653679654 0.2125 0.46320346320346323 0.2140625 0.4523809523809524 0.209375 0.4458874458874459 0.209375 0.44155844155844154 0.2046875 0.4329004329004329 0.196875 0.4264069264069264 0.1953125 0.4264069264069264 0.1875 0.4264069264069264 0.1828125 0.43073593073593075
2 0.4453125 0.525974025974026 0.44375 0.5367965367965368 0.4453125 0.538961038961039 0.4453125 0.5497835497835498 0.4484375 0.551948051948052 0.453125 0.5670995670995671 0.459375 0.5735930735930735 0.4625 0.5735930735930735 0.4640625 0.577922077922078 0.4703125 0.577922077922078 0.475 0.5692640692640693 0.475 0.564935064935065 0.478125 0.5627705627705628 0.478125 0.5411255411255411 0.475 0.538961038961039 0.4734375 0.5303030303030303 0.4671875 0.5216450216450217 0.459375 0.5216450216450217 0.4578125 0.5194805194805194 0.45625 0.5194805194805194 0.453125 0.5173160173160173 0.4453125 0.525974025974026
2 0.7734375 0.5043290043290043 0.771875 0.5173160173160173 0.76875 0.5216450216450217 0.76875 0.525974025974026 0.7625 0.5324675324675324 0.7625 0.5367965367965368 0.778125 0.5346320346320347 0.784375 0.525974025974026 0.7859375 0.487012987012987 0.78125 0.4805194805194805 0.78125 0.48268398268398266 0.7765625 0.5021645021645021 0.7734375 0.5043290043290043
2 0.3890625 0.2683982683982684 0.3890625 0.2727272727272727 0.3828125 0.2792207792207792 0.378125 0.29653679653679654 0.375 0.2987012987012987 0.375 0.3051948051948052 0.3703125 0.3203463203463203 0.365625 0.3246753246753247 0.3625 0.3354978354978355 0.3640625 0.36147186147186144 0.365625 0.36363636363636365 0.3796875 0.36363636363636365 0.3921875 0.3593073593073593 0.403125 0.34415584415584416 0.4171875 0.341991341991342 0.421875 0.33766233766233766 0.4265625 0.33766233766233766 0.428125 0.3333333333333333 0.44375 0.3268398268398268 0.44375 0.3116883116883117 0.440625 0.3051948051948052 0.440625 0.2922077922077922 0.44375 0.2813852813852814 0.4484375 0.2748917748917749 0.45 0.26406926406926406 0.4484375 0.2597402597402597 0.446875 0.26406926406926406 0.4421875 0.26406926406926406 0.4390625 0.2554112554112554 0.434375 0.2532467532467532 0.43125 0.24675324675324675 0.4234375 0.24242424242424243 0.421875 0.24242424242424243 0.4046875 0.24675324675324675 0.3890625 0.2683982683982684
2 0.7609375 0.6601731601731602 0.7640625 0.6753246753246753 0.771875 0.6861471861471862 0.790625 0.6861471861471862 0.7921875 0.6818181818181818 0.7984375 0.6774891774891775 0.7984375 0.6731601731601732 0.8015625 0.6688311688311688 0.8015625 0.6601731601731602 0.7890625 0.658008658008658 0.7859375 0.6536796536796536 0.7859375 0.6493506493506493 0.7828125 0.6471861471861472 0.7703125 0.6471861471861472 0.76875 0.645021645021645 0.7671875 0.645021645021645 0.7609375 0.6493506493506493 0.7609375 0.6601731601731602
2 0.4421875 0.5930735930735931 0.4375 0.5952380952380952 0.428125 0.6082251082251082 0.425 0.6212121212121212 0.4203125 0.6255411255411255 0.4171875 0.6363636363636364 0.4140625 0.6385281385281385 0.4125 0.6601731601731602 0.4140625 0.6645021645021645 0.434375 0.6666666666666666 0.4359375 0.6645021645021645 0.44375 0.6645021645021645 0.4453125 0.6601731601731602 0.45 0.6601731601731602 0.453125 0.6558441558441559 0.459375 0.6536796536796536 0.4609375 0.6493506493506493 0.478125 0.6428571428571429 0.4859375 0.6320346320346321 0.4859375 0.6277056277056277 0.4921875 0.6168831168831169 0.4953125 0.6168831168831169 0.5015625 0.6103896103896104 0.5015625 0.5974025974025974 0.4984375 0.5952380952380952 0.496875 0.5865800865800865 0.49375 0.5822510822510822 0.471875 0.5800865800865801 0.4671875 0.5822510822510822 0.465625 0.5800865800865801 0.4640625 0.5800865800865801 0.4453125 0.5865800865800865 0.4421875 0.5930735930735931
2 0.5140625 0.6796536796536796 0.5125 0.6861471861471862 0.5046875 0.6948051948051948 0.503125 0.7012987012987013 0.5046875 0.7121212121212122 0.5140625 0.7142857142857143 0.515625 0.7186147186147186 0.5296875 0.7186147186147186 0.53125 0.7142857142857143 0.55 0.7077922077922078 0.5515625 0.7034632034632035 0.5640625 0.696969696969697 0.5671875 0.6904761904761905 0.5734375 0.6883116883116883 0.5796875 0.6774891774891775 0.5765625 0.6731601731601732 0.5703125 0.6731601731601732 0.56875 0.6774891774891775 0.553125 0.6818181818181818 0.5515625 0.6796536796536796 0.5296875 0.6774891774891775 0.528125 0.6731601731601732 0.5203125 0.6731601731601732 0.5203125 0.6753246753246753 0.5171875 0.6796536796536796 0.5140625 0.6796536796536796
2 0.46875 0.2077922077922078 0.471875 0.20995670995670995 0.475 0.23160173160173161 0.4796875 0.23809523809523808 0.484375 0.2532467532467532 0.4953125 0.25757575757575757 0.5078125 0.2792207792207792 0.5125 0.2792207792207792 0.515625 0.2748917748917749 0.51875 0.2748917748917749 0.521875 0.2662337662337662 0.5171875 0.2510822510822511 0.5171875 0.24242424242424243 0.5140625 0.24025974025974026 0.5140625 0.23593073593073594 0.509375 0.22727272727272727 0.503125 0.22077922077922077 0.503125 0.21645021645021645 0.49375 0.20346320346320346 0.4828125 0.19913419913419914 0.48125 0.19480519480519481 0.46875 0.19480519480519481 0.46875 0.19696969696969696 0.4671875 0.2012987012987013 0.46875 0.2077922077922078
2 0.15625 0.6017316017316018 0.159375 0.6038961038961039 0.1734375 0.6038961038961039 0.18125 0.5995670995670995 0.1828125 0.5952380952380952 0.190625 0.5909090909090909 0.19375 0.5844155844155844 0.196875 0.5844155844155844 0.2015625 0.577922077922078 0.2015625 0.5714285714285714 0.196875 0.564935064935065 0.178125 0.5627705627705628 0.175 0.564935064935065 0.159375 0.5584415584415584 0.159375 0.5606060606060606 0.15625 0.5627705627705628 0.15625 0.6017316017316018
2 0.4609375 0.7012987012987013 0.45 0.7207792207792207 0.4453125 0.7229437229437229 0.45 0.7272727272727273 0.446875 0.7337662337662337 0.434375 0.7316017316017316 0.428125 0.7380952380952381 0.4265625 0.7445887445887446 0.428125 0.7510822510822511 0.434375 0.7575757575757576 0.4484375 0.7575757575757576 0.4703125 0.7445887445887446 0.4875 0.7207792207792207 0.490625 0.70995670995671 0.49375 0.7077922077922078 0.4953125 0.6991341991341992 0.49375 0.683982683982684 0.4796875 0.6818181818181818 0.4765625 0.683982683982684 0.4765625 0.6861471861471862 0.4671875 0.6991341991341992 0.4609375 0.7012987012987013
2 0.53125 0.14935064935064934 0.528125 0.16666666666666666 0.5234375 0.17316017316017315 0.5203125 0.19047619047619047 0.5203125 0.22294372294372294 0.521875 0.22510822510822512 0.5234375 0.2532467532467532 0.5296875 0.2619047619047619 0.5328125 0.2619047619047619 0.534375 0.25757575757575757 0.5484375 0.2510822510822511 0.5515625 0.24458874458874458 0.559375 0.24025974025974026 0.56875 0.21861471861471862 0.56875 0.21428571428571427 0.571875 0.21212121212121213 0.571875 0.18398268398268397 0.5671875 0.17965367965367965 0.565625 0.15151515151515152 0.55625 0.13852813852813853 0.5484375 0.1341991341991342 0.5390625 0.1341991341991342 0.5390625 0.13636363636363635 0.534375 0.1471861471861472 0.53125 0.14935064935064934
2 0.209375 0.49783549783549785 0.2078125 0.5021645021645021 0.2015625 0.5064935064935064 0.2015625 0.5151515151515151 0.209375 0.525974025974026 0.2171875 0.5303030303030303 0.21875 0.5346320346320347 0.221875 0.5346320346320347 0.2234375 0.538961038961039 0.2296875 0.5411255411255411 0.23125 0.5454545454545454 0.2375 0.5454545454545454 0.2390625 0.5411255411255411 0.2515625 0.5367965367965368 0.25625 0.525974025974026 0.2546875 0.5238095238095238 0.2546875 0.5108225108225108 0.2515625 0.5 0.2484375 0.49783549783549785 0.2453125 0.47619047619047616 0.240625 0.4696969696969697 0.240625 0.44805194805194803 0.2265625 0.45021645021645024 0.221875 0.461038961038961 0.2140625 0.4696969696969697 0.2140625 0.47186147186147187 0.209375 0.47619047619047616 0.209375 0.49783549783549785
2 0.46875 0.2077922077922078 0.471875 0.20995670995670995 0.4734375 0.22943722943722944 0.4765625 0.24025974025974026 0.4796875 0.24242424242424243 0.484375 0.2532467532467532 0.496875 0.2554112554112554 0.4984375 0.2532467532467532 0.4984375 0.24242424242424243 0.5015625 0.24025974025974026 0.5015625 0.23593073593073594 0.4984375 0.23376623376623376 0.503125 0.22943722943722944 0.5046875 0.22294372294372294 0.5015625 0.21212121212121213 0.496875 0.20995670995670995 0.49375 0.20346320346320346 0.4875 0.19913419913419914 0.4828125 0.19913419913419914 0.48125 0.19480519480519481 0.46875 0.19480519480519481 0.46875 0.19696969696969696 0.4671875 0.2012987012987013 0.46875 0.2077922077922078
2 0.284375 0.6277056277056277 0.284375 0.6645021645021645 0.2890625 0.6818181818181818 0.2921875 0.683982683982684 0.296875 0.7251082251082251 0.3015625 0.7294372294372294 0.303125 0.7229437229437229 0.30625 0.7207792207792207 0.309375 0.6991341991341992 0.3078125 0.6601731601731602 0.303125 0.6536796536796536 0.2984375 0.6363636363636364 0.2984375 0.6298701298701299 0.29375 0.6255411255411255 0.290625 0.6168831168831169 0.2890625 0.6168831168831169 0.2859375 0.6190476190476191 0.284375 0.6277056277056277