1 0.7890625 0.6255411255411255 0.784375 0.6298701298701299 0.7703125 0.6298701298701299 0.76875 0.6341991341991342 0.7640625 0.6277056277056277 0.7546875 0.6277056277056277 0.746875 0.6298701298701299 0.7453125 0.6341991341991342 0.7421875 0.6341991341991342 0.7453125 0.6363636363636364 0.7453125 0.6428571428571429 0.740625 0.6493506493506493 0.740625 0.658008658008658 0.7421875 0.6645021645021645 0.7453125 0.6645021645021645 0.7484375 0.6688311688311688 0.74375 0.6774891774891775 0.7296875 0.683982683982684 0.728125 0.6883116883116883 0.7015625 0.6926406926406926 0.696875 0.6991341991341992 0.6921875 0.6991341991341992 0.6796875 0.7056277056277056 0.675 0.7121212121212122 0.6609375 0.7164502164502164 0.65625 0.7229437229437229 0.653125 0.7510822510822511 0.6484375 0.7554112554112554 0.646875 0.7770562770562771 0.6484375 0.7878787878787878 0.6515625 0.79004329004329 0.6515625 0.7965367965367965 0.6625 0.816017316017316 0.6703125 0.816017316017316 0.6796875 0.8203463203463204 0.7609375 0.8203463203463204 0.7625 0.8225108225108225 0.7640625 0.8203463203463204 0.85625 0.8181818181818182 0.8640625 0.8203463203463204 0.86875 0.8181818181818182 0.8703125 0.8203463203463204 0.8796875 0.8203463203463204 0.8890625 0.816017316017316 0.9 0.816017316017316 0.9015625 0.8116883116883117 0.9109375 0.8116883116883117 0.9234375 0.8073593073593074 0.9234375 0.7922077922077922 0.9203125 0.79004329004329 0.915625 0.7683982683982684 0.9125 0.7662337662337663 0.909375 0.7489177489177489 0.896875 0.7316017316017316 0.89375 0.7164502164502164 0.8890625 0.7121212121212122 0.884375 0.6948051948051948 0.8796875 0.6904761904761905 0.8765625 0.6774891774891775 0.8734375 0.6753246753246753 0.86875 0.6558441558441559 0.865625 0.6536796536796536 0.8609375 0.6428571428571429 0.8609375 0.6385281385281385 0.853125 0.6277056277056277 0.84375 0.6233766233766234 0.8421875 0.6190476190476191 0.81875 0.6125541125541125 0.8046875 0.6125541125541125 0.803125 0.6082251082251082 0.803125 0.6103896103896104 0.7984375 0.6233766233766234 0.7890625 0.6255411255411255
1 0.3359375 0.7662337662337663 0.340625 0.7705627705627706 0.340625 0.7792207792207793 0.34375 0.7878787878787878 0.34375 0.8116883116883117 0.346875 0.8138528138528138 0.346875 0.8181818181818182 0.35 0.8225108225108225 0.36875 0.8203463203463204 0.378125 0.816017316017316 0.3828125 0.8203463203463204 0.4 0.8203463203463204 0.4015625 0.8225108225108225 0.51875 0.8181818181818182 0.5203125 0.8203463203463204 0.63125 0.8225108225108225 0.6453125 0.816017316017316 0.646875 0.8116883116883117 0.6421875 0.79004329004329 0.6421875 0.7813852813852814 0.6390625 0.7792207792207793 0.634375 0.7597402597402597 0.63125 0.7575757575757576 0.6265625 0.7402597402597403 0.6265625 0.7142857142857143 0.628125 0.7034632034632035 0.63125 0.696969696969697 0.6296875 0.6904761904761905 0.63125 0.6883116883116883 0.63125 0.658008658008658 0.634375 0.6558441558441559 0.634375 0.6515151515151515 0.628125 0.645021645021645 0.6234375 0.645021645021645 0.621875 0.6406926406926406 0.596875 0.6341991341991342 0.5953125 0.6298701298701299 0.5828125 0.6255411255411255 0.5796875 0.6190476190476191 0.56875 0.6125541125541125 0.5671875 0.6082251082251082 0.5578125 0.6082251082251082 0.55625 0.6060606060606061 0.5546875 0.6060606060606061 0.496875 0.6060606060606061 0.4953125 0.6082251082251082 0.484375 0.6082251082251082 0.4828125 0.6125541125541125 0.478125 0.6147186147186147 0.4375 0.6147186147186147 0.425 0.6190476190476191 0.4234375 0.6233766233766234 0.41875 0.6255411255411255 0.396875 0.6277056277056277 0.39375 0.6341991341991342 0.3890625 0.6341991341991342 0.3859375 0.6385281385281385 0.3828125 0.6385281385281385 0.378125 0.6471861471861472 0.3703125 0.6471861471861472 0.3640625 0.658008658008658 0.359375 0.6601731601731602 0.359375 0.6645021645021645 0.3546875 0.670995670995671 0.3546875 0.6904761904761905 0.365625 0.6883116883116883 0.3703125 0.6926406926406926 0.375 0.7164502164502164 0.375 0.7294372294372294 0.3734375 0.7316017316017316 0.378125 0.7359307359307359 0.38125 0.7532467532467533 0.3859375 0.7575757575757576 0.3875 0.7770562770562771 0.384375 0.7813852813852814 0.3734375 0.7813852813852814 0.3703125 0.7705627705627706 0.3625 0.7662337662337663 0.365625 0.7575757575757576 0.3703125 0.7554112554112554 0.359375 0.7554112554112554 0.3546875 0.7467532467532467 0.353125 0.7489177489177489 0.3484375 0.7489177489177489 0.3359375 0.7662337662337663
1 0.1484375 0.6233766233766234 0.146875 0.6255411255411255 0.1203125 0.6277056277056277 0.1140625 0.6298701298701299 0.1125 0.6341991341991342 0.09375 0.6363636363636364 0.0875 0.6406926406926406 0.0828125 0.6406926406926406 0.08125 0.645021645021645 0.059375 0.6515151515151515 0.0578125 0.6558441558441559 0.053125 0.6558441558441559 0.046875 0.6601731601731602 0.0421875 0.670995670995671 0.0390625 0.6731601731601732 0.0359375 0.6883116883116883 0.034375 0.7316017316017316 0.0375 0.7445887445887446 0.0421875 0.7489177489177489 0.046875 0.7662337662337663 0.0578125 0.7813852813852814 0.0625 0.8073593073593074 0.0703125 0.8116883116883117 0.0953125 0.8095238095238095 0.1 0.816017316017316 0.1046875 0.816017316017316 0.109375 0.8203463203463204 0.1046875 0.829004329004329 0.1015625 0.829004329004329 0.1046875 0.8311688311688312 0.1078125 0.8614718614718615 0.1125 0.8658008658008658 0.109375 0.8701298701298701 0.1125 0.8722943722943723 0.1125 0.8831168831168831 0.1171875 0.8917748917748918 0.1296875 0.8961038961038961 0.1453125 0.8961038961038961 0.146875 0.8982683982683982 0.1765625 0.8982683982683982 0.178125 0.8961038961038961 0.1828125 0.8982683982683982 0.1984375 0.8939393939393939 0.196875 0.8852813852813853 0.19375 0.8852813852813853 0.1890625 0.8766233766233766 0.19375 0.8658008658008658 0.19375 0.8571428571428571 0.190625 0.854978354978355 0.1921875 0.8441558441558441 0.1890625 0.8398268398268398 0.1890625 0.8354978354978355 0.184375 0.8311688311688312 0.184375 0.8246753246753247 0.190625 0.8181818181818182 0.190625 0.8138528138528138 0.2015625 0.7987012987012987 0.2078125 0.7965367965367965 0.2125 0.79004329004329 0.2125 0.7705627705627706 0.2140625 0.7683982683982684 0.2125 0.7640692640692641 0.215625 0.7554112554112554 0.215625 0.7445887445887446 0.21875 0.7402597402597403 0.228125 0.7402597402597403 0.23125 0.7445887445887446 0.24375 0.7424242424242424 0.24375 0.7359307359307359 0.240625 0.7337662337662337 0.2390625 0.7142857142857143 0.240625 0.7121212121212122 0.240625 0.7012987012987013 0.24375 0.6991341991341992 0.246875 0.6688311688311688 0.24375 0.6601731601731602 0.24375 0.6515151515151515 0.2359375 0.6406926406926406 0.2328125 0.6406926406926406 0.2296875 0.6363636363636364 0.21875 0.6341991341991342 0.2140625 0.6277056277056277 0.20625 0.6277056277056277 0.196875 0.6233766233766234 0.178125 0.6233766233766234 0.1765625 0.6190476190476191 0.171875 0.6190476190476191 0.171875 0.6212121212121212 0.1703125 0.6233766233766234 0.1484375 0.6233766233766234
1 0.215625 0.3181818181818182 0.1953125 0.3181818181818182 0.184375 0.3246753246753247 0.1796875 0.3246753246753247 0.1765625 0.33116883116883117 0.1671875 0.3354978354978355 0.165625 0.3398268398268398 0.1546875 0.34415584415584416 0.15 0.35064935064935066 0.1359375 0.35714285714285715 0.134375 0.36147186147186144 0.1234375 0.36796536796536794 0.1203125 0.37445887445887444 0.1171875 0.37445887445887444 0.1109375 0.38311688311688313 0.1015625 0.38961038961038963 0.0953125 0.40476190476190477 0.075 0.42207792207792205 0.075 0.4264069264069264 0.0703125 0.4329004329004329 0.065625 0.45021645021645024 0.0625 0.4523809523809524 0.0609375 0.461038961038961 0.0625 0.46320346320346323 0.0625 0.48268398268398266 0.065625 0.48484848484848486 0.06875 0.5064935064935064 0.08125 0.5216450216450217 0.0859375 0.5346320346320347 0.0890625 0.5346320346320347 0.0953125 0.5411255411255411 0.1 0.551948051948052 0.1046875 0.5541125541125541 0.1046875 0.5584415584415584 0.1078125 0.5627705627705628 0.1109375 0.5627705627705628 0.115625 0.5714285714285714 0.121875 0.5735930735930735 0.13125 0.5887445887445888 0.1421875 0.5952380952380952 0.1484375 0.6103896103896104 0.15625 0.6147186147186147 0.2046875 0.6168831168831169 0.20625 0.6212121212121212 0.225 0.6277056277056277 0.2265625 0.6320346320346321 0.23125 0.6320346320346321 0.2421875 0.6385281385281385 0.259375 0.6385281385281385 0.2703125 0.6320346320346321 0.2875 0.6320346320346321 0.2890625 0.6277056277056277 0.3 0.6255411255411255 0.30625 0.6212121212121212 0.3109375 0.6125541125541125 0.3140625 0.6125541125541125 0.31875 0.6017316017316018 0.3234375 0.5995670995670995 0.321875 0.5844155844155844 0.325 0.577922077922078 0.3265625 0.564935064935065 0.33125 0.5584415584415584 0.33125 0.5476190476190477 0.3328125 0.5454545454545454 0.33125 0.5194805194805194 0.334375 0.512987012987013 0.334375 0.5043290043290043 0.33125 0.49134199134199136 0.334375 0.487012987012987 0.33125 0.48268398268398266 0.3296875 0.4653679653679654 0.3328125 0.46320346320346323 0.33125 0.4523809523809524 0.334375 0.43722943722943725 0.3375 0.43506493506493504 0.3375 0.42207792207792205 0.3328125 0.4155844155844156 0.3265625 0.4155844155844156 0.3171875 0.42207792207792205 0.315625 0.4264069264069264 0.3125 0.4264069264069264 0.3078125 0.4134199134199134 0.3078125 0.3852813852813853 0.30625 0.3787878787878788 0.3015625 0.3722943722943723 0.3015625 0.36796536796536794 0.2921875 0.354978354978355 0.2890625 0.354978354978355 0.2828125 0.34415584415584416 0.2734375 0.3398268398268398 0.26875 0.3333333333333333 0.2546875 0.329004329004329 0.253125 0.3246753246753247 0.2453125 0.3225108225108225 0.24375 0.3225108225108225 0.2171875 0.3203463203463203 0.215625 0.3181818181818182
1 0.1265625 0.15584415584415584 0.1140625 0.16233766233766234 0.1109375 0.16883116883116883 0.1015625 0.17316017316017315 0.0890625 0.19047619047619047 0.0859375 0.19047619047619047 0.084375 0.19696969696969696 0.0765625 0.20562770562770563 0.0765625 0.20995670995670995 0.0703125 0.21645021645021645 0.065625 0.22943722943722944 0.0609375 0.23376623376623376 0.059375 0.24242424242424243 0.053125 0.24891774891774893 0.053125 0.2532467532467532 0.05 0.25757575757575757 0.05 0.26406926406926406 0.046875 0.2662337662337662 0.0453125 0.2748917748917749 0.0453125 0.3116883116883117 0.046875 0.31385281385281383 0.046875 0.3268398268398268 0.05 0.329004329004329 0.05 0.33766233766233766 0.053125 0.3484848484848485 0.059375 0.354978354978355 0.059375 0.3593073593073593 0.06875 0.3658008658008658 0.0703125 0.37012987012987014 0.0828125 0.37662337662337664 0.084375 0.38095238095238093 0.096875 0.3852813852813853 0.103125 0.3852813852813853 0.1078125 0.37662337662337664 0.1203125 0.37012987012987014 0.1234375 0.36363636363636365 0.13125 0.3593073593073593 0.1328125 0.354978354978355 0.1625 0.33766233766233766 0.1640625 0.3333333333333333 0.1734375 0.329004329004329 0.1765625 0.3225108225108225 0.1921875 0.31601731601731603 0.1984375 0.31601731601731603 0.2 0.3116883116883117 0.2171875 0.3116883116883117 0.21875 0.31601731601731603 0.2515625 0.3203463203463203 0.2625 0.329004329004329 0.26875 0.329004329004329 0.2765625 0.3333333333333333 0.2796875 0.33116883116883117 0.2859375 0.3333333333333333 0.2875 0.33766233766233766 0.29375 0.33766233766233766 0.29375 0.3333333333333333 0.303125 0.3203463203463203 0.303125 0.31385281385281383 0.30625 0.3116883116883117 0.3078125 0.2878787878787879 0.309375 0.2857142857142857 0.309375 0.2683982683982684 0.3171875 0.25757575757575757 0.315625 0.21428571428571427 0.31875 0.20995670995670995 0.321875 0.20995670995670995 0.3265625 0.2012987012987013 0.334375 0.19696969696969696 0.3453125 0.18181818181818182 0.346875 0.17316017316017315 0.3390625 0.16233766233766234 0.328125 0.16233766233766234 0.3234375 0.15584415584415584 0.31875 0.15367965367965367 0.31875 0.14935064935064934 0.33125 0.1341991341991342 0.3328125 0.1277056277056277 0.3328125 0.11904761904761904 0.325 0.11255411255411256 0.3109375 0.11255411255411256 0.303125 0.11688311688311688 0.290625 0.1341991341991342 0.284375 0.1406926406926407 0.28125 0.1406926406926407 0.278125 0.1471861471861472 0.2703125 0.15151515151515152 0.26875 0.15584415584415584 0.265625 0.15584415584415584 0.2609375 0.16233766233766234 0.25 0.16017316017316016 0.24375 0.15151515151515152 0.2359375 0.1471861471861472 0.21875 0.14502164502164502 0.2171875 0.1406926406926407 0.2 0.13852813852813853 0.1984375 0.13636363636363635 0.159375 0.13636363636363635 0.146875 0.1406926406926407 0.146875 0.14285714285714285 0.1296875 0.14935064935064934 0.1265625 0.15584415584415584
1 0.4078125 0.3939393939393939 0.3984375 0.4004329004329004 0.3921875 0.4090909090909091 0.3890625 0.4090909090909091 0.3859375 0.4155844155844156 0.3796875 0.4155844155844156 0.375 0.4199134199134199 0.3703125 0.44805194805194803 0.3671875 0.45021645021645024 0.3625 0.461038961038961 0.35625 0.46320346320346323 0.35625 0.49783549783549785 0.359375 0.5 0.359375 0.5173160173160173 0.3625 0.5194805194805194 0.3625 0.5238095238095238 0.3703125 0.525974025974026 0.371875 0.551948051948052 0.3734375 0.5562770562770563 0.378125 0.5584415584415584 0.38125 0.5800865800865801 0.3875 0.5887445887445888 0.39375 0.5887445887445888 0.3953125 0.5844155844155844 0.409375 0.5822510822510822 0.4140625 0.5887445887445888 0.41875 0.5887445887445888 0.421875 0.5930735930735931 0.425 0.5930735930735931 0.428125 0.6060606060606061 0.4421875 0.6060606060606061 0.44375 0.6103896103896104 0.475 0.6103896103896104 0.4765625 0.6060606060606061 0.4921875 0.6017316017316018 0.5578125 0.6017316017316018 0.559375 0.6038961038961039 0.5671875 0.6038961038961039 0.5734375 0.6017316017316018 0.5765625 0.5952380952380952 0.5875 0.5887445887445888 0.596875 0.5735930735930735 0.6046875 0.5692640692640693 0.609375 0.5606060606060606 0.6140625 0.5584415584415584 0.621875 0.5476190476190477 0.621875 0.5432900432900433 0.6265625 0.538961038961039 0.63125 0.525974025974026 0.63125 0.5216450216450217 0.634375 0.5194805194805194 0.634375 0.5086580086580087 0.6234375 0.4935064935064935 0.61875 0.47835497835497837 0.61875 0.4696969696969697 0.615625 0.4675324675324675 0.6140625 0.45454545454545453 0.6109375 0.44805194805194803 0.6 0.43506493506493504 0.6 0.43073593073593075 0.5953125 0.42207792207792205 0.5859375 0.4155844155844156 0.575 0.4004329004329004 0.5625 0.3961038961038961 0.5578125 0.38961038961038963 0.5390625 0.38311688311688313 0.5375 0.3787878787878788 0.51875 0.3722943722943723 0.5109375 0.3722943722943723 0.509375 0.36796536796536794 0.5015625 0.3658008658008658 0.4921875 0.3658008658008658 0.490625 0.36363636363636365 0.4484375 0.36363636363636365 0.434375 0.36796536796536794 0.434375 0.37012987012987014 0.41875 0.37662337662337664 0.4078125 0.3939393939393939
1 0.440625 0.12337662337662338 0.4359375 0.1277056277056277 0.40625 0.12554112554112554 0.3984375 0.12987012987012986 0.396875 0.1341991341991342 0.39375 0.1341991341991342 0.3921875 0.12987012987012986 0.3828125 0.12987012987012986 0.3796875 0.1341991341991342 0.3828125 0.14935064935064934 0.38125 0.16883116883116883 0.378125 0.17316017316017315 0.375 0.17316017316017315 0.371875 0.17965367965367965 0.3625 0.18398268398268397 0.35625 0.19264069264069264 0.3546875 0.19913419913419914 0.35625 0.2077922077922078 0.3625 0.21212121212121213 0.359375 0.21645021645021645 0.3578125 0.2510822510822511 0.35625 0.2532467532467532 0.359375 0.2748917748917749 0.371875 0.2813852813852814 0.375 0.3008658008658009 0.3859375 0.31385281385281383 0.396875 0.33766233766233766 0.41875 0.36363636363636365 0.4359375 0.36363636363636365 0.4484375 0.3593073593073593 0.4640625 0.3593073593073593 0.4671875 0.36147186147186144 0.471875 0.3593073593073593 0.4734375 0.36147186147186144 0.475 0.3593073593073593 0.4875 0.3593073593073593 0.5078125 0.3658008658008658 0.5171875 0.3658008658008658 0.51875 0.37012987012987014 0.5265625 0.37012987012987014 0.5375 0.37662337662337664 0.54375 0.37662337662337664 0.5453125 0.38095238095238093 0.565625 0.3874458874458874 0.5671875 0.3917748917748918 0.5734375 0.3939393939393939 0.590625 0.3961038961038961 0.5953125 0.3939393939393939 0.6 0.3787878787878788 0.6109375 0.37012987012987014 0.615625 0.34415584415584416 0.61875 0.341991341991342 0.6203125 0.2878787878787879 0.6234375 0.27705627705627706 0.63125 0.2662337662337662 0.63125 0.2554112554112554 0.628125 0.24458874458874458 0.6203125 0.23376623376623376 0.6171875 0.23376623376623376 0.6140625 0.22727272727272727 0.609375 0.22510822510822512 0.6 0.21212121212121213 0.5953125 0.18398268398268397 0.5796875 0.16233766233766234 0.56875 0.15584415584415584 0.5671875 0.15151515151515152 0.546875 0.14502164502164502 0.54375 0.13852813852813853 0.53125 0.1341991341991342 0.5296875 0.12987012987012986 0.5046875 0.12337662337662338 0.503125 0.11904761904761904 0.4890625 0.11904761904761904 0.4875 0.12337662337662338 0.484375 0.12337662337662338 0.4828125 0.11904761904761904 0.4734375 0.11904761904761904 0.4734375 0.12121212121212122 0.459375 0.12554112554112554 0.440625 0.12337662337662338
1 0.146875 0.6233766233766234 0.1453125 0.6255411255411255 0.13125 0.6255411255411255 0.1296875 0.6277056277056277 0.1125 0.6298701298701299 0.1109375 0.6341991341991342 0.09375 0.6363636363636364 0.0875 0.6406926406926406 0.0828125 0.6406926406926406 0.08125 0.645021645021645 0.059375 0.6515151515151515 0.0578125 0.6558441558441559 0.053125 0.6558441558441559 0.046875 0.6601731601731602 0.0421875 0.670995670995671 0.0390625 0.6731601731601732 0.0359375 0.683982683982684 0.034375 0.7316017316017316 0.0375 0.7445887445887446 0.0421875 0.7489177489177489 0.0421875 0.7532467532467533 0.0453125 0.7575757575757576 0.046875 0.7662337662337663 0.0578125 0.7792207792207793 0.0625 0.7987012987012987 0.0671875 0.8051948051948052 0.075 0.8051948051948052 0.08125 0.8095238095238095 0.0953125 0.8073593073593074 0.1015625 0.816017316017316 0.11875 0.816017316017316 0.1203125 0.8181818181818182 0.1546875 0.8181818181818182 0.15625 0.8203463203463204 0.175 0.8225108225108225 0.1890625 0.8181818181818182 0.190625 0.8116883116883117 0.1953125 0.8051948051948052 0.1984375 0.8051948051948052 0.2015625 0.7987012987012987 0.209375 0.7943722943722944 0.209375 0.7813852813852814 0.2125 0.7792207792207793 0.2125 0.7554112554112554 0.215625 0.7380952380952381 0.2171875 0.7359307359307359 0.225 0.7359307359307359 0.2265625 0.7402597402597403 0.23125 0.7424242424242424 0.240625 0.7424242424242424 0.2390625 0.7121212121212122 0.240625 0.70995670995671 0.240625 0.6904761904761905 0.24375 0.6883116883116883 0.24375 0.6818181818181818 0.246875 0.6774891774891775 0.246875 0.6688311688311688 0.24375 0.6601731601731602 0.24375 0.6515151515151515 0.2359375 0.6406926406926406 0.221875 0.6341991341991342 0.2203125 0.6298701298701299 0.1984375 0.6233766233766234 0.1796875 0.6233766233766234 0.178125 0.6190476190476191 0.16875 0.6190476190476191 0.16875 0.6212121212121212 0.1671875 0.6233766233766234 0.146875 0.6233766233766234
1 0.7875 0.43722943722943725 0.7578125 0.4393939393939394 0.7546875 0.43722943722943725 0.7375 0.44372294372294374 0.7359375 0.44805194805194803 0.725 0.45454545454545453 0.721875 0.4675324675324675 0.715625 0.474025974025974 0.715625 0.48917748917748916 0.728125 0.48917748917748916 0.734375 0.49567099567099565 0.7390625 0.49567099567099565 0.740625 0.5021645021645021 0.746875 0.5086580086580087 0.746875 0.5173160173160173 0.7515625 0.5194805194805194 0.76875 0.5454545454545454 0.7921875 0.5476190476190477 0.7984375 0.5497835497835498 0.8015625 0.5562770562770563 0.8140625 0.5562770562770563 0.8171875 0.5497835497835498 0.834375 0.5497835497835498 0.8421875 0.551948051948052 0.84375 0.5562770562770563 0.8484375 0.5562770562770563 0.85 0.551948051948052 0.85625 0.551948051948052 0.859375 0.5476190476190477 0.8625 0.5476190476190477 0.865625 0.5194805194805194 0.86875 0.5173160173160173 0.86875 0.49783549783549785 0.865625 0.49567099567099565 0.8640625 0.487012987012987 0.8609375 0.48268398268398266 0.8578125 0.48268398268398266 0.8546875 0.47619047619047616 0.85 0.47619047619047616 0.8390625 0.4696969696969697 0.8375 0.4653679653679654 0.8265625 0.461038961038961 0.8234375 0.45454545454545453 0.8171875 0.45454545454545453 0.815625 0.45021645021645024 0.8109375 0.45021645021645024 0.8078125 0.4458874458874459 0.8078125 0.44155844155844154 0.80625 0.44155844155844154 0.79375 0.44155844155844154 0.7875 0.43722943722943725
1 0.2078125 0.8398268398268398 0.203125 0.8398268398268398 0.1984375 0.8311688311688312 0.1984375 0.8246753246753247 0.2015625 0.8203463203463204 0.2078125 0.8181818181818182 0.26875 0.816017316017316 0.2703125 0.8116883116883117 0.275 0.8095238095238095 0.278125 0.7987012987012987 0.2796875 0.7792207792207793 0.2859375 0.7727272727272727 0.284375 0.7683982683982684 0.284375 0.7467532467532467 0.2828125 0.7445887445887446 0.284375 0.7229437229437229 0.2828125 0.7121212121212122 0.284375 0.70995670995671 0.2828125 0.7034632034632035 0.2796875 0.7012987012987013 0.2765625 0.683982683982684 0.2609375 0.6688311688311688 0.2484375 0.6666666666666666 0.24375 0.658008658008658 0.24375 0.6515151515151515 0.2359375 0.6406926406926406 0.221875 0.6341991341991342 0.2203125 0.6298701298701299 0.215625 0.6298701298701299 0.2046875 0.6233766233766234 0.1875 0.6233766233766234 0.1859375 0.6190476190476191 0.1640625 0.6190476190476191 0.1640625 0.6212121212121212 0.1625 0.6233766233766234 0.1296875 0.6255411255411255 0.128125 0.6277056277056277 0.1125 0.6298701298701299 0.1109375 0.6341991341991342 0.09375 0.6363636363636364 0.0875 0.6406926406926406 0.0828125 0.6406926406926406 0.08125 0.645021645021645 0.059375 0.6515151515151515 0.0578125 0.6558441558441559 0.053125 0.6558441558441559 0.046875 0.6601731601731602 0.0421875 0.670995670995671 0.0390625 0.6731601731601732 0.0359375 0.6883116883116883 0.034375 0.7316017316017316 0.0375 0.7445887445887446 0.0421875 0.7489177489177489 0.046875 0.7662337662337663 0.0578125 0.7813852813852814 0.0625 0.7987012987012987 0.0625 0.8051948051948052 0.0765625 0.8116883116883117 0.0953125 0.8095238095238095 0.1 0.816017316017316 0.1078125 0.8203463203463204 0.10625 0.8246753246753247 0.1015625 0.8246753246753247 0.1 0.829004329004329 0.1015625 0.8376623376623377 0.10625 0.8441558441558441 0.109375 0.8722943722943723 0.1125 0.8744588744588745 0.1125 0.8831168831168831 0.1171875 0.8917748917748918 0.1296875 0.8961038961038961 0.1453125 0.8961038961038961 0.146875 0.8982683982683982 0.184375 0.8982683982683982 0.1859375 0.8961038961038961 0.196875 0.8961038961038961 0.2015625 0.8917748917748918 0.2171875 0.8939393939393939 0.2125 0.8917748917748918 0.2140625 0.8831168831168831 0.2125 0.8809523809523809 0.2125 0.8658008658008658 0.2171875 0.8614718614718615 0.2171875 0.8571428571428571 0.2140625 0.8571428571428571 0.2125 0.8528138528138528 0.2140625 0.8506493506493507 0.21875 0.8506493506493507 0.2171875 0.8441558441558441 0.2203125 0.841991341991342 0.215625 0.8398268398268398 0.2140625 0.841991341991342 0.209375 0.8354978354978355 0.2078125 0.8398268398268398
2 0.29375 0.803030303030303 0.2875 0.8116883116883117 0.2875 0.8181818181818182 0.2953125 0.8225108225108225 0.31875 0.8225108225108225 0.321875 0.8203463203463204 0.3234375 0.8181818181818182 0.3234375 0.7922077922077922 0.31875 0.7922077922077922 0.31875 0.7943722943722944 0.30625 0.8008658008658008 0.29375 0.803030303030303
2 0.34375 0.6948051948051948 0.334375 0.70995670995671 0.3234375 0.7164502164502164 0.3234375 0.7229437229437229 0.3125 0.7359307359307359 0.3125 0.7402597402597403 0.309375 0.7445887445887446 0.309375 0.7510822510822511 0.3296875 0.7510822510822511 0.33125 0.7467532467532467 0.3421875 0.7467532467532467 0.3546875 0.7424242424242424 0.359375 0.7359307359307359 0.3640625 0.7359307359307359 0.3671875 0.7316017316017316 0.3703125 0.7316017316017316 0.3734375 0.7251082251082251 0.3734375 0.7121212121212122 0.3703125 0.7034632034632035 0.371875 0.6904761904761905 0.3703125 0.683982683982684 0.3625 0.683982683982684 0.3625 0.6861471861471862 0.353125 0.6926406926406926 0.34375 0.6948051948051948
2 0.3890625 0.19913419913419914 0.378125 0.20562770562770563 0.3765625 0.20995670995670995 0.3640625 0.21428571428571427 0.3640625 0.21861471861471862 0.3578125 0.22727272727272727 0.35625 0.2683982683982684 0.3578125 0.27705627705627706 0.371875 0.2792207792207792 0.3859375 0.2727272727272727 0.3875 0.2683982683982684 0.3921875 0.2683982683982684 0.4 0.2619047619047619 0.4046875 0.24675324675324675 0.409375 0.24025974025974026 0.4109375 0.20562770562770563 0.403125 0.19264069264069264 0.4015625 0.19264069264069264 0.39375 0.19264069264069264 0.3890625 0.19913419913419914
2 0.6640625 0.5844155844155844 0.6609375 0.5909090909090909 0.6625 0.6168831168831169 0.6609375 0.6190476190476191 0.6609375 0.6320346320346321 0.65625 0.6363636363636364 0.65625 0.6493506493506493 0.6609375 0.6558441558441559 0.66875 0.6536796536796536 0.6703125 0.6493506493506493 0.675 0.6471861471861472 0.6828125 0.6471861471861472 0.6859375 0.6428571428571429 0.6890625 0.6428571428571429 0.690625 0.6385281385281385 0.6984375 0.6341991341991342 0.7046875 0.6255411255411255 0.7046875 0.6168831168831169 0.7015625 0.6147186147186147 0.696875 0.6038961038961039 0.696875 0.5974025974025974 0.6921875 0.5930735930735931 0.6890625 0.5844155844155844 0.68125 0.5800865800865801 0.6796875 0.5800865800865801 0.671875 0.5800865800865801 0.6640625 0.5844155844155844
2 0.5984375 0.4134199134199134 0.6015625 0.4264069264069264 0.60625 0.4329004329004329 0.60625 0.43722943722943725 0.615625 0.45021645021645024 0.6203125 0.45021645021645024 0.6265625 0.44155844155844154 0.6265625 0.43073593073593075 0.6234375 0.42857142857142855 0.6203125 0.41774891774891776 0.615625 0.4134199134199134 0.6140625 0.4004329004329004 0.60625 0.3961038961038961 0.6046875 0.39826839826839827 0.6 0.4004329004329004 0.5984375 0.4134199134199134
2 0.2953125 0.11904761904761904 0.278125 0.14502164502164502 0.2703125 0.14935064935064934 0.2671875 0.15584415584415584 0.2625 0.15800865800865802 0.2625 0.1645021645021645 0.2703125 0.16666666666666666 0.284375 0.15800865800865802 0.315625 0.15367965367965367 0.3171875 0.14935064935064934 0.3328125 0.13636363636363635 0.334375 0.12987012987012986 0.3375 0.1277056277056277 0.3375 0.11904761904761904 0.3265625 0.11255411255411256 0.325 0.10822510822510822 0.309375 0.10822510822510822 0.309375 0.11038961038961038 0.2984375 0.11904761904761904 0.2953125 0.11904761904761904
2 0.29375 0.6406926406926406 0.2953125 0.645021645021645 0.2953125 0.6645021645021645 0.296875 0.6666666666666666 0.296875 0.6883116883116883 0.3 0.6904761904761905 0.3 0.696969696969697 0.296875 0.6991341991341992 0.296875 0.70995670995671 0.3 0.7121212121212122 0.30625 0.7077922077922078 0.3140625 0.696969696969697 0.31875 0.6688311688311688 0.31875 0.645021645021645 0.315625 0.6298701298701299 0.3046875 0.6298701298701299 0.3046875 0.6320346320346321 0.296875 0.6341991341991342 0.29375 0.6406926406926406
2 0.328125 0.7857142857142857 0.325 0.7922077922077922 0.3234375 0.803030303030303 0.325 0.8073593073593074 0.3234375 0.8095238095238095 0.3234375 0.8225108225108225 0.325 0.8268398268398268 0.340625 0.8268398268398268 0.3421875 0.8225108225108225 0.340625 0.7683982683982684 0.3375 0.7597402597402597 0.334375 0.7597402597402597 0.334375 0.7619047619047619 0.328125 0.7705627705627706 0.328125 0.7857142857142857
2 0.0671875 0.5238095238095238 0.0703125 0.5367965367965368 0.0734375 0.538961038961039 0.078125 0.5497835497835498 0.084375 0.551948051948052 0.0859375 0.5562770562770563 0.103125 0.5584415584415584 0.1 0.5562770562770563 0.0953125 0.5432900432900433 0.084375 0.5303030303030303 0.08125 0.5194805194805194 0.075 0.5108225108225108 0.0703125 0.5108225108225108 0.0703125 0.512987012987013 0.0671875 0.5173160173160173 0.0671875 0.5238095238095238
2 0.315625 0.42857142857142855 0.3125 0.42857142857142855 0.30625 0.4393939393939394 0.2953125 0.45021645021645024 0.2921875 0.4675324675324675 0.2875 0.4696969696969697 0.284375 0.47619047619047616 0.284375 0.49134199134199136 0.2890625 0.5151515151515151 0.2921875 0.5173160173160173 0.29375 0.5238095238095238 0.3015625 0.5238095238095238 0.309375 0.512987012987013 0.3109375 0.5064935064935064 0.315625 0.5021645021645021 0.31875 0.487012987012987 0.3234375 0.48268398268398266 0.325 0.474025974025974 0.3296875 0.4696969696969697 0.3296875 0.46320346320346323 0.3328125 0.45670995670995673 0.334375 0.4329004329004329 0.3390625 0.4264069264069264 0.3390625 0.4199134199134199 0.3328125 0.4155844155844156 0.33125 0.41125541125541126 0.33125 0.4134199134199134 0.3203125 0.4199134199134199 0.315625 0.42857142857142855
2 0.2140625 0.7987012987012987 0.23125 0.7965367965367965 0.234375 0.79004329004329 0.2453125 0.7878787878787878 0.2515625 0.7835497835497836 0.259375 0.7727272727272727 0.259375 0.7662337662337663 0.25625 0.7640692640692641 0.25625 0.7597402597402597 0.253125 0.7554112554112554 0.246875 0.7532467532467533 0.2453125 0.7489177489177489 0.225 0.7424242424242424 0.2234375 0.7380952380952381 0.2171875 0.7380952380952381 0.2171875 0.7402597402597403 0.2140625 0.7554112554112554 0.2140625 0.7987012987012987
2 0.6171875 0.4155844155844156 0.628125 0.43073593073593075 0.6328125 0.4458874458874459 0.6421875 0.4523809523809524 0.6484375 0.461038961038961 0.6515625 0.461038961038961 0.653125 0.4675324675324675 0.6578125 0.4696969696969697 0.6640625 0.4805194805194805 0.6703125 0.47835497835497837 0.6703125 0.474025974025974 0.6765625 0.4675324675324675 0.678125 0.45454545454545453 0.6828125 0.45021645021645024 0.6765625 0.44805194805194803 0.6734375 0.4199134199134199 0.659375 0.4155844155844156 0.6578125 0.41125541125541126 0.64375 0.4069264069264069 0.6328125 0.4069264069264069 0.628125 0.40476190476190477 0.6265625 0.4004329004329004 0.621875 0.4004329004329004 0.621875 0.4025974025974026 0.6171875 0.4069264069264069 0.6171875 0.4155844155844156
2 0.696875 0.6558441558441559 0.684375 0.6623376623376623 0.6828125 0.6666666666666666 0.6796875 0.6666666666666666 0.6765625 0.670995670995671 0.671875 0.670995670995671 0.665625 0.6818181818181818 0.6625 0.6818181818181818 0.6546875 0.6926406926406926 0.6515625 0.7034632034632035 0.6515625 0.7121212121212122 0.653125 0.7186147186147186 0.6578125 0.7186147186147186 0.6625 0.7121212121212122 0.66875 0.7121212121212122 0.6765625 0.7077922077922078 0.678125 0.7034632034632035 0.690625 0.696969696969697 0.6953125 0.6904761904761905 0.715625 0.6861471861471862 0.7171875 0.6818181818181818 0.7234375 0.6796536796536796 0.73125 0.6688311688311688 0.7359375 0.6666666666666666 0.7390625 0.645021645021645 0.7359375 0.6385281385281385 0.7171875 0.6363636363636364 0.709375 0.6406926406926406 0.709375 0.6428571428571429 0.7015625 0.6471861471861472 0.696875 0.6558441558441559
2 0.6234375 0.15800865800865802 0.621875 0.16017316017316016 0.6234375 0.17532467532467533 0.6203125 0.18181818181818182 0.6203125 0.18831168831168832 0.6171875 0.19047619047619047 0.6171875 0.19913419913419914 0.6203125 0.2012987012987013 0.621875 0.2077922077922078 0.6375 0.21428571428571427 0.6390625 0.21861471861471862 0.65 0.22510822510822512 0.6515625 0.22943722943722944 0.6625 0.23160173160173161 0.66875 0.22294372294372294 0.6703125 0.21428571428571427 0.66875 0.19480519480519481 0.6609375 0.18181818181818182 0.6515625 0.1774891774891775 0.65 0.17316017316017315 0.640625 0.16666666666666666 0.6375 0.16017316017316016 0.6359375 0.16017316017316016 0.634375 0.15800865800865802 0.6234375 0.15800865800865802
2 0.2953125 0.4004329004329004 0.29375 0.42424242424242425 0.2921875 0.4264069264069264 0.2921875 0.43073593073593075 0.3015625 0.42857142857142855 0.303125 0.42207792207792205 0.309375 0.4155844155844156 0.3109375 0.38961038961038963 0.3140625 0.3874458874458874 0.31875 0.36796536796536794 0.321875 0.36363636363636365 0.3125 0.3658008658008658 0.3078125 0.37662337662337664 0.3046875 0.3787878787878788 0.3046875 0.38095238095238093 0.3015625 0.3917748917748918 0.2953125 0.4004329004329004
2 0.2984375 0.7229437229437229 0.2953125 0.7229437229437229 0.2921875 0.7359307359307359 0.2890625 0.7380952380952381 0.2890625 0.7575757575757576 0.2921875 0.7597402597402597 0.2921875 0.7857142857142857 0.2890625 0.7878787878787878 0.2890625 0.8008658008658008 0.29375 0.8051948051948052 0.3 0.7965367965367965 0.303125 0.7813852813852814 0.3234375 0.7532467532467533 0.321875 0.7489177489177489 0.31875 0.7489177489177489 0.315625 0.7532467532467533 0.309375 0.7445887445887446 0.3140625 0.7402597402597403 0.31875 0.7272727272727273 0.321875 0.7251082251082251 0.325 0.7142857142857143 0.3234375 0.7142857142857143 0.3015625 0.7164502164502164 0.2984375 0.7229437229437229
2 0.675 0.6190476190476191 0.6703125 0.6255411255411255 0.6625 0.6277056277056277 0.65625 0.6363636363636364 0.6546875 0.645021645021645 0.65625 0.6536796536796536 0.665625 0.6558441558441559 0.6703125 0.6536796536796536 0.671875 0.6493506493506493 0.6828125 0.6471861471861472 0.6890625 0.6428571428571429 0.690625 0.6385281385281385 0.7015625 0.6320346320346321 0.7046875 0.6277056277056277 0.7046875 0.6233766233766234 0.7015625 0.6212121212121212 0.6984375 0.6125541125541125 0.696875 0.6125541125541125 0.6859375 0.6125541125541125 0.675 0.6190476190476191
2 0.6640625 0.5844155844155844 0.6640625 0.5887445887445888 0.6609375 0.5930735930735931 0.6609375 0.6038961038961039 0.665625 0.6060606060606061 0.6671875 0.6038961038961039 0.6828125 0.6038961038961039 0.684375 0.6103896103896104 0.6875 0.6060606060606061 0.6921875 0.6060606060606061 0.69375 0.6103896103896104 0.696875 0.6103896103896104 0.6984375 0.6038961038961039 0.696875 0.5974025974025974 0.69375 0.5952380952380952 0.6890625 0.5844155844155844 0.68125 0.5800865800865801 0.6796875 0.5800865800865801 0.671875 0.5800865800865801 0.6640625 0.5844155844155844
2 0.340625 0.7575757575757576 0.340625 0.7640692640692641 0.3515625 0.7770562770562771 0.3609375 0.7792207792207793 0.3640625 0.7857142857142857 0.3703125 0.7878787878787878 0.3734375 0.7922077922077922 0.375 0.8051948051948052 0.3734375 0.8073593073593074 0.3734375 0.8181818181818182 0.3859375 0.8008658008658008 0.3921875 0.7965367965367965 0.3921875 0.7792207792207793 0.3890625 0.7770562770562771 0.3859375 0.7489177489177489 0.3765625 0.7316017316017316 0.3671875 0.7337662337662337 0.3625 0.7380952380952381 0.3625 0.7402597402597403 0.3484375 0.7467532467532467 0.340625 0.7575757575757576
2 0.63125 0.6991341991341992 0.628125 0.7121212121212122 0.628125 0.7424242424242424 0.6328125 0.7510822510822511 0.6375 0.7510822510822511 0.6390625 0.7467532467532467 0.65 0.7402597402597403 0.653125 0.7337662337662337 0.653125 0.7251082251082251 0.65 0.7142857142857143 0.65 0.6796536796536796 0.646875 0.6774891774891775 0.646875 0.670995670995671 0.6421875 0.658008658008658 0.640625 0.658008658008658 0.6328125 0.6601731601731602 0.63125 0.6991341991341992
2 0.28125 0.23376623376623376 0.284375 0.23593073593073594 0.284375 0.24458874458874458 0.28125 0.24675324675324675 0.2796875 0.29004329004329005 0.28125 0.2922077922077922 0.28125 0.3116883116883117 0.284375 0.31385281385281383 0.2859375 0.3333333333333333 0.290625 0.3333333333333333 0.29375 0.3398268398268398 0.29375 0.3354978354978355 0.30625 0.3181818181818182 0.3078125 0.2987012987012987 0.3109375 0.2878787878787879 0.3109375 0.25757575757575757 0.309375 0.2554112554112554 0.3109375 0.24891774891774893 0.3078125 0.23593073593073594 0.3015625 0.23160173160173161 0.3 0.22727272727272727 0.296875 0.22727272727272727 0.29375 0.22294372294372294 0.284375 0.22294372294372294 0.284375 0.22510822510822512 0.28125 0.22727272727272727 0.28125 0.23376623376623376
2 0.265625 0.1774891774891775 0.26875 0.17965367965367965 0.26875 0.18831168831168832 0.271875 0.19480519480519481 0.2734375 0.2077922077922078 0.2765625 0.20995670995670995 0.278125 0.21861471861471862 0.2859375 0.21861471861471862 0.2875 0.21428571428571427 0.290625 0.21428571428571427 0.2953125 0.2077922077922078 0.2984375 0.2077922077922078 0.3 0.20346320346320346 0.30625 0.2012987012987013 0.309375 0.19696969696969696 0.3109375 0.18831168831168832 0.3140625 0.18614718614718614 0.31875 0.17316017316017315 0.325 0.16666666666666666 0.325 0.16017316017316016 0.31875 0.15584415584415584 0.3046875 0.15584415584415584 0.303125 0.15800865800865802 0.2875 0.15800865800865802 0.2734375 0.16233766233766234 0.2734375 0.1645021645021645 0.265625 0.17316017316017315 0.265625 0.1774891774891775
2 0.3734375 0.12554112554112554 0.3734375 0.13203463203463203 0.378125 0.13852813852813853 0.3828125 0.15584415584415584 0.3828125 0.1645021645021645 0.3921875 0.1645021645021645 0.396875 0.16883116883116883 0.4015625 0.16883116883116883 0.4046875 0.17532467532467533 0.41875 0.15584415584415584 0.41875 0.15151515151515152 0.425 0.14502164502164502 0.4234375 0.1406926406926407 0.41875 0.1406926406926407 0.40625 0.1341991341991342 0.4046875 0.12987012987012986 0.39375 0.12987012987012986 0.3859375 0.12554112554112554 0.384375 0.12554112554112554 0.375 0.12337662337662338 0.3734375 0.12554112554112554
2 0.2578125 0.7077922077922078 0.2609375 0.70995670995671 0.265625 0.7424242424242424 0.26875 0.7445887445887446 0.271875 0.7619047619047619 0.2796875 0.7770562770562771 0.2859375 0.7748917748917749 0.2859375 0.7056277056277056 0.2828125 0.6948051948051948 0.278125 0.6883116883116883 0.278125 0.683982683982684 0.26875 0.670995670995671 0.253125 0.6666666666666666 0.253125 0.6688311688311688 0.253125 0.6883116883116883 0.2578125 0.7077922077922078
2 0.6203125 0.4523809523809524 0.621875 0.4805194805194805 0.625 0.48917748917748916 0.634375 0.49783549783549785 0.6390625 0.5064935064935064 0.6453125 0.5086580086580087 0.646875 0.512987012987013 0.6578125 0.5151515151515151 0.6625 0.5194805194805194 0.6765625 0.5194805194805194 0.68125 0.5173160173160173 0.68125 0.5086580086580087 0.66875 0.4935064935064935 0.6671875 0.487012987012987 0.6625 0.48268398268398266 0.6609375 0.474025974025974 0.65625 0.47186147186147187 0.65 0.461038961038961 0.6453125 0.4588744588744589 0.64375 0.45454545454545453 0.640625 0.45454545454545453 0.634375 0.44372294372294374 0.63125 0.44372294372294374 0.628125 0.4393939393939394 0.6265625 0.4393939393939394 0.6171875 0.45021645021645024 0.6203125 0.4523809523809524
2 0.2609375 0.5043290043290043 0.25 0.5108225108225108 0.25 0.5238095238095238 0.253125 0.525974025974026 0.2578125 0.5454545454545454 0.2625 0.5497835497835498 0.265625 0.5606060606060606 0.2796875 0.5714285714285714 0.2875 0.5670995670995671 0.2875 0.5476190476190477 0.29375 0.538961038961039 0.29375 0.5281385281385281 0.2828125 0.5108225108225108 0.278125 0.5086580086580087 0.2765625 0.4935064935064935 0.275 0.49567099567099565 0.2625 0.5 0.2609375 0.5043290043290043
2 0.25 0.6818181818181818 0.2484375 0.683982683982684 0.2453125 0.6926406926406926 0.2453125 0.7012987012987013 0.2421875 0.7034632034632035 0.2421875 0.7337662337662337 0.2453125 0.7359307359307359 0.2453125 0.7424242424242424 0.2484375 0.7510822510822511 0.25625 0.7597402597402597 0.2578125 0.7662337662337663 0.2640625 0.7748917748917749 0.271875 0.7748917748917749 0.275 0.7727272727272727 0.275 0.7640692640692641 0.271875 0.7619047619047619 0.2671875 0.7337662337662337 0.2640625 0.7316017316017316 0.259375 0.7012987012987013 0.2578125 0.7012987012987013 0.253125 0.683982683982684 0.25 0.6818181818181818
2 0.190625 0.8138528138528138 0.1921875 0.8225108225108225 0.2484375 0.8203463203463204 0.2546875 0.8181818181818182 0.2546875 0.8073593073593074 0.253125 0.803030303030303 0.2484375 0.8008658008658008 0.215625 0.803030303030303 0.2140625 0.8008658008658008 0.20625 0.8008658008658008 0.2 0.803030303030303 0.2 0.8051948051948052 0.1953125 0.8073593073593074 0.190625 0.8138528138528138
2 0.628125 0.2857142857142857 0.625 0.29004329004329005 0.628125 0.2922077922077922 0.6328125 0.30952380952380953 0.6328125 0.3181818181818182 0.6375 0.3225108225108225 0.640625 0.3398268398268398 0.6515625 0.3528138528138528 0.6546875 0.36147186147186144 0.6609375 0.36363636363636365 0.66875 0.36147186147186144 0.675 0.3528138528138528 0.6734375 0.34415584415584416 0.6640625 0.341991341991342 0.6625 0.3354978354978355 0.66875 0.3333333333333333 0.6703125 0.33766233766233766 0.6734375 0.33766233766233766 0.678125 0.34415584415584416 0.6828125 0.341991341991342 0.684375 0.3354978354978355 0.690625 0.329004329004329 0.690625 0.3203463203463203 0.6859375 0.31601731601731603 0.6859375 0.3116883116883117 0.6828125 0.30735930735930733 0.6796875 0.30735930735930733 0.665625 0.2878787878787879 0.6546875 0.2857142857142857 0.653125 0.2813852813852814 0.64375 0.2813852813852814 0.6421875 0.2792207792207792 0.640625 0.2792207792207792 0.628125 0.2813852813852814 0.628125 0.2857142857142857
2 0.3859375 0.6341991341991342 0.375 0.6385281385281385 0.3625 0.6558441558441559 0.35625 0.658008658008658 0.3546875 0.6666666666666666 0.3515625 0.6688311688311688 0.3515625 0.6753246753246753 0.3625 0.6818181818181818 0.371875 0.6818181818181818 0.3734375 0.6883116883116883 0.3796875 0.6883116883116883 0.396875 0.6601731601731602 0.4078125 0.6536796536796536 0.415625 0.6428571428571429 0.41875 0.6363636363636364 0.41875 0.6277056277056277 0.415625 0.6255411255411255 0.4140625 0.6255411255411255 0.3875 0.6298701298701299 0.3859375 0.6341991341991342
2 0.3703125 0.1774891774891775 0.359375 0.18181818181818182 0.3546875 0.19696969696969696 0.3515625 0.19913419913419914 0.3515625 0.20346320346320346 0.3546875 0.2077922077922078 0.3734375 0.2077922077922078 0.375 0.20346320346320346 0.3796875 0.20346320346320346 0.3921875 0.19696969696969696 0.4 0.18614718614718614 0.4046875 0.17316017316017315 0.4015625 0.16883116883116883 0.39375 0.16666666666666666 0.3921875 0.16233766233766234 0.3828125 0.16233766233766234 0.3828125 0.1645021645021645 0.371875 0.17316017316017315 0.3703125 0.1774891774891775
2 0.359375 0.5541125541125541 0.3578125 0.577922077922078 0.3546875 0.5887445887445888 0.35 0.5952380952380952 0.3484375 0.6471861471861472 0.35 0.6558441558441559 0.3546875 0.658008658008658 0.3625 0.6536796536796536 0.3734375 0.6385281385281385 0.384375 0.6320346320346321 0.384375 0.6233766233766234 0.38125 0.6212121212121212 0.38125 0.6082251082251082 0.378125 0.5995670995670995 0.3765625 0.5497835497835498 0.3734375 0.5476190476190477 0.371875 0.5367965367965368 0.365625 0.5367965367965368 0.365625 0.538961038961039 0.3625 0.551948051948052 0.359375 0.5541125541125541
2 0.315625 0.18181818181818182 0.3125 0.18398268398268397 0.309375 0.19480519480519481 0.3109375 0.2077922077922078 0.3171875 0.21212121212121213 0.325 0.2077922077922078 0.3265625 0.20346320346320346 0.3296875 0.20346320346320346 0.3359375 0.19696969696969696 0.3390625 0.19696969696969696 0.346875 0.18614718614718614 0.35 0.16883116883116883 0.3484375 0.16233766233766234 0.328125 0.16233766233766234 0.328125 0.1645021645021645 0.31875 0.17316017316017315 0.315625 0.18181818181818182
2 0.40625 0.12337662337662338 0.4015625 0.12987012987012986 0.39375 0.12987012987012986 0.3859375 0.12554112554112554 0.375 0.12554112554112554 0.3734375 0.1277056277056277 0.375 0.13852813852813853 0.378125 0.1406926406926407 0.38125 0.14935064935064934 0.38125 0.1645021645021645 0.3765625 0.170995670995671 0.371875 0.17316017316017315 0.3703125 0.1774891774891775 0.359375 0.18181818181818182 0.3546875 0.19696969696969696 0.3515625 0.19913419913419914 0.3515625 0.20346320346320346 0.3546875 0.2077922077922078 0.3765625 0.2077922077922078 0.378125 0.20346320346320346 0.3921875 0.19696969696969696 0.39375 0.19264069264069264 0.4 0.18831168831168832 0.421875 0.1471861471861472 0.4265625 0.14285714285714285 0.43125 0.14285714285714285 0.4328125 0.13852813852813853 0.446875 0.13852813852813853 0.4546875 0.1341991341991342 0.45625 0.12554112554112554 0.4515625 0.12337662337662338 0.446875 0.11688311688311688 0.4453125 0.11688311688311688 0.428125 0.12554112554112554 0.40625 0.12337662337662338
2 0.64375 0.5173160173160173 0.6390625 0.5194805194805194 0.6375 0.525974025974026 0.63125 0.5324675324675324 0.6296875 0.538961038961039 0.6296875 0.5670995670995671 0.63125 0.5692640692640693 0.6328125 0.5930735930735931 0.640625 0.6038961038961039 0.6515625 0.6060606060606061 0.6546875 0.6038961038961039 0.6546875 0.5865800865800865 0.6578125 0.5844155844155844 0.659375 0.5627705627705628 0.6609375 0.5606060606060606 0.6609375 0.5432900432900433 0.6625 0.5411255411255411 0.6625 0.5303030303030303 0.6546875 0.5194805194805194 0.653125 0.5194805194805194 0.6515625 0.5173160173160173 0.64375 0.5173160173160173
2 0.40625 0.12337662337662338 0.403125 0.12554112554112554 0.4015625 0.13203463203463203 0.40625 0.13636363636363635 0.4171875 0.13852813852813853 0.41875 0.14285714285714285 0.428125 0.14285714285714285 0.4296875 0.13852813852813853 0.4484375 0.13852813852813853 0.45625 0.1341991341991342 0.45625 0.12337662337662338 0.453125 0.12337662337662338 0.4484375 0.11471861471861472 0.4359375 0.11904761904761904 0.4359375 0.12121212121212122 0.434375 0.12337662337662338 0.40625 0.12337662337662338
2 0.6203125 0.3528138528138528 0.621875 0.3939393939393939 0.6328125 0.40476190476190477 0.6578125 0.4090909090909091 0.659375 0.4134199134199134 0.6703125 0.4134199134199134 0.66875 0.4004329004329004 0.659375 0.3917748917748918 0.659375 0.3874458874458874 0.6546875 0.38311688311688313 0.65 0.36796536796536794 0.634375 0.3463203463203463 0.6296875 0.34415584415584416 0.628125 0.34415584415584416 0.6234375 0.34415584415584416 0.6203125 0.3528138528138528
2 0.271875 0.6341991341991342 0.29375 0.6341991341991342 0.3140625 0.6212121212121212 0.315625 0.6147186147186147 0.31875 0.6103896103896104 0.321875 0.6103896103896104 0.3265625 0.6017316017316018 0.3296875 0.5909090909090909 0.3265625 0.5909090909090909 0.325 0.5865800865800865 0.303125 0.5865800865800865 0.2890625 0.5822510822510822 0.2875 0.5844155844155844 0.278125 0.5844155844155844 0.275 0.5909090909090909 0.271875 0.5909090909090909 0.271875 0.5930735930735931 0.2703125 0.6320346320346321 0.271875 0.6341991341991342
2 0.378125 0 0.378125 0.0021645021645021645 0.3671875 0.006493506493506494 0.3625 0.017316017316017316 0.359375 0.01948051948051948 0.3578125 0.025974025974025976 0.359375 0.03463203463203463 0.365625 0.04112554112554113 0.36875 0.04112554112554113 0.3703125 0.045454545454545456 0.38125 0.047619047619047616 0.3859375 0.04112554112554113 0.3890625 0.04112554112554113 0.390625 0.047619047619047616 0.396875 0.05194805194805195 0.4234375 0.047619047619047616 0.425 0.045454545454545456 0.425 0.025974025974025976 0.4234375 0.01948051948051948 0.4171875 0.012987012987012988 0.415625 0.006493506493506494 0.4109375 0 0.378125 0